1.0020e-04 -2.4988e-08 -3.7463e-08 -4.9915e-08 -6.2338e-08 -7.4723e-08 -8.7064e-08 -9.9352e-08 -1.1158e-07 -1.2374e-07 -1.3583e-07 -1.4784e-07 -1.5976e-07 -1.7159e-07 -1.8331e-07 -1.9493e-07 -2.0643e-07 -2.1781e-07 -2.2906e-07 -2.4017e-07 -2.5115e-07 -2.6198e-07 -2.7266e-07 -2.8318e-07 -2.9354e-07 -3.0373e-07 -3.1374e-07 -3.2358e-07 -3.3323e-07 -3.4269e-07 -3.5196e-07 -3.6103e-07 -3.6990e-07 -3.7857e-07 -3.8702e-07 -3.9527e-07 -4.0329e-07 -4.1110e-07 -4.1868e-07 -4.2603e-07 -4.3316e-07 -4.4006e-07 -4.4673e-07 -4.5316e-07 -4.5935e-07 -4.6530e-07 -4.7102e-07 -4.7649e-07 -4.8172e-07 -4.8671e-07 -4.9146e-07 -4.9596e-07 -5.0022e-07 -5.0423e-07 -5.0800e-07 -5.1153e-07 -5.1481e-07 -5.1786e-07 -5.2066e-07 -5.2322e-07 -5.2554e-07 -5.2763e-07 -5.2948e-07 -5.3110e-07 -5.3248e-07 -5.3364e-07 -5.3457e-07 -5.3527e-07 -5.3575e-07 -5.3602e-07 -5.3606e-07 -5.3589e-07 -5.3552e-07 -5.3493e-07 -5.3414e-07 -5.3315e-07 -5.3197e-07 -5.3059e-07 -5.2902e-07 -5.2727e-07 -5.2533e-07 -5.2322e-07 -5.2094e-07 -5.1848e-07 -5.1586e-07 -5.1308e-07 -5.1015e-07 -5.0706e-07 -5.0383e-07 -5.0045e-07 -4.9693e-07 -4.9329e-07 -4.8951e-07 -4.8561e-07 -4.8158e-07 -4.7745e-07 -4.7320e-07 -4.6885e-07 -4.6439e-07 -4.5984e-07 0.0000e+00 2.4988e-08 3.7463e-08 4.9915e-08 6.2338e-08 7.4723e-08 8.7064e-08 9.9352e-08 1.1158e-07 1.2374e-07 1.3583e-07 1.4784e-07 1.5976e-07 1.7159e-07 1.8331e-07 1.9493e-07 2.0643e-07 2.1781e-07 2.2906e-07 2.4017e-07 2.5115e-07 2.6198e-07 2.7266e-07 2.8318e-07 2.9354e-07 3.0373e-07 3.1374e-07 3.2358e-07 3.3323e-07 3.4269e-07 3.5196e-07 3.6103e-07 3.6990e-07 3.7857e-07 3.8702e-07 3.9526e-07 4.0329e-07 4.1109e-07 4.1867e-07 4.2603e-07 4.3316e-07 4.4006e-07 4.4672e-07 4.5315e-07 4.5934e-07 4.6530e-07 4.7101e-07 4.7648e-07 4.8172e-07 4.8670e-07 4.9145e-07 4.9595e-07 5.0021e-07 5.0422e-07 5.0799e-07 5.1152e-07 5.1480e-07 5.1785e-07 5.2065e-07 5.2321e-07 5.2553e-07 5.2762e-07 5.2947e-07 5.3108e-07 5.3247e-07 5.3362e-07 5.3455e-07 5.3526e-07 5.3574e-07 5.3600e-07 5.3604e-07 5.3588e-07 5.3550e-07 5.3491e-07 5.3412e-07 5.3313e-07 5.3195e-07 5.3057e-07 5.2900e-07 5.2725e-07 5.2531e-07 5.2320e-07 5.2091e-07 5.1846e-07 5.1584e-07 5.1306e-07 5.1012e-07 5.0703e-07 5.0380e-07 5.0042e-07 4.9691e-07 4.9326e-07 4.8948e-07 4.8558e-07 4.8156e-07 4.7742e-07 4.7317e-07 4.6882e-07 4.6436e-07 4.5981e-07
-2.4988e-08 4.0080e-04 -7.4903e-08 -9.9800e-08 -1.2464e-07 -1.4940e-07 -1.7408e-07 -1.9865e-07 -2.2310e-07 -2.4741e-07 -2.7158e-07 -2.9559e-07 -3.1943e-07 -3.4307e-07 -3.6651e-07 -3.8974e-07 -4.1273e-07 -4.3548e-07 -4.5798e-07 -4.8021e-07 -5.0216e-07 -5.2381e-07 -5.4516e-07 -5.6620e-07 -5.8691e-07 -6.0728e-07 -6.2731e-07 -6.4697e-07 -6.6627e-07 -6.8519e-07 -7.0373e-07 -7.2187e-07 -7.3961e-07 -7.5693e-07 -7.7384e-07 -7.9032e-07 -8.0637e-07 -8.2198e-07 -8.3714e-07 -8.5185e-07 -8.6610e-07 -8.7990e-07 -8.9322e-07 -9.0608e-07 -9.1847e-07 -9.3038e-07 -9.4180e-07 -9.5275e-07 -9.6321e-07 -9.7319e-07 -9.8268e-07 -9.9169e-07 -1.0002e-06 -1.0082e-06 -1.0158e-06 -1.0228e-06 -1.0294e-06 -1.0355e-06 -1.0411e-06 -1.0462e-06 -1.0509e-06 -1.0550e-06 -1.0587e-06 -1.0620e-06 -1.0648e-06 -1.0671e-06 -1.0689e-06 -1.0703e-06 -1.0713e-06 -1.0718e-06 -1.0719e-06 -1.0716e-06 -1.0709e-06 -1.0697e-06 -1.0681e-06 -1.0661e-06 -1.0638e-06 -1.0610e-06 -1.0579e-06 -1.0544e-06 -1.0505e-06 -1.0463e-06 -1.0417e-06 -1.0368e-06 -1.0316e-06 -1.0260e-06 -1.0202e-06 -1.0140e-06 -1.0075e-06 -1.0008e-06 -9.9378e-07 -9.8648e-07 -9.7893e-07 -9.7113e-07 -9.6310e-07 -9.5483e-07 -9.4634e-07 -9.3764e-07 -9.2873e-07 -9.1964e-07 2.4988e-08 0.0000e+00 7.4903e-08 9.9800e-08 1.2464e-07 1.4940e-07 1.7408e-07 1.9864e-07 2.2310e-07 2.4741e-07 2.7158e-07 2.9559e-07 3.1943e-07 3.4307e-07 3.6651e-07 3.8973e-07 4.1273e-07 4.3548e-07 4.5798e-07 4.8020e-07 5.0215e-07 5.2381e-07 5.4516e-07 5.6619e-07 5.8690e-07 6.0727e-07 6.2730e-07 6.4696e-07 6.6626e-07 6.8518e-07 7.0371e-07 7.2185e-07 7.3959e-07 7.5691e-07 7.7381e-07 7.9029e-07 8.0634e-07 8.2194e-07 8.3710e-07 8.5181e-07 8.6606e-07 8.7986e-07 8.9318e-07 9.0604e-07 9.1842e-07 9.3032e-07 9.4175e-07 9.5269e-07 9.6315e-07 9.7313e-07 9.8262e-07 9.9162e-07 1.0001e-06 1.0082e-06 1.0157e-06 1.0227e-06 1.0293e-06 1.0354e-06 1.0410e-06 1.0461e-06 1.0508e-06 1.0549e-06 1.0586e-06 1.0619e-06 1.0646e-06 1.0670e-06 1.0688e-06 1.0702e-06 1.0712e-06 1.0717e-06 1.0718e-06 1.0715e-06 1.0707e-06 1.0695e-06 1.0680e-06 1.0660e-06 1.0636e-06 1.0608e-06 1.0577e-06 1.0542e-06 1.0503e-06 1.0461e-06 1.0415e-06 1.0366e-06 1.0314e-06 1.0258e-06 1.0200e-06 1.0138e-06 1.0073e-06 1.0006e-06 9.9356e-07 9.8626e-07 9.7871e-07 9.7091e-07 9.6286e-07 9.5459e-07 9.4610e-07 9.3740e-07 9.2849e-07 9.1939e-07
-3.7463e-08 -7.4903e-08 9.0179e-04 -1.4963e-07 -1.8686e-07 -2.2399e-07 -2.6098e-07 -2.9782e-07 -3.3448e-07 -3.7094e-07 -4.0718e-07 -4.4317e-07 -4.7891e-07 -5.1435e-07 -5.4950e-07 -5.8432e-07 -6.1880e-07 -6.5291e-07 -6.8664e-07 -7.1997e-07 -7.5287e-07 -7.8534e-07 -8.1736e-07 -8.4890e-07 -8.7995e-07 -9.1049e-07 -9.4052e-07 -9.7001e-07 -9.9895e-07 -1.0273e-06 -1.0551e-06 -1.0823e-06 -1.1089e-06 -1.1349e-06 -1.1602e-06 -1.1850e-06 -1.2090e-06 -1.2324e-06 -1.2552e-06 -1.2772e-06 -1.2986e-06 -1.3193e-06 -1.3393e-06 -1.3586e-06 -1.3771e-06 -1.3950e-06 -1.4121e-06 -1.4285e-06 -1.4442e-06 -1.4592e-06 -1.4734e-06 -1.4870e-06 -1.4997e-06 -1.5118e-06 -1.5231e-06 -1.5337e-06 -1.5435e-06 -1.5527e-06 -1.5611e-06 -1.5688e-06 -1.5758e-06 -1.5820e-06 -1.5876e-06 -1.5925e-06 -1.5966e-06 -1.6001e-06 -1.6029e-06 -1.6050e-06 -1.6065e-06 -1.6073e-06 -1.6074e-06 -1.6070e-06 -1.6058e-06 -1.6041e-06 -1.6017e-06 -1.5988e-06 -1.5953e-06 -1.5911e-06 -1.5865e-06 -1.5812e-06 -1.5754e-06 -1.5691e-06 -1.5623e-06 -1.5549e-06 -1.5471e-06 -1.5388e-06 -1.5300e-06 -1.5207e-06 -1.5111e-06 -1.5010e-06 -1.4904e-06 -1.4795e-06 -1.4682e-06 -1.4565e-06 -1.4445e-06 -1.4321e-06 -1.4194e-06 -1.4063e-06 -1.3930e-06 -1.3793e-06 3.7463e-08 7.4903e-08 0.0000e+00 1.4963e-07 1.8686e-07 2.2399e-07 2.6098e-07 2.9782e-07 3.3448e-07 3.7094e-07 4.0717e-07 4.4317e-07 4.7890e-07 5.1435e-07 5.4949e-07 5.8431e-07 6.1879e-07 6.5290e-07 6.8662e-07 7.1995e-07 7.5285e-07 7.8532e-07 8.1733e-07 8.4887e-07 8.7992e-07 9.1046e-07 9.4048e-07 9.6996e-07 9.9889e-07 1.0273e-06 1.0550e-06 1.0822e-06 1.1088e-06 1.1348e-06 1.1602e-06 1.1849e-06 1.2089e-06 1.2323e-06 1.2550e-06 1.2771e-06 1.2985e-06 1.3191e-06 1.3391e-06 1.3584e-06 1.3770e-06 1.3948e-06 1.4119e-06 1.4284e-06 1.4440e-06 1.4590e-06 1.4732e-06 1.4867e-06 1.4995e-06 1.5115e-06 1.5228e-06 1.5334e-06 1.5432e-06 1.5524e-06 1.5608e-06 1.5684e-06 1.5754e-06 1.5817e-06 1.5872e-06 1.5921e-06 1.5962e-06 1.5997e-06 1.6025e-06 1.6046e-06 1.6060e-06 1.6068e-06 1.6070e-06 1.6065e-06 1.6053e-06 1.6036e-06 1.6012e-06 1.5982e-06 1.5947e-06 1.5906e-06 1.5859e-06 1.5806e-06 1.5748e-06 1.5685e-06 1.5616e-06 1.5543e-06 1.5464e-06 1.5381e-06 1.5293e-06 1.5200e-06 1.5103e-06 1.5002e-06 1.4897e-06 1.4788e-06 1.4674e-06 1.4557e-06 1.4437e-06 1.4313e-06 1.4186e-06 1.4055e-06 1.3922e-06 1.3785e-06
-4.9915e-08 -9.9800e-08 -1.4963e-07 1.6032e-03 -2.4898e-07 -2.9845e-07 -3.4773e-07 -3.9682e-07 -4.4566e-07 -4.9424e-07 -5.4253e-07 -5.9049e-07 -6.3810e-07 -6.8533e-07 -7.3216e-07 -7.7856e-07 -8.2450e-07 -8.6995e-07 -9.1490e-07 -9.5930e-07 -1.0032e-06 -1.0464e-06 -1.0891e-06 -1.1311e-06 -1.1725e-06 -1.2132e-06 -1.2532e-06 -1.2925e-06 -1.3311e-06 -1.3689e-06 -1.4059e-06 -1.4422e-06 -1.4776e-06 -1.5122e-06 -1.5460e-06 -1.5789e-06 -1.6110e-06 -1.6422e-06 -1.6725e-06 -1.7019e-06 -1.7304e-06 -1.7580e-06 -1.7846e-06 -1.8103e-06 -1.8351e-06 -1.8589e-06 -1.8818e-06 -1.9037e-06 -1.9246e-06 -1.9445e-06 -1.9635e-06 -1.9815e-06 -1.9986e-06 -2.0146e-06 -2.0297e-06 -2.0439e-06 -2.0570e-06 -2.0692e-06 -2.0804e-06 -2.0907e-06 -2.1000e-06 -2.1084e-06 -2.1158e-06 -2.1223e-06 -2.1279e-06 -2.1325e-06 -2.1363e-06 -2.1391e-06 -2.1411e-06 -2.1422e-06 -2.1424e-06 -2.1418e-06 -2.1403e-06 -2.1380e-06 -2.1349e-06 -2.1310e-06 -2.1263e-06 -2.1208e-06 -2.1146e-06 -2.1076e-06 -2.0999e-06 -2.0915e-06 -2.0824e-06 -2.0726e-06 -2.0622e-06 -2.0512e-06 -2.0395e-06 -2.0272e-06 -2.0143e-06 -2.0008e-06 -1.9868e-06 -1.9723e-06 -1.9572e-06 -1.9417e-06 -1.9256e-06 -1.9091e-06 -1.8922e-06 -1.8748e-06 -1.8571e-06 -1.8389e-06 4.9915e-08 9.9800e-08 1.4963e-07 0.0000e+00 2.4898e-07 2.9844e-07 3.4773e-07 3.9681e-07 4.4566e-07 4.9423e-07 5.4252e-07 5.9048e-07 6.3809e-07 6.8532e-07 7.3215e-07 7.7854e-07 8.2447e-07 8.6992e-07 9.1486e-07 9.5926e-07 1.0031e-06 1.0464e-06 1.0890e-06 1.1310e-06 1.1724e-06 1.2131e-06 1.2531e-06 1.2924e-06 1.3309e-06 1.3687e-06 1.4058e-06 1.4420e-06 1.4774e-06 1.5120e-06 1.5458e-06 1.5787e-06 1.6108e-06 1.6420e-06 1.6722e-06 1.7016e-06 1.7301e-06 1.7577e-06 1.7843e-06 1.8100e-06 1.8347e-06 1.8585e-06 1.8813e-06 1.9032e-06 1.9241e-06 1.9440e-06 1.9630e-06 1.9810e-06 1.9980e-06 2.0140e-06 2.0291e-06 2.0432e-06 2.0563e-06 2.0685e-06 2.0796e-06 2.0899e-06 2.0992e-06 2.1075e-06 2.1149e-06 2.1214e-06 2.1269e-06 2.1315e-06 2.1352e-06 2.1381e-06 2.1400e-06 2.1410e-06 2.1412e-06 2.1406e-06 2.1391e-06 2.1367e-06 2.1336e-06 2.1296e-06 2.1249e-06 2.1194e-06 2.1132e-06 2.1062e-06 2.0984e-06 2.0900e-06 2.0809e-06 2.0711e-06 2.0606e-06 2.0495e-06 2.0378e-06 2.0255e-06 2.0126e-06 1.9991e-06 1.9851e-06 1.9705e-06 1.9554e-06 1.9398e-06 1.9238e-06 1.9072e-06 1.8903e-06 1.8729e-06 1.8551e-06 1.8369e-06
-6.2338e-08 -1.2464e-07 -1.8686e-07 -2.4898e-07 2.5050e-03 -3.7272e-07 -4.3428e-07 -4.9558e-07 -5.5658e-07 -6.1725e-07 -6.7755e-07 -7.3745e-07 -7.9692e-07 -8.5591e-07 -9.1440e-07 -9.7234e-07 -1.0297e-06 -1.0865e-06 -1.1426e-06 -1.1981e-06 -1.2529e-06 -1.3069e-06 -1.3602e-06 -1.4127e-06 -1.4644e-06 -1.5152e-06 -1.5652e-06 -1.6143e-06 -1.6624e-06 -1.7097e-06 -1.7559e-06 -1.8012e-06 -1.8455e-06 -1.8887e-06 -1.9310e-06 -1.9721e-06 -2.0122e-06 -2.0511e-06 -2.0890e-06 -2.1257e-06 -2.1614e-06 -2.1958e-06 -2.2291e-06 -2.2612e-06 -2.2922e-06 -2.3219e-06 -2.3505e-06 -2.3778e-06 -2.4040e-06 -2.4289e-06 -2.4527e-06 -2.4752e-06 -2.4965e-06 -2.5166e-06 -2.5355e-06 -2.5531e-06 -2.5696e-06 -2.5848e-06 -2.5989e-06 -2.6117e-06 -2.6234e-06 -2.6338e-06 -2.6432e-06 -2.6513e-06 -2.6583e-06 -2.6641e-06 -2.6688e-06 -2.6724e-06 -2.6749e-06 -2.6763e-06 -2.6766e-06 -2.6758e-06 -2.6740e-06 -2.6712e-06 -2.6673e-06 -2.6625e-06 -2.6566e-06 -2.6498e-06 -2.6421e-06 -2.6334e-06 -2.6238e-06 -2.6133e-06 -2.6020e-06 -2.5898e-06 -2.5768e-06 -2.5631e-06 -2.5485e-06 -2.5331e-06 -2.5171e-06 -2.5003e-06 -2.4828e-06 -2.4647e-06 -2.4459e-06 -2.4265e-06 -2.4065e-06 -2.3859e-06 -2.3648e-06 -2.3431e-06 -2.3209e-06 -2.2983e-06 6.2338e-08 1.2464e-07 1.8686e-07 2.4898e-07 0.0000e+00 3.7272e-07 4.3428e-07 4.9557e-07 5.5657e-07 6.1724e-07 6.7754e-07 7.3744e-07 7.9690e-07 8.5588e-07 9.1436e-07 9.7230e-07 1.0297e-06 1.0864e-06 1.1426e-06 1.1980e-06 1.2528e-06 1.3068e-06 1.3601e-06 1.4125e-06 1.4642e-06 1.5150e-06 1.5650e-06 1.6141e-06 1.6622e-06 1.7094e-06 1.7556e-06 1.8009e-06 1.8452e-06 1.8884e-06 1.9306e-06 1.9717e-06 2.0117e-06 2.0507e-06 2.0885e-06 2.1252e-06 2.1607e-06 2.1952e-06 2.2284e-06 2.2605e-06 2.2914e-06 2.3211e-06 2.3496e-06 2.3769e-06 2.4030e-06 2.4279e-06 2.4516e-06 2.4741e-06 2.4953e-06 2.5154e-06 2.5342e-06 2.5518e-06 2.5682e-06 2.5834e-06 2.5974e-06 2.6101e-06 2.6217e-06 2.6322e-06 2.6414e-06 2.6495e-06 2.6564e-06 2.6622e-06 2.6668e-06 2.6704e-06 2.6728e-06 2.6741e-06 2.6743e-06 2.6735e-06 2.6716e-06 2.6687e-06 2.6648e-06 2.6599e-06 2.6540e-06 2.6471e-06 2.6393e-06 2.6306e-06 2.6209e-06 2.6104e-06 2.5990e-06 2.5868e-06 2.5737e-06 2.5599e-06 2.5453e-06 2.5299e-06 2.5138e-06 2.4969e-06 2.4794e-06 2.4612e-06 2.4424e-06 2.4229e-06 2.4029e-06 2.3822e-06 2.3611e-06 2.3394e-06 2.3172e-06 2.2945e-06
-7.4723e-08 -1.4940e-07 -2.2399e-07 -2.9845e-07 -3.7272e-07 3.6072e-03 -5.2056e-07 -5.9404e-07 -6.6716e-07 -7.3989e-07 -8.1218e-07 -8.8398e-07 -9.5526e-07 -1.0260e-06 -1.0961e-06 -1.1656e-06 -1.2343e-06 -1.3024e-06 -1.3697e-06 -1.4362e-06 -1.5018e-06 -1.5666e-06 -1.6305e-06 -1.6934e-06 -1.7554e-06 -1.8164e-06 -1.8763e-06 -1.9351e-06 -1.9929e-06 -2.0495e-06 -2.1050e-06 -2.1593e-06 -2.2124e-06 -2.2642e-06 -2.3149e-06 -2.3642e-06 -2.4123e-06 -2.4590e-06 -2.5044e-06 -2.5485e-06 -2.5912e-06 -2.6325e-06 -2.6724e-06 -2.7110e-06 -2.7481e-06 -2.7838e-06 -2.8180e-06 -2.8509e-06 -2.8823e-06 -2.9122e-06 -2.9407e-06 -2.9677e-06 -2.9933e-06 -3.0174e-06 -3.0400e-06 -3.0613e-06 -3.0810e-06 -3.0993e-06 -3.1162e-06 -3.1316e-06 -3.1457e-06 -3.1583e-06 -3.1694e-06 -3.1792e-06 -3.1877e-06 -3.1947e-06 -3.2004e-06 -3.2047e-06 -3.2077e-06 -3.2094e-06 -3.2099e-06 -3.2090e-06 -3.2069e-06 -3.2035e-06 -3.1989e-06 -3.1931e-06 -3.1862e-06 -3.1780e-06 -3.1688e-06 -3.1584e-06 -3.1470e-06 -3.1345e-06 -3.1210e-06 -3.1064e-06 -3.0909e-06 -3.0744e-06 -3.0569e-06 -3.0386e-06 -3.0194e-06 -2.9993e-06 -2.9784e-06 -2.9567e-06 -2.9342e-06 -2.9109e-06 -2.8870e-06 -2.8624e-06 -2.8370e-06 -2.8111e-06 -2.7846e-06 -2.7574e-06 7.4723e-08 1.4940e-07 2.2399e-07 2.9844e-07 3.7272e-07 0.0000e+00 5.2056e-07 5.9403e-07 6.6715e-07 7.3987e-07 8.1215e-07 8.8395e-07 9.5523e-07 1.0259e-06 1.0960e-06 1.1655e-06 1.2343e-06 1.3023e-06 1.3696e-06 1.4360e-06 1.5017e-06 1.5664e-06 1.6303e-06 1.6932e-06 1.7551e-06 1.8161e-06 1.8759e-06 1.9348e-06 1.9925e-06 2.0491e-06 2.1045e-06 2.1588e-06 2.2118e-06 2.2636e-06 2.3142e-06 2.3635e-06 2.4115e-06 2.4581e-06 2.5035e-06 2.5475e-06 2.5901e-06 2.6314e-06 2.6712e-06 2.7097e-06 2.7467e-06 2.7824e-06 2.8166e-06 2.8493e-06 2.8806e-06 2.9104e-06 2.9388e-06 2.9658e-06 2.9913e-06 3.0153e-06 3.0378e-06 3.0590e-06 3.0786e-06 3.0968e-06 3.1136e-06 3.1289e-06 3.1428e-06 3.1553e-06 3.1664e-06 3.1761e-06 3.1844e-06 3.1914e-06 3.1969e-06 3.2012e-06 3.2041e-06 3.2057e-06 3.2060e-06 3.2050e-06 3.2028e-06 3.1993e-06 3.1946e-06 3.1887e-06 3.1816e-06 3.1734e-06 3.1641e-06 3.1536e-06 3.1421e-06 3.1294e-06 3.1158e-06 3.1011e-06 3.0855e-06 3.0689e-06 3.0514e-06 3.0329e-06 3.0136e-06 2.9935e-06 2.9725e-06 2.9507e-06 2.9281e-06 2.9048e-06 2.8808e-06 2.8560e-06 2.8307e-06 2.8046e-06 2.7780e-06 2.7508e-06
-8.7064e-08 -1.7408e-07 -2.6098e-07 -3.4773e-07 -4.3428e-07 -5.2056e-07 4.9097e-03 -6.9215e-07 -7.7735e-07 -8.6209e-07 -9.4632e-07 -1.0300e-06 -1.1130e-06 -1.1954e-06 -1.2771e-06 -1.3581e-06 -1.4382e-06 -1.5175e-06 -1.5960e-06 -1.6734e-06 -1.7499e-06 -1.8254e-06 -1.8999e-06 -1.9732e-06 -2.0454e-06 -2.1165e-06 -2.1863e-06 -2.2549e-06 -2.3222e-06 -2.3882e-06 -2.4529e-06 -2.5162e-06 -2.5781e-06 -2.6385e-06 -2.6975e-06 -2.7550e-06 -2.8111e-06 -2.8655e-06 -2.9185e-06 -2.9699e-06 -3.0197e-06 -3.0678e-06 -3.1144e-06 -3.1593e-06 -3.2026e-06 -3.2443e-06 -3.2842e-06 -3.3225e-06 -3.3591e-06 -3.3941e-06 -3.4273e-06 -3.4588e-06 -3.4887e-06 -3.5168e-06 -3.5433e-06 -3.5680e-06 -3.5911e-06 -3.6125e-06 -3.6322e-06 -3.6503e-06 -3.6666e-06 -3.6814e-06 -3.6945e-06 -3.7059e-06 -3.7158e-06 -3.7241e-06 -3.7307e-06 -3.7359e-06 -3.7394e-06 -3.7415e-06 -3.7420e-06 -3.7410e-06 -3.7386e-06 -3.7348e-06 -3.7295e-06 -3.7228e-06 -3.7147e-06 -3.7053e-06 -3.6946e-06 -3.6826e-06 -3.6693e-06 -3.6548e-06 -3.6391e-06 -3.6222e-06 -3.6041e-06 -3.5850e-06 -3.5647e-06 -3.5434e-06 -3.5210e-06 -3.4977e-06 -3.4734e-06 -3.4481e-06 -3.4220e-06 -3.3949e-06 -3.3671e-06 -3.3384e-06 -3.3090e-06 -3.2788e-06 -3.2479e-06 -3.2163e-06 8.7064e-08 1.7408e-07 2.6098e-07 3.4773e-07 4.3428e-07 5.2056e-07 0.0000e+00 6.9214e-07 7.7733e-07 8.6207e-07 9.4629e-07 1.0299e-06 1.1130e-06 1.1954e-06 1.2770e-06 1.3580e-06 1.4381e-06 1.5174e-06 1.5958e-06 1.6732e-06 1.7497e-06 1.8252e-06 1.8996e-06 1.9729e-06 2.0450e-06 2.1160e-06 2.1858e-06 2.2543e-06 2.3216e-06 2.3875e-06 2.4521e-06 2.5153e-06 2.5771e-06 2.6375e-06 2.6964e-06 2.7539e-06 2.8098e-06 2.8642e-06 2.9170e-06 2.9683e-06 3.0180e-06 3.0661e-06 3.1125e-06 3.1573e-06 3.2005e-06 3.2420e-06 3.2819e-06 3.3200e-06 3.3565e-06 3.3913e-06 3.4244e-06 3.4558e-06 3.4855e-06 3.5135e-06 3.5398e-06 3.5644e-06 3.5873e-06 3.6085e-06 3.6281e-06 3.6460e-06 3.6622e-06 3.6768e-06 3.6897e-06 3.7010e-06 3.7107e-06 3.7188e-06 3.7253e-06 3.7302e-06 3.7336e-06 3.7355e-06 3.7358e-06 3.7347e-06 3.7321e-06 3.7281e-06 3.7226e-06 3.7158e-06 3.7076e-06 3.6980e-06 3.6871e-06 3.6749e-06 3.6615e-06 3.6468e-06 3.6309e-06 3.6139e-06 3.5956e-06 3.5763e-06 3.5559e-06 3.5344e-06 3.5119e-06 3.4884e-06 3.4640e-06 3.4386e-06 3.4123e-06 3.3852e-06 3.3572e-06 3.3284e-06 3.2988e-06 3.2685e-06 3.2375e-06 3.2058e-06
-9.9352e-08 -1.9865e-07 -2.9782e-07 -3.9682e-07 -4.9558e-07 -5.9404e-07 -6.9215e-07 6.4127e-03 -8.8708e-07 -9.8379e-07 -1.0799e-06 -1.1754e-06 -1.2702e-06 -1.3642e-06 -1.4574e-06 -1.5498e-06 -1.6413e-06 -1.7318e-06 -1.8213e-06 -1.9097e-06 -1.9971e-06 -2.0832e-06 -2.1682e-06 -2.2519e-06 -2.3343e-06 -2.4154e-06 -2.4951e-06 -2.5734e-06 -2.6503e-06 -2.7256e-06 -2.7994e-06 -2.8717e-06 -2.9423e-06 -3.0114e-06 -3.0787e-06 -3.1444e-06 -3.2084e-06 -3.2706e-06 -3.3311e-06 -3.3897e-06 -3.4466e-06 -3.5016e-06 -3.5548e-06 -3.6061e-06 -3.6556e-06 -3.7032e-06 -3.7488e-06 -3.7926e-06 -3.8344e-06 -3.8743e-06 -3.9123e-06 -3.9484e-06 -3.9825e-06 -4.0147e-06 -4.0449e-06 -4.0732e-06 -4.0996e-06 -4.1241e-06 -4.1467e-06 -4.1673e-06 -4.1861e-06 -4.2030e-06 -4.2180e-06 -4.2312e-06 -4.2425e-06 -4.2520e-06 -4.2597e-06 -4.2656e-06 -4.2698e-06 -4.2722e-06 -4.2729e-06 -4.2718e-06 -4.2691e-06 -4.2648e-06 -4.2589e-06 -4.2513e-06 -4.2422e-06 -4.2315e-06 -4.2194e-06 -4.2057e-06 -4.1907e-06 -4.1742e-06 -4.1563e-06 -4.1371e-06 -4.1166e-06 -4.0947e-06 -4.0717e-06 -4.0474e-06 -4.0220e-06 -3.9954e-06 -3.9677e-06 -3.9389e-06 -3.9092e-06 -3.8784e-06 -3.8466e-06 -3.8140e-06 -3.7804e-06 -3.7460e-06 -3.7108e-06 -3.6748e-06 9.9352e-08 1.9864e-07 2.9782e-07 3.9681e-07 4.9557e-07 5.9403e-07 6.9214e-07 0.0000e+00 8.8705e-07 9.8374e-07 1.0799e-06 1.1753e-06 1.2701e-06 1.3641e-06 1.4573e-06 1.5497e-06 1.6411e-06 1.7316e-06 1.8210e-06 1.9094e-06 1.9967e-06 2.0828e-06 2.1677e-06 2.2514e-06 2.3337e-06 2.4147e-06 2.4944e-06 2.5726e-06 2.6493e-06 2.7246e-06 2.7983e-06 2.8704e-06 2.9410e-06 3.0099e-06 3.0771e-06 3.1427e-06 3.2065e-06 3.2686e-06 3.3289e-06 3.3874e-06 3.4441e-06 3.4990e-06 3.5520e-06 3.6032e-06 3.6524e-06 3.6998e-06 3.7453e-06 3.7888e-06 3.8305e-06 3.8702e-06 3.9080e-06 3.9438e-06 3.9777e-06 4.0097e-06 4.0397e-06 4.0678e-06 4.0940e-06 4.1182e-06 4.1405e-06 4.1610e-06 4.1795e-06 4.1961e-06 4.2109e-06 4.2238e-06 4.2349e-06 4.2441e-06 4.2516e-06 4.2572e-06 4.2611e-06 4.2633e-06 4.2637e-06 4.2624e-06 4.2595e-06 4.2549e-06 4.2487e-06 4.2409e-06 4.2315e-06 4.2206e-06 4.2082e-06 4.1943e-06 4.1790e-06 4.1622e-06 4.1441e-06 4.1247e-06 4.1039e-06 4.0819e-06 4.0586e-06 4.0341e-06 4.0084e-06 3.9816e-06 3.9537e-06 3.9248e-06 3.8948e-06 3.8638e-06 3.8319e-06 3.7990e-06 3.7653e-06 3.7307e-06 3.6954e-06 3.6592e-06
-1.1158e-07 -2.2310e-07 -3.3448e-07 -4.4566e-07 -5.5658e-07 -6.6716e-07 -7.7735e-07 -8.8708e-07 8.1161e-03 -1.1049e-06 -1.2129e-06 -1.3201e-06 -1.4266e-06 -1.5322e-06 -1.6369e-06 -1.7407e-06 -1.8434e-06 -1.9451e-06 -2.0456e-06 -2.1449e-06 -2.2430e-06 -2.3398e-06 -2.4352e-06 -2.5293e-06 -2.6219e-06 -2.7130e-06 -2.8025e-06 -2.8905e-06 -2.9768e-06 -3.0615e-06 -3.1444e-06 -3.2256e-06 -3.3050e-06 -3.3826e-06 -3.4583e-06 -3.5321e-06 -3.6040e-06 -3.6739e-06 -3.7419e-06 -3.8078e-06 -3.8717e-06 -3.9336e-06 -3.9934e-06 -4.0511e-06 -4.1067e-06 -4.1602e-06 -4.2116e-06 -4.2608e-06 -4.3078e-06 -4.3527e-06 -4.3955e-06 -4.4361e-06 -4.4745e-06 -4.5107e-06 -4.5447e-06 -4.5766e-06 -4.6064e-06 -4.6340e-06 -4.6594e-06 -4.6827e-06 -4.7039e-06 -4.7229e-06 -4.7399e-06 -4.7547e-06 -4.7676e-06 -4.7783e-06 -4.7871e-06 -4.7938e-06 -4.7986e-06 -4.8014e-06 -4.8022e-06 -4.8012e-06 -4.7982e-06 -4.7935e-06 -4.7869e-06 -4.7785e-06 -4.7684e-06 -4.7565e-06 -4.7429e-06 -4.7277e-06 -4.7109e-06 -4.6924e-06 -4.6724e-06 -4.6510e-06 -4.6280e-06 -4.6036e-06 -4.5778e-06 -4.5506e-06 -4.5221e-06 -4.4923e-06 -4.4613e-06 -4.4291e-06 -4.3957e-06 -4.3612e-06 -4.3256e-06 -4.2890e-06 -4.2514e-06 -4.2128e-06 -4.1734e-06 -4.1330e-06 1.1158e-07 2.2310e-07 3.3448e-07 4.4566e-07 5.5657e-07 6.6715e-07 7.7733e-07 8.8705e-07 0.0000e+00 1.1048e-06 1.2128e-06 1.3200e-06 1.4264e-06 1.5320e-06 1.6367e-06 1.7404e-06 1.8431e-06 1.9447e-06 2.0452e-06 2.1445e-06 2.2425e-06 2.3392e-06 2.4346e-06 2.5285e-06 2.6210e-06 2.7120e-06 2.8014e-06 2.8893e-06 2.9755e-06 3.0600e-06 3.1428e-06 3.2238e-06 3.3031e-06 3.3805e-06 3.4560e-06 3.5296e-06 3.6013e-06 3.6711e-06 3.7388e-06 3.8045e-06 3.8682e-06 3.9299e-06 3.9894e-06 4.0469e-06 4.1022e-06 4.1555e-06 4.2066e-06 4.2555e-06 4.3023e-06 4.3469e-06 4.3893e-06 4.4296e-06 4.4677e-06 4.5036e-06 4.5373e-06 4.5689e-06 4.5983e-06 4.6255e-06 4.6506e-06 4.6736e-06 4.6944e-06 4.7131e-06 4.7297e-06 4.7443e-06 4.7567e-06 4.7671e-06 4.7755e-06 4.7819e-06 4.7862e-06 4.7887e-06 4.7892e-06 4.7878e-06 4.7845e-06 4.7793e-06 4.7724e-06 4.7636e-06 4.7531e-06 4.7409e-06 4.7270e-06 4.7114e-06 4.6942e-06 4.6754e-06 4.6551e-06 4.6333e-06 4.6100e-06 4.5852e-06 4.5591e-06 4.5316e-06 4.5028e-06 4.4727e-06 4.4414e-06 4.4089e-06 4.3753e-06 4.3405e-06 4.3046e-06 4.2678e-06 4.2299e-06 4.1911e-06 4.1514e-06 4.1108e-06
-1.2374e-07 -2.4741e-07 -3.7094e-07 -4.9424e-07 -6.1725e-07 -7.3989e-07 -8.6209e-07 -9.8379e-07 -1.1049e-06 1.0020e-02 -1.3451e-06 -1.4640e-06 -1.5821e-06 -1.6992e-06 -1.8154e-06 -1.9305e-06 -2.0444e-06 -2.1572e-06 -2.2687e-06 -2.3789e-06 -2.4877e-06 -2.5950e-06 -2.7009e-06 -2.8052e-06 -2.9080e-06 -3.0090e-06 -3.1084e-06 -3.2060e-06 -3.3018e-06 -3.3957e-06 -3.4877e-06 -3.5778e-06 -3.6659e-06 -3.7520e-06 -3.8360e-06 -3.9179e-06 -3.9977e-06 -4.0753e-06 -4.1507e-06 -4.2240e-06 -4.2949e-06 -4.3636e-06 -4.4300e-06 -4.4941e-06 -4.5558e-06 -4.6152e-06 -4.6723e-06 -4.7269e-06 -4.7792e-06 -4.8291e-06 -4.8766e-06 -4.9217e-06 -4.9644e-06 -5.0047e-06 -5.0425e-06 -5.0780e-06 -5.1111e-06 -5.1418e-06 -5.1701e-06 -5.1961e-06 -5.2197e-06 -5.2409e-06 -5.2598e-06 -5.2764e-06 -5.2908e-06 -5.3028e-06 -5.3126e-06 -5.3202e-06 -5.3256e-06 -5.3288e-06 -5.3299e-06 -5.3289e-06 -5.3258e-06 -5.3206e-06 -5.3134e-06 -5.3042e-06 -5.2931e-06 -5.2800e-06 -5.2651e-06 -5.2483e-06 -5.2298e-06 -5.2094e-06 -5.1874e-06 -5.1637e-06 -5.1383e-06 -5.1113e-06 -5.0828e-06 -5.0528e-06 -5.0213e-06 -4.9884e-06 -4.9541e-06 -4.9184e-06 -4.8815e-06 -4.8433e-06 -4.8040e-06 -4.7634e-06 -4.7218e-06 -4.6791e-06 -4.6354e-06 -4.5908e-06 1.2374e-07 2.4741e-07 3.7094e-07 4.9423e-07 6.1724e-07 7.3987e-07 8.6207e-07 9.8374e-07 1.1048e-06 0.0000e+00 1.3450e-06 1.4639e-06 1.5819e-06 1.6990e-06 1.8151e-06 1.9301e-06 2.0440e-06 2.1567e-06 2.2681e-06 2.3782e-06 2.4869e-06 2.5942e-06 2.7000e-06 2.8042e-06 2.9068e-06 3.0077e-06 3.1069e-06 3.2043e-06 3.2999e-06 3.3936e-06 3.4855e-06 3.5754e-06 3.6632e-06 3.7491e-06 3.8329e-06 3.9145e-06 3.9940e-06 4.0714e-06 4.1465e-06 4.2194e-06 4.2901e-06 4.3585e-06 4.4245e-06 4.4883e-06 4.5497e-06 4.6087e-06 4.6654e-06 4.7197e-06 4.7716e-06 4.8211e-06 4.8682e-06 4.9128e-06 4.9551e-06 4.9950e-06 5.0324e-06 5.0674e-06 5.1001e-06 5.1303e-06 5.1581e-06 5.1836e-06 5.2067e-06 5.2275e-06 5.2459e-06 5.2621e-06 5.2759e-06 5.2875e-06 5.2968e-06 5.3039e-06 5.3088e-06 5.3115e-06 5.3121e-06 5.3105e-06 5.3069e-06 5.3012e-06 5.2935e-06 5.2838e-06 5.2722e-06 5.2587e-06 5.2433e-06 5.2260e-06 5.2070e-06 5.1862e-06 5.1637e-06 5.1395e-06 5.1137e-06 5.0862e-06 5.0573e-06 5.0268e-06 4.9949e-06 4.9615e-06 4.9268e-06 4.8908e-06 4.8535e-06 4.8149e-06 4.7752e-06 4.7343e-06 4.6924e-06 4.6493e-06 4.6053e-06 4.5603e-06
-1.3583e-07 -2.7158e-07 -4.0718e-07 -5.4253e-07 -6.7755e-07 -8.1218e-07 -9.4632e-07 -1.0799e-06 -1.2129e-06 -1.3451e-06 1.2124e-02 -1.6071e-06 -1.7367e-06 -1.8653e-06 -1.9928e-06 -2.1192e-06 -2.2443e-06 -2.3681e-06 -2.4905e-06 -2.6114e-06 -2.7309e-06 -2.8488e-06 -2.9651e-06 -3.0796e-06 -3.1924e-06 -3.3034e-06 -3.4125e-06 -3.5197e-06 -3.6248e-06 -3.7280e-06 -3.8291e-06 -3.9280e-06 -4.0248e-06 -4.1193e-06 -4.2116e-06 -4.3016e-06 -4.3893e-06 -4.4746e-06 -4.5575e-06 -4.6379e-06 -4.7159e-06 -4.7914e-06 -4.8643e-06 -4.9348e-06 -5.0027e-06 -5.0680e-06 -5.1307e-06 -5.1908e-06 -5.2483e-06 -5.3032e-06 -5.3555e-06 -5.4051e-06 -5.4520e-06 -5.4964e-06 -5.5381e-06 -5.5772e-06 -5.6136e-06 -5.6474e-06 -5.6786e-06 -5.7073e-06 -5.7333e-06 -5.7568e-06 -5.7777e-06 -5.7961e-06 -5.8119e-06 -5.8253e-06 -5.8362e-06 -5.8447e-06 -5.8508e-06 -5.8544e-06 -5.8558e-06 -5.8548e-06 -5.8515e-06 -5.8459e-06 -5.8382e-06 -5.8283e-06 -5.8162e-06 -5.8020e-06 -5.7858e-06 -5.7675e-06 -5.7473e-06 -5.7251e-06 -5.7010e-06 -5.6751e-06 -5.6474e-06 -5.6179e-06 -5.5867e-06 -5.5539e-06 -5.5194e-06 -5.4834e-06 -5.4459e-06 -5.4069e-06 -5.3665e-06 -5.3247e-06 -5.2816e-06 -5.2372e-06 -5.1916e-06 -5.1449e-06 -5.0970e-06 -5.0480e-06 1.3583e-07 2.7158e-07 4.0717e-07 5.4252e-07 6.7754e-07 8.1215e-07 9.4629e-07 1.0799e-06 1.2128e-06 1.3450e-06 0.0000e+00 1.6069e-06 1.7365e-06 1.8650e-06 1.9924e-06 2.1187e-06 2.2437e-06 2.3674e-06 2.4897e-06 2.6106e-06 2.7299e-06 2.8477e-06 2.9638e-06 3.0782e-06 3.1908e-06 3.3016e-06 3.4105e-06 3.5174e-06 3.6224e-06 3.7253e-06 3.8261e-06 3.9248e-06 4.0213e-06 4.1155e-06 4.2075e-06 4.2971e-06 4.3844e-06 4.4694e-06 4.5519e-06 4.6319e-06 4.7095e-06 4.7846e-06 4.8571e-06 4.9271e-06 4.9945e-06 5.0593e-06 5.1216e-06 5.1812e-06 5.2382e-06 5.2925e-06 5.3442e-06 5.3933e-06 5.4397e-06 5.4835e-06 5.5246e-06 5.5631e-06 5.5989e-06 5.6321e-06 5.6627e-06 5.6907e-06 5.7161e-06 5.7390e-06 5.7592e-06 5.7770e-06 5.7922e-06 5.8049e-06 5.8151e-06 5.8230e-06 5.8284e-06 5.8314e-06 5.8320e-06 5.8304e-06 5.8264e-06 5.8202e-06 5.8118e-06 5.8012e-06 5.7885e-06 5.7736e-06 5.7568e-06 5.7379e-06 5.7170e-06 5.6942e-06 5.6695e-06 5.6430e-06 5.6146e-06 5.5846e-06 5.5528e-06 5.5194e-06 5.4844e-06 5.4478e-06 5.4097e-06 5.3702e-06 5.3293e-06 5.2870e-06 5.2434e-06 5.1985e-06 5.1525e-06 5.1053e-06 5.0570e-06 5.0076e-06
-1.4784e-07 -2.9559e-07 -4.4317e-07 -5.9049e-07 -7.3745e-07 -8.8398e-07 -1.0300e-06 -1.1754e-06 -1.3201e-06 -1.4640e-06 -1.6071e-06 1.4429e-02 -1.8903e-06 -2.0303e-06 -2.1691e-06 -2.3066e-06 -2.4428e-06 -2.5776e-06 -2.7108e-06 -2.8425e-06 -2.9726e-06 -3.1009e-06 -3.2275e-06 -3.3522e-06 -3.4750e-06 -3.5959e-06 -3.7147e-06 -3.8314e-06 -3.9459e-06 -4.0583e-06 -4.1683e-06 -4.2761e-06 -4.3815e-06 -4.4845e-06 -4.5850e-06 -4.6831e-06 -4.7786e-06 -4.8715e-06 -4.9618e-06 -5.0494e-06 -5.1344e-06 -5.2167e-06 -5.2962e-06 -5.3730e-06 -5.4470e-06 -5.5182e-06 -5.5866e-06 -5.6522e-06 -5.7149e-06 -5.7748e-06 -5.8318e-06 -5.8859e-06 -5.9372e-06 -5.9856e-06 -6.0312e-06 -6.0738e-06 -6.1137e-06 -6.1506e-06 -6.1848e-06 -6.2161e-06 -6.2446e-06 -6.2703e-06 -6.2932e-06 -6.3134e-06 -6.3308e-06 -6.3456e-06 -6.3576e-06 -6.3670e-06 -6.3738e-06 -6.3779e-06 -6.3796e-06 -6.3787e-06 -6.3753e-06 -6.3694e-06 -6.3611e-06 -6.3505e-06 -6.3375e-06 -6.3223e-06 -6.3047e-06 -6.2850e-06 -6.2632e-06 -6.2392e-06 -6.2132e-06 -6.1851e-06 -6.1551e-06 -6.1232e-06 -6.0894e-06 -6.0538e-06 -6.0165e-06 -5.9774e-06 -5.9367e-06 -5.8944e-06 -5.8505e-06 -5.8052e-06 -5.7584e-06 -5.7102e-06 -5.6607e-06 -5.6099e-06 -5.5579e-06 -5.5048e-06 1.4784e-07 2.9559e-07 4.4317e-07 5.9048e-07 7.3744e-07 8.8395e-07 1.0299e-06 1.1753e-06 1.3200e-06 1.4639e-06 1.6069e-06 0.0000e+00 1.8900e-06 2.0299e-06 2.1686e-06 2.3060e-06 2.4421e-06 2.5768e-06 2.7099e-06 2.8414e-06 2.9713e-06 3.0995e-06 3.2259e-06 3.3504e-06 3.4730e-06 3.5935e-06 3.7121e-06 3.8285e-06 3.9427e-06 4.0548e-06 4.1645e-06 4.2719e-06 4.3769e-06 4.4795e-06 4.5796e-06 4.6772e-06 4.7723e-06 4.8647e-06 4.9546e-06 5.0417e-06 5.1262e-06 5.2079e-06 5.2869e-06 5.3631e-06 5.4365e-06 5.5071e-06 5.5748e-06 5.6397e-06 5.7018e-06 5.7610e-06 5.8173e-06 5.8707e-06 5.9212e-06 5.9689e-06 6.0137e-06 6.0556e-06 6.0946e-06 6.1308e-06 6.1642e-06 6.1947e-06 6.2223e-06 6.2472e-06 6.2693e-06 6.2886e-06 6.3052e-06 6.3191e-06 6.3303e-06 6.3388e-06 6.3448e-06 6.3481e-06 6.3488e-06 6.3470e-06 6.3428e-06 6.3361e-06 6.3269e-06 6.3155e-06 6.3016e-06 6.2855e-06 6.2672e-06 6.2466e-06 6.2239e-06 6.1992e-06 6.1723e-06 6.1435e-06 6.1127e-06 6.0800e-06 6.0454e-06 6.0091e-06 5.9710e-06 5.9312e-06 5.8898e-06 5.8468e-06 5.8023e-06 5.7563e-06 5.7089e-06 5.6601e-06 5.6100e-06 5.5586e-06 5.5061e-06 5.4524e-06
-1.5976e-07 -3.1943e-07 -4.7891e-07 -6.3810e-07 -7.9692e-07 -9.5526e-07 -1.1130e-06 -1.2702e-06 -1.4266e-06 -1.5821e-06 -1.7367e-06 -1.8903e-06 1.6934e-02 -2.1941e-06 -2.3441e-06 -2.4927e-06 -2.6399e-06 -2.7856e-06 -2.9296e-06 -3.0720e-06 -3.2126e-06 -3.3513e-06 -3.4881e-06 -3.6229e-06 -3.7557e-06 -3.8864e-06 -4.0148e-06 -4.1410e-06 -4.2648e-06 -4.3863e-06 -4.5053e-06 -4.6219e-06 -4.7359e-06 -4.8472e-06 -4.9560e-06 -5.0620e-06 -5.1653e-06 -5.2658e-06 -5.3635e-06 -5.4584e-06 -5.5503e-06 -5.6394e-06 -5.7255e-06 -5.8086e-06 -5.8887e-06 -5.9658e-06 -6.0398e-06 -6.1109e-06 -6.1788e-06 -6.2436e-06 -6.3054e-06 -6.3641e-06 -6.4197e-06 -6.4722e-06 -6.5215e-06 -6.5678e-06 -6.6111e-06 -6.6512e-06 -6.6883e-06 -6.7223e-06 -6.7533e-06 -6.7813e-06 -6.8062e-06 -6.8282e-06 -6.8473e-06 -6.8634e-06 -6.8766e-06 -6.8870e-06 -6.8945e-06 -6.8992e-06 -6.9012e-06 -6.9004e-06 -6.8969e-06 -6.8908e-06 -6.8821e-06 -6.8708e-06 -6.8569e-06 -6.8406e-06 -6.8219e-06 -6.8008e-06 -6.7774e-06 -6.7517e-06 -6.7237e-06 -6.6936e-06 -6.6614e-06 -6.6270e-06 -6.5907e-06 -6.5524e-06 -6.5122e-06 -6.4702e-06 -6.4264e-06 -6.3808e-06 -6.3336e-06 -6.2847e-06 -6.2343e-06 -6.1824e-06 -6.1291e-06 -6.0743e-06 -6.0183e-06 -5.9609e-06 1.5976e-07 3.1943e-07 4.7890e-07 6.3809e-07 7.9690e-07 9.5523e-07 1.1130e-06 1.2701e-06 1.4264e-06 1.5819e-06 1.7365e-06 1.8900e-06 0.0000e+00 2.1936e-06 2.3435e-06 2.4920e-06 2.6390e-06 2.7845e-06 2.9284e-06 3.0706e-06 3.2110e-06 3.3495e-06 3.4860e-06 3.6206e-06 3.7531e-06 3.8834e-06 4.0115e-06 4.1373e-06 4.2608e-06 4.3819e-06 4.5005e-06 4.6165e-06 4.7301e-06 4.8409e-06 4.9491e-06 5.0546e-06 5.1574e-06 5.2573e-06 5.3544e-06 5.4486e-06 5.5399e-06 5.6282e-06 5.7136e-06 5.7959e-06 5.8753e-06 5.9516e-06 6.0248e-06 6.0950e-06 6.1621e-06 6.2261e-06 6.2870e-06 6.3448e-06 6.3994e-06 6.4510e-06 6.4994e-06 6.5447e-06 6.5869e-06 6.6261e-06 6.6621e-06 6.6951e-06 6.7251e-06 6.7520e-06 6.7759e-06 6.7968e-06 6.8148e-06 6.8299e-06 6.8420e-06 6.8513e-06 6.8577e-06 6.8613e-06 6.8622e-06 6.8603e-06 6.8557e-06 6.8485e-06 6.8387e-06 6.8263e-06 6.8114e-06 6.7940e-06 6.7742e-06 6.7521e-06 6.7276e-06 6.7009e-06 6.6719e-06 6.6408e-06 6.6075e-06 6.5722e-06 6.5349e-06 6.4957e-06 6.4546e-06 6.4116e-06 6.3669e-06 6.3205e-06 6.2724e-06 6.2227e-06 6.1715e-06 6.1188e-06 6.0647e-06 6.0092e-06 5.9524e-06 5.8944e-06
-1.7159e-07 -3.4307e-07 -5.1435e-07 -6.8533e-07 -8.5591e-07 -1.0260e-06 -1.1954e-06 -1.3642e-06 -1.5322e-06 -1.6992e-06 -1.8653e-06 -2.0303e-06 -2.1941e-06 1.9639e-02 -2.5177e-06 -2.6774e-06 -2.8355e-06 -2.9920e-06 -3.1467e-06 -3.2996e-06 -3.4507e-06 -3.5997e-06 -3.7467e-06 -3.8916e-06 -4.0343e-06 -4.1747e-06 -4.3127e-06 -4.4483e-06 -4.5814e-06 -4.7119e-06 -4.8399e-06 -4.9651e-06 -5.0877e-06 -5.2074e-06 -5.3243e-06 -5.4383e-06 -5.5494e-06 -5.6575e-06 -5.7625e-06 -5.8645e-06 -5.9634e-06 -6.0592e-06 -6.1518e-06 -6.2412e-06 -6.3275e-06 -6.4104e-06 -6.4901e-06 -6.5666e-06 -6.6397e-06 -6.7096e-06 -6.7761e-06 -6.8393e-06 -6.8992e-06 -6.9558e-06 -7.0090e-06 -7.0590e-06 -7.1056e-06 -7.1489e-06 -7.1890e-06 -7.2257e-06 -7.2592e-06 -7.2895e-06 -7.3165e-06 -7.3404e-06 -7.3611e-06 -7.3786e-06 -7.3931e-06 -7.4044e-06 -7.4127e-06 -7.4180e-06 -7.4204e-06 -7.4198e-06 -7.4163e-06 -7.4099e-06 -7.4008e-06 -7.3889e-06 -7.3743e-06 -7.3570e-06 -7.3371e-06 -7.3147e-06 -7.2897e-06 -7.2623e-06 -7.2326e-06 -7.2004e-06 -7.1660e-06 -7.1294e-06 -7.0906e-06 -7.0496e-06 -7.0067e-06 -6.9617e-06 -6.9148e-06 -6.8661e-06 -6.8156e-06 -6.7633e-06 -6.7093e-06 -6.6537e-06 -6.5966e-06 -6.5380e-06 -6.4779e-06 -6.4165e-06 1.7159e-07 3.4307e-07 5.1435e-07 6.8532e-07 8.5588e-07 1.0259e-06 1.1954e-06 1.3641e-06 1.5320e-06 1.6990e-06 1.8650e-06 2.0299e-06 2.1936e-06 0.0000e+00 2.5170e-06 2.6765e-06 2.8344e-06 2.9907e-06 3.1452e-06 3.2979e-06 3.4487e-06 3.5975e-06 3.7442e-06 3.8887e-06 4.0310e-06 4.1710e-06 4.3086e-06 4.4437e-06 4.5763e-06 4.7064e-06 4.8338e-06 4.9585e-06 5.0804e-06 5.1995e-06 5.3158e-06 5.4291e-06 5.5395e-06 5.6468e-06 5.7511e-06 5.8523e-06 5.9504e-06 6.0453e-06 6.1370e-06 6.2255e-06 6.3108e-06 6.3927e-06 6.4714e-06 6.5469e-06 6.6189e-06 6.6877e-06 6.7531e-06 6.8152e-06 6.8740e-06 6.9294e-06 6.9814e-06 7.0301e-06 7.0755e-06 7.1176e-06 7.1564e-06 7.1919e-06 7.2241e-06 7.2530e-06 7.2788e-06 7.3013e-06 7.3206e-06 7.3368e-06 7.3499e-06 7.3599e-06 7.3669e-06 7.3708e-06 7.3718e-06 7.3698e-06 7.3649e-06 7.3572e-06 7.3467e-06 7.3335e-06 7.3175e-06 7.2989e-06 7.2777e-06 7.2540e-06 7.2277e-06 7.1990e-06 7.1680e-06 7.1346e-06 7.0989e-06 7.0610e-06 7.0210e-06 6.9789e-06 6.9348e-06 6.8887e-06 6.8407e-06 6.7909e-06 6.7393e-06 6.6860e-06 6.6310e-06 6.5744e-06 6.5163e-06 6.4568e-06 6.3959e-06 6.3336e-06
-1.8331e-07 -3.6651e-07 -5.4950e-07 -7.3216e-07 -9.1440e-07 -1.0961e-06 -1.2771e-06 -1.4574e-06 -1.6369e-06 -1.8154e-06 -1.9928e-06 -2.1691e-06 -2.3441e-06 -2.5177e-06 2.2545e-02 -2.8605e-06 -3.0294e-06 -3.1966e-06 -3.3620e-06 -3.5254e-06 -3.6869e-06 -3.8462e-06 -4.0033e-06 -4.1581e-06 -4.3106e-06 -4.4606e-06 -4.6082e-06 -4.7531e-06 -4.8954e-06 -5.0350e-06 -5.1718e-06 -5.3057e-06 -5.4367e-06 -5.5647e-06 -5.6898e-06 -5.8117e-06 -5.9305e-06 -6.0461e-06 -6.1585e-06 -6.2676e-06 -6.3735e-06 -6.4760e-06 -6.5751e-06 -6.6708e-06 -6.7631e-06 -6.8519e-06 -6.9373e-06 -7.0191e-06 -7.0975e-06 -7.1723e-06 -7.2436e-06 -7.3114e-06 -7.3756e-06 -7.4363e-06 -7.4934e-06 -7.5470e-06 -7.5970e-06 -7.6436e-06 -7.6866e-06 -7.7261e-06 -7.7622e-06 -7.7948e-06 -7.8239e-06 -7.8497e-06 -7.8720e-06 -7.8911e-06 -7.9067e-06 -7.9191e-06 -7.9283e-06 -7.9342e-06 -7.9370e-06 -7.9366e-06 -7.9332e-06 -7.9266e-06 -7.9171e-06 -7.9047e-06 -7.8894e-06 -7.8712e-06 -7.8502e-06 -7.8265e-06 -7.8001e-06 -7.7711e-06 -7.7395e-06 -7.7054e-06 -7.6689e-06 -7.6300e-06 -7.5888e-06 -7.5453e-06 -7.4997e-06 -7.4519e-06 -7.4020e-06 -7.3501e-06 -7.2964e-06 -7.2407e-06 -7.1832e-06 -7.1241e-06 -7.0632e-06 -7.0008e-06 -6.9368e-06 -6.8713e-06 1.8331e-07 3.6651e-07 5.4949e-07 7.3215e-07 9.1436e-07 1.0960e-06 1.2770e-06 1.4573e-06 1.6367e-06 1.8151e-06 1.9924e-06 2.1686e-06 2.3435e-06 2.5170e-06 0.0000e+00 2.8594e-06 3.0281e-06 3.1951e-06 3.3602e-06 3.5233e-06 3.6844e-06 3.8434e-06 4.0001e-06 4.1545e-06 4.3065e-06 4.4561e-06 4.6031e-06 4.7475e-06 4.8892e-06 5.0282e-06 5.1643e-06 5.2975e-06 5.4278e-06 5.5551e-06 5.6793e-06 5.8004e-06 5.9183e-06 6.0330e-06 6.1445e-06 6.2526e-06 6.3574e-06 6.4589e-06 6.5569e-06 6.6515e-06 6.7426e-06 6.8302e-06 6.9144e-06 6.9949e-06 7.0720e-06 7.1455e-06 7.2154e-06 7.2818e-06 7.3446e-06 7.4039e-06 7.4595e-06 7.5116e-06 7.5602e-06 7.6052e-06 7.6466e-06 7.6846e-06 7.7191e-06 7.7500e-06 7.7776e-06 7.8017e-06 7.8224e-06 7.8398e-06 7.8538e-06 7.8645e-06 7.8720e-06 7.8763e-06 7.8774e-06 7.8753e-06 7.8702e-06 7.8620e-06 7.8508e-06 7.8367e-06 7.8197e-06 7.7999e-06 7.7773e-06 7.7520e-06 7.7240e-06 7.6934e-06 7.6603e-06 7.6246e-06 7.5866e-06 7.5462e-06 7.5035e-06 7.4586e-06 7.4115e-06 7.3623e-06 7.3110e-06 7.2579e-06 7.2028e-06 7.1458e-06 7.0871e-06 7.0268e-06 6.9647e-06 6.9012e-06 6.8361e-06 6.7696e-06
-1.9493e-07 -3.8974e-07 -5.8432e-07 -7.7856e-07 -9.7234e-07 -1.1656e-06 -1.3581e-06 -1.5498e-06 -1.7407e-06 -1.9305e-06 -2.1192e-06 -2.3066e-06 -2.4927e-06 -2.6774e-06 -2.8605e-06 2.5651e-02 -3.2216e-06 -3.3995e-06 -3.5754e-06 -3.7492e-06 -3.9209e-06 -4.0904e-06 -4.2575e-06 -4.4222e-06 -4.5845e-06 -4.7441e-06 -4.9011e-06 -5.0553e-06 -5.2067e-06 -5.3553e-06 -5.5008e-06 -5.6434e-06 -5.7828e-06 -5.9191e-06 -6.0522e-06 -6.1820e-06 -6.3085e-06 -6.4316e-06 -6.5513e-06 -6.6675e-06 -6.7803e-06 -6.8895e-06 -6.9951e-06 -7.0970e-06 -7.1954e-06 -7.2901e-06 -7.3811e-06 -7.4683e-06 -7.5519e-06 -7.6317e-06 -7.7078e-06 -7.7801e-06 -7.8486e-06 -7.9134e-06 -7.9744e-06 -8.0317e-06 -8.0852e-06 -8.1349e-06 -8.1810e-06 -8.2233e-06 -8.2619e-06 -8.2969e-06 -8.3282e-06 -8.3559e-06 -8.3800e-06 -8.4005e-06 -8.4175e-06 -8.4310e-06 -8.4410e-06 -8.4476e-06 -8.4509e-06 -8.4508e-06 -8.4474e-06 -8.4408e-06 -8.4310e-06 -8.4181e-06 -8.4021e-06 -8.3830e-06 -8.3610e-06 -8.3361e-06 -8.3083e-06 -8.2778e-06 -8.2445e-06 -8.2085e-06 -8.1700e-06 -8.1289e-06 -8.0853e-06 -8.0394e-06 -7.9911e-06 -7.9405e-06 -7.8878e-06 -7.8329e-06 -7.7759e-06 -7.7170e-06 -7.6561e-06 -7.5934e-06 -7.5289e-06 -7.4627e-06 -7.3948e-06 -7.3254e-06 1.9493e-07 3.8973e-07 5.8431e-07 7.7854e-07 9.7230e-07 1.1655e-06 1.3580e-06 1.5497e-06 1.7404e-06 1.9301e-06 2.1187e-06 2.3060e-06 2.4920e-06 2.6765e-06 2.8594e-06 0.0000e+00 3.2201e-06 3.3976e-06 3.5732e-06 3.7467e-06 3.9180e-06 4.0870e-06 4.2537e-06 4.4179e-06 4.5796e-06 4.7386e-06 4.8950e-06 5.0486e-06 5.1993e-06 5.3470e-06 5.4918e-06 5.6335e-06 5.7721e-06 5.9075e-06 6.0396e-06 6.1684e-06 6.2938e-06 6.4158e-06 6.5343e-06 6.6494e-06 6.7609e-06 6.8688e-06 6.9730e-06 7.0737e-06 7.1706e-06 7.2638e-06 7.3533e-06 7.4391e-06 7.5211e-06 7.5993e-06 7.6737e-06 7.7443e-06 7.8112e-06 7.8742e-06 7.9334e-06 7.9889e-06 8.0406e-06 8.0885e-06 8.1326e-06 8.1731e-06 8.2098e-06 8.2428e-06 8.2721e-06 8.2978e-06 8.3199e-06 8.3384e-06 8.3534e-06 8.3649e-06 8.3729e-06 8.3775e-06 8.3787e-06 8.3766e-06 8.3712e-06 8.3625e-06 8.3507e-06 8.3358e-06 8.3178e-06 8.2968e-06 8.2728e-06 8.2459e-06 8.2162e-06 8.1837e-06 8.1486e-06 8.1107e-06 8.0703e-06 8.0274e-06 7.9821e-06 7.9343e-06 7.8843e-06 7.8321e-06 7.7776e-06 7.7211e-06 7.6626e-06 7.6021e-06 7.5397e-06 7.4756e-06 7.4097e-06 7.3421e-06 7.2729e-06 7.2023e-06
-2.0643e-07 -4.1273e-07 -6.1880e-07 -8.2450e-07 -1.0297e-06 -1.2343e-06 -1.4382e-06 -1.6413e-06 -1.8434e-06 -2.0444e-06 -2.2443e-06 -2.4428e-06 -2.6399e-06 -2.8355e-06 -3.0294e-06 -3.2216e-06 2.8957e-02 -3.6004e-06 -3.7867e-06 -3.9709e-06 -4.1528e-06 -4.3323e-06 -4.5094e-06 -4.6839e-06 -4.8558e-06 -5.0249e-06 -5.1913e-06 -5.3547e-06 -5.5152e-06 -5.6726e-06 -5.8269e-06 -5.9780e-06 -6.1258e-06 -6.2703e-06 -6.4114e-06 -6.5491e-06 -6.6832e-06 -6.8138e-06 -6.9407e-06 -7.0640e-06 -7.1836e-06 -7.2995e-06 -7.4115e-06 -7.5198e-06 -7.6241e-06 -7.7247e-06 -7.8213e-06 -7.9140e-06 -8.0027e-06 -8.0875e-06 -8.1683e-06 -8.2452e-06 -8.3181e-06 -8.3870e-06 -8.4519e-06 -8.5129e-06 -8.5698e-06 -8.6228e-06 -8.6719e-06 -8.7171e-06 -8.7583e-06 -8.7957e-06 -8.8291e-06 -8.8588e-06 -8.8846e-06 -8.9067e-06 -8.9250e-06 -8.9397e-06 -8.9507e-06 -8.9580e-06 -8.9618e-06 -8.9621e-06 -8.9588e-06 -8.9522e-06 -8.9422e-06 -8.9288e-06 -8.9122e-06 -8.8924e-06 -8.8694e-06 -8.8434e-06 -8.8143e-06 -8.7823e-06 -8.7473e-06 -8.7096e-06 -8.6691e-06 -8.6259e-06 -8.5801e-06 -8.5317e-06 -8.4808e-06 -8.4276e-06 -8.3720e-06 -8.3141e-06 -8.2541e-06 -8.1919e-06 -8.1277e-06 -8.0616e-06 -7.9935e-06 -7.9237e-06 -7.8520e-06 -7.7788e-06 2.0643e-07 4.1273e-07 6.1879e-07 8.2447e-07 1.0297e-06 1.2343e-06 1.4381e-06 1.6411e-06 1.8431e-06 2.0440e-06 2.2437e-06 2.4421e-06 2.6390e-06 2.8344e-06 3.0281e-06 3.2201e-06 0.0000e+00 3.5981e-06 3.7841e-06 3.9678e-06 4.1492e-06 4.3282e-06 4.5048e-06 4.6787e-06 4.8499e-06 5.0184e-06 5.1840e-06 5.3466e-06 5.5063e-06 5.6628e-06 5.8161e-06 5.9662e-06 6.1130e-06 6.2564e-06 6.3963e-06 6.5328e-06 6.6656e-06 6.7949e-06 6.9205e-06 7.0423e-06 7.1604e-06 7.2747e-06 7.3852e-06 7.4918e-06 7.5945e-06 7.6933e-06 7.7881e-06 7.8790e-06 7.9658e-06 8.0487e-06 8.1276e-06 8.2024e-06 8.2733e-06 8.3401e-06 8.4029e-06 8.4617e-06 8.5165e-06 8.5673e-06 8.6141e-06 8.6570e-06 8.6959e-06 8.7309e-06 8.7621e-06 8.7894e-06 8.8128e-06 8.8325e-06 8.8484e-06 8.8607e-06 8.8692e-06 8.8741e-06 8.8755e-06 8.8733e-06 8.8677e-06 8.8586e-06 8.8462e-06 8.8304e-06 8.8114e-06 8.7892e-06 8.7639e-06 8.7355e-06 8.7041e-06 8.6698e-06 8.6326e-06 8.5926e-06 8.5499e-06 8.5045e-06 8.4565e-06 8.4060e-06 8.3531e-06 8.2978e-06 8.2403e-06 8.1805e-06 8.1185e-06 8.0545e-06 7.9885e-06 7.9206e-06 7.8509e-06 7.7794e-06 7.7062e-06 7.6314e-06
