1.0199e-04 -2.4988e-07 -3.7463e-07 -4.9915e-07 -6.2338e-07 -7.4723e-07 -8.7064e-07 -9.9352e-07 -1.1158e-06 -1.2374e-06 -1.3583e-06 -1.4784e-06 -1.5976e-06 -1.7159e-06 -1.8331e-06 -1.9493e-06 -2.0643e-06 -2.1781e-06 -2.2906e-06 -2.4017e-06 -2.5115e-06 -2.6198e-06 -2.7266e-06 -2.8318e-06 -2.9354e-06 -3.0373e-06 -3.1374e-06 -3.2358e-06 -3.3323e-06 -3.4269e-06 -3.5196e-06 -3.6103e-06 -3.6990e-06 -3.7857e-06 -3.8702e-06 -3.9527e-06 -4.0329e-06 -4.1110e-06 -4.1868e-06 -4.2603e-06 -4.3316e-06 -4.4006e-06 -4.4673e-06 -4.5316e-06 -4.5935e-06 -4.6530e-06 -4.7102e-06 -4.7649e-06 -4.8172e-06 -4.8671e-06 -4.9146e-06 -4.9596e-06 -5.0022e-06 -5.0423e-06 -5.0800e-06 -5.1153e-06 -5.1481e-06 -5.1786e-06 -5.2066e-06 -5.2322e-06 -5.2554e-06 -5.2763e-06 -5.2948e-06 -5.3110e-06 -5.3248e-06 -5.3364e-06 -5.3457e-06 -5.3527e-06 -5.3575e-06 -5.3602e-06 -5.3606e-06 -5.3589e-06 -5.3552e-06 -5.3493e-06 -5.3414e-06 -5.3315e-06 -5.3197e-06 -5.3059e-06 -5.2902e-06 -5.2727e-06 -5.2533e-06 -5.2322e-06 -5.2094e-06 -5.1848e-06 -5.1586e-06 -5.1308e-06 -5.1015e-06 -5.0706e-06 -5.0383e-06 -5.0045e-06 -4.9693e-06 -4.9329e-06 -4.8951e-06 -4.8561e-06 -4.8158e-06 -4.7745e-06 -4.7320e-06 -4.6885e-06 -4.6439e-06 -4.5984e-06 0.0000e+00 2.4988e-07 3.7463e-07 4.9915e-07 6.2338e-07 7.4723e-07 8.7064e-07 9.9352e-07 1.1158e-06 1.2374e-06 1.3583e-06 1.4784e-06 1.5976e-06 1.7159e-06 1.8331e-06 1.9493e-06 2.0643e-06 2.1781e-06 2.2906e-06 2.4017e-06 2.5115e-06 2.6198e-06 2.7266e-06 2.8318e-06 2.9354e-06 3.0373e-06 3.1374e-06 3.2358e-06 3.3323e-06 3.4269e-06 3.5196e-06 3.6103e-06 3.6990e-06 3.7857e-06 3.8702e-06 3.9526e-06 4.0329e-06 4.1109e-06 4.1867e-06 4.2603e-06 4.3316e-06 4.4006e-06 4.4672e-06 4.5315e-06 4.5934e-06 4.6530e-06 4.7101e-06 4.7648e-06 4.8172e-06 4.8670e-06 4.9145e-06 4.9595e-06 5.0021e-06 5.0422e-06 5.0799e-06 5.1152e-06 5.1480e-06 5.1785e-06 5.2065e-06 5.2321e-06 5.2553e-06 5.2762e-06 5.2947e-06 5.3108e-06 5.3247e-06 5.3362e-06 5.3455e-06 5.3526e-06 5.3574e-06 5.3600e-06 5.3604e-06 5.3588e-06 5.3550e-06 5.3491e-06 5.3412e-06 5.3313e-06 5.3195e-06 5.3057e-06 5.2900e-06 5.2725e-06 5.2531e-06 5.2320e-06 5.2091e-06 5.1846e-06 5.1584e-06 5.1306e-06 5.1012e-06 5.0703e-06 5.0380e-06 5.0042e-06 4.9691e-06 4.9326e-06 4.8948e-06 4.8558e-06 4.8156e-06 4.7742e-06 4.7317e-06 4.6882e-06 4.6436e-06 4.5981e-06
-2.4988e-07 4.0796e-04 -7.4903e-07 -9.9800e-07 -1.2464e-06 -1.4940e-06 -1.7408e-06 -1.9865e-06 -2.2310e-06 -2.4741e-06 -2.7158e-06 -2.9559e-06 -3.1943e-06 -3.4307e-06 -3.6651e-06 -3.8974e-06 -4.1273e-06 -4.3548e-06 -4.5798e-06 -4.8021e-06 -5.0216e-06 -5.2381e-06 -5.4516e-06 -5.6620e-06 -5.8691e-06 -6.0728e-06 -6.2731e-06 -6.4697e-06 -6.6627e-06 -6.8519e-06 -7.0373e-06 -7.2187e-06 -7.3961e-06 -7.5693e-06 -7.7384e-06 -7.9032e-06 -8.0637e-06 -8.2198e-06 -8.3714e-06 -8.5185e-06 -8.6610e-06 -8.7990e-06 -8.9322e-06 -9.0608e-06 -9.1847e-06 -9.3038e-06 -9.4180e-06 -9.5275e-06 -9.6321e-06 -9.7319e-06 -9.8268e-06 -9.9169e-06 -1.0002e-05 -1.0082e-05 -1.0158e-05 -1.0228e-05 -1.0294e-05 -1.0355e-05 -1.0411e-05 -1.0462e-05 -1.0509e-05 -1.0550e-05 -1.0587e-05 -1.0620e-05 -1.0648e-05 -1.0671e-05 -1.0689e-05 -1.0703e-05 -1.0713e-05 -1.0718e-05 -1.0719e-05 -1.0716e-05 -1.0709e-05 -1.0697e-05 -1.0681e-05 -1.0661e-05 -1.0638e-05 -1.0610e-05 -1.0579e-05 -1.0544e-05 -1.0505e-05 -1.0463e-05 -1.0417e-05 -1.0368e-05 -1.0316e-05 -1.0260e-05 -1.0202e-05 -1.0140e-05 -1.0075e-05 -1.0008e-05 -9.9378e-06 -9.8648e-06 -9.7893e-06 -9.7113e-06 -9.6310e-06 -9.5483e-06 -9.4634e-06 -9.3764e-06 -9.2873e-06 -9.1964e-06 2.4988e-07 0.0000e+00 7.4903e-07 9.9800e-07 1.2464e-06 1.4940e-06 1.7408e-06 1.9864e-06 2.2310e-06 2.4741e-06 2.7158e-06 2.9559e-06 3.1943e-06 3.4307e-06 3.6651e-06 3.8973e-06 4.1273e-06 4.3548e-06 4.5798e-06 4.8020e-06 5.0215e-06 5.2381e-06 5.4516e-06 5.6619e-06 5.8690e-06 6.0727e-06 6.2730e-06 6.4696e-06 6.6626e-06 6.8518e-06 7.0371e-06 7.2185e-06 7.3959e-06 7.5691e-06 7.7381e-06 7.9029e-06 8.0634e-06 8.2194e-06 8.3710e-06 8.5181e-06 8.6606e-06 8.7986e-06 8.9318e-06 9.0604e-06 9.1842e-06 9.3032e-06 9.4175e-06 9.5269e-06 9.6315e-06 9.7313e-06 9.8262e-06 9.9162e-06 1.0001e-05 1.0082e-05 1.0157e-05 1.0227e-05 1.0293e-05 1.0354e-05 1.0410e-05 1.0461e-05 1.0508e-05 1.0549e-05 1.0586e-05 1.0619e-05 1.0646e-05 1.0670e-05 1.0688e-05 1.0702e-05 1.0712e-05 1.0717e-05 1.0718e-05 1.0715e-05 1.0707e-05 1.0695e-05 1.0680e-05 1.0660e-05 1.0636e-05 1.0608e-05 1.0577e-05 1.0542e-05 1.0503e-05 1.0461e-05 1.0415e-05 1.0366e-05 1.0314e-05 1.0258e-05 1.0200e-05 1.0138e-05 1.0073e-05 1.0006e-05 9.9356e-06 9.8626e-06 9.7871e-06 9.7091e-06 9.6286e-06 9.5459e-06 9.4610e-06 9.3740e-06 9.2849e-06 9.1939e-06
-3.7463e-07 -7.4903e-07 9.1790e-04 -1.4963e-06 -1.8686e-06 -2.2399e-06 -2.6098e-06 -2.9782e-06 -3.3448e-06 -3.7094e-06 -4.0718e-06 -4.4317e-06 -4.7891e-06 -5.1435e-06 -5.4950e-06 -5.8432e-06 -6.1880e-06 -6.5291e-06 -6.8664e-06 -7.1997e-06 -7.5287e-06 -7.8534e-06 -8.1736e-06 -8.4890e-06 -8.7995e-06 -9.1049e-06 -9.4052e-06 -9.7001e-06 -9.9895e-06 -1.0273e-05 -1.0551e-05 -1.0823e-05 -1.1089e-05 -1.1349e-05 -1.1602e-05 -1.1850e-05 -1.2090e-05 -1.2324e-05 -1.2552e-05 -1.2772e-05 -1.2986e-05 -1.3193e-05 -1.3393e-05 -1.3586e-05 -1.3771e-05 -1.3950e-05 -1.4121e-05 -1.4285e-05 -1.4442e-05 -1.4592e-05 -1.4734e-05 -1.4870e-05 -1.4997e-05 -1.5118e-05 -1.5231e-05 -1.5337e-05 -1.5435e-05 -1.5527e-05 -1.5611e-05 -1.5688e-05 -1.5758e-05 -1.5820e-05 -1.5876e-05 -1.5925e-05 -1.5966e-05 -1.6001e-05 -1.6029e-05 -1.6050e-05 -1.6065e-05 -1.6073e-05 -1.6074e-05 -1.6070e-05 -1.6058e-05 -1.6041e-05 -1.6017e-05 -1.5988e-05 -1.5953e-05 -1.5911e-05 -1.5865e-05 -1.5812e-05 -1.5754e-05 -1.5691e-05 -1.5623e-05 -1.5549e-05 -1.5471e-05 -1.5388e-05 -1.5300e-05 -1.5207e-05 -1.5111e-05 -1.5010e-05 -1.4904e-05 -1.4795e-05 -1.4682e-05 -1.4565e-05 -1.4445e-05 -1.4321e-05 -1.4194e-05 -1.4063e-05 -1.3930e-05 -1.3793e-05 3.7463e-07 7.4903e-07 0.0000e+00 1.4963e-06 1.8686e-06 2.2399e-06 2.6098e-06 2.9782e-06 3.3448e-06 3.7094e-06 4.0717e-06 4.4317e-06 4.7890e-06 5.1435e-06 5.4949e-06 5.8431e-06 6.1879e-06 6.5290e-06 6.8662e-06 7.1995e-06 7.5285e-06 7.8532e-06 8.1733e-06 8.4887e-06 8.7992e-06 9.1046e-06 9.4048e-06 9.6996e-06 9.9889e-06 1.0273e-05 1.0550e-05 1.0822e-05 1.1088e-05 1.1348e-05 1.1602e-05 1.1849e-05 1.2089e-05 1.2323e-05 1.2550e-05 1.2771e-05 1.2985e-05 1.3191e-05 1.3391e-05 1.3584e-05 1.3770e-05 1.3948e-05 1.4119e-05 1.4284e-05 1.4440e-05 1.4590e-05 1.4732e-05 1.4867e-05 1.4995e-05 1.5115e-05 1.5228e-05 1.5334e-05 1.5432e-05 1.5524e-05 1.5608e-05 1.5684e-05 1.5754e-05 1.5817e-05 1.5872e-05 1.5921e-05 1.5962e-05 1.5997e-05 1.6025e-05 1.6046e-05 1.6060e-05 1.6068e-05 1.6070e-05 1.6065e-05 1.6053e-05 1.6036e-05 1.6012e-05 1.5982e-05 1.5947e-05 1.5906e-05 1.5859e-05 1.5806e-05 1.5748e-05 1.5685e-05 1.5616e-05 1.5543e-05 1.5464e-05 1.5381e-05 1.5293e-05 1.5200e-05 1.5103e-05 1.5002e-05 1.4897e-05 1.4788e-05 1.4674e-05 1.4557e-05 1.4437e-05 1.4313e-05 1.4186e-05 1.4055e-05 1.3922e-05 1.3785e-05
-4.9915e-07 -9.9800e-07 -1.4963e-06 1.6318e-03 -2.4898e-06 -2.9845e-06 -3.4773e-06 -3.9682e-06 -4.4566e-06 -4.9424e-06 -5.4253e-06 -5.9049e-06 -6.3810e-06 -6.8533e-06 -7.3216e-06 -7.7856e-06 -8.2450e-06 -8.6995e-06 -9.1490e-06 -9.5930e-06 -1.0032e-05 -1.0464e-05 -1.0891e-05 -1.1311e-05 -1.1725e-05 -1.2132e-05 -1.2532e-05 -1.2925e-05 -1.3311e-05 -1.3689e-05 -1.4059e-05 -1.4422e-05 -1.4776e-05 -1.5122e-05 -1.5460e-05 -1.5789e-05 -1.6110e-05 -1.6422e-05 -1.6725e-05 -1.7019e-05 -1.7304e-05 -1.7580e-05 -1.7846e-05 -1.8103e-05 -1.8351e-05 -1.8589e-05 -1.8818e-05 -1.9037e-05 -1.9246e-05 -1.9445e-05 -1.9635e-05 -1.9815e-05 -1.9986e-05 -2.0146e-05 -2.0297e-05 -2.0439e-05 -2.0570e-05 -2.0692e-05 -2.0804e-05 -2.0907e-05 -2.1000e-05 -2.1084e-05 -2.1158e-05 -2.1223e-05 -2.1279e-05 -2.1325e-05 -2.1363e-05 -2.1391e-05 -2.1411e-05 -2.1422e-05 -2.1424e-05 -2.1418e-05 -2.1403e-05 -2.1380e-05 -2.1349e-05 -2.1310e-05 -2.1263e-05 -2.1208e-05 -2.1146e-05 -2.1076e-05 -2.0999e-05 -2.0915e-05 -2.0824e-05 -2.0726e-05 -2.0622e-05 -2.0512e-05 -2.0395e-05 -2.0272e-05 -2.0143e-05 -2.0008e-05 -1.9868e-05 -1.9723e-05 -1.9572e-05 -1.9417e-05 -1.9256e-05 -1.9091e-05 -1.8922e-05 -1.8748e-05 -1.8571e-05 -1.8389e-05 4.9915e-07 9.9800e-07 1.4963e-06 0.0000e+00 2.4898e-06 2.9844e-06 3.4773e-06 3.9681e-06 4.4566e-06 4.9423e-06 5.4252e-06 5.9048e-06 6.3809e-06 6.8532e-06 7.3215e-06 7.7854e-06 8.2447e-06 8.6992e-06 9.1486e-06 9.5926e-06 1.0031e-05 1.0464e-05 1.0890e-05 1.1310e-05 1.1724e-05 1.2131e-05 1.2531e-05 1.2924e-05 1.3309e-05 1.3687e-05 1.4058e-05 1.4420e-05 1.4774e-05 1.5120e-05 1.5458e-05 1.5787e-05 1.6108e-05 1.6420e-05 1.6722e-05 1.7016e-05 1.7301e-05 1.7577e-05 1.7843e-05 1.8100e-05 1.8347e-05 1.8585e-05 1.8813e-05 1.9032e-05 1.9241e-05 1.9440e-05 1.9630e-05 1.9810e-05 1.9980e-05 2.0140e-05 2.0291e-05 2.0432e-05 2.0563e-05 2.0685e-05 2.0796e-05 2.0899e-05 2.0992e-05 2.1075e-05 2.1149e-05 2.1214e-05 2.1269e-05 2.1315e-05 2.1352e-05 2.1381e-05 2.1400e-05 2.1410e-05 2.1412e-05 2.1406e-05 2.1391e-05 2.1367e-05 2.1336e-05 2.1296e-05 2.1249e-05 2.1194e-05 2.1132e-05 2.1062e-05 2.0984e-05 2.0900e-05 2.0809e-05 2.0711e-05 2.0606e-05 2.0495e-05 2.0378e-05 2.0255e-05 2.0126e-05 1.9991e-05 1.9851e-05 1.9705e-05 1.9554e-05 1.9398e-05 1.9238e-05 1.9072e-05 1.8903e-05 1.8729e-05 1.8551e-05 1.8369e-05
-6.2338e-07 -1.2464e-06 -1.8686e-06 -2.4898e-06 2.5497e-03 -3.7272e-06 -4.3428e-06 -4.9558e-06 -5.5658e-06 -6.1725e-06 -6.7755e-06 -7.3745e-06 -7.9692e-06 -8.5591e-06 -9.1440e-06 -9.7234e-06 -1.0297e-05 -1.0865e-05 -1.1426e-05 -1.1981e-05 -1.2529e-05 -1.3069e-05 -1.3602e-05 -1.4127e-05 -1.4644e-05 -1.5152e-05 -1.5652e-05 -1.6143e-05 -1.6624e-05 -1.7097e-05 -1.7559e-05 -1.8012e-05 -1.8455e-05 -1.8887e-05 -1.9310e-05 -1.9721e-05 -2.0122e-05 -2.0511e-05 -2.0890e-05 -2.1257e-05 -2.1614e-05 -2.1958e-05 -2.2291e-05 -2.2612e-05 -2.2922e-05 -2.3219e-05 -2.3505e-05 -2.3778e-05 -2.4040e-05 -2.4289e-05 -2.4527e-05 -2.4752e-05 -2.4965e-05 -2.5166e-05 -2.5355e-05 -2.5531e-05 -2.5696e-05 -2.5848e-05 -2.5989e-05 -2.6117e-05 -2.6234e-05 -2.6338e-05 -2.6432e-05 -2.6513e-05 -2.6583e-05 -2.6641e-05 -2.6688e-05 -2.6724e-05 -2.6749e-05 -2.6763e-05 -2.6766e-05 -2.6758e-05 -2.6740e-05 -2.6712e-05 -2.6673e-05 -2.6625e-05 -2.6566e-05 -2.6498e-05 -2.6421e-05 -2.6334e-05 -2.6238e-05 -2.6133e-05 -2.6020e-05 -2.5898e-05 -2.5768e-05 -2.5631e-05 -2.5485e-05 -2.5331e-05 -2.5171e-05 -2.5003e-05 -2.4828e-05 -2.4647e-05 -2.4459e-05 -2.4265e-05 -2.4065e-05 -2.3859e-05 -2.3648e-05 -2.3431e-05 -2.3209e-05 -2.2983e-05 6.2338e-07 1.2464e-06 1.8686e-06 2.4898e-06 0.0000e+00 3.7272e-06 4.3428e-06 4.9557e-06 5.5657e-06 6.1724e-06 6.7754e-06 7.3744e-06 7.9690e-06 8.5588e-06 9.1436e-06 9.7230e-06 1.0297e-05 1.0864e-05 1.1426e-05 1.1980e-05 1.2528e-05 1.3068e-05 1.3601e-05 1.4125e-05 1.4642e-05 1.5150e-05 1.5650e-05 1.6141e-05 1.6622e-05 1.7094e-05 1.7556e-05 1.8009e-05 1.8452e-05 1.8884e-05 1.9306e-05 1.9717e-05 2.0117e-05 2.0507e-05 2.0885e-05 2.1252e-05 2.1607e-05 2.1952e-05 2.2284e-05 2.2605e-05 2.2914e-05 2.3211e-05 2.3496e-05 2.3769e-05 2.4030e-05 2.4279e-05 2.4516e-05 2.4741e-05 2.4953e-05 2.5154e-05 2.5342e-05 2.5518e-05 2.5682e-05 2.5834e-05 2.5974e-05 2.6101e-05 2.6217e-05 2.6322e-05 2.6414e-05 2.6495e-05 2.6564e-05 2.6622e-05 2.6668e-05 2.6704e-05 2.6728e-05 2.6741e-05 2.6743e-05 2.6735e-05 2.6716e-05 2.6687e-05 2.6648e-05 2.6599e-05 2.6540e-05 2.6471e-05 2.6393e-05 2.6306e-05 2.6209e-05 2.6104e-05 2.5990e-05 2.5868e-05 2.5737e-05 2.5599e-05 2.5453e-05 2.5299e-05 2.5138e-05 2.4969e-05 2.4794e-05 2.4612e-05 2.4424e-05 2.4229e-05 2.4029e-05 2.3822e-05 2.3611e-05 2.3394e-05 2.3172e-05 2.2945e-05
-7.4723e-07 -1.4940e-06 -2.2399e-06 -2.9845e-06 -3.7272e-06 3.6716e-03 -5.2056e-06 -5.9404e-06 -6.6716e-06 -7.3989e-06 -8.1218e-06 -8.8398e-06 -9.5526e-06 -1.0260e-05 -1.0961e-05 -1.1656e-05 -1.2343e-05 -1.3024e-05 -1.3697e-05 -1.4362e-05 -1.5018e-05 -1.5666e-05 -1.6305e-05 -1.6934e-05 -1.7554e-05 -1.8164e-05 -1.8763e-05 -1.9351e-05 -1.9929e-05 -2.0495e-05 -2.1050e-05 -2.1593e-05 -2.2124e-05 -2.2642e-05 -2.3149e-05 -2.3642e-05 -2.4123e-05 -2.4590e-05 -2.5044e-05 -2.5485e-05 -2.5912e-05 -2.6325e-05 -2.6724e-05 -2.7110e-05 -2.7481e-05 -2.7838e-05 -2.8180e-05 -2.8509e-05 -2.8823e-05 -2.9122e-05 -2.9407e-05 -2.9677e-05 -2.9933e-05 -3.0174e-05 -3.0400e-05 -3.0613e-05 -3.0810e-05 -3.0993e-05 -3.1162e-05 -3.1316e-05 -3.1457e-05 -3.1583e-05 -3.1694e-05 -3.1792e-05 -3.1877e-05 -3.1947e-05 -3.2004e-05 -3.2047e-05 -3.2077e-05 -3.2094e-05 -3.2099e-05 -3.2090e-05 -3.2069e-05 -3.2035e-05 -3.1989e-05 -3.1931e-05 -3.1862e-05 -3.1780e-05 -3.1688e-05 -3.1584e-05 -3.1470e-05 -3.1345e-05 -3.1210e-05 -3.1064e-05 -3.0909e-05 -3.0744e-05 -3.0569e-05 -3.0386e-05 -3.0194e-05 -2.9993e-05 -2.9784e-05 -2.9567e-05 -2.9342e-05 -2.9109e-05 -2.8870e-05 -2.8624e-05 -2.8370e-05 -2.8111e-05 -2.7846e-05 -2.7574e-05 7.4723e-07 1.4940e-06 2.2399e-06 2.9844e-06 3.7272e-06 0.0000e+00 5.2056e-06 5.9403e-06 6.6715e-06 7.3987e-06 8.1215e-06 8.8395e-06 9.5523e-06 1.0259e-05 1.0960e-05 1.1655e-05 1.2343e-05 1.3023e-05 1.3696e-05 1.4360e-05 1.5017e-05 1.5664e-05 1.6303e-05 1.6932e-05 1.7551e-05 1.8161e-05 1.8759e-05 1.9348e-05 1.9925e-05 2.0491e-05 2.1045e-05 2.1588e-05 2.2118e-05 2.2636e-05 2.3142e-05 2.3635e-05 2.4115e-05 2.4581e-05 2.5035e-05 2.5475e-05 2.5901e-05 2.6314e-05 2.6712e-05 2.7097e-05 2.7467e-05 2.7824e-05 2.8166e-05 2.8493e-05 2.8806e-05 2.9104e-05 2.9388e-05 2.9658e-05 2.9913e-05 3.0153e-05 3.0378e-05 3.0590e-05 3.0786e-05 3.0968e-05 3.1136e-05 3.1289e-05 3.1428e-05 3.1553e-05 3.1664e-05 3.1761e-05 3.1844e-05 3.1914e-05 3.1969e-05 3.2012e-05 3.2041e-05 3.2057e-05 3.2060e-05 3.2050e-05 3.2028e-05 3.1993e-05 3.1946e-05 3.1887e-05 3.1816e-05 3.1734e-05 3.1641e-05 3.1536e-05 3.1421e-05 3.1294e-05 3.1158e-05 3.1011e-05 3.0855e-05 3.0689e-05 3.0514e-05 3.0329e-05 3.0136e-05 2.9935e-05 2.9725e-05 2.9507e-05 2.9281e-05 2.9048e-05 2.8808e-05 2.8560e-05 2.8307e-05 2.8046e-05 2.7780e-05 2.7508e-05
-8.7064e-07 -1.7408e-06 -2.6098e-06 -3.4773e-06 -4.3428e-06 -5.2056e-06 4.9974e-03 -6.9215e-06 -7.7735e-06 -8.6209e-06 -9.4632e-06 -1.0300e-05 -1.1130e-05 -1.1954e-05 -1.2771e-05 -1.3581e-05 -1.4382e-05 -1.5175e-05 -1.5960e-05 -1.6734e-05 -1.7499e-05 -1.8254e-05 -1.8999e-05 -1.9732e-05 -2.0454e-05 -2.1165e-05 -2.1863e-05 -2.2549e-05 -2.3222e-05 -2.3882e-05 -2.4529e-05 -2.5162e-05 -2.5781e-05 -2.6385e-05 -2.6975e-05 -2.7550e-05 -2.8111e-05 -2.8655e-05 -2.9185e-05 -2.9699e-05 -3.0197e-05 -3.0678e-05 -3.1144e-05 -3.1593e-05 -3.2026e-05 -3.2443e-05 -3.2842e-05 -3.3225e-05 -3.3591e-05 -3.3941e-05 -3.4273e-05 -3.4588e-05 -3.4887e-05 -3.5168e-05 -3.5433e-05 -3.5680e-05 -3.5911e-05 -3.6125e-05 -3.6322e-05 -3.6503e-05 -3.6666e-05 -3.6814e-05 -3.6945e-05 -3.7059e-05 -3.7158e-05 -3.7241e-05 -3.7307e-05 -3.7359e-05 -3.7394e-05 -3.7415e-05 -3.7420e-05 -3.7410e-05 -3.7386e-05 -3.7348e-05 -3.7295e-05 -3.7228e-05 -3.7147e-05 -3.7053e-05 -3.6946e-05 -3.6826e-05 -3.6693e-05 -3.6548e-05 -3.6391e-05 -3.6222e-05 -3.6041e-05 -3.5850e-05 -3.5647e-05 -3.5434e-05 -3.5210e-05 -3.4977e-05 -3.4734e-05 -3.4481e-05 -3.4220e-05 -3.3949e-05 -3.3671e-05 -3.3384e-05 -3.3090e-05 -3.2788e-05 -3.2479e-05 -3.2163e-05 8.7064e-07 1.7408e-06 2.6098e-06 3.4773e-06 4.3428e-06 5.2056e-06 0.0000e+00 6.9214e-06 7.7733e-06 8.6207e-06 9.4629e-06 1.0299e-05 1.1130e-05 1.1954e-05 1.2770e-05 1.3580e-05 1.4381e-05 1.5174e-05 1.5958e-05 1.6732e-05 1.7497e-05 1.8252e-05 1.8996e-05 1.9729e-05 2.0450e-05 2.1160e-05 2.1858e-05 2.2543e-05 2.3216e-05 2.3875e-05 2.4521e-05 2.5153e-05 2.5771e-05 2.6375e-05 2.6964e-05 2.7539e-05 2.8098e-05 2.8642e-05 2.9170e-05 2.9683e-05 3.0180e-05 3.0661e-05 3.1125e-05 3.1573e-05 3.2005e-05 3.2420e-05 3.2819e-05 3.3200e-05 3.3565e-05 3.3913e-05 3.4244e-05 3.4558e-05 3.4855e-05 3.5135e-05 3.5398e-05 3.5644e-05 3.5873e-05 3.6085e-05 3.6281e-05 3.6460e-05 3.6622e-05 3.6768e-05 3.6897e-05 3.7010e-05 3.7107e-05 3.7188e-05 3.7253e-05 3.7302e-05 3.7336e-05 3.7355e-05 3.7358e-05 3.7347e-05 3.7321e-05 3.7281e-05 3.7226e-05 3.7158e-05 3.7076e-05 3.6980e-05 3.6871e-05 3.6749e-05 3.6615e-05 3.6468e-05 3.6309e-05 3.6139e-05 3.5956e-05 3.5763e-05 3.5559e-05 3.5344e-05 3.5119e-05 3.4884e-05 3.4640e-05 3.4386e-05 3.4123e-05 3.3852e-05 3.3572e-05 3.3284e-05 3.2988e-05 3.2685e-05 3.2375e-05 3.2058e-05
-9.9352e-07 -1.9865e-06 -2.9782e-06 -3.9682e-06 -4.9558e-06 -5.9404e-06 -6.9215e-06 6.5272e-03 -8.8708e-06 -9.8379e-06 -1.0799e-05 -1.1754e-05 -1.2702e-05 -1.3642e-05 -1.4574e-05 -1.5498e-05 -1.6413e-05 -1.7318e-05 -1.8213e-05 -1.9097e-05 -1.9971e-05 -2.0832e-05 -2.1682e-05 -2.2519e-05 -2.3343e-05 -2.4154e-05 -2.4951e-05 -2.5734e-05 -2.6503e-05 -2.7256e-05 -2.7994e-05 -2.8717e-05 -2.9423e-05 -3.0114e-05 -3.0787e-05 -3.1444e-05 -3.2084e-05 -3.2706e-05 -3.3311e-05 -3.3897e-05 -3.4466e-05 -3.5016e-05 -3.5548e-05 -3.6061e-05 -3.6556e-05 -3.7032e-05 -3.7488e-05 -3.7926e-05 -3.8344e-05 -3.8743e-05 -3.9123e-05 -3.9484e-05 -3.9825e-05 -4.0147e-05 -4.0449e-05 -4.0732e-05 -4.0996e-05 -4.1241e-05 -4.1467e-05 -4.1673e-05 -4.1861e-05 -4.2030e-05 -4.2180e-05 -4.2312e-05 -4.2425e-05 -4.2520e-05 -4.2597e-05 -4.2656e-05 -4.2698e-05 -4.2722e-05 -4.2729e-05 -4.2718e-05 -4.2691e-05 -4.2648e-05 -4.2589e-05 -4.2513e-05 -4.2422e-05 -4.2315e-05 -4.2194e-05 -4.2057e-05 -4.1907e-05 -4.1742e-05 -4.1563e-05 -4.1371e-05 -4.1166e-05 -4.0947e-05 -4.0717e-05 -4.0474e-05 -4.0220e-05 -3.9954e-05 -3.9677e-05 -3.9389e-05 -3.9092e-05 -3.8784e-05 -3.8466e-05 -3.8140e-05 -3.7804e-05 -3.7460e-05 -3.7108e-05 -3.6748e-05 9.9352e-07 1.9864e-06 2.9782e-06 3.9681e-06 4.9557e-06 5.9403e-06 6.9214e-06 0.0000e+00 8.8705e-06 9.8374e-06 1.0799e-05 1.1753e-05 1.2701e-05 1.3641e-05 1.4573e-05 1.5497e-05 1.6411e-05 1.7316e-05 1.8210e-05 1.9094e-05 1.9967e-05 2.0828e-05 2.1677e-05 2.2514e-05 2.3337e-05 2.4147e-05 2.4944e-05 2.5726e-05 2.6493e-05 2.7246e-05 2.7983e-05 2.8704e-05 2.9410e-05 3.0099e-05 3.0771e-05 3.1427e-05 3.2065e-05 3.2686e-05 3.3289e-05 3.3874e-05 3.4441e-05 3.4990e-05 3.5520e-05 3.6032e-05 3.6524e-05 3.6998e-05 3.7453e-05 3.7888e-05 3.8305e-05 3.8702e-05 3.9080e-05 3.9438e-05 3.9777e-05 4.0097e-05 4.0397e-05 4.0678e-05 4.0940e-05 4.1182e-05 4.1405e-05 4.1610e-05 4.1795e-05 4.1961e-05 4.2109e-05 4.2238e-05 4.2349e-05 4.2441e-05 4.2516e-05 4.2572e-05 4.2611e-05 4.2633e-05 4.2637e-05 4.2624e-05 4.2595e-05 4.2549e-05 4.2487e-05 4.2409e-05 4.2315e-05 4.2206e-05 4.2082e-05 4.1943e-05 4.1790e-05 4.1622e-05 4.1441e-05 4.1247e-05 4.1039e-05 4.0819e-05 4.0586e-05 4.0341e-05 4.0084e-05 3.9816e-05 3.9537e-05 3.9248e-05 3.8948e-05 3.8638e-05 3.8319e-05 3.7990e-05 3.7653e-05 3.7307e-05 3.6954e-05 3.6592e-05
-1.1158e-06 -2.2310e-06 -3.3448e-06 -4.4566e-06 -5.5658e-06 -6.6716e-06 -7.7735e-06 -8.8708e-06 8.2609e-03 -1.1049e-05 -1.2129e-05 -1.3201e-05 -1.4266e-05 -1.5322e-05 -1.6369e-05 -1.7407e-05 -1.8434e-05 -1.9451e-05 -2.0456e-05 -2.1449e-05 -2.2430e-05 -2.3398e-05 -2.4352e-05 -2.5293e-05 -2.6219e-05 -2.7130e-05 -2.8025e-05 -2.8905e-05 -2.9768e-05 -3.0615e-05 -3.1444e-05 -3.2256e-05 -3.3050e-05 -3.3826e-05 -3.4583e-05 -3.5321e-05 -3.6040e-05 -3.6739e-05 -3.7419e-05 -3.8078e-05 -3.8717e-05 -3.9336e-05 -3.9934e-05 -4.0511e-05 -4.1067e-05 -4.1602e-05 -4.2116e-05 -4.2608e-05 -4.3078e-05 -4.3527e-05 -4.3955e-05 -4.4361e-05 -4.4745e-05 -4.5107e-05 -4.5447e-05 -4.5766e-05 -4.6064e-05 -4.6340e-05 -4.6594e-05 -4.6827e-05 -4.7039e-05 -4.7229e-05 -4.7399e-05 -4.7547e-05 -4.7676e-05 -4.7783e-05 -4.7871e-05 -4.7938e-05 -4.7986e-05 -4.8014e-05 -4.8022e-05 -4.8012e-05 -4.7982e-05 -4.7935e-05 -4.7869e-05 -4.7785e-05 -4.7684e-05 -4.7565e-05 -4.7429e-05 -4.7277e-05 -4.7109e-05 -4.6924e-05 -4.6724e-05 -4.6510e-05 -4.6280e-05 -4.6036e-05 -4.5778e-05 -4.5506e-05 -4.5221e-05 -4.4923e-05 -4.4613e-05 -4.4291e-05 -4.3957e-05 -4.3612e-05 -4.3256e-05 -4.2890e-05 -4.2514e-05 -4.2128e-05 -4.1734e-05 -4.1330e-05 1.1158e-06 2.2310e-06 3.3448e-06 4.4566e-06 5.5657e-06 6.6715e-06 7.7733e-06 8.8705e-06 0.0000e+00 1.1048e-05 1.2128e-05 1.3200e-05 1.4264e-05 1.5320e-05 1.6367e-05 1.7404e-05 1.8431e-05 1.9447e-05 2.0452e-05 2.1445e-05 2.2425e-05 2.3392e-05 2.4346e-05 2.5285e-05 2.6210e-05 2.7120e-05 2.8014e-05 2.8893e-05 2.9755e-05 3.0600e-05 3.1428e-05 3.2238e-05 3.3031e-05 3.3805e-05 3.4560e-05 3.5296e-05 3.6013e-05 3.6711e-05 3.7388e-05 3.8045e-05 3.8682e-05 3.9299e-05 3.9894e-05 4.0469e-05 4.1022e-05 4.1555e-05 4.2066e-05 4.2555e-05 4.3023e-05 4.3469e-05 4.3893e-05 4.4296e-05 4.4677e-05 4.5036e-05 4.5373e-05 4.5689e-05 4.5983e-05 4.6255e-05 4.6506e-05 4.6736e-05 4.6944e-05 4.7131e-05 4.7297e-05 4.7443e-05 4.7567e-05 4.7671e-05 4.7755e-05 4.7819e-05 4.7862e-05 4.7887e-05 4.7892e-05 4.7878e-05 4.7845e-05 4.7793e-05 4.7724e-05 4.7636e-05 4.7531e-05 4.7409e-05 4.7270e-05 4.7114e-05 4.6942e-05 4.6754e-05 4.6551e-05 4.6333e-05 4.6100e-05 4.5852e-05 4.5591e-05 4.5316e-05 4.5028e-05 4.4727e-05 4.4414e-05 4.4089e-05 4.3753e-05 4.3405e-05 4.3046e-05 4.2678e-05 4.2299e-05 4.1911e-05 4.1514e-05 4.1108e-05
-1.2374e-06 -2.4741e-06 -3.7094e-06 -4.9424e-06 -6.1725e-06 -7.3989e-06 -8.6209e-06 -9.8379e-06 -1.1049e-05 1.0199e-02 -1.3451e-05 -1.4640e-05 -1.5821e-05 -1.6992e-05 -1.8154e-05 -1.9305e-05 -2.0444e-05 -2.1572e-05 -2.2687e-05 -2.3789e-05 -2.4877e-05 -2.5950e-05 -2.7009e-05 -2.8052e-05 -2.9080e-05 -3.0090e-05 -3.1084e-05 -3.2060e-05 -3.3018e-05 -3.3957e-05 -3.4877e-05 -3.5778e-05 -3.6659e-05 -3.7520e-05 -3.8360e-05 -3.9179e-05 -3.9977e-05 -4.0753e-05 -4.1507e-05 -4.2240e-05 -4.2949e-05 -4.3636e-05 -4.4300e-05 -4.4941e-05 -4.5558e-05 -4.6152e-05 -4.6723e-05 -4.7269e-05 -4.7792e-05 -4.8291e-05 -4.8766e-05 -4.9217e-05 -4.9644e-05 -5.0047e-05 -5.0425e-05 -5.0780e-05 -5.1111e-05 -5.1418e-05 -5.1701e-05 -5.1961e-05 -5.2197e-05 -5.2409e-05 -5.2598e-05 -5.2764e-05 -5.2908e-05 -5.3028e-05 -5.3126e-05 -5.3202e-05 -5.3256e-05 -5.3288e-05 -5.3299e-05 -5.3289e-05 -5.3258e-05 -5.3206e-05 -5.3134e-05 -5.3042e-05 -5.2931e-05 -5.2800e-05 -5.2651e-05 -5.2483e-05 -5.2298e-05 -5.2094e-05 -5.1874e-05 -5.1637e-05 -5.1383e-05 -5.1113e-05 -5.0828e-05 -5.0528e-05 -5.0213e-05 -4.9884e-05 -4.9541e-05 -4.9184e-05 -4.8815e-05 -4.8433e-05 -4.8040e-05 -4.7634e-05 -4.7218e-05 -4.6791e-05 -4.6354e-05 -4.5908e-05 1.2374e-06 2.4741e-06 3.7094e-06 4.9423e-06 6.1724e-06 7.3987e-06 8.6207e-06 9.8374e-06 1.1048e-05 0.0000e+00 1.3450e-05 1.4639e-05 1.5819e-05 1.6990e-05 1.8151e-05 1.9301e-05 2.0440e-05 2.1567e-05 2.2681e-05 2.3782e-05 2.4869e-05 2.5942e-05 2.7000e-05 2.8042e-05 2.9068e-05 3.0077e-05 3.1069e-05 3.2043e-05 3.2999e-05 3.3936e-05 3.4855e-05 3.5754e-05 3.6632e-05 3.7491e-05 3.8329e-05 3.9145e-05 3.9940e-05 4.0714e-05 4.1465e-05 4.2194e-05 4.2901e-05 4.3585e-05 4.4245e-05 4.4883e-05 4.5497e-05 4.6087e-05 4.6654e-05 4.7197e-05 4.7716e-05 4.8211e-05 4.8682e-05 4.9128e-05 4.9551e-05 4.9950e-05 5.0324e-05 5.0674e-05 5.1001e-05 5.1303e-05 5.1581e-05 5.1836e-05 5.2067e-05 5.2275e-05 5.2459e-05 5.2621e-05 5.2759e-05 5.2875e-05 5.2968e-05 5.3039e-05 5.3088e-05 5.3115e-05 5.3121e-05 5.3105e-05 5.3069e-05 5.3012e-05 5.2935e-05 5.2838e-05 5.2722e-05 5.2587e-05 5.2433e-05 5.2260e-05 5.2070e-05 5.1862e-05 5.1637e-05 5.1395e-05 5.1137e-05 5.0862e-05 5.0573e-05 5.0268e-05 4.9949e-05 4.9615e-05 4.9268e-05 4.8908e-05 4.8535e-05 4.8149e-05 4.7752e-05 4.7343e-05 4.6924e-05 4.6493e-05 4.6053e-05 4.5603e-05
-1.3583e-06 -2.7158e-06 -4.0718e-06 -5.4253e-06 -6.7755e-06 -8.1218e-06 -9.4632e-06 -1.0799e-05 -1.2129e-05 -1.3451e-05 1.2340e-02 -1.6071e-05 -1.7367e-05 -1.8653e-05 -1.9928e-05 -2.1192e-05 -2.2443e-05 -2.3681e-05 -2.4905e-05 -2.6114e-05 -2.7309e-05 -2.8488e-05 -2.9651e-05 -3.0796e-05 -3.1924e-05 -3.3034e-05 -3.4125e-05 -3.5197e-05 -3.6248e-05 -3.7280e-05 -3.8291e-05 -3.9280e-05 -4.0248e-05 -4.1193e-05 -4.2116e-05 -4.3016e-05 -4.3893e-05 -4.4746e-05 -4.5575e-05 -4.6379e-05 -4.7159e-05 -4.7914e-05 -4.8643e-05 -4.9348e-05 -5.0027e-05 -5.0680e-05 -5.1307e-05 -5.1908e-05 -5.2483e-05 -5.3032e-05 -5.3555e-05 -5.4051e-05 -5.4520e-05 -5.4964e-05 -5.5381e-05 -5.5772e-05 -5.6136e-05 -5.6474e-05 -5.6786e-05 -5.7073e-05 -5.7333e-05 -5.7568e-05 -5.7777e-05 -5.7961e-05 -5.8119e-05 -5.8253e-05 -5.8362e-05 -5.8447e-05 -5.8508e-05 -5.8544e-05 -5.8558e-05 -5.8548e-05 -5.8515e-05 -5.8459e-05 -5.8382e-05 -5.8283e-05 -5.8162e-05 -5.8020e-05 -5.7858e-05 -5.7675e-05 -5.7473e-05 -5.7251e-05 -5.7010e-05 -5.6751e-05 -5.6474e-05 -5.6179e-05 -5.5867e-05 -5.5539e-05 -5.5194e-05 -5.4834e-05 -5.4459e-05 -5.4069e-05 -5.3665e-05 -5.3247e-05 -5.2816e-05 -5.2372e-05 -5.1916e-05 -5.1449e-05 -5.0970e-05 -5.0480e-05 1.3583e-06 2.7158e-06 4.0717e-06 5.4252e-06 6.7754e-06 8.1215e-06 9.4629e-06 1.0799e-05 1.2128e-05 1.3450e-05 0.0000e+00 1.6069e-05 1.7365e-05 1.8650e-05 1.9924e-05 2.1187e-05 2.2437e-05 2.3674e-05 2.4897e-05 2.6106e-05 2.7299e-05 2.8477e-05 2.9638e-05 3.0782e-05 3.1908e-05 3.3016e-05 3.4105e-05 3.5174e-05 3.6224e-05 3.7253e-05 3.8261e-05 3.9248e-05 4.0213e-05 4.1155e-05 4.2075e-05 4.2971e-05 4.3844e-05 4.4694e-05 4.5519e-05 4.6319e-05 4.7095e-05 4.7846e-05 4.8571e-05 4.9271e-05 4.9945e-05 5.0593e-05 5.1216e-05 5.1812e-05 5.2382e-05 5.2925e-05 5.3442e-05 5.3933e-05 5.4397e-05 5.4835e-05 5.5246e-05 5.5631e-05 5.5989e-05 5.6321e-05 5.6627e-05 5.6907e-05 5.7161e-05 5.7390e-05 5.7592e-05 5.7770e-05 5.7922e-05 5.8049e-05 5.8151e-05 5.8230e-05 5.8284e-05 5.8314e-05 5.8320e-05 5.8304e-05 5.8264e-05 5.8202e-05 5.8118e-05 5.8012e-05 5.7885e-05 5.7736e-05 5.7568e-05 5.7379e-05 5.7170e-05 5.6942e-05 5.6695e-05 5.6430e-05 5.6146e-05 5.5846e-05 5.5528e-05 5.5194e-05 5.4844e-05 5.4478e-05 5.4097e-05 5.3702e-05 5.3293e-05 5.2870e-05 5.2434e-05 5.1985e-05 5.1525e-05 5.1053e-05 5.0570e-05 5.0076e-05
-1.4784e-06 -2.9559e-06 -4.4317e-06 -5.9049e-06 -7.3745e-06 -8.8398e-06 -1.0300e-05 -1.1754e-05 -1.3201e-05 -1.4640e-05 -1.6071e-05 1.4686e-02 -1.8903e-05 -2.0303e-05 -2.1691e-05 -2.3066e-05 -2.4428e-05 -2.5776e-05 -2.7108e-05 -2.8425e-05 -2.9726e-05 -3.1009e-05 -3.2275e-05 -3.3522e-05 -3.4750e-05 -3.5959e-05 -3.7147e-05 -3.8314e-05 -3.9459e-05 -4.0583e-05 -4.1683e-05 -4.2761e-05 -4.3815e-05 -4.4845e-05 -4.5850e-05 -4.6831e-05 -4.7786e-05 -4.8715e-05 -4.9618e-05 -5.0494e-05 -5.1344e-05 -5.2167e-05 -5.2962e-05 -5.3730e-05 -5.4470e-05 -5.5182e-05 -5.5866e-05 -5.6522e-05 -5.7149e-05 -5.7748e-05 -5.8318e-05 -5.8859e-05 -5.9372e-05 -5.9856e-05 -6.0312e-05 -6.0738e-05 -6.1137e-05 -6.1506e-05 -6.1848e-05 -6.2161e-05 -6.2446e-05 -6.2703e-05 -6.2932e-05 -6.3134e-05 -6.3308e-05 -6.3456e-05 -6.3576e-05 -6.3670e-05 -6.3738e-05 -6.3779e-05 -6.3796e-05 -6.3787e-05 -6.3753e-05 -6.3694e-05 -6.3611e-05 -6.3505e-05 -6.3375e-05 -6.3223e-05 -6.3047e-05 -6.2850e-05 -6.2632e-05 -6.2392e-05 -6.2132e-05 -6.1851e-05 -6.1551e-05 -6.1232e-05 -6.0894e-05 -6.0538e-05 -6.0165e-05 -5.9774e-05 -5.9367e-05 -5.8944e-05 -5.8505e-05 -5.8052e-05 -5.7584e-05 -5.7102e-05 -5.6607e-05 -5.6099e-05 -5.5579e-05 -5.5048e-05 1.4784e-06 2.9559e-06 4.4317e-06 5.9048e-06 7.3744e-06 8.8395e-06 1.0299e-05 1.1753e-05 1.3200e-05 1.4639e-05 1.6069e-05 0.0000e+00 1.8900e-05 2.0299e-05 2.1686e-05 2.3060e-05 2.4421e-05 2.5768e-05 2.7099e-05 2.8414e-05 2.9713e-05 3.0995e-05 3.2259e-05 3.3504e-05 3.4730e-05 3.5935e-05 3.7121e-05 3.8285e-05 3.9427e-05 4.0548e-05 4.1645e-05 4.2719e-05 4.3769e-05 4.4795e-05 4.5796e-05 4.6772e-05 4.7723e-05 4.8647e-05 4.9546e-05 5.0417e-05 5.1262e-05 5.2079e-05 5.2869e-05 5.3631e-05 5.4365e-05 5.5071e-05 5.5748e-05 5.6397e-05 5.7018e-05 5.7610e-05 5.8173e-05 5.8707e-05 5.9212e-05 5.9689e-05 6.0137e-05 6.0556e-05 6.0946e-05 6.1308e-05 6.1642e-05 6.1947e-05 6.2223e-05 6.2472e-05 6.2693e-05 6.2886e-05 6.3052e-05 6.3191e-05 6.3303e-05 6.3388e-05 6.3448e-05 6.3481e-05 6.3488e-05 6.3470e-05 6.3428e-05 6.3361e-05 6.3269e-05 6.3155e-05 6.3016e-05 6.2855e-05 6.2672e-05 6.2466e-05 6.2239e-05 6.1992e-05 6.1723e-05 6.1435e-05 6.1127e-05 6.0800e-05 6.0454e-05 6.0091e-05 5.9710e-05 5.9312e-05 5.8898e-05 5.8468e-05 5.8023e-05 5.7563e-05 5.7089e-05 5.6601e-05 5.6100e-05 5.5586e-05 5.5061e-05 5.4524e-05
-1.5976e-06 -3.1943e-06 -4.7891e-06 -6.3810e-06 -7.9692e-06 -9.5526e-06 -1.1130e-05 -1.2702e-05 -1.4266e-05 -1.5821e-05 -1.7367e-05 -1.8903e-05 1.7235e-02 -2.1941e-05 -2.3441e-05 -2.4927e-05 -2.6399e-05 -2.7856e-05 -2.9296e-05 -3.0720e-05 -3.2126e-05 -3.3513e-05 -3.4881e-05 -3.6229e-05 -3.7557e-05 -3.8864e-05 -4.0148e-05 -4.1410e-05 -4.2648e-05 -4.3863e-05 -4.5053e-05 -4.6219e-05 -4.7359e-05 -4.8472e-05 -4.9560e-05 -5.0620e-05 -5.1653e-05 -5.2658e-05 -5.3635e-05 -5.4584e-05 -5.5503e-05 -5.6394e-05 -5.7255e-05 -5.8086e-05 -5.8887e-05 -5.9658e-05 -6.0398e-05 -6.1109e-05 -6.1788e-05 -6.2436e-05 -6.3054e-05 -6.3641e-05 -6.4197e-05 -6.4722e-05 -6.5215e-05 -6.5678e-05 -6.6111e-05 -6.6512e-05 -6.6883e-05 -6.7223e-05 -6.7533e-05 -6.7813e-05 -6.8062e-05 -6.8282e-05 -6.8473e-05 -6.8634e-05 -6.8766e-05 -6.8870e-05 -6.8945e-05 -6.8992e-05 -6.9012e-05 -6.9004e-05 -6.8969e-05 -6.8908e-05 -6.8821e-05 -6.8708e-05 -6.8569e-05 -6.8406e-05 -6.8219e-05 -6.8008e-05 -6.7774e-05 -6.7517e-05 -6.7237e-05 -6.6936e-05 -6.6614e-05 -6.6270e-05 -6.5907e-05 -6.5524e-05 -6.5122e-05 -6.4702e-05 -6.4264e-05 -6.3808e-05 -6.3336e-05 -6.2847e-05 -6.2343e-05 -6.1824e-05 -6.1291e-05 -6.0743e-05 -6.0183e-05 -5.9609e-05 1.5976e-06 3.1943e-06 4.7890e-06 6.3809e-06 7.9690e-06 9.5523e-06 1.1130e-05 1.2701e-05 1.4264e-05 1.5819e-05 1.7365e-05 1.8900e-05 0.0000e+00 2.1936e-05 2.3435e-05 2.4920e-05 2.6390e-05 2.7845e-05 2.9284e-05 3.0706e-05 3.2110e-05 3.3495e-05 3.4860e-05 3.6206e-05 3.7531e-05 3.8834e-05 4.0115e-05 4.1373e-05 4.2608e-05 4.3819e-05 4.5005e-05 4.6165e-05 4.7301e-05 4.8409e-05 4.9491e-05 5.0546e-05 5.1574e-05 5.2573e-05 5.3544e-05 5.4486e-05 5.5399e-05 5.6282e-05 5.7136e-05 5.7959e-05 5.8753e-05 5.9516e-05 6.0248e-05 6.0950e-05 6.1621e-05 6.2261e-05 6.2870e-05 6.3448e-05 6.3994e-05 6.4510e-05 6.4994e-05 6.5447e-05 6.5869e-05 6.6261e-05 6.6621e-05 6.6951e-05 6.7251e-05 6.7520e-05 6.7759e-05 6.7968e-05 6.8148e-05 6.8299e-05 6.8420e-05 6.8513e-05 6.8577e-05 6.8613e-05 6.8622e-05 6.8603e-05 6.8557e-05 6.8485e-05 6.8387e-05 6.8263e-05 6.8114e-05 6.7940e-05 6.7742e-05 6.7521e-05 6.7276e-05 6.7009e-05 6.6719e-05 6.6408e-05 6.6075e-05 6.5722e-05 6.5349e-05 6.4957e-05 6.4546e-05 6.4116e-05 6.3669e-05 6.3205e-05 6.2724e-05 6.2227e-05 6.1715e-05 6.1188e-05 6.0647e-05 6.0092e-05 5.9524e-05 5.8944e-05
-1.7159e-06 -3.4307e-06 -5.1435e-06 -6.8533e-06 -8.5591e-06 -1.0260e-05 -1.1954e-05 -1.3642e-05 -1.5322e-05 -1.6992e-05 -1.8653e-05 -2.0303e-05 -2.1941e-05 1.9989e-02 -2.5177e-05 -2.6774e-05 -2.8355e-05 -2.9920e-05 -3.1467e-05 -3.2996e-05 -3.4507e-05 -3.5997e-05 -3.7467e-05 -3.8916e-05 -4.0343e-05 -4.1747e-05 -4.3127e-05 -4.4483e-05 -4.5814e-05 -4.7119e-05 -4.8399e-05 -4.9651e-05 -5.0877e-05 -5.2074e-05 -5.3243e-05 -5.4383e-05 -5.5494e-05 -5.6575e-05 -5.7625e-05 -5.8645e-05 -5.9634e-05 -6.0592e-05 -6.1518e-05 -6.2412e-05 -6.3275e-05 -6.4104e-05 -6.4901e-05 -6.5666e-05 -6.6397e-05 -6.7096e-05 -6.7761e-05 -6.8393e-05 -6.8992e-05 -6.9558e-05 -7.0090e-05 -7.0590e-05 -7.1056e-05 -7.1489e-05 -7.1890e-05 -7.2257e-05 -7.2592e-05 -7.2895e-05 -7.3165e-05 -7.3404e-05 -7.3611e-05 -7.3786e-05 -7.3931e-05 -7.4044e-05 -7.4127e-05 -7.4180e-05 -7.4204e-05 -7.4198e-05 -7.4163e-05 -7.4099e-05 -7.4008e-05 -7.3889e-05 -7.3743e-05 -7.3570e-05 -7.3371e-05 -7.3147e-05 -7.2897e-05 -7.2623e-05 -7.2326e-05 -7.2004e-05 -7.1660e-05 -7.1294e-05 -7.0906e-05 -7.0496e-05 -7.0067e-05 -6.9617e-05 -6.9148e-05 -6.8661e-05 -6.8156e-05 -6.7633e-05 -6.7093e-05 -6.6537e-05 -6.5966e-05 -6.5380e-05 -6.4779e-05 -6.4165e-05 1.7159e-06 3.4307e-06 5.1435e-06 6.8532e-06 8.5588e-06 1.0259e-05 1.1954e-05 1.3641e-05 1.5320e-05 1.6990e-05 1.8650e-05 2.0299e-05 2.1936e-05 0.0000e+00 2.5170e-05 2.6765e-05 2.8344e-05 2.9907e-05 3.1452e-05 3.2979e-05 3.4487e-05 3.5975e-05 3.7442e-05 3.8887e-05 4.0310e-05 4.1710e-05 4.3086e-05 4.4437e-05 4.5763e-05 4.7064e-05 4.8338e-05 4.9585e-05 5.0804e-05 5.1995e-05 5.3158e-05 5.4291e-05 5.5395e-05 5.6468e-05 5.7511e-05 5.8523e-05 5.9504e-05 6.0453e-05 6.1370e-05 6.2255e-05 6.3108e-05 6.3927e-05 6.4714e-05 6.5469e-05 6.6189e-05 6.6877e-05 6.7531e-05 6.8152e-05 6.8740e-05 6.9294e-05 6.9814e-05 7.0301e-05 7.0755e-05 7.1176e-05 7.1564e-05 7.1919e-05 7.2241e-05 7.2530e-05 7.2788e-05 7.3013e-05 7.3206e-05 7.3368e-05 7.3499e-05 7.3599e-05 7.3669e-05 7.3708e-05 7.3718e-05 7.3698e-05 7.3649e-05 7.3572e-05 7.3467e-05 7.3335e-05 7.3175e-05 7.2989e-05 7.2777e-05 7.2540e-05 7.2277e-05 7.1990e-05 7.1680e-05 7.1346e-05 7.0989e-05 7.0610e-05 7.0210e-05 6.9789e-05 6.9348e-05 6.8887e-05 6.8407e-05 6.7909e-05 6.7393e-05 6.6860e-05 6.6310e-05 6.5744e-05 6.5163e-05 6.4568e-05 6.3959e-05 6.3336e-05
-1.8331e-06 -3.6651e-06 -5.4950e-06 -7.3216e-06 -9.1440e-06 -1.0961e-05 -1.2771e-05 -1.4574e-05 -1.6369e-05 -1.8154e-05 -1.9928e-05 -2.1691e-05 -2.3441e-05 -2.5177e-05 2.2946e-02 -2.8605e-05 -3.0294e-05 -3.1966e-05 -3.3620e-05 -3.5254e-05 -3.6869e-05 -3.8462e-05 -4.0033e-05 -4.1581e-05 -4.3106e-05 -4.4606e-05 -4.6082e-05 -4.7531e-05 -4.8954e-05 -5.0350e-05 -5.1718e-05 -5.3057e-05 -5.4367e-05 -5.5647e-05 -5.6898e-05 -5.8117e-05 -5.9305e-05 -6.0461e-05 -6.1585e-05 -6.2676e-05 -6.3735e-05 -6.4760e-05 -6.5751e-05 -6.6708e-05 -6.7631e-05 -6.8519e-05 -6.9373e-05 -7.0191e-05 -7.0975e-05 -7.1723e-05 -7.2436e-05 -7.3114e-05 -7.3756e-05 -7.4363e-05 -7.4934e-05 -7.5470e-05 -7.5970e-05 -7.6436e-05 -7.6866e-05 -7.7261e-05 -7.7622e-05 -7.7948e-05 -7.8239e-05 -7.8497e-05 -7.8720e-05 -7.8911e-05 -7.9067e-05 -7.9191e-05 -7.9283e-05 -7.9342e-05 -7.9370e-05 -7.9366e-05 -7.9332e-05 -7.9266e-05 -7.9171e-05 -7.9047e-05 -7.8894e-05 -7.8712e-05 -7.8502e-05 -7.8265e-05 -7.8001e-05 -7.7711e-05 -7.7395e-05 -7.7054e-05 -7.6689e-05 -7.6300e-05 -7.5888e-05 -7.5453e-05 -7.4997e-05 -7.4519e-05 -7.4020e-05 -7.3501e-05 -7.2964e-05 -7.2407e-05 -7.1832e-05 -7.1241e-05 -7.0632e-05 -7.0008e-05 -6.9368e-05 -6.8713e-05 1.8331e-06 3.6651e-06 5.4949e-06 7.3215e-06 9.1436e-06 1.0960e-05 1.2770e-05 1.4573e-05 1.6367e-05 1.8151e-05 1.9924e-05 2.1686e-05 2.3435e-05 2.5170e-05 0.0000e+00 2.8594e-05 3.0281e-05 3.1951e-05 3.3602e-05 3.5233e-05 3.6844e-05 3.8434e-05 4.0001e-05 4.1545e-05 4.3065e-05 4.4561e-05 4.6031e-05 4.7475e-05 4.8892e-05 5.0282e-05 5.1643e-05 5.2975e-05 5.4278e-05 5.5551e-05 5.6793e-05 5.8004e-05 5.9183e-05 6.0330e-05 6.1445e-05 6.2526e-05 6.3574e-05 6.4589e-05 6.5569e-05 6.6515e-05 6.7426e-05 6.8302e-05 6.9144e-05 6.9949e-05 7.0720e-05 7.1455e-05 7.2154e-05 7.2818e-05 7.3446e-05 7.4039e-05 7.4595e-05 7.5116e-05 7.5602e-05 7.6052e-05 7.6466e-05 7.6846e-05 7.7191e-05 7.7500e-05 7.7776e-05 7.8017e-05 7.8224e-05 7.8398e-05 7.8538e-05 7.8645e-05 7.8720e-05 7.8763e-05 7.8774e-05 7.8753e-05 7.8702e-05 7.8620e-05 7.8508e-05 7.8367e-05 7.8197e-05 7.7999e-05 7.7773e-05 7.7520e-05 7.7240e-05 7.6934e-05 7.6603e-05 7.6246e-05 7.5866e-05 7.5462e-05 7.5035e-05 7.4586e-05 7.4115e-05 7.3623e-05 7.3110e-05 7.2579e-05 7.2028e-05 7.1458e-05 7.0871e-05 7.0268e-05 6.9647e-05 6.9012e-05 6.8361e-05 6.7696e-05
-1.9493e-06 -3.8974e-06 -5.8432e-06 -7.7856e-06 -9.7234e-06 -1.1656e-05 -1.3581e-05 -1.5498e-05 -1.7407e-05 -1.9305e-05 -2.1192e-05 -2.3066e-05 -2.4927e-05 -2.6774e-05 -2.8605e-05 2.6107e-02 -3.2216e-05 -3.3995e-05 -3.5754e-05 -3.7492e-05 -3.9209e-05 -4.0904e-05 -4.2575e-05 -4.4222e-05 -4.5845e-05 -4.7441e-05 -4.9011e-05 -5.0553e-05 -5.2067e-05 -5.3553e-05 -5.5008e-05 -5.6434e-05 -5.7828e-05 -5.9191e-05 -6.0522e-05 -6.1820e-05 -6.3085e-05 -6.4316e-05 -6.5513e-05 -6.6675e-05 -6.7803e-05 -6.8895e-05 -6.9951e-05 -7.0970e-05 -7.1954e-05 -7.2901e-05 -7.3811e-05 -7.4683e-05 -7.5519e-05 -7.6317e-05 -7.7078e-05 -7.7801e-05 -7.8486e-05 -7.9134e-05 -7.9744e-05 -8.0317e-05 -8.0852e-05 -8.1349e-05 -8.1810e-05 -8.2233e-05 -8.2619e-05 -8.2969e-05 -8.3282e-05 -8.3559e-05 -8.3800e-05 -8.4005e-05 -8.4175e-05 -8.4310e-05 -8.4410e-05 -8.4476e-05 -8.4509e-05 -8.4508e-05 -8.4474e-05 -8.4408e-05 -8.4310e-05 -8.4181e-05 -8.4021e-05 -8.3830e-05 -8.3610e-05 -8.3361e-05 -8.3083e-05 -8.2778e-05 -8.2445e-05 -8.2085e-05 -8.1700e-05 -8.1289e-05 -8.0853e-05 -8.0394e-05 -7.9911e-05 -7.9405e-05 -7.8878e-05 -7.8329e-05 -7.7759e-05 -7.7170e-05 -7.6561e-05 -7.5934e-05 -7.5289e-05 -7.4627e-05 -7.3948e-05 -7.3254e-05 1.9493e-06 3.8973e-06 5.8431e-06 7.7854e-06 9.7230e-06 1.1655e-05 1.3580e-05 1.5497e-05 1.7404e-05 1.9301e-05 2.1187e-05 2.3060e-05 2.4920e-05 2.6765e-05 2.8594e-05 0.0000e+00 3.2201e-05 3.3976e-05 3.5732e-05 3.7467e-05 3.9180e-05 4.0870e-05 4.2537e-05 4.4179e-05 4.5796e-05 4.7386e-05 4.8950e-05 5.0486e-05 5.1993e-05 5.3470e-05 5.4918e-05 5.6335e-05 5.7721e-05 5.9075e-05 6.0396e-05 6.1684e-05 6.2938e-05 6.4158e-05 6.5343e-05 6.6494e-05 6.7609e-05 6.8688e-05 6.9730e-05 7.0737e-05 7.1706e-05 7.2638e-05 7.3533e-05 7.4391e-05 7.5211e-05 7.5993e-05 7.6737e-05 7.7443e-05 7.8112e-05 7.8742e-05 7.9334e-05 7.9889e-05 8.0406e-05 8.0885e-05 8.1326e-05 8.1731e-05 8.2098e-05 8.2428e-05 8.2721e-05 8.2978e-05 8.3199e-05 8.3384e-05 8.3534e-05 8.3649e-05 8.3729e-05 8.3775e-05 8.3787e-05 8.3766e-05 8.3712e-05 8.3625e-05 8.3507e-05 8.3358e-05 8.3178e-05 8.2968e-05 8.2728e-05 8.2459e-05 8.2162e-05 8.1837e-05 8.1486e-05 8.1107e-05 8.0703e-05 8.0274e-05 7.9821e-05 7.9343e-05 7.8843e-05 7.8321e-05 7.7776e-05 7.7211e-05 7.6626e-05 7.6021e-05 7.5397e-05 7.4756e-05 7.4097e-05 7.3421e-05 7.2729e-05 7.2023e-05
-2.0643e-06 -4.1273e-06 -6.1880e-06 -8.2450e-06 -1.0297e-05 -1.2343e-05 -1.4382e-05 -1.6413e-05 -1.8434e-05 -2.0444e-05 -2.2443e-05 -2.4428e-05 -2.6399e-05 -2.8355e-05 -3.0294e-05 -3.2216e-05 2.9472e-02 -3.6004e-05 -3.7867e-05 -3.9709e-05 -4.1528e-05 -4.3323e-05 -4.5094e-05 -4.6839e-05 -4.8558e-05 -5.0249e-05 -5.1913e-05 -5.3547e-05 -5.5152e-05 -5.6726e-05 -5.8269e-05 -5.9780e-05 -6.1258e-05 -6.2703e-05 -6.4114e-05 -6.5491e-05 -6.6832e-05 -6.8138e-05 -6.9407e-05 -7.0640e-05 -7.1836e-05 -7.2995e-05 -7.4115e-05 -7.5198e-05 -7.6241e-05 -7.7247e-05 -7.8213e-05 -7.9140e-05 -8.0027e-05 -8.0875e-05 -8.1683e-05 -8.2452e-05 -8.3181e-05 -8.3870e-05 -8.4519e-05 -8.5129e-05 -8.5698e-05 -8.6228e-05 -8.6719e-05 -8.7171e-05 -8.7583e-05 -8.7957e-05 -8.8291e-05 -8.8588e-05 -8.8846e-05 -8.9067e-05 -8.9250e-05 -8.9397e-05 -8.9507e-05 -8.9580e-05 -8.9618e-05 -8.9621e-05 -8.9588e-05 -8.9522e-05 -8.9422e-05 -8.9288e-05 -8.9122e-05 -8.8924e-05 -8.8694e-05 -8.8434e-05 -8.8143e-05 -8.7823e-05 -8.7473e-05 -8.7096e-05 -8.6691e-05 -8.6259e-05 -8.5801e-05 -8.5317e-05 -8.4808e-05 -8.4276e-05 -8.3720e-05 -8.3141e-05 -8.2541e-05 -8.1919e-05 -8.1277e-05 -8.0616e-05 -7.9935e-05 -7.9237e-05 -7.8520e-05 -7.7788e-05 2.0643e-06 4.1273e-06 6.1879e-06 8.2447e-06 1.0297e-05 1.2343e-05 1.4381e-05 1.6411e-05 1.8431e-05 2.0440e-05 2.2437e-05 2.4421e-05 2.6390e-05 2.8344e-05 3.0281e-05 3.2201e-05 0.0000e+00 3.5981e-05 3.7841e-05 3.9678e-05 4.1492e-05 4.3282e-05 4.5048e-05 4.6787e-05 4.8499e-05 5.0184e-05 5.1840e-05 5.3466e-05 5.5063e-05 5.6628e-05 5.8161e-05 5.9662e-05 6.1130e-05 6.2564e-05 6.3963e-05 6.5328e-05 6.6656e-05 6.7949e-05 6.9205e-05 7.0423e-05 7.1604e-05 7.2747e-05 7.3852e-05 7.4918e-05 7.5945e-05 7.6933e-05 7.7881e-05 7.8790e-05 7.9658e-05 8.0487e-05 8.1276e-05 8.2024e-05 8.2733e-05 8.3401e-05 8.4029e-05 8.4617e-05 8.5165e-05 8.5673e-05 8.6141e-05 8.6570e-05 8.6959e-05 8.7309e-05 8.7621e-05 8.7894e-05 8.8128e-05 8.8325e-05 8.8484e-05 8.8607e-05 8.8692e-05 8.8741e-05 8.8755e-05 8.8733e-05 8.8677e-05 8.8586e-05 8.8462e-05 8.8304e-05 8.8114e-05 8.7892e-05 8.7639e-05 8.7355e-05 8.7041e-05 8.6698e-05 8.6326e-05 8.5926e-05 8.5499e-05 8.5045e-05 8.4565e-05 8.4060e-05 8.3531e-05 8.2978e-05 8.2403e-05 8.1805e-05 8.1185e-05 8.0545e-05 7.9885e-05 7.9206e-05 7.8509e-05 7.7794e-05 7.7062e-05 7.6314e-05
