1.1976e-04 -2.4649e-03 -3.0406e-03 -3.0831e-03 -2.7102e-03 -2.1150e-03 -1.4838e-03 -9.4290e-04 -5.4539e-04 -2.8809e-04 -1.3930e-04 -6.1758e-05 -2.5139e-05 -9.4047e-06 -3.2361e-06 -1.0248e-06 -2.9884e-07 -8.0272e-08 -1.9870e-08 -4.5335e-09 -9.5364e-10 -1.8498e-10 -3.3094e-11 -5.4612e-12 -8.3140e-13 -1.1678e-13 -1.5134e-14 -1.8099e-15 -1.9973e-16 -2.0342e-17 -1.9120e-18 -1.6587e-19 -1.3281e-20 -9.8154e-22 -6.6956e-23 -4.2159e-24 -2.4503e-25 -1.3146e-26 -6.5104e-28 -2.9762e-29 -1.2560e-30 -4.8926e-32 -1.7594e-33 -5.8404e-35 -1.7897e-36 -5.0629e-38 -1.3221e-39 -3.1873e-41 -7.0931e-43 -1.4572e-44 -2.7636e-46 -4.8383e-48 -7.8197e-50 -1.1667e-51 -1.6069e-53 -2.0432e-55 -2.3983e-57 -2.5987e-59 -2.5995e-61 -2.4004e-63 -2.0463e-65 -1.6103e-67 -1.1699e-69 -7.8458e-72 -4.8574e-74 -2.7762e-76 -1.4647e-78 -7.1342e-81 -3.2078e-83 -1.3315e-85 -5.1019e-88 -1.8047e-90 -5.8932e-93 -1.7765e-95 -4.9437e-98 -1.2700e-100 -3.0119e-103 -6.5938e-106 -1.3326e-108 -2.4862e-111 -4.2821e-114 -6.8082e-117 -9.9927e-120 -1.3539e-122 -1.6935e-125 -1.9554e-128 -2.0843e-131 -2.0510e-134 -1.8631e-137 -1.5623e-140 -1.2094e-143 -8.6422e-147 -5.7012e-150 -3.4719e-153 -1.9518e-156 -1.0129e-159 -4.8527e-163 -2.1461e-166 -8.7619e-170 -3.3022e-173 0.0000e+00 -8.2048e-04 -1.0103e-03 -1.0219e-03 -8.9548e-04 -6.9612e-04 -4.8617e-04 -3.0737e-04 -1.7676e-04 -9.2775e-05 -4.4546e-05 -1.9601e-05 -7.9145e-06 -2.9355e-06 -1.0009e-06 -3.1395e-07 -9.0636e-08 -2.4094e-08 -5.8998e-09 -1.3311e-09 -2.7681e-10 -5.3064e-11 -9.3791e-12 -1.5288e-12 -2.2982e-13 -3.1870e-14 -4.0770e-15 -4.8119e-16 -5.2402e-17 -5.2657e-18 -4.8829e-19 -4.1787e-20 -3.3003e-21 -2.4058e-22 -1.6186e-23 -1.0052e-24 -5.7617e-26 -3.0486e-27 -1.4890e-28 -6.7134e-30 -2.7941e-31 -1.0736e-32 -3.8079e-34 -1.2469e-35 -3.7691e-37 -1.0518e-38 -2.7099e-40 -6.4455e-42 -1.4153e-43 -2.8693e-45 -5.3702e-47 -9.2793e-49 -1.4803e-50 -2.1802e-52 -2.9645e-54 -3.7215e-56 -4.3133e-58 -4.6154e-60 -4.5596e-62 -4.1587e-64 -3.5019e-66 -2.7225e-68 -1.9541e-70 -1.2949e-72 -7.9224e-75 -4.4749e-77 -2.3336e-79 -1.1235e-81 -4.9942e-84 -2.0495e-86 -7.7654e-89 -2.7163e-91 -8.7723e-94 -2.6155e-96 -7.1997e-99 -1.8297e-101 -4.2930e-104 -9.2994e-107 -1.8598e-109 -3.4337e-112 -5.8531e-115 -9.2111e-118 -1.3383e-120 -1.7951e-123 -2.2230e-126 -2.5415e-129 -2.6826e-132 -2.6141e-135 -2.3518e-138 -1.9533e-141 -1.4978e-144 -1.0603e-147 -6.9294e-151 -4.1810e-154 -2.3289e-157 -1.1977e-160 -5.6862e-164 -2.4923e-167 -1.0085e-170 -3.7675e-174
-2.4649e-03 4.7750e-04 -5.5236e-03 -5.7042e-03 -5.1321e-03 -4.1184e-03 -2.9846e-03 -1.9675e-03 -1.1852e-03 -6.5441e-04 -3.3187e-04 -1.5480e-04 -6.6486e-05 -2.6311e-05 -9.5991e-06 -3.2299e-06 -1.0026e-06 -2.8718e-07 -7.5913e-08 -1.8522e-08 -4.1715e-09 -8.6727e-10 -1.6646e-10 -2.9494e-11 -4.8249e-12 -7.2870e-13 -1.0161e-13 -1.3080e-14 -1.5547e-15 -1.7060e-16 -1.7284e-17 -1.6167e-18 -1.3961e-19 -1.1132e-20 -8.1942e-22 -5.5689e-23 -3.4942e-24 -2.0241e-25 -1.0826e-26 -5.3453e-28 -2.4367e-29 -1.0255e-30 -3.9846e-32 -1.4294e-33 -4.7337e-35 -1.4473e-36 -4.0854e-38 -1.0646e-39 -2.5614e-41 -5.6890e-43 -1.1665e-44 -2.2083e-46 -3.8595e-48 -6.2270e-50 -9.2753e-52 -1.2755e-53 -1.6192e-55 -1.8977e-57 -2.0533e-59 -2.0510e-61 -1.8913e-63 -1.6100e-65 -1.2654e-67 -9.1806e-70 -6.1492e-72 -3.8023e-74 -2.1705e-76 -1.1439e-78 -5.5649e-81 -2.4993e-83 -1.0363e-85 -3.9665e-88 -1.4016e-90 -4.5722e-93 -1.3769e-95 -3.8279e-98 -9.8242e-101 -2.3276e-103 -5.0911e-106 -1.0280e-108 -1.9162e-111 -3.2974e-114 -5.2381e-117 -7.6817e-120 -1.0400e-122 -1.2997e-125 -1.4996e-128 -1.5972e-131 -1.5704e-134 -1.4255e-137 -1.1944e-140 -9.2396e-144 -6.5980e-147 -4.3495e-150 -2.6470e-153 -1.4871e-156 -7.7122e-160 -3.6924e-163 -1.6319e-166 -6.6584e-170 -8.2048e-04 0.0000e+00 -1.8181e-03 -1.8595e-03 -1.6527e-03 -1.3071e-03 -9.3157e-04 -6.0274e-04 -3.5574e-04 -1.9215e-04 -9.5200e-05 -4.3334e-05 -1.8145e-05 -6.9953e-06 -2.4848e-06 -8.1368e-07 -2.4574e-07 -6.8468e-08 -1.7604e-08 -4.1779e-09 -9.1533e-10 -1.8515e-10 -3.4582e-11 -5.9645e-12 -9.5004e-13 -1.3975e-13 -1.8987e-14 -2.3825e-15 -2.7612e-16 -2.9556e-17 -2.9221e-18 -2.6683e-19 -2.2505e-20 -1.7531e-21 -1.2613e-22 -8.3819e-24 -5.1445e-25 -2.9162e-26 -1.5268e-27 -7.3823e-29 -3.2967e-30 -1.3597e-31 -5.1789e-33 -1.8218e-34 -5.9184e-36 -1.7756e-37 -4.9198e-39 -1.2588e-40 -2.9745e-42 -6.4906e-44 -1.3079e-45 -2.4338e-47 -4.1822e-49 -6.6363e-51 -9.7242e-53 -1.3158e-54 -1.6440e-56 -1.8968e-58 -2.0208e-60 -1.9880e-62 -1.8059e-64 -1.5148e-66 -1.1732e-68 -8.3904e-71 -5.5406e-73 -3.3783e-75 -1.9020e-77 -9.8874e-80 -4.7458e-82 -2.1033e-84 -8.6068e-87 -3.2519e-89 -1.1345e-91 -3.6542e-94 -1.0868e-96 -2.9842e-99 -7.5658e-102 -1.7710e-104 -3.8277e-107 -7.6382e-110 -1.4073e-112 -2.3939e-115 -3.7597e-118 -5.4518e-121 -7.2988e-124 -9.0219e-127 -1.0296e-129 -1.0848e-132 -1.0553e-135 -9.4781e-139 -7.8593e-142 -6.0168e-145 -4.2527e-148 -2.7751e-151 -1.6719e-154 -9.2998e-158 -4.7757e-161 -2.2642e-164 -9.9108e-168 -4.0051e-171
-3.0406e-03 -5.5236e-03 1.0688e-03 -7.5043e-03 -7.0049e-03 -5.8704e-03 -4.4683e-03 -3.1093e-03 -1.9856e-03 -1.1664e-03 -6.3117e-04 -3.1493e-04 -1.4497e-04 -6.1591e-05 -2.4156e-05 -8.7468e-06 -2.9245e-06 -9.0289e-07 -2.5741e-07 -6.7766e-08 -1.6474e-08 -3.6983e-09 -7.6665e-10 -1.4675e-10 -2.5940e-11 -4.2339e-12 -6.3811e-13 -8.8802e-14 -1.1411e-14 -1.3539e-15 -1.4833e-16 -1.5004e-17 -1.4014e-18 -1.2086e-19 -9.6230e-21 -7.0746e-22 -4.8022e-23 -3.0096e-24 -1.7415e-25 -9.3037e-27 -4.5891e-28 -2.0899e-29 -8.7872e-31 -3.4111e-32 -1.2225e-33 -4.0453e-35 -1.2358e-36 -3.4856e-38 -9.0763e-40 -2.1820e-41 -4.8429e-43 -9.9236e-45 -1.8773e-46 -3.2788e-48 -5.2868e-50 -7.8700e-52 -1.0816e-53 -1.3723e-55 -1.6074e-57 -1.7382e-59 -1.7353e-61 -1.5994e-63 -1.3609e-65 -1.0690e-67 -7.7524e-70 -5.1901e-72 -3.2079e-74 -1.8304e-76 -9.6419e-79 -4.6888e-81 -2.1050e-83 -8.7245e-86 -3.3382e-88 -1.1791e-90 -3.8450e-93 -1.1575e-95 -3.2168e-98 -8.2531e-101 -1.9547e-103 -4.2741e-106 -8.6273e-109 -1.6077e-111 -2.7656e-114 -4.3921e-117 -6.4391e-120 -8.7149e-123 -1.0889e-125 -1.2559e-128 -1.3373e-131 -1.3146e-134 -1.1929e-137 -9.9935e-141 -7.7285e-144 -5.5176e-147 -3.6365e-150 -2.2125e-153 -1.2427e-156 -6.4435e-160 -3.0843e-163 -1.3629e-166 -1.0103e-03 -1.8181e-03 0.0000e+00 -2.3818e-03 -2.1666e-03 -1.7620e-03 -1.2970e-03 -8.7039e-04 -5.3490e-04 -3.0193e-04 -1.5684e-04 -7.5084e-05 -3.3156e-05 -1.3515e-05 -5.0870e-06 -1.7688e-06 -5.6829e-07 -1.6872e-07 -4.6295e-08 -1.1740e-08 -2.7518e-09 -5.9613e-10 -1.1936e-10 -2.2088e-11 -3.7778e-12 -5.9712e-13 -8.7222e-14 -1.1774e-14 -1.4686e-15 -1.6928e-16 -1.8029e-17 -1.7741e-18 -1.6130e-19 -1.3550e-20 -1.0516e-21 -7.5396e-23 -4.9939e-24 -3.0557e-25 -1.7272e-26 -9.0182e-28 -4.3495e-29 -1.9377e-30 -7.9738e-32 -3.0307e-33 -1.0640e-34 -3.4499e-36 -1.0332e-37 -2.8576e-39 -7.2999e-41 -1.7222e-42 -3.7524e-44 -7.5506e-46 -1.4031e-47 -2.4080e-49 -3.8163e-51 -5.5854e-53 -7.5490e-55 -9.4219e-57 -1.0859e-58 -1.1558e-60 -1.1359e-62 -1.0309e-64 -8.6391e-67 -6.6853e-69 -4.7771e-71 -3.1520e-73 -1.9204e-75 -1.0804e-77 -5.6122e-80 -2.6919e-82 -1.1922e-84 -4.8754e-87 -1.8409e-89 -6.4181e-92 -2.0661e-94 -6.1410e-97 -1.6853e-99 -4.2705e-102 -9.9913e-105 -2.1583e-107 -4.3047e-110 -7.9272e-113 -1.3478e-115 -2.1159e-118 -3.0668e-121 -4.1040e-124 -5.0706e-127 -5.7843e-130 -6.0921e-133 -5.9240e-136 -5.3185e-139 -4.4085e-142 -3.3738e-145 -2.3837e-148 -1.5550e-151 -9.3652e-155 -5.2074e-158 -2.6733e-161 -1.2670e-164 -5.5443e-168
-3.0831e-03 -5.7042e-03 -7.5043e-03 1.8869e-03 -8.1334e-03 -7.2023e-03 -5.8254e-03 -4.3262e-03 -2.9582e-03 -1.8653e-03 -1.0855e-03 -5.8329e-04 -2.8945e-04 -1.3267e-04 -5.6165e-05 -2.1963e-05 -7.9329e-06 -2.6465e-06 -8.1549e-07 -2.3208e-07 -6.1002e-08 -1.4808e-08 -3.3198e-09 -6.8734e-10 -1.3142e-10 -2.3205e-11 -3.7836e-12 -5.6969e-13 -7.9208e-14 -1.0170e-14 -1.2056e-15 -1.3198e-16 -1.3341e-17 -1.2452e-18 -1.0731e-19 -8.5394e-21 -6.2742e-22 -4.2564e-23 -2.6661e-24 -1.5419e-25 -8.2336e-27 -4.0593e-28 -1.8478e-29 -7.7658e-31 -3.0134e-32 -1.0796e-33 -3.5708e-35 -1.0904e-36 -3.0745e-38 -8.0030e-40 -1.9233e-41 -4.2674e-43 -8.7416e-45 -1.6532e-46 -2.8866e-48 -4.6531e-50 -6.9247e-52 -9.5142e-54 -1.2068e-55 -1.4133e-57 -1.5279e-59 -1.5250e-61 -1.4052e-63 -1.1954e-65 -9.3884e-68 -6.8070e-70 -4.5563e-72 -2.8156e-74 -1.6063e-76 -8.4597e-79 -4.1132e-81 -1.8463e-83 -7.6508e-86 -2.9269e-88 -1.0337e-90 -3.3702e-93 -1.0144e-95 -2.8187e-98 -7.2307e-101 -1.7123e-103 -3.7436e-106 -7.5555e-109 -1.4077e-111 -2.4214e-114 -3.8449e-117 -5.6363e-120 -7.6274e-123 -9.5288e-126 -1.0990e-128 -1.1701e-131 -1.1500e-134 -1.0435e-137 -8.7406e-141 -6.7589e-144 -4.8249e-147 -3.1796e-150 -1.9344e-153 -1.0864e-156 -5.6324e-160 -2.6957e-163 -1.0219e-03 -1.8595e-03 -2.3818e-03 0.0000e+00 -2.3882e-03 -2.0161e-03 -1.5488e-03 -1.0899e-03 -7.0529e-04 -4.2076e-04 -2.3175e-04 -1.1796e-04 -5.5513e-05 -2.4164e-05 -9.7305e-06 -3.6249e-06 -1.2493e-06 -3.9834e-07 -1.1749e-07 -3.2053e-08 -8.0879e-09 -1.8874e-09 -4.0730e-10 -8.1271e-11 -1.4994e-11 -2.5573e-12 -4.0322e-13 -5.8769e-14 -7.9170e-15 -9.8575e-16 -1.1343e-16 -1.2062e-17 -1.1853e-18 -1.0763e-19 -9.0308e-21 -7.0010e-22 -5.0145e-23 -3.3182e-24 -2.0286e-25 -1.1457e-26 -5.9775e-28 -2.8809e-29 -1.2826e-30 -5.2746e-32 -2.0036e-33 -7.0300e-35 -2.2783e-36 -6.8195e-38 -1.8853e-39 -4.8139e-41 -1.1352e-42 -2.4725e-44 -4.9733e-46 -9.2385e-48 -1.5849e-49 -2.5110e-51 -3.6739e-53 -4.9639e-55 -6.1937e-57 -7.1366e-59 -7.5936e-61 -7.4612e-63 -6.7697e-65 -5.6719e-67 -4.3882e-69 -3.1350e-71 -2.0681e-73 -1.2598e-75 -7.0858e-78 -3.6801e-80 -1.7649e-82 -7.8150e-85 -3.1953e-87 -1.2063e-89 -4.2051e-92 -1.3535e-94 -4.0223e-97 -1.1037e-99 -2.7964e-102 -6.5416e-105 -1.4129e-107 -2.8177e-110 -5.1882e-113 -8.8203e-116 -1.3845e-118 -2.0065e-121 -2.6848e-124 -3.3168e-127 -3.7832e-130 -3.9842e-133 -3.8739e-136 -3.4776e-139 -2.8823e-142 -2.2056e-145 -1.5582e-148 -1.0164e-151 -6.1209e-155 -3.4032e-158 -1.7469e-161 -8.2792e-165
-2.7102e-03 -5.1321e-03 -7.0049e-03 -8.1334e-03 2.9239e-03 -7.9559e-03 -6.8878e-03 -5.4928e-03 -4.0421e-03 -2.7470e-03 -1.7247e-03 -1.0005e-03 -5.3631e-04 -2.6562e-04 -1.2154e-04 -5.1385e-05 -2.0069e-05 -7.2409e-06 -2.4133e-06 -7.4296e-07 -2.1127e-07 -5.5490e-08 -1.3461e-08 -3.0159e-09 -6.2403e-10 -1.1925e-10 -2.1045e-11 -3.4297e-12 -5.1618e-13 -7.1738e-14 -9.2068e-15 -1.0911e-15 -1.1940e-16 -1.2065e-17 -1.1258e-18 -9.6991e-20 -7.7159e-21 -5.6676e-22 -3.8439e-23 -2.4072e-24 -1.3918e-25 -7.4305e-27 -3.6626e-28 -1.6669e-29 -7.0041e-31 -2.7173e-32 -9.7332e-34 -3.2188e-35 -9.8282e-37 -2.7706e-38 -7.2108e-40 -1.7327e-41 -3.8439e-43 -7.8731e-45 -1.4888e-46 -2.5991e-48 -4.1892e-50 -6.2337e-52 -8.5638e-54 -1.0862e-55 -1.2718e-57 -1.3748e-59 -1.3721e-61 -1.2642e-63 -1.0754e-65 -8.4448e-68 -6.1223e-70 -4.0977e-72 -2.5320e-74 -1.4443e-76 -7.6063e-79 -3.6980e-81 -1.6598e-83 -6.8775e-86 -2.6309e-88 -9.2908e-91 -3.0290e-93 -9.1164e-96 -2.5330e-98 -6.4974e-101 -1.5386e-103 -3.3635e-106 -6.7881e-109 -1.2647e-111 -2.1752e-114 -3.4538e-117 -5.0627e-120 -6.8509e-123 -8.5584e-126 -9.8699e-129 -1.0508e-131 -1.0328e-134 -9.3704e-138 -7.8487e-141 -6.0689e-144 -4.3321e-147 -2.8548e-150 -1.7367e-153 -9.7530e-157 -5.0564e-160 -8.9548e-04 -1.6527e-03 -2.1666e-03 -2.3882e-03 0.0000e+00 -2.0595e-03 -1.6651e-03 -1.2390e-03 -8.5124e-04 -5.4090e-04 -3.1818e-04 -1.7334e-04 -8.7473e-05 -4.0887e-05 -1.7701e-05 -7.0967e-06 -2.6344e-06 -9.0531e-07 -2.8796e-07 -8.4764e-08 -2.3087e-08 -5.8175e-09 -1.3560e-09 -2.9233e-10 -5.8282e-11 -1.0745e-11 -1.8315e-12 -2.8863e-13 -4.2047e-14 -5.6622e-15 -7.0475e-16 -8.1072e-17 -8.6190e-18 -8.4679e-19 -7.6877e-20 -6.4491e-21 -4.9988e-22 -3.5799e-23 -2.3687e-24 -1.4479e-25 -8.1769e-27 -4.2659e-28 -2.0558e-29 -9.1522e-31 -3.7636e-32 -1.4296e-33 -5.0158e-35 -1.6254e-36 -4.8653e-38 -1.3450e-39 -3.4343e-41 -8.0988e-43 -1.7639e-44 -3.5479e-46 -6.5907e-48 -1.1307e-49 -1.7913e-51 -2.6209e-53 -3.5413e-55 -4.4186e-57 -5.0913e-59 -5.4173e-61 -5.3229e-63 -4.8297e-65 -4.0465e-67 -3.1307e-69 -2.2367e-71 -1.4755e-73 -8.9880e-76 -5.0555e-78 -2.6257e-80 -1.2592e-82 -5.5761e-85 -2.2799e-87 -8.6075e-90 -3.0005e-92 -9.6578e-95 -2.8702e-97 -7.8760e-100 -1.9955e-102 -4.6681e-105 -1.0083e-107 -2.0108e-110 -3.7025e-113 -6.2946e-116 -9.8805e-119 -1.4320e-121 -1.9161e-124 -2.3672e-127 -2.7001e-130 -2.8436e-133 -2.7649e-136 -2.4821e-139 -2.0573e-142 -1.5743e-145 -1.1122e-148 -7.2549e-152 -4.3691e-155 -2.4292e-158 -1.2470e-161
-2.1150e-03 -4.1184e-03 -5.8704e-03 -7.2023e-03 -7.9559e-03 4.1713e-03 -7.4839e-03 -6.4298e-03 -5.1043e-03 -3.7455e-03 -2.5405e-03 -1.5928e-03 -9.2299e-04 -4.9430e-04 -2.4463e-04 -1.1187e-04 -4.7267e-05 -1.8452e-05 -6.6544e-06 -2.2169e-06 -6.8226e-07 -1.9395e-07 -5.0925e-08 -1.2350e-08 -2.7663e-09 -5.7227e-10 -1.0933e-10 -1.9291e-11 -3.1434e-12 -4.7301e-13 -6.5728e-14 -8.4343e-15 -9.9941e-16 -1.0935e-16 -1.1049e-17 -1.0308e-18 -8.8801e-20 -7.0636e-21 -5.1881e-22 -3.5184e-23 -2.2031e-24 -1.2738e-25 -6.7996e-27 -3.3514e-28 -1.5251e-29 -6.4082e-31 -2.4860e-32 -8.9041e-34 -2.9445e-35 -8.9900e-37 -2.5342e-38 -6.5952e-40 -1.5847e-41 -3.5155e-43 -7.2001e-45 -1.3615e-46 -2.3767e-48 -3.8306e-50 -5.6999e-52 -7.8303e-54 -9.9309e-56 -1.1628e-57 -1.2570e-59 -1.2544e-61 -1.1558e-63 -9.8309e-66 -7.7199e-68 -5.5967e-70 -3.7458e-72 -2.3145e-74 -1.3202e-76 -6.9526e-79 -3.3801e-81 -1.5171e-83 -6.2861e-86 -2.4046e-88 -8.4914e-91 -2.7683e-93 -8.3318e-96 -2.3150e-98 -5.9380e-101 -1.4061e-103 -3.0738e-106 -6.2033e-109 -1.1557e-111 -1.9878e-114 -3.1562e-117 -4.6263e-120 -6.2603e-123 -7.8205e-126 -9.0188e-129 -9.6017e-132 -9.4368e-135 -8.5621e-138 -7.1715e-141 -5.5453e-144 -3.9583e-147 -2.6084e-150 -1.5868e-153 -8.9111e-157 -6.9612e-04 -1.3071e-03 -1.7620e-03 -2.0161e-03 -2.0595e-03 0.0000e+00 -1.6422e-03 -1.3003e-03 -9.5384e-04 -6.4889e-04 -4.0951e-04 -2.3974e-04 -1.3017e-04 -6.5537e-05 -3.0585e-05 -1.3227e-05 -5.2995e-06 -1.9664e-06 -6.7563e-07 -2.1489e-07 -6.3259e-08 -1.7232e-08 -4.3429e-09 -1.0125e-09 -2.1834e-10 -4.3543e-11 -8.0297e-12 -1.3691e-12 -2.1582e-13 -3.1451e-14 -4.2365e-15 -5.2746e-16 -6.0695e-17 -6.4546e-18 -6.3432e-19 -5.7603e-20 -4.8336e-21 -3.7476e-22 -2.6845e-23 -1.7767e-24 -1.0863e-25 -6.1363e-27 -3.2020e-28 -1.5435e-29 -6.8729e-31 -2.8269e-32 -1.0740e-33 -3.7689e-35 -1.2216e-36 -3.6572e-38 -1.0112e-39 -2.5825e-41 -6.0911e-43 -1.3268e-44 -2.6693e-46 -4.9593e-48 -8.5093e-50 -1.3484e-51 -1.9731e-53 -2.6663e-55 -3.3274e-57 -3.8345e-59 -4.0805e-61 -4.0100e-63 -3.6388e-65 -3.0492e-67 -2.3594e-69 -1.6858e-71 -1.1122e-73 -6.7759e-76 -3.8117e-78 -1.9799e-80 -9.4961e-83 -4.2055e-85 -1.7197e-87 -6.4931e-90 -2.2637e-92 -7.2867e-95 -2.1657e-97 -5.9434e-100 -1.5060e-102 -3.5233e-105 -7.6107e-108 -1.5179e-110 -2.7952e-113 -4.7524e-116 -7.4604e-119 -1.0813e-121 -1.4470e-124 -1.7878e-127 -2.0394e-130 -2.1479e-133 -2.0886e-136 -1.8751e-139 -1.5542e-142 -1.1894e-145 -8.4038e-149 -5.4821e-152 -3.3016e-155 -1.8358e-158
-1.4838e-03 -2.9846e-03 -4.4683e-03 -5.8254e-03 -6.8878e-03 -7.4839e-03 5.6213e-03 -6.9594e-03 -5.9672e-03 -4.7318e-03 -3.4697e-03 -2.3523e-03 -1.4743e-03 -8.5411e-04 -4.5732e-04 -2.2629e-04 -1.0347e-04 -4.3714e-05 -1.7063e-05 -6.1532e-06 -2.0499e-06 -6.3082e-07 -1.7932e-07 -4.7082e-08 -1.1418e-08 -2.5575e-09 -5.2907e-10 -1.0108e-10 -1.7835e-11 -2.9061e-12 -4.3730e-13 -6.0767e-14 -7.7977e-15 -9.2399e-16 -1.0110e-16 -1.0215e-17 -9.5305e-19 -8.2103e-20 -6.5309e-21 -4.7968e-22 -3.2531e-23 -2.0370e-24 -1.1778e-25 -6.2872e-27 -3.0989e-28 -1.4103e-29 -5.9255e-31 -2.2987e-32 -8.2336e-34 -2.7228e-35 -8.3133e-37 -2.3434e-38 -6.0989e-40 -1.4655e-41 -3.2510e-43 -6.6585e-45 -1.2591e-46 -2.1980e-48 -3.5426e-50 -5.2714e-52 -7.2417e-54 -9.1845e-56 -1.0754e-57 -1.1625e-59 -1.1602e-61 -1.0689e-63 -9.0925e-66 -7.1402e-68 -5.1764e-70 -3.4645e-72 -2.1407e-74 -1.2211e-76 -6.4307e-79 -3.1265e-81 -1.4032e-83 -5.8144e-86 -2.2242e-88 -7.8545e-91 -2.5607e-93 -7.7069e-96 -2.1414e-98 -5.4927e-101 -1.3007e-103 -2.8434e-106 -5.7383e-109 -1.0691e-111 -1.8388e-114 -2.9197e-117 -4.2797e-120 -5.7912e-123 -7.2345e-126 -8.3432e-129 -8.8824e-132 -8.7299e-135 -7.9208e-138 -6.6344e-141 -5.1300e-144 -3.6619e-147 -2.4131e-150 -1.4680e-153 -4.8617e-04 -9.3157e-04 -1.2970e-03 -1.5488e-03 -1.6651e-03 -1.6422e-03 0.0000e+00 -1.2676e-03 -9.9674e-04 -7.2837e-04 -4.9455e-04 -3.1188e-04 -1.8259e-04 -9.9187e-05 -4.9975e-05 -2.3344e-05 -1.0106e-05 -4.0531e-06 -1.5055e-06 -5.1782e-07 -1.6487e-07 -4.8581e-08 -1.3246e-08 -3.3415e-09 -7.7972e-10 -1.6828e-10 -3.3586e-11 -6.1984e-12 -1.0576e-12 -1.6684e-13 -2.4329e-14 -3.2793e-15 -4.0853e-16 -4.7037e-17 -5.0049e-18 -4.9212e-19 -4.4713e-20 -3.7537e-21 -2.9117e-22 -2.0867e-23 -1.3816e-24 -8.4513e-26 -4.7757e-27 -2.4930e-28 -1.2022e-29 -5.3549e-31 -2.2033e-32 -8.3736e-34 -2.9394e-35 -9.5305e-37 -2.8540e-38 -7.8939e-40 -2.0165e-41 -4.7574e-43 -1.0366e-44 -2.0859e-46 -3.8763e-48 -6.6527e-50 -1.0544e-51 -1.5433e-53 -2.0860e-55 -2.6037e-57 -3.0011e-59 -3.1943e-61 -3.1397e-63 -2.8496e-65 -2.3883e-67 -1.8483e-69 -1.3209e-71 -8.7160e-74 -5.3108e-76 -2.9880e-78 -1.5523e-80 -7.4464e-83 -3.2982e-85 -1.3489e-87 -5.0938e-90 -1.7761e-92 -5.7179e-95 -1.6997e-97 -4.6650e-100 -1.1822e-102 -2.7661e-105 -5.9759e-108 -1.1920e-110 -2.1953e-113 -3.7329e-116 -5.8605e-119 -8.4950e-122 -1.1369e-124 -1.4048e-127 -1.6027e-130 -1.6881e-133 -1.6417e-136 -1.4740e-139 -1.2219e-142 -9.3519e-146 -6.6082e-149 -4.3111e-152 -2.5966e-155
-9.4290e-04 -1.9675e-03 -3.1093e-03 -4.3262e-03 -5.4928e-03 -6.4298e-03 -6.9594e-03 7.2673e-03 -6.4591e-03 -5.5377e-03 -4.3915e-03 -3.2206e-03 -2.1838e-03 -1.3690e-03 -7.9324e-04 -4.2481e-04 -2.1025e-04 -9.6150e-05 -4.0629e-05 -1.5862e-05 -5.7210e-06 -1.9062e-06 -5.8670e-07 -1.6680e-07 -4.3802e-08 -1.0624e-08 -2.3800e-09 -4.9240e-10 -9.4086e-11 -1.6603e-11 -2.7056e-12 -4.0718e-13 -5.6587e-14 -7.2620e-15 -8.6059e-16 -9.4174e-17 -9.5160e-18 -8.8789e-19 -7.6496e-20 -6.0853e-21 -4.4699e-22 -3.0316e-23 -1.8985e-24 -1.0977e-25 -5.8603e-27 -2.8887e-28 -1.3147e-29 -5.5242e-31 -2.1432e-32 -7.6768e-34 -2.5388e-35 -7.7519e-37 -2.1853e-38 -5.6876e-40 -1.3667e-41 -3.0320e-43 -6.2103e-45 -1.1744e-46 -2.0502e-48 -3.3046e-50 -4.9174e-52 -6.7556e-54 -8.5684e-56 -1.0033e-57 -1.0846e-59 -1.0825e-61 -9.9737e-64 -8.4840e-66 -6.6625e-68 -4.8303e-70 -3.2330e-72 -1.9977e-74 -1.1396e-76 -6.0014e-79 -2.9178e-81 -1.3096e-83 -5.4267e-86 -2.0759e-88 -7.3311e-91 -2.3901e-93 -7.1937e-96 -1.9988e-98 -5.1272e-101 -1.2141e-103 -2.6543e-106 -5.3568e-109 -9.9804e-112 -1.7166e-114 -2.7257e-117 -3.9955e-120 -5.4067e-123 -6.7543e-126 -7.7895e-129 -8.2931e-132 -8.1509e-135 -7.3956e-138 -6.1946e-141 -4.7900e-144 -3.4193e-147 -2.2532e-150 -3.0737e-04 -6.0274e-04 -8.7039e-04 -1.0899e-03 -1.2390e-03 -1.3003e-03 -1.2676e-03 0.0000e+00 -9.7218e-04 -7.6481e-04 -5.5972e-04 -3.8080e-04 -2.4068e-04 -1.4122e-04 -7.6890e-05 -3.8825e-05 -1.8173e-05 -7.8828e-06 -3.1674e-06 -1.1786e-06 -4.0602e-07 -1.2947e-07 -3.8206e-08 -1.0431e-08 -2.6347e-09 -6.1554e-10 -1.3300e-10 -2.6572e-11 -4.9089e-12 -8.3840e-13 -1.3237e-13 -1.9319e-14 -2.6061e-15 -3.2492e-16 -3.7437e-17 -3.9862e-18 -3.9221e-19 -3.5658e-20 -2.9953e-21 -2.3248e-22 -1.6670e-23 -1.1043e-24 -6.7584e-26 -3.8209e-27 -1.9955e-28 -9.6270e-30 -4.2900e-31 -1.7659e-32 -6.7138e-34 -2.3577e-35 -7.6472e-37 -2.2909e-38 -6.3384e-40 -1.6197e-41 -3.8224e-43 -8.3312e-45 -1.6770e-46 -3.1173e-48 -5.3516e-50 -8.4841e-52 -1.2421e-53 -1.6793e-55 -2.0966e-57 -2.4172e-59 -2.5735e-61 -2.5300e-63 -2.2968e-65 -1.9254e-67 -1.4904e-69 -1.0653e-71 -7.0309e-74 -4.2849e-76 -2.4112e-78 -1.2529e-80 -6.0112e-83 -2.6630e-85 -1.0893e-87 -4.1141e-90 -1.4347e-92 -4.6197e-95 -1.3734e-97 -3.7702e-100 -9.5556e-103 -2.2362e-105 -4.8316e-108 -9.6389e-111 -1.7754e-113 -3.0193e-116 -4.7409e-119 -6.8729e-122 -9.1994e-125 -1.1369e-127 -1.2971e-130 -1.3664e-133 -1.3290e-136 -1.1934e-139 -9.8939e-143 -7.5731e-146 -5.3518e-149 -3.4918e-152
-5.4539e-04 -1.1852e-03 -1.9856e-03 -2.9582e-03 -4.0421e-03 -5.1043e-03 -5.9672e-03 -6.4591e-03 9.1044e-03 -6.0014e-03 -5.1485e-03 -4.0853e-03 -2.9977e-03 -2.0338e-03 -1.2756e-03 -7.3946e-04 -3.9618e-04 -1.9615e-04 -8.9740e-05 -3.7934e-05 -1.4815e-05 -5.3449e-06 -1.7814e-06 -5.4844e-07 -1.5596e-07 -4.0966e-08 -9.9386e-09 -2.2269e-09 -4.6083e-10 -8.8071e-11 -1.5544e-11 -2.5336e-12 -3.8135e-13 -5.3006e-14 -6.8035e-15 -8.0638e-16 -8.8254e-17 -8.9190e-18 -8.3229e-19 -7.1714e-20 -5.7057e-21 -4.1915e-22 -2.8431e-23 -1.7806e-24 -1.0297e-25 -5.4975e-27 -2.7101e-28 -1.2335e-29 -5.1836e-31 -2.0112e-32 -7.2047e-34 -2.3829e-35 -7.2763e-37 -2.0514e-38 -5.3395e-40 -1.2831e-41 -2.8468e-43 -5.8313e-45 -1.1028e-46 -1.9253e-48 -3.1035e-50 -4.6184e-52 -6.3452e-54 -8.0482e-56 -9.4246e-58 -1.0189e-59 -1.0169e-61 -9.3702e-64 -7.9709e-66 -6.2599e-68 -4.5386e-70 -3.0379e-72 -1.8772e-74 -1.0709e-76 -5.6400e-79 -2.7422e-81 -1.2309e-83 -5.1004e-86 -1.9512e-88 -6.8908e-91 -2.2466e-93 -6.7621e-96 -1.8790e-98 -4.8199e-101 -1.1414e-103 -2.4954e-106 -5.0362e-109 -9.3834e-112 -1.6140e-114 -2.5628e-117 -3.7568e-120 -5.0839e-123 -6.3513e-126 -7.3249e-129 -7.7986e-132 -7.6651e-135 -6.9549e-138 -5.8257e-141 -4.5048e-144 -3.2158e-147 -1.7676e-04 -3.5574e-04 -5.3490e-04 -7.0529e-04 -8.5124e-04 -9.5384e-04 -9.9674e-04 -9.7218e-04 0.0000e+00 -7.5034e-04 -5.9260e-04 -4.3538e-04 -2.9732e-04 -1.8857e-04 -1.1101e-04 -6.0624e-05 -3.0697e-05 -1.4406e-05 -6.2635e-06 -2.5223e-06 -9.4046e-07 -3.2460e-07 -1.0369e-07 -3.0648e-08 -8.3806e-09 -2.1198e-09 -4.9590e-10 -1.0728e-10 -2.1460e-11 -3.9688e-12 -6.7855e-13 -1.0724e-13 -1.5666e-14 -2.1152e-15 -2.6393e-16 -3.0435e-17 -3.2431e-18 -3.1932e-19 -2.9051e-20 -2.4420e-21 -1.8965e-22 -1.3607e-23 -9.0192e-25 -5.5228e-26 -3.1240e-27 -1.6324e-28 -7.8789e-30 -3.5127e-31 -1.4465e-32 -5.5021e-34 -1.9330e-35 -6.2721e-37 -1.8797e-38 -5.2026e-40 -1.3299e-41 -3.1397e-43 -6.8455e-45 -1.3784e-46 -2.5631e-48 -4.4014e-50 -6.9798e-52 -1.0222e-53 -1.3823e-55 -1.7263e-57 -1.9908e-59 -2.1200e-61 -2.0847e-63 -1.8930e-65 -1.5872e-67 -1.2289e-69 -8.7859e-72 -5.8000e-74 -3.5355e-76 -1.9899e-78 -1.0342e-80 -4.9628e-83 -2.1990e-85 -8.9964e-88 -3.3984e-90 -1.1853e-92 -3.8174e-95 -1.1351e-97 -3.1164e-100 -7.9000e-103 -1.8490e-105 -3.9957e-108 -7.9725e-111 -1.4687e-113 -2.4981e-116 -3.9229e-119 -5.6879e-122 -7.6142e-125 -9.4109e-128 -1.0739e-130 -1.1314e-133 -1.1006e-136 -9.8837e-140 -8.1951e-143 -6.2735e-146 -4.4339e-149
-2.8809e-04 -6.5441e-04 -1.1664e-03 -1.8653e-03 -2.7470e-03 -3.7455e-03 -4.7318e-03 -5.5377e-03 -6.0014e-03 1.1129e-02 -5.5884e-03 -4.7988e-03 -3.8112e-03 -2.7989e-03 -1.9003e-03 -1.1926e-03 -6.9181e-04 -3.7087e-04 -1.8372e-04 -8.4093e-05 -3.5563e-05 -1.3895e-05 -5.0150e-06 -1.6721e-06 -5.1496e-07 -1.4649e-07 -3.8490e-08 -9.3404e-09 -2.0934e-09 -4.3332e-10 -8.2835e-11 -1.4623e-11 -2.3840e-12 -3.5891e-13 -4.9897e-14 -6.4056e-15 -7.5936e-16 -8.3122e-17 -8.4017e-18 -7.8414e-19 -6.7576e-20 -5.3772e-21 -3.9507e-22 -2.6801e-23 -1.6788e-24 -9.7089e-26 -5.1843e-27 -2.5560e-28 -1.1635e-29 -4.8899e-31 -1.8974e-32 -6.7978e-34 -2.2485e-35 -6.8666e-37 -1.9360e-38 -5.0397e-40 -1.2112e-41 -2.6874e-43 -5.5052e-45 -1.0412e-46 -1.8180e-48 -2.9306e-50 -4.3614e-52 -5.9925e-54 -7.6014e-56 -8.9019e-58 -9.6243e-60 -9.6064e-62 -8.8521e-64 -7.5306e-66 -5.9144e-68 -4.2884e-70 -2.8705e-72 -1.7739e-74 -1.0120e-76 -5.3301e-79 -2.5916e-81 -1.1633e-83 -4.8208e-86 -1.8443e-88 -6.5136e-91 -2.1238e-93 -6.3925e-96 -1.7763e-98 -4.5568e-101 -1.0792e-103 -2.3593e-106 -4.7619e-109 -8.8726e-112 -1.5262e-114 -2.4235e-117 -3.5526e-120 -4.8078e-123 -6.0065e-126 -6.9274e-129 -7.3757e-132 -7.2496e-135 -6.5782e-138 -5.5102e-141 -4.2610e-144 -9.2775e-05 -1.9215e-04 -3.0193e-04 -4.2076e-04 -5.4090e-04 -6.4889e-04 -7.2837e-04 -7.6481e-04 -7.5034e-04 0.0000e+00 -5.8588e-04 -4.6516e-04 -3.4340e-04 -2.3554e-04 -1.4999e-04 -8.8616e-05 -4.8554e-05 -2.4659e-05 -1.1604e-05 -5.0583e-06 -2.0417e-06 -7.6290e-07 -2.6384e-07 -8.4435e-08 -2.5000e-08 -6.8470e-09 -1.7345e-09 -4.0633e-10 -8.8017e-11 -1.7628e-11 -3.2639e-12 -5.5865e-13 -8.8382e-14 -1.2924e-14 -1.7465e-15 -2.1812e-16 -2.5173e-17 -2.6845e-18 -2.6452e-19 -2.4083e-20 -2.0257e-21 -1.5742e-22 -1.1302e-23 -7.4959e-25 -4.5926e-26 -2.5993e-27 -1.3589e-28 -6.5622e-30 -2.9271e-31 -1.2059e-32 -4.5891e-34 -1.6129e-35 -5.2357e-37 -1.5697e-38 -4.3464e-40 -1.1115e-41 -2.6249e-43 -5.7251e-45 -1.1532e-46 -2.1450e-48 -3.6846e-50 -5.8450e-52 -8.5623e-54 -1.1583e-55 -1.4469e-57 -1.6690e-59 -1.7778e-61 -1.7487e-63 -1.5883e-65 -1.3321e-67 -1.0316e-69 -7.3768e-72 -4.8709e-74 -2.9697e-76 -1.6719e-78 -8.6906e-81 -4.1712e-83 -1.8486e-85 -7.5644e-88 -2.8580e-90 -9.9704e-93 -3.2115e-95 -9.5512e-98 -2.6227e-100 -6.6496e-103 -1.5566e-105 -3.3644e-108 -6.7138e-111 -1.2370e-113 -2.1043e-116 -3.3050e-119 -4.7927e-122 -6.4167e-125 -7.9319e-128 -9.0525e-131 -9.5386e-134 -9.2796e-137 -8.3348e-140 -6.9117e-143 -5.2916e-146
-1.3930e-04 -3.3187e-04 -6.3117e-04 -1.0855e-03 -1.7247e-03 -2.5405e-03 -3.4697e-03 -4.3915e-03 -5.1485e-03 -5.5884e-03 1.3340e-02 -5.2178e-03 -4.4857e-03 -3.5662e-03 -2.6214e-03 -1.7813e-03 -1.1188e-03 -6.4946e-04 -3.4839e-04 -1.7269e-04 -7.9088e-05 -3.3464e-05 -1.3081e-05 -4.7233e-06 -1.5755e-06 -4.8540e-07 -1.3813e-07 -3.6306e-08 -8.8134e-09 -1.9759e-09 -4.0911e-10 -7.8228e-11 -1.3814e-11 -2.2525e-12 -3.3920e-13 -4.7167e-14 -6.0564e-15 -7.1810e-16 -7.8621e-17 -7.9482e-18 -7.4194e-19 -6.3950e-20 -5.0895e-21 -3.7399e-22 -2.5375e-23 -1.5896e-24 -9.1947e-26 -4.9104e-27 -2.4212e-28 -1.1023e-29 -4.6332e-31 -1.7980e-32 -6.4423e-34 -2.1312e-35 -6.5089e-37 -1.8354e-38 -4.7781e-40 -1.1484e-41 -2.5484e-43 -5.2208e-45 -9.8747e-47 -1.7243e-48 -2.7799e-50 -4.1374e-52 -5.6852e-54 -7.2121e-56 -8.4465e-58 -9.1326e-60 -9.1161e-62 -8.4009e-64 -7.1472e-66 -5.6137e-68 -4.0705e-70 -2.7249e-72 -1.6840e-74 -9.6076e-77 -5.0604e-79 -2.4607e-81 -1.1046e-83 -4.5776e-86 -1.7513e-88 -6.1857e-91 -2.0169e-93 -6.0712e-96 -1.6871e-98 -4.3282e-101 -1.0250e-103 -2.2411e-106 -4.5235e-109 -8.4287e-112 -1.4499e-114 -2.3024e-117 -3.3753e-120 -4.5679e-123 -5.7070e-126 -6.5823e-129 -7.0085e-132 -6.8889e-135 -6.2511e-138 -5.2364e-141 -4.4546e-05 -9.5200e-05 -1.5684e-04 -2.3175e-04 -3.1818e-04 -4.0951e-04 -4.9455e-04 -5.5972e-04 -5.9260e-04 -5.8588e-04 0.0000e+00 -4.6359e-04 -3.7015e-04 -2.7464e-04 -1.8923e-04 -1.2099e-04 -7.1747e-05 -3.9442e-05 -2.0093e-05 -9.4818e-06 -4.1435e-06 -1.6764e-06 -6.2775e-07 -2.1753e-07 -6.9744e-08 -2.0685e-08 -5.6745e-09 -1.4396e-09 -3.3772e-10 -7.3253e-11 -1.4689e-11 -2.7229e-12 -4.6657e-13 -7.3891e-14 -1.0815e-14 -1.4629e-15 -1.8287e-16 -2.1122e-17 -2.2543e-18 -2.2230e-19 -2.0253e-20 -1.7048e-21 -1.3257e-22 -9.5237e-24 -6.3203e-25 -3.8746e-26 -2.1941e-27 -1.1477e-28 -5.5451e-30 -2.4746e-31 -1.0200e-32 -3.8833e-34 -1.3654e-35 -4.4343e-37 -1.3300e-38 -3.6841e-40 -9.4246e-42 -2.2266e-43 -4.8581e-45 -9.7885e-47 -1.8214e-48 -3.1297e-50 -4.9663e-52 -7.2773e-54 -9.8473e-56 -1.2305e-57 -1.4198e-59 -1.5127e-61 -1.4883e-63 -1.3521e-65 -1.1343e-67 -8.7864e-70 -6.2846e-72 -4.1506e-74 -2.5312e-76 -1.4253e-78 -7.4104e-81 -3.5575e-83 -1.5769e-85 -6.4540e-88 -2.4390e-90 -8.5101e-93 -2.7416e-95 -8.1552e-98 -2.2398e-100 -5.6796e-103 -1.3298e-105 -2.8745e-108 -5.7372e-111 -1.0572e-113 -1.7988e-116 -2.8256e-119 -4.0980e-122 -5.4875e-125 -6.7842e-128 -7.7437e-131 -8.1606e-134 -7.9400e-137 -7.1325e-140 -5.9154e-143
-6.1758e-05 -1.5480e-04 -3.1493e-04 -5.8329e-04 -1.0005e-03 -1.5928e-03 -2.3523e-03 -3.2206e-03 -4.0853e-03 -4.7988e-03 -5.2178e-03 1.5737e-02 -4.8858e-03 -4.2055e-03 -3.3471e-03 -2.4628e-03 -1.6750e-03 -1.0529e-03 -6.1166e-04 -3.2834e-04 -1.6285e-04 -7.4627e-05 -3.1593e-05 -1.2356e-05 -4.4637e-06 -1.4895e-06 -4.5911e-07 -1.3070e-07 -3.4365e-08 -8.3451e-09 -1.8715e-09 -3.8762e-10 -7.4138e-11 -1.3095e-11 -2.1359e-12 -3.2172e-13 -4.4746e-14 -5.7469e-15 -6.8154e-16 -7.4633e-17 -7.5465e-18 -7.0458e-19 -6.0740e-20 -4.8348e-21 -3.5534e-22 -2.4113e-23 -1.5108e-24 -8.7399e-26 -4.6682e-27 -2.3021e-28 -1.0482e-29 -4.4063e-31 -1.7102e-32 -6.1283e-34 -2.0275e-35 -6.1930e-37 -1.7465e-38 -4.5471e-40 -1.0930e-41 -2.4257e-43 -4.9699e-45 -9.4009e-47 -1.6417e-48 -2.6469e-50 -3.9399e-52 -5.4141e-54 -6.8687e-56 -8.0450e-58 -8.6991e-60 -8.6841e-62 -8.0033e-64 -6.8094e-66 -5.3486e-68 -3.8786e-70 -2.5966e-72 -1.6048e-74 -9.1563e-77 -4.8230e-79 -2.3453e-81 -1.0529e-83 -4.3636e-86 -1.6695e-88 -5.8970e-91 -1.9229e-93 -5.7884e-96 -1.6086e-98 -4.1269e-101 -9.7743e-104 -2.1371e-106 -4.3137e-109 -8.0382e-112 -1.3828e-114 -2.1959e-117 -3.2193e-120 -4.3570e-123 -5.4437e-126 -6.2789e-129 -6.6857e-132 -6.5718e-135 -5.9635e-138 -1.9601e-05 -4.3334e-05 -7.5084e-05 -1.1796e-04 -1.7334e-04 -2.3974e-04 -3.1188e-04 -3.8080e-04 -4.3538e-04 -4.6516e-04 -4.6359e-04 0.0000e+00 -3.7175e-04 -2.9847e-04 -2.2255e-04 -1.5402e-04 -9.8866e-05 -5.8839e-05 -3.2451e-05 -1.6581e-05 -7.8455e-06 -3.4370e-06 -1.3937e-06 -5.2300e-07 -1.8159e-07 -5.8325e-08 -1.7328e-08 -4.7610e-09 -1.2096e-09 -2.8416e-10 -6.1715e-11 -1.2391e-11 -2.2995e-12 -3.9444e-13 -6.2532e-14 -9.1615e-15 -1.2404e-15 -1.5518e-16 -1.7939e-17 -1.9161e-18 -1.8909e-19 -1.7240e-20 -1.4522e-21 -1.1300e-22 -8.1230e-24 -5.3940e-25 -3.3086e-26 -1.8747e-27 -9.8111e-29 -4.7427e-30 -2.1176e-31 -8.7326e-33 -3.3261e-34 -1.1700e-35 -3.8014e-37 -1.1406e-38 -3.1607e-40 -8.0889e-42 -1.9117e-43 -4.1726e-45 -8.4103e-47 -1.5655e-48 -2.6908e-50 -4.2712e-52 -6.2607e-54 -8.4741e-56 -1.0592e-57 -1.2225e-59 -1.3029e-61 -1.2822e-63 -1.1652e-65 -9.7769e-68 -7.5752e-70 -5.4195e-72 -3.5801e-74 -2.1838e-76 -1.2299e-78 -6.3961e-81 -3.0712e-83 -1.3616e-85 -5.5740e-88 -2.1068e-90 -7.3525e-93 -2.3691e-95 -7.0484e-98 -1.9362e-100 -4.9105e-103 -1.1499e-105 -2.4861e-108 -4.9628e-111 -9.1466e-114 -1.5564e-116 -2.4453e-119 -3.5470e-122 -4.7503e-125 -5.8736e-128 -6.7053e-131 -7.0673e-134 -6.8772e-137 -6.1786e-140
-2.5139e-05 -6.6486e-05 -1.4497e-04 -2.8945e-04 -5.3631e-04 -9.2299e-04 -1.4743e-03 -2.1838e-03 -2.9977e-03 -3.8112e-03 -4.4857e-03 -4.8858e-03 1.8321e-02 -4.5884e-03 -3.9543e-03 -3.1506e-03 -2.3205e-03 -1.5797e-03 -9.9384e-04 -5.7778e-04 -3.1037e-04 -1.5404e-04 -7.0631e-05 -2.9918e-05 -1.1706e-05 -4.2311e-06 -1.4126e-06 -4.3557e-07 -1.2405e-07 -3.2628e-08 -7.9259e-09 -1.7781e-09 -3.6838e-10 -7.0481e-11 -1.2452e-11 -2.0316e-12 -3.0608e-13 -4.2582e-14 -5.4702e-15 -6.4887e-16 -7.1070e-17 -7.1877e-18 -6.7120e-19 -5.7873e-20 -4.6074e-21 -3.3868e-22 -2.2986e-23 -1.4404e-24 -8.3341e-26 -4.4521e-27 -2.1958e-28 -9.9992e-30 -4.2040e-31 -1.6319e-32 -5.8484e-34 -1.9351e-35 -5.9114e-37 -1.6672e-38 -4.3413e-40 -1.0436e-41 -2.3163e-43 -4.7462e-45 -8.9787e-47 -1.5681e-48 -2.5285e-50 -3.7639e-52 -5.1727e-54 -6.5630e-56 -7.6875e-58 -8.3132e-60 -8.2994e-62 -7.6493e-64 -6.5087e-66 -5.1128e-68 -3.7078e-70 -2.4824e-72 -1.5343e-74 -8.7547e-77 -4.6117e-79 -2.2427e-81 -1.0069e-83 -4.1731e-86 -1.5967e-88 -5.6402e-91 -1.8392e-93 -5.5369e-96 -1.5388e-98 -3.9480e-101 -9.3511e-104 -2.0447e-106 -4.1273e-109 -7.6912e-112 -1.3231e-114 -2.1013e-117 -3.0807e-120 -4.1696e-123 -5.2098e-126 -6.0092e-129 -6.3988e-132 -6.2901e-135 -7.9145e-06 -1.8145e-05 -3.3156e-05 -5.5513e-05 -8.7473e-05 -1.3017e-04 -1.8259e-04 -2.4068e-04 -2.9732e-04 -3.4340e-04 -3.7015e-04 -3.7175e-04 0.0000e+00 -3.0191e-04 -2.4367e-04 -1.8254e-04 -1.2686e-04 -8.1742e-05 -4.8814e-05 -2.7006e-05 -1.3837e-05 -6.5645e-06 -2.8827e-06 -1.1715e-06 -4.4051e-07 -1.5324e-07 -4.9305e-08 -1.4672e-08 -4.0374e-09 -1.0273e-09 -2.4164e-10 -5.2548e-11 -1.0563e-11 -1.9625e-12 -3.3698e-13 -5.3477e-14 -7.8423e-15 -1.0627e-15 -1.3307e-16 -1.5396e-17 -1.6457e-18 -1.6253e-19 -1.4829e-20 -1.2499e-21 -9.7325e-23 -7.0004e-24 -4.6513e-25 -2.8547e-26 -1.6184e-27 -8.4742e-29 -4.0985e-30 -1.8308e-31 -7.5537e-33 -2.8784e-34 -1.0130e-35 -3.2925e-37 -9.8833e-39 -2.7398e-40 -7.0143e-42 -1.6584e-43 -3.6209e-45 -7.3008e-47 -1.3594e-48 -2.3374e-50 -3.7114e-52 -5.4417e-54 -7.3678e-56 -9.2117e-58 -1.0635e-59 -1.1337e-61 -1.1160e-63 -1.0144e-65 -8.5142e-68 -6.5984e-70 -4.7218e-72 -3.1200e-74 -1.9035e-76 -1.0723e-78 -5.5776e-81 -2.6787e-83 -1.1879e-85 -4.8637e-88 -1.8387e-90 -6.4180e-93 -2.0684e-95 -6.1548e-98 -1.6910e-100 -4.2894e-103 -1.0046e-105 -2.1724e-108 -4.3372e-111 -7.9950e-114 -1.3607e-116 -2.1381e-119 -3.1018e-122 -4.1547e-125 -5.1385e-128 -5.8668e-131 -6.1842e-134 -6.0185e-137
-9.4047e-06 -2.6311e-05 -6.1591e-05 -1.3267e-04 -2.6562e-04 -4.9430e-04 -8.5411e-04 -1.3690e-03 -2.0338e-03 -2.7989e-03 -3.5662e-03 -4.2055e-03 -4.5884e-03 2.1092e-02 -4.3213e-03 -3.7286e-03 -2.9740e-03 -2.1926e-03 -1.4940e-03 -9.4067e-04 -5.4728e-04 -2.9419e-04 -1.4610e-04 -6.7031e-05 -2.8409e-05 -1.1122e-05 -4.0217e-06 -1.3432e-06 -4.1436e-07 -1.1805e-07 -3.1063e-08 -7.5485e-09 -1.6940e-09 -3.5106e-10 -6.7187e-11 -1.1874e-11 -1.9378e-12 -2.9201e-13 -4.0634e-14 -5.2212e-15 -6.1947e-16 -6.7864e-17 -6.8648e-18 -6.4117e-19 -5.5294e-20 -4.4029e-21 -3.2370e-22 -2.1973e-23 -1.3772e-24 -7.9691e-26 -4.2577e-27 -2.1003e-28 -9.5653e-30 -4.0221e-31 -1.5615e-32 -5.5967e-34 -1.8520e-35 -5.6583e-37 -1.5960e-38 -4.1563e-40 -9.9927e-42 -2.2180e-43 -4.5453e-45 -8.5995e-47 -1.5020e-48 -2.4221e-50 -3.6059e-52 -4.9560e-54 -6.2885e-56 -7.3665e-58 -7.9667e-60 -7.9541e-62 -7.3315e-64 -6.2387e-66 -4.9011e-68 -3.5545e-70 -2.3799e-72 -1.4710e-74 -8.3943e-77 -4.4222e-79 -2.1507e-81 -9.6560e-84 -4.0023e-86 -1.5315e-88 -5.4099e-91 -1.7642e-93 -5.3114e-96 -1.4762e-98 -3.7876e-101 -8.9715e-104 -1.9618e-106 -3.9601e-109 -7.3800e-112 -1.2696e-114 -2.0164e-117 -2.9564e-120 -4.0016e-123 -5.0000e-126 -5.7676e-129 -6.1417e-132 -2.9355e-06 -6.9953e-06 -1.3515e-05 -2.4164e-05 -4.0887e-05 -6.5537e-05 -9.9187e-05 -1.4122e-04 -1.8857e-04 -2.3554e-04 -2.7464e-04 -2.9847e-04 -3.0191e-04 0.0000e+00 -2.4809e-04 -2.0121e-04 -1.5140e-04 -1.0563e-04 -6.8304e-05 -4.0921e-05 -2.2706e-05 -1.1665e-05 -5.5477e-06 -2.4417e-06 -9.9437e-07 -3.7463e-07 -1.3056e-07 -4.2079e-08 -1.2541e-08 -3.4562e-09 -8.8059e-10 -2.0741e-10 -4.5158e-11 -9.0877e-12 -1.6903e-12 -2.9054e-13 -4.6152e-14 -6.7744e-15 -9.1883e-16 -1.1515e-16 -1.3333e-17 -1.4263e-18 -1.4096e-19 -1.2870e-20 -1.0855e-21 -8.4577e-23 -6.0873e-24 -4.0469e-25 -2.4852e-26 -1.4096e-27 -7.3850e-29 -3.5735e-30 -1.5971e-31 -6.5923e-33 -2.5132e-34 -8.8484e-36 -2.8772e-37 -8.6400e-39 -2.3961e-40 -6.1367e-42 -1.4514e-43 -3.1701e-45 -6.3941e-47 -1.1910e-48 -2.0484e-50 -3.2535e-52 -4.7719e-54 -6.4628e-56 -8.0824e-58 -9.3337e-60 -9.9529e-62 -9.8000e-64 -8.9101e-66 -7.4802e-68 -5.7985e-70 -4.1504e-72 -2.7430e-74 -1.6739e-76 -9.4317e-79 -4.9069e-81 -2.3571e-83 -1.0455e-85 -4.2814e-88 -1.6189e-90 -5.6518e-93 -1.8218e-95 -5.4220e-98 -1.4899e-100 -3.7801e-103 -8.8558e-106 -1.9153e-108 -3.8244e-111 -7.0505e-114 -1.2001e-116 -1.8860e-119 -2.7365e-122 -3.6659e-125 -4.5340e-128 -5.1775e-131 -5.4585e-134
-3.2361e-06 -9.5991e-06 -2.4156e-05 -5.6165e-05 -1.2154e-04 -2.4463e-04 -4.5732e-04 -7.9324e-04 -1.2756e-03 -1.9003e-03 -2.6214e-03 -3.3471e-03 -3.9543e-03 -4.3213e-03 2.4052e-02 -4.0808e-03 -3.5252e-03 -2.8148e-03 -2.0772e-03 -1.4165e-03 -8.9263e-04 -5.1971e-04 -2.7956e-04 -1.3892e-04 -6.3773e-05 -2.7043e-05 -1.0592e-05 -3.8320e-06 -1.2804e-06 -3.9516e-07 -1.1263e-07 -2.9646e-08 -7.2065e-09 -1.6178e-09 -3.3537e-10 -6.4203e-11 -1.1350e-11 -1.8527e-12 -2.7926e-13 -3.8870e-14 -4.9956e-15 -5.9283e-16 -6.4959e-17 -6.5723e-18 -6.1397e-19 -5.2958e-20 -4.2176e-21 -3.1013e-22 -2.1055e-23 -1.3198e-24 -7.6386e-26 -4.0817e-27 -2.0137e-28 -9.1725e-30 -3.8574e-31 -1.4977e-32 -5.3688e-34 -1.7768e-35 -5.4292e-37 -1.5316e-38 -3.9889e-40 -9.5912e-42 -2.1291e-43 -4.3636e-45 -8.2563e-47 -1.4422e-48 -2.3259e-50 -3.4629e-52 -4.7599e-54 -6.0402e-56 -7.0762e-58 -7.6533e-60 -7.6417e-62 -7.0442e-64 -5.9946e-66 -4.7096e-68 -3.4159e-70 -2.2872e-72 -1.4139e-74 -8.0685e-77 -4.2508e-79 -2.0674e-81 -9.2829e-84 -3.8479e-86 -1.4725e-88 -5.2017e-91 -1.6964e-93 -5.1076e-96 -1.4196e-98 -3.6426e-101 -8.6285e-104 -1.8868e-106 -3.8091e-109 -7.0988e-112 -1.2213e-114 -1.9398e-117 -2.8442e-120 -3.8498e-123 -4.8106e-126 -5.5492e-129 -1.0009e-06 -2.4848e-06 -5.0870e-06 -9.7305e-06 -1.7701e-05 -3.0585e-05 -4.9975e-05 -7.6890e-05 -1.1101e-04 -1.4999e-04 -1.8923e-04 -2.2255e-04 -2.4367e-04 -2.4809e-04 0.0000e+00 -2.0607e-04 -1.6789e-04 -1.2684e-04 -8.8822e-05 -5.7626e-05 -3.4628e-05 -1.9267e-05 -9.9238e-06 -4.7305e-06 -2.0865e-06 -8.5141e-07 -3.2137e-07 -1.1219e-07 -3.6216e-08 -1.0810e-08 -2.9833e-09 -7.6112e-10 -1.7950e-10 -3.9127e-11 -7.8827e-12 -1.4677e-12 -2.5253e-13 -4.0152e-14 -5.8990e-15 -8.0078e-16 -1.0044e-16 -1.1638e-17 -1.2459e-18 -1.2322e-19 -1.1258e-20 -9.5018e-22 -7.4079e-23 -5.3348e-24 -3.5487e-25 -2.1804e-26 -1.2374e-27 -6.4861e-29 -3.1401e-30 -1.4040e-31 -5.7981e-33 -2.2113e-34 -7.7891e-36 -2.5337e-37 -7.6117e-39 -2.1117e-40 -5.4104e-42 -1.2801e-43 -2.7969e-45 -5.6432e-47 -1.0514e-48 -1.8090e-50 -2.8742e-52 -4.2167e-54 -5.7126e-56 -7.1462e-58 -8.2548e-60 -8.8048e-62 -8.6718e-64 -7.8863e-66 -6.6224e-68 -5.1347e-70 -3.6761e-72 -2.4301e-74 -1.4833e-76 -8.3595e-79 -4.3500e-81 -2.0900e-83 -9.2719e-86 -3.7983e-88 -1.4364e-90 -5.0156e-93 -1.6169e-95 -4.8131e-98 -1.3228e-100 -3.3567e-103 -7.8643e-106 -1.7011e-108 -3.3974e-111 -6.2646e-114 -1.0665e-116 -1.6763e-119 -2.4327e-122 -3.2593e-125 -4.0318e-128 -4.6046e-131
-1.0248e-06 -3.2299e-06 -8.7468e-06 -2.1963e-05 -5.1385e-05 -1.1187e-04 -2.2629e-04 -4.2481e-04 -7.3946e-04 -1.1926e-03 -1.7813e-03 -2.4628e-03 -3.1506e-03 -3.7286e-03 -4.0808e-03 2.7203e-02 -3.8637e-03 -3.3413e-03 -2.6706e-03 -1.9726e-03 -1.3463e-03 -8.4904e-04 -4.9468e-04 -2.6627e-04 -1.3240e-04 -6.0812e-05 -2.5801e-05 -1.0111e-05 -3.6595e-06 -1.2233e-06 -3.7768e-07 -1.0769e-07 -2.8356e-08 -6.8952e-09 -1.5484e-09 -3.2109e-10 -6.1485e-11 -1.0872e-11 -1.7752e-12 -2.6765e-13 -3.7263e-14 -4.7901e-15 -5.6857e-16 -6.2314e-17 -6.3058e-18 -5.8919e-19 -5.0830e-20 -4.0488e-21 -2.9777e-22 -2.0219e-23 -1.2676e-24 -7.3376e-26 -3.9214e-27 -1.9349e-28 -8.8147e-30 -3.7074e-31 -1.4397e-32 -5.1614e-34 -1.7084e-35 -5.2206e-37 -1.4729e-38 -3.8364e-40 -9.2256e-42 -2.0482e-43 -4.1981e-45 -7.9439e-47 -1.3878e-48 -2.2383e-50 -3.3328e-52 -4.5814e-54 -5.8141e-56 -6.8119e-58 -7.3681e-60 -7.3575e-62 -6.7826e-64 -5.7725e-66 -4.5354e-68 -3.2897e-70 -2.2029e-72 -1.3618e-74 -7.7721e-77 -4.0949e-79 -1.9917e-81 -8.9434e-84 -3.7074e-86 -1.4188e-88 -5.0124e-91 -1.6348e-93 -4.9221e-96 -1.3681e-98 -3.5107e-101 -8.3165e-104 -1.8187e-106 -3.6717e-109 -6.8431e-112 -1.1774e-114 -1.8701e-117 -2.7421e-120 -3.7118e-123 -4.6383e-126 -3.1395e-07 -8.1368e-07 -1.7688e-06 -3.6249e-06 -7.0967e-06 -1.3227e-05 -2.3344e-05 -3.8825e-05 -6.0624e-05 -8.8616e-05 -1.2099e-04 -1.5402e-04 -1.8254e-04 -2.0121e-04 -2.0607e-04 0.0000e+00 -1.7287e-04 -1.4143e-04 -1.0725e-04 -7.5359e-05 -4.9043e-05 -2.9554e-05 -1.6486e-05 -8.5116e-06 -4.0662e-06 -1.7972e-06 -7.3473e-07 -2.7781e-07 -9.7141e-08 -3.1407e-08 -9.3884e-09 -2.5944e-09 -6.6274e-10 -1.5648e-10 -3.4148e-11 -6.8871e-12 -1.2836e-12 -2.2107e-13 -3.5182e-14 -5.1733e-15 -7.0285e-16 -8.8223e-17 -1.0231e-17 -1.0960e-18 -1.0847e-19 -9.9170e-21 -8.3751e-22 -6.5334e-23 -4.7078e-24 -3.1334e-25 -1.9262e-26 -1.0937e-27 -5.7358e-29 -2.7782e-30 -1.2428e-31 -5.1345e-33 -1.9591e-34 -6.9034e-36 -2.2465e-37 -6.7515e-39 -1.8738e-40 -4.8025e-42 -1.1367e-43 -2.4844e-45 -5.0143e-47 -9.3455e-49 -1.6084e-50 -2.5562e-52 -3.7514e-54 -5.0836e-56 -6.3611e-58 -7.3499e-60 -7.8417e-62 -7.7252e-64 -7.0272e-66 -5.9024e-68 -4.5776e-70 -3.2780e-72 -2.1677e-74 -1.3233e-76 -7.4594e-79 -3.8822e-81 -1.8656e-83 -8.2781e-86 -3.3914e-88 -1.2828e-90 -4.4802e-93 -1.4447e-95 -4.3012e-98 -1.1823e-100 -3.0007e-103 -7.0314e-106 -1.5212e-108 -3.0386e-111 -5.6038e-114 -9.5415e-117 -1.5000e-119 -2.1770e-122 -2.9172e-125 -3.6091e-128
