1.0198e-04 -2.0665e-03 -1.7121e-03 -1.3155e-03 -9.3725e-04 -6.1906e-04 -3.7900e-04 -2.1503e-04 -1.1303e-04 -5.5030e-05 -2.4811e-05 -1.0357e-05 -4.0014e-06 -1.4306e-06 -4.7319e-07 -1.4478e-07 -4.0964e-08 -1.0717e-08 -2.5921e-09 -5.7952e-10 -1.1974e-10 -2.2865e-11 -4.0341e-12 -6.5758e-13 -9.9026e-14 -1.3775e-14 -1.7700e-15 -2.1006e-16 -2.3025e-17 -2.3308e-18 -2.1788e-19 -1.8809e-20 -1.4994e-21 -1.1037e-22 -7.5014e-24 -4.7077e-25 -2.7279e-26 -1.4595e-27 -7.2096e-29 -3.2881e-30 -1.3846e-31 -5.3828e-33 -1.9320e-34 -6.4023e-36 -1.9587e-37 -5.5324e-39 -1.4426e-40 -3.4730e-42 -7.7187e-44 -1.5837e-45 -3.0000e-47 -5.2463e-49 -8.4698e-51 -1.2624e-52 -1.7370e-54 -2.2064e-56 -2.5874e-58 -2.8011e-60 -2.7994e-62 -2.5829e-64 -2.2000e-66 -1.7299e-68 -1.2558e-70 -8.4153e-73 -5.2061e-75 -2.9733e-77 -1.5676e-79 -7.6301e-82 -3.4284e-84 -1.4221e-86 -5.4457e-89 -1.9251e-91 -6.2823e-94 -1.8927e-96 -5.2638e-99 -1.3514e-101 -3.2031e-104 -7.0086e-107 -1.4156e-109 -2.6397e-112 -4.5439e-115 -7.2208e-118 -1.0593e-120 -1.4345e-123 -1.7934e-126 -2.0697e-129 -2.2051e-132 -2.1688e-135 -1.9691e-138 -1.6505e-141 -1.2771e-144 -9.1219e-148 -6.0149e-151 -3.6614e-154 -2.0575e-157 -1.0673e-160 -5.1111e-164 -2.2595e-167 -9.2210e-171 -3.4739e-174 0.0000e+00 -2.0534e-03 -1.6879e-03 -1.2828e-03 -9.0143e-04 -5.8564e-04 -3.5178e-04 -1.9535e-04 -1.0030e-04 -4.7608e-05 -2.0891e-05 -8.4750e-06 -3.1782e-06 -1.1018e-06 -3.5308e-07 -1.0459e-07 -2.8638e-08 -7.2477e-09 -1.6954e-09 -3.6654e-10 -7.3241e-11 -1.3525e-11 -2.3083e-12 -3.6406e-13 -5.3061e-14 -7.1464e-15 -8.8940e-16 -1.0228e-16 -1.0868e-17 -1.0670e-18 -9.6787e-20 -8.1117e-21 -6.2809e-22 -4.4931e-23 -2.9694e-24 -1.8129e-25 -1.0225e-26 -5.3272e-28 -2.5639e-29 -1.1399e-30 -4.6810e-32 -1.7756e-33 -6.2214e-35 -2.0134e-36 -6.0185e-38 -1.6616e-39 -4.2370e-41 -9.9787e-43 -2.1705e-44 -4.3603e-46 -8.0897e-48 -1.3861e-49 -2.1934e-51 -3.2054e-53 -4.3259e-55 -5.3914e-57 -6.2052e-59 -6.5953e-61 -6.4734e-63 -5.8673e-65 -4.9108e-67 -3.7955e-69 -2.7089e-71 -1.7853e-73 -1.0865e-75 -6.1054e-78 -3.1681e-80 -1.5180e-82 -6.7159e-85 -2.7436e-87 -1.0349e-89 -3.6047e-92 -1.1593e-94 -3.4427e-97 -9.4394e-100 -2.3898e-102 -5.5863e-105 -1.2057e-107 -2.4028e-110 -4.4213e-113 -7.5114e-116 -1.1783e-118 -1.7065e-121 -2.2819e-124 -2.8174e-127 -3.2116e-130 -3.3802e-133 -3.2847e-136 -2.9470e-139 -2.4411e-142 -1.8670e-145 -1.3183e-148 -8.5942e-152 -5.1729e-155 -2.8746e-158 -1.4749e-161 -6.9862e-165 -3.0553e-168 -1.2336e-171 -4.5987e-175
-2.0665e-03 4.0775e-04 -1.6168e-03 -1.3008e-03 -9.8032e-04 -6.9065e-04 -4.5399e-04 -2.7795e-04 -1.5824e-04 -8.3654e-05 -4.1021e-05 -1.8640e-05 -7.8429e-06 -3.0538e-06 -1.0998e-06 -3.6625e-07 -1.1273e-07 -3.2068e-08 -8.4280e-09 -2.0463e-09 -4.5894e-10 -9.5071e-11 -1.8189e-11 -3.2138e-12 -5.2439e-13 -7.9014e-14 -1.0994e-14 -1.4125e-15 -1.6757e-16 -1.8357e-17 -1.8567e-18 -1.7340e-19 -1.4953e-20 -1.1905e-21 -8.7520e-23 -5.9403e-24 -3.7227e-25 -2.1539e-26 -1.1506e-27 -5.6752e-29 -2.5843e-30 -1.0865e-31 -4.2175e-33 -1.5115e-34 -5.0009e-36 -1.5276e-37 -4.3083e-39 -1.1218e-40 -2.6966e-42 -5.9847e-44 -1.2262e-45 -2.3196e-47 -4.0509e-49 -6.5313e-51 -9.7218e-53 -1.3360e-54 -1.6949e-56 -1.9852e-58 -2.1466e-60 -2.1429e-62 -1.9749e-64 -1.6802e-66 -1.3198e-68 -9.5703e-71 -6.4068e-73 -3.9596e-75 -2.2592e-77 -1.1900e-79 -5.7864e-82 -2.5976e-84 -1.0765e-86 -4.1188e-89 -1.4548e-91 -4.7436e-94 -1.4279e-96 -3.9681e-99 -1.0180e-101 -2.4110e-104 -5.2713e-107 -1.0640e-109 -1.9825e-112 -3.4103e-115 -5.4156e-118 -7.9393e-121 -1.0745e-123 -1.3424e-126 -1.5483e-129 -1.6486e-132 -1.6204e-135 -1.4704e-138 -1.2317e-141 -9.5253e-145 -6.8000e-148 -4.4815e-151 -2.7265e-154 -1.5313e-157 -7.9396e-161 -3.8002e-164 -1.6792e-167 -6.8493e-171 -2.0534e-03 0.0000e+00 -1.5295e-03 -1.1818e-03 -8.4811e-04 -5.6516e-04 -3.4966e-04 -2.0080e-04 -1.0701e-04 -5.2910e-05 -2.4265e-05 -1.0320e-05 -4.0688e-06 -1.4869e-06 -5.0349e-07 -1.5795e-07 -4.5895e-08 -1.2349e-08 -3.0762e-09 -7.0937e-10 -1.5139e-10 -2.9898e-11 -5.4630e-12 -9.2341e-13 -1.4437e-13 -2.0876e-14 -2.7915e-15 -3.4515e-16 -3.9457e-17 -4.1699e-18 -4.0738e-19 -3.6787e-20 -3.0704e-21 -2.3685e-22 -1.6885e-23 -1.1123e-24 -6.7713e-26 -3.8088e-27 -1.9795e-28 -9.5055e-30 -4.2170e-31 -1.7284e-32 -6.5444e-34 -2.2891e-35 -7.3966e-37 -2.2077e-38 -6.0869e-40 -1.5502e-41 -3.6464e-43 -7.9226e-45 -1.5899e-46 -2.9468e-48 -5.0444e-50 -7.9753e-52 -1.1645e-53 -1.5704e-55 -1.9557e-57 -2.2494e-59 -2.3892e-61 -2.3435e-63 -2.1228e-65 -1.7757e-67 -1.3717e-69 -9.7848e-72 -6.4454e-74 -3.9206e-76 -2.2022e-78 -1.1422e-80 -5.4705e-83 -2.4193e-85 -9.8798e-88 -3.7255e-90 -1.2971e-92 -4.1703e-95 -1.2380e-97 -3.3933e-100 -8.5883e-103 -2.0070e-105 -4.3306e-108 -8.6278e-111 -1.5871e-113 -2.6957e-116 -4.2275e-119 -6.1212e-122 -8.1835e-125 -1.0101e-127 -1.1512e-130 -1.2114e-133 -1.1769e-136 -1.0557e-139 -8.7434e-143 -6.6856e-146 -4.7199e-149 -3.0765e-152 -1.8514e-155 -1.0287e-158 -5.2769e-162 -2.4992e-165 -1.0928e-168 -4.4118e-172
-1.7121e-03 -1.6168e-03 9.1688e-04 -1.2584e-03 -1.0243e-03 -7.8376e-04 -5.6107e-04 -3.7439e-04 -2.3223e-04 -1.3364e-04 -7.1256e-05 -3.5166e-05 -1.6054e-05 -6.7762e-06 -2.6436e-06 -9.5308e-07 -3.1747e-07 -9.7693e-08 -2.7770e-08 -7.2916e-09 -1.7684e-09 -3.9609e-10 -8.1938e-11 -1.5654e-11 -2.7620e-12 -4.5002e-13 -6.7714e-14 -9.4087e-15 -1.2072e-15 -1.4304e-16 -1.5649e-17 -1.5810e-18 -1.4748e-19 -1.2704e-20 -1.0104e-21 -7.4203e-23 -5.0316e-24 -3.1503e-25 -1.8212e-26 -9.7206e-28 -4.7905e-29 -2.1798e-30 -9.1577e-32 -3.5522e-33 -1.2721e-34 -4.2064e-36 -1.2841e-37 -3.6194e-39 -9.4185e-41 -2.2628e-42 -5.0193e-44 -1.0279e-45 -1.9434e-47 -3.3923e-49 -5.4669e-51 -8.1339e-53 -1.1173e-54 -1.4169e-56 -1.6589e-58 -1.7930e-60 -1.7892e-62 -1.6484e-64 -1.4020e-66 -1.1008e-68 -7.9799e-71 -5.3404e-73 -3.2995e-75 -1.8820e-77 -9.9099e-80 -4.8175e-82 -2.1620e-84 -8.9578e-87 -3.4263e-89 -1.2099e-91 -3.9440e-94 -1.1869e-96 -3.2977e-99 -8.4581e-102 -2.0027e-104 -4.3778e-107 -8.8343e-110 -1.6458e-112 -2.8305e-115 -4.4940e-118 -6.5869e-121 -8.9127e-124 -1.1133e-126 -1.2838e-129 -1.3667e-132 -1.3432e-135 -1.2186e-138 -1.0207e-141 -7.8916e-145 -5.6329e-148 -3.7117e-151 -2.2578e-154 -1.2679e-157 -6.5729e-161 -3.1456e-164 -1.3897e-167 -1.6879e-03 -1.5295e-03 0.0000e+00 -1.0298e-03 -7.6429e-04 -5.3003e-04 -3.4318e-04 -2.0728e-04 -1.1669e-04 -6.1180e-05 -2.9849e-05 -1.3542e-05 -5.7092e-06 -2.2353e-06 -8.1230e-07 -2.7385e-07 -8.5607e-08 -2.4806e-08 -6.6601e-09 -1.6564e-09 -3.8147e-10 -8.1334e-11 -1.6051e-11 -2.9313e-12 -4.9530e-13 -7.7421e-14 -1.1193e-14 -1.4967e-15 -1.8505e-16 -2.1156e-17 -2.2360e-18 -2.1847e-19 -1.9731e-20 -1.6471e-21 -1.2708e-22 -9.0609e-24 -5.9702e-25 -3.6351e-26 -2.0451e-27 -1.0631e-28 -5.1057e-30 -2.2656e-31 -9.2874e-33 -3.5172e-34 -1.2305e-35 -3.9767e-37 -1.1872e-38 -3.2737e-40 -8.3387e-42 -1.9618e-43 -4.2632e-45 -8.5566e-47 -1.5862e-48 -2.7157e-50 -4.2943e-52 -6.2712e-54 -8.4581e-56 -1.0535e-57 -1.2119e-59 -1.2874e-61 -1.2629e-63 -1.1441e-65 -9.5719e-68 -7.3949e-70 -5.2757e-72 -3.4756e-74 -2.1144e-76 -1.1878e-78 -6.1613e-81 -2.9512e-83 -1.3053e-85 -5.3310e-88 -2.0104e-90 -7.0006e-93 -2.2509e-95 -6.6826e-98 -1.8319e-100 -4.6368e-103 -1.0837e-105 -2.3385e-108 -4.6594e-111 -8.5718e-114 -1.4560e-116 -2.2836e-119 -3.3068e-122 -4.4212e-125 -5.4578e-128 -6.2206e-131 -6.5462e-134 -6.3603e-137 -5.7057e-140 -4.7257e-143 -3.6138e-146 -2.5514e-149 -1.6632e-152 -1.0009e-155 -5.5618e-159 -2.8532e-162 -1.3514e-165 -5.9096e-169
-1.3155e-03 -1.3008e-03 -1.2584e-03 1.6287e-03 -1.0397e-03 -8.6723e-04 -6.7614e-04 -4.9057e-04 -3.3033e-04 -2.0608e-04 -1.1900e-04 -6.3557e-05 -3.1386e-05 -1.4326e-05 -6.0434e-06 -2.3557e-06 -8.4843e-07 -2.8230e-07 -8.6777e-08 -2.4641e-08 -6.4632e-09 -1.5659e-09 -3.5041e-10 -7.2424e-11 -1.3825e-11 -2.4373e-12 -3.9684e-13 -5.9671e-14 -8.2859e-15 -1.0625e-15 -1.2582e-16 -1.3758e-17 -1.3893e-18 -1.2954e-19 -1.1153e-20 -8.8672e-22 -6.5094e-23 -4.4123e-24 -2.7616e-25 -1.5959e-26 -8.5156e-28 -4.1954e-29 -1.9085e-30 -8.0157e-32 -3.1084e-33 -1.1129e-34 -3.6791e-36 -1.1229e-37 -3.1643e-39 -8.2325e-41 -1.9775e-42 -4.3855e-44 -8.9794e-46 -1.6974e-47 -2.9625e-49 -4.7734e-51 -7.1009e-53 -9.7524e-55 -1.2366e-56 -1.4476e-58 -1.5644e-60 -1.5609e-62 -1.4378e-64 -1.2228e-66 -9.6000e-69 -6.9582e-71 -4.6562e-73 -2.8764e-75 -1.6405e-77 -8.6375e-80 -4.1986e-82 -1.8841e-84 -7.8054e-87 -2.9853e-89 -1.0540e-91 -3.4358e-94 -1.0339e-96 -2.8723e-99 -7.3664e-102 -1.7441e-104 -3.8122e-107 -7.6924e-110 -1.4330e-112 -2.4643e-115 -3.9122e-118 -5.7339e-121 -7.7580e-124 -9.6903e-127 -1.1174e-129 -1.1895e-132 -1.1689e-135 -1.0604e-138 -8.8811e-142 -6.8664e-145 -4.9009e-148 -3.2292e-151 -1.9642e-154 -1.1030e-157 -5.7176e-161 -2.7362e-164 -1.2828e-03 -1.1818e-03 -1.0298e-03 0.0000e+00 -6.5760e-04 -4.8013e-04 -3.2920e-04 -2.1156e-04 -1.2721e-04 -7.1441e-05 -3.7423e-05 -1.8262e-05 -8.2924e-06 -3.5007e-06 -1.3728e-06 -4.9976e-07 -1.6879e-07 -5.2862e-08 -1.5345e-08 -4.1271e-09 -1.0281e-09 -2.3715e-10 -5.0641e-11 -1.0008e-11 -1.8302e-12 -3.0964e-13 -4.8458e-14 -7.0140e-15 -9.3885e-16 -1.1620e-16 -1.3297e-17 -1.4067e-18 -1.3756e-19 -1.2434e-20 -1.0388e-21 -8.0204e-23 -5.7227e-24 -3.7732e-25 -2.2989e-26 -1.2941e-27 -6.7312e-29 -3.2347e-30 -1.4361e-31 -5.8901e-33 -2.2318e-34 -7.8115e-36 -2.5257e-37 -7.5433e-39 -2.0810e-40 -5.3027e-42 -1.2481e-43 -2.7131e-45 -5.4475e-47 -1.0102e-48 -1.7301e-50 -2.7367e-52 -3.9979e-54 -5.3936e-56 -6.7201e-58 -7.7324e-60 -8.2164e-62 -8.0626e-64 -7.3062e-66 -6.1140e-68 -4.7246e-70 -3.3715e-72 -2.2216e-74 -1.3518e-76 -7.5956e-79 -3.9409e-81 -1.8881e-83 -8.3526e-86 -3.4120e-88 -1.2869e-90 -4.4822e-93 -1.4414e-95 -4.2801e-98 -1.1735e-100 -2.9709e-103 -6.9444e-106 -1.4988e-108 -2.9868e-111 -5.4956e-114 -9.3363e-117 -1.4645e-119 -2.1210e-122 -2.8362e-125 -3.5016e-128 -3.9916e-131 -4.2010e-134 -4.0823e-137 -3.6626e-140 -3.0339e-143 -2.3203e-146 -1.6384e-149 -1.0681e-152 -6.4290e-156 -3.5727e-159 -1.8330e-162 -8.6829e-166
-9.3725e-04 -9.8032e-04 -1.0243e-03 -1.0397e-03 2.5424e-03 -9.1157e-04 -7.7167e-04 -6.0685e-04 -4.4237e-04 -2.9856e-04 -1.8643e-04 -1.0766e-04 -5.7482e-05 -2.8370e-05 -1.2941e-05 -5.4557e-06 -2.1253e-06 -7.6496e-07 -2.5439e-07 -7.8158e-08 -2.2183e-08 -5.8161e-09 -1.4086e-09 -3.1510e-10 -6.5106e-11 -1.2424e-11 -2.1899e-12 -3.5646e-13 -5.3587e-14 -7.4396e-15 -9.5382e-16 -1.1293e-16 -1.2347e-17 -1.2466e-18 -1.1622e-19 -1.0005e-20 -7.9533e-22 -5.8379e-23 -3.9567e-24 -2.4762e-25 -1.4309e-26 -7.6343e-28 -3.7610e-29 -1.7107e-30 -7.1845e-32 -2.7859e-33 -9.9740e-35 -3.2970e-36 -1.0062e-37 -2.8353e-39 -7.3763e-41 -1.7717e-42 -3.9290e-44 -8.0444e-46 -1.5206e-47 -2.6538e-49 -4.2758e-51 -6.3605e-53 -8.7352e-55 -1.1076e-56 -1.2965e-58 -1.4011e-60 -1.3979e-62 -1.2877e-64 -1.0950e-66 -8.5969e-69 -6.2310e-71 -4.1694e-73 -2.5757e-75 -1.4689e-77 -7.7341e-80 -3.7593e-82 -1.6870e-84 -6.9886e-87 -2.6728e-89 -9.4371e-92 -3.0761e-94 -9.2565e-97 -2.5715e-99 -6.5948e-102 -1.5614e-104 -3.4128e-107 -6.8863e-110 -1.2828e-112 -2.2060e-115 -3.5022e-118 -5.1328e-121 -6.9447e-124 -8.6742e-127 -1.0002e-129 -1.0647e-132 -1.0463e-135 -9.4920e-139 -7.9495e-142 -6.1461e-145 -4.3867e-148 -2.8904e-151 -1.7581e-154 -9.8722e-158 -5.1175e-161 -9.0143e-04 -8.4811e-04 -7.6429e-04 -6.5760e-04 0.0000e+00 -4.1731e-04 -3.0546e-04 -2.1037e-04 -1.3593e-04 -8.2198e-05 -4.6430e-05 -2.4456e-05 -1.1996e-05 -5.4733e-06 -2.3208e-06 -9.1377e-07 -3.3387e-07 -1.1314e-07 -3.5543e-08 -1.0347e-08 -2.7900e-09 -6.9667e-10 -1.6105e-10 -3.4460e-11 -6.8232e-12 -1.2499e-12 -2.1182e-13 -3.3200e-14 -4.8123e-15 -6.4500e-16 -7.9932e-17 -9.1576e-18 -9.6985e-19 -9.4942e-20 -8.5903e-21 -7.1834e-22 -5.5512e-23 -3.9642e-24 -2.6159e-25 -1.5950e-26 -8.9854e-28 -4.6768e-29 -2.2489e-30 -9.9909e-32 -4.1003e-33 -1.5545e-34 -5.4440e-36 -1.7611e-37 -5.2626e-39 -1.4525e-40 -3.7031e-42 -8.7196e-44 -1.8964e-45 -3.8092e-47 -7.0668e-49 -1.2108e-50 -1.9159e-52 -2.7999e-54 -3.7788e-56 -4.7098e-58 -5.4210e-60 -5.7622e-62 -5.6561e-64 -5.1270e-66 -4.2917e-68 -3.3174e-70 -2.3679e-72 -1.5608e-74 -9.4994e-77 -5.3389e-79 -2.7707e-81 -1.3278e-83 -5.8752e-86 -2.4005e-88 -9.0564e-91 -3.1549e-93 -1.0148e-95 -3.0139e-98 -8.2651e-101 -2.0928e-103 -4.8928e-106 -1.0562e-108 -2.1052e-111 -3.8741e-114 -6.5828e-117 -1.0327e-119 -1.4960e-122 -2.0007e-125 -2.4705e-128 -2.8167e-131 -2.9649e-134 -2.8815e-137 -2.5856e-140 -2.1421e-143 -1.6385e-146 -1.1571e-149 -7.5447e-153 -4.5417e-156 -2.5242e-159 -1.2953e-162
-6.1906e-04 -6.9065e-04 -7.8376e-04 -8.6723e-04 -9.1157e-04 3.6571e-03 -8.2338e-04 -7.0060e-04 -5.5229e-04 -4.0302e-04 -2.7209e-04 -1.6990e-04 -9.8105e-05 -5.2372e-05 -2.5844e-05 -1.1787e-05 -4.9686e-06 -1.9353e-06 -6.9655e-07 -2.3163e-07 -7.1161e-08 -2.0197e-08 -5.2952e-09 -1.2824e-09 -2.8688e-10 -5.9276e-11 -1.1312e-11 -1.9938e-12 -3.2456e-13 -4.8792e-14 -6.7741e-15 -8.6853e-16 -1.0283e-16 -1.1243e-17 -1.1352e-18 -1.0584e-19 -9.1117e-21 -7.2434e-22 -5.3170e-23 -3.6038e-24 -2.2554e-25 -1.3033e-26 -6.9539e-28 -3.4259e-29 -1.5583e-30 -6.5448e-32 -2.5379e-33 -9.0864e-35 -3.0036e-36 -9.1672e-38 -2.5832e-39 -6.7205e-41 -1.6143e-42 -3.5799e-44 -7.3298e-46 -1.3856e-47 -2.4181e-49 -3.8963e-51 -5.7960e-53 -7.9601e-55 -1.0093e-56 -1.1815e-58 -1.2769e-60 -1.2740e-62 -1.1735e-64 -9.9797e-67 -7.8351e-69 -5.6790e-71 -3.8001e-73 -2.3476e-75 -1.3389e-77 -7.0494e-80 -3.4266e-82 -1.5377e-84 -6.3702e-87 -2.4364e-89 -8.6023e-92 -2.8040e-94 -8.4379e-97 -2.3441e-99 -6.0118e-102 -1.4234e-104 -3.1112e-107 -6.2778e-110 -1.1694e-112 -2.0111e-115 -3.1928e-118 -4.6795e-121 -6.3314e-124 -7.9083e-127 -9.1191e-130 -9.7073e-133 -9.5394e-136 -8.6543e-139 -7.2479e-142 -5.6038e-145 -3.9996e-148 -2.6354e-151 -1.6030e-154 -9.0015e-158 -5.8564e-04 -5.6516e-04 -5.3003e-04 -4.8013e-04 -4.1731e-04 0.0000e+00 -2.7161e-04 -2.0130e-04 -1.4024e-04 -9.1549e-05 -5.5871e-05 -3.1815e-05 -1.6878e-05 -8.3310e-06 -3.8224e-06 -1.6289e-06 -6.4420e-07 -2.3632e-07 -8.0373e-08 -2.5332e-08 -7.3961e-09 -1.9998e-09 -5.0061e-10 -1.1600e-10 -2.4872e-11 -4.9344e-12 -9.0559e-13 -1.5372e-13 -2.4132e-14 -3.5032e-15 -4.7019e-16 -5.8345e-17 -6.6926e-18 -7.0961e-19 -6.9543e-20 -6.2987e-21 -5.2722e-22 -4.0781e-23 -2.9148e-24 -1.9250e-25 -1.1747e-26 -6.6226e-28 -3.4495e-29 -1.6599e-30 -7.3791e-32 -3.0303e-33 -1.1495e-34 -4.0282e-36 -1.3038e-37 -3.8982e-39 -1.0765e-40 -2.7458e-42 -6.4686e-44 -1.4075e-45 -2.8284e-47 -5.2494e-49 -8.9979e-51 -1.4244e-52 -2.0824e-54 -2.8114e-56 -3.5053e-58 -4.0361e-60 -4.2916e-62 -4.2140e-64 -3.8210e-66 -3.1994e-68 -2.4738e-70 -1.7663e-72 -1.1646e-74 -7.0899e-77 -3.9858e-79 -2.0690e-81 -9.9175e-84 -4.3895e-86 -1.7939e-88 -6.7694e-91 -2.3587e-93 -7.5886e-96 -2.2543e-98 -6.1833e-101 -1.5660e-103 -3.6619e-106 -7.9064e-109 -1.5762e-111 -2.9012e-114 -4.9305e-117 -7.7366e-120 -1.1209e-122 -1.4993e-125 -1.8517e-128 -2.1114e-131 -2.2229e-134 -2.1608e-137 -1.9392e-140 -1.6068e-143 -1.2292e-146 -8.6820e-150 -5.6616e-153 -3.4087e-156 -1.8947e-159
-3.7900e-04 -4.5399e-04 -5.6107e-04 -6.7614e-04 -7.7167e-04 -8.2338e-04 4.9721e-03 -7.5152e-04 -6.4053e-04 -5.0539e-04 -3.6900e-04 -2.4923e-04 -1.5568e-04 -8.9922e-05 -4.8018e-05 -2.3702e-05 -1.0814e-05 -4.5594e-06 -1.7764e-06 -6.3952e-07 -2.1271e-07 -6.5366e-08 -1.8556e-08 -4.8661e-09 -1.1787e-09 -2.6374e-10 -5.4504e-11 -1.0403e-11 -1.8340e-12 -2.9858e-13 -4.4894e-14 -6.2339e-15 -7.9937e-16 -9.4659e-17 -1.0351e-17 -1.0452e-18 -9.7460e-20 -8.3914e-21 -6.6715e-22 -4.8977e-23 -3.3199e-24 -2.0780e-25 -1.2009e-26 -6.4081e-28 -3.1572e-29 -1.4362e-30 -6.0325e-32 -2.3394e-33 -8.3765e-35 -2.7692e-36 -8.4522e-38 -2.3819e-39 -6.1972e-41 -1.4887e-42 -3.3016e-44 -6.7603e-46 -1.2780e-47 -2.2305e-49 -3.5942e-51 -5.3469e-53 -7.3437e-55 -9.3119e-57 -1.0901e-58 -1.1782e-60 -1.1756e-62 -1.0829e-64 -9.2095e-67 -7.2307e-69 -5.2412e-71 -3.5073e-73 -2.1668e-75 -1.2358e-77 -6.5069e-80 -3.1630e-82 -1.4194e-84 -5.8807e-87 -2.2492e-89 -7.9417e-92 -2.5888e-94 -7.7904e-97 -2.1643e-99 -5.5509e-102 -1.3143e-104 -2.8728e-107 -5.7970e-110 -1.0799e-112 -1.8572e-115 -2.9485e-118 -4.3215e-121 -5.8472e-124 -7.3037e-127 -8.4221e-130 -8.9656e-133 -8.8108e-136 -7.9934e-139 -6.6947e-142 -5.1761e-145 -3.6945e-148 -2.4344e-151 -1.4808e-154 -3.5178e-04 -3.4966e-04 -3.4318e-04 -3.2920e-04 -3.0546e-04 -2.7161e-04 0.0000e+00 -1.8364e-04 -1.3817e-04 -9.7503e-05 -6.4354e-05 -3.9646e-05 -2.2759e-05 -1.2159e-05 -6.0392e-06 -2.7861e-06 -1.1930e-06 -4.7388e-07 -1.7452e-07 -5.9563e-08 -1.8833e-08 -5.5146e-09 -1.4951e-09 -3.7518e-10 -8.7127e-11 -1.8721e-11 -3.7213e-12 -6.8418e-13 -1.1633e-13 -1.8291e-14 -2.6592e-15 -3.5740e-16 -4.4406e-17 -5.0999e-18 -5.4136e-19 -5.3112e-20 -4.8154e-21 -4.0346e-22 -3.1237e-23 -2.2346e-24 -1.4770e-25 -9.0202e-27 -5.0893e-28 -2.6528e-29 -1.2774e-30 -5.6825e-32 -2.3350e-33 -8.8634e-35 -3.1077e-36 -1.0065e-37 -3.0107e-39 -8.3186e-41 -2.1228e-42 -5.0035e-44 -1.0892e-45 -2.1898e-47 -4.0659e-49 -6.9721e-51 -1.1041e-52 -1.6148e-54 -2.1810e-56 -2.7203e-58 -3.1333e-60 -3.3328e-62 -3.2736e-64 -2.9693e-66 -2.4870e-68 -1.9236e-70 -1.3738e-72 -9.0605e-75 -5.5176e-77 -3.1027e-79 -1.6111e-81 -7.7242e-84 -3.4196e-86 -1.3979e-88 -5.2762e-91 -1.8388e-93 -5.9174e-96 -1.7582e-98 -4.8237e-101 -1.2219e-103 -2.8579e-106 -6.1716e-109 -1.2306e-111 -2.2655e-114 -3.8508e-117 -6.0435e-120 -8.7573e-123 -1.1716e-125 -1.4472e-128 -1.6505e-131 -1.7379e-134 -1.6896e-137 -1.5166e-140 -1.2568e-143 -9.6162e-147 -6.7930e-150 -4.4304e-153 -2.6677e-156
-2.1503e-04 -2.7795e-04 -3.7439e-04 -4.9057e-04 -6.0685e-04 -7.0060e-04 -7.5152e-04 6.4867e-03 -6.8899e-04 -5.8796e-04 -4.6438e-04 -3.3935e-04 -2.2938e-04 -1.4339e-04 -8.2878e-05 -4.4284e-05 -2.1872e-05 -9.9841e-06 -4.2117e-06 -1.6417e-06 -5.9128e-07 -1.9675e-07 -6.0484e-08 -1.7176e-08 -4.5058e-09 -1.0918e-09 -2.4436e-10 -5.0513e-11 -9.6442e-12 -1.7006e-12 -2.7693e-13 -4.1648e-14 -5.7844e-15 -7.4189e-16 -8.7868e-17 -9.6103e-18 -9.7059e-19 -9.0517e-20 -7.7948e-21 -6.1982e-22 -4.5509e-23 -3.0853e-24 -1.9314e-25 -1.1163e-26 -5.9575e-28 -2.9356e-29 -1.3356e-30 -5.6103e-32 -2.1759e-33 -7.7919e-35 -2.5762e-36 -7.8638e-38 -2.2163e-39 -5.7669e-41 -1.3854e-42 -3.0728e-44 -6.2924e-46 -1.1896e-47 -2.0765e-49 -3.3462e-51 -4.9783e-53 -6.8380e-55 -8.6713e-57 -1.0152e-58 -1.0972e-60 -1.0949e-62 -1.0087e-64 -8.5786e-67 -6.7357e-69 -4.8826e-71 -3.2675e-73 -2.0188e-75 -1.1514e-77 -6.0631e-80 -2.9474e-82 -1.3227e-84 -5.4803e-87 -2.0962e-89 -7.4017e-92 -2.4129e-94 -7.2613e-97 -2.0174e-99 -5.1743e-102 -1.2252e-104 -2.6781e-107 -5.4043e-110 -1.0068e-112 -1.7315e-115 -2.7491e-118 -4.0294e-121 -5.4521e-124 -6.8105e-127 -7.8536e-130 -8.3606e-133 -8.2166e-136 -7.4545e-139 -6.2435e-142 -4.8274e-145 -3.4457e-148 -2.2705e-151 -1.9535e-04 -2.0080e-04 -2.0728e-04 -2.1156e-04 -2.1037e-04 -2.0130e-04 -1.8364e-04 0.0000e+00 -1.2902e-04 -9.8477e-05 -7.0330e-05 -4.6893e-05 -2.9141e-05 -1.6855e-05 -9.0639e-06 -4.5277e-06 -2.0994e-06 -9.0307e-07 -3.6017e-07 -1.3313e-07 -4.5588e-08 -1.4458e-08 -4.2453e-09 -1.1538e-09 -2.9023e-10 -6.7545e-11 -1.4543e-11 -2.8961e-12 -5.3338e-13 -9.0839e-14 -1.4304e-14 -2.0825e-15 -2.8027e-16 -3.4866e-17 -4.0090e-18 -4.2604e-19 -4.1842e-20 -3.7975e-21 -3.1847e-22 -2.4679e-23 -1.7670e-24 -1.1689e-25 -7.1441e-27 -4.0338e-28 -2.1041e-29 -1.0139e-30 -4.5132e-32 -1.8557e-33 -7.0482e-35 -2.4727e-36 -8.0125e-38 -2.3981e-39 -6.6293e-41 -1.6926e-42 -3.9913e-44 -8.6924e-46 -1.7484e-47 -3.2477e-49 -5.5714e-51 -8.8266e-53 -1.2914e-54 -1.7448e-56 -2.1771e-58 -2.5085e-60 -2.6691e-62 -2.6226e-64 -2.3795e-66 -1.9937e-68 -1.5425e-70 -1.1020e-72 -7.2695e-75 -4.4282e-77 -2.4908e-79 -1.2936e-81 -6.2040e-84 -2.7473e-86 -1.1233e-88 -4.2409e-91 -1.4783e-93 -4.7584e-96 -1.4142e-98 -3.8805e-101 -9.8319e-104 -2.3000e-106 -4.9680e-109 -9.9077e-112 -1.8243e-114 -3.1016e-117 -4.8685e-120 -7.0559e-123 -9.4415e-126 -1.1664e-128 -1.3305e-131 -1.4012e-134 -1.3625e-137 -1.2231e-140 -1.0138e-143 -7.7578e-147 -5.4810e-150 -3.5752e-153
-1.1303e-04 -1.5824e-04 -2.3223e-04 -3.3033e-04 -4.4237e-04 -5.5229e-04 -6.4053e-04 -6.8899e-04 8.2004e-03 -6.3402e-04 -5.4183e-04 -4.2849e-04 -3.1349e-04 -2.1213e-04 -1.3273e-04 -7.6784e-05 -4.1061e-05 -2.0295e-05 -9.2703e-06 -3.9130e-06 -1.5262e-06 -5.4996e-07 -1.8309e-07 -5.6311e-08 -1.5998e-08 -4.1984e-09 -1.0177e-09 -2.2786e-10 -4.7118e-11 -8.9987e-12 -1.5872e-12 -2.5855e-13 -3.8894e-14 -5.4031e-15 -6.9315e-16 -8.2115e-17 -8.9830e-18 -9.0742e-19 -8.4643e-20 -7.2904e-21 -5.7981e-22 -4.2579e-23 -2.8871e-24 -1.8076e-25 -1.0449e-26 -5.5773e-28 -2.7486e-29 -1.2507e-30 -5.2544e-32 -2.0382e-33 -7.2994e-35 -2.4136e-36 -7.3684e-38 -2.0769e-39 -5.4047e-41 -1.2985e-42 -2.8804e-44 -5.8990e-46 -1.1153e-47 -1.9470e-49 -3.1378e-51 -4.6687e-53 -6.4132e-55 -8.1332e-57 -9.5225e-59 -1.0293e-60 -1.0272e-62 -9.4634e-65 -8.0491e-67 -6.3204e-69 -4.5819e-71 -3.0665e-73 -1.8946e-75 -1.0807e-77 -5.6910e-80 -2.7667e-82 -1.2417e-84 -5.1448e-87 -1.9679e-89 -6.9493e-92 -2.2655e-94 -6.8182e-97 -1.8944e-99 -4.8589e-102 -1.1506e-104 -2.5151e-107 -5.0756e-110 -9.4560e-113 -1.6263e-115 -2.5822e-118 -3.7849e-121 -5.1216e-124 -6.3978e-127 -7.3780e-130 -7.8546e-133 -7.7195e-136 -7.0038e-139 -5.8662e-142 -4.5358e-145 -3.2377e-148 -1.0030e-04 -1.0701e-04 -1.1669e-04 -1.2721e-04 -1.3593e-04 -1.4024e-04 -1.3817e-04 -1.2902e-04 0.0000e+00 -9.3774e-05 -7.2489e-05 -5.2323e-05 -3.5204e-05 -2.2047e-05 -1.2839e-05 -6.9451e-06 -3.4876e-06 -1.6247e-06 -7.0178e-07 -2.8095e-07 -1.0420e-07 -3.5792e-08 -1.1383e-08 -3.3512e-09 -9.1303e-10 -2.3016e-10 -5.3675e-11 -1.1578e-11 -2.3098e-12 -4.2611e-13 -7.2683e-14 -1.1462e-14 -1.6709e-15 -2.2517e-16 -2.8045e-17 -3.2284e-18 -3.4346e-19 -3.3766e-20 -3.0674e-21 -2.5749e-22 -1.9971e-23 -1.4311e-24 -9.4744e-26 -5.7949e-27 -3.2744e-28 -1.7092e-29 -8.2414e-31 -3.6708e-32 -1.5103e-33 -5.7395e-35 -2.0147e-36 -6.5320e-38 -1.9560e-39 -5.4100e-41 -1.3819e-42 -3.2602e-44 -7.1035e-46 -1.4294e-47 -2.6563e-49 -4.5587e-51 -7.2251e-53 -1.0575e-54 -1.4293e-56 -1.7840e-58 -2.0563e-60 -2.1887e-62 -2.1513e-64 -1.9525e-66 -1.6364e-68 -1.2664e-70 -9.0502e-73 -5.9720e-75 -3.6388e-77 -2.0473e-79 -1.0636e-81 -5.1020e-84 -2.2598e-86 -9.2421e-89 -3.4901e-91 -1.2169e-93 -3.9177e-96 -1.1646e-98 -3.1963e-101 -8.1001e-104 -1.8953e-106 -4.0945e-109 -8.1673e-112 -1.5042e-114 -2.5577e-117 -4.0155e-120 -5.8206e-123 -7.7900e-126 -9.6257e-129 -1.0981e-131 -1.1567e-134 -1.1249e-137 -1.0100e-140 -8.3725e-144 -6.4079e-147 -4.5279e-150
-5.5030e-05 -8.3654e-05 -1.3364e-04 -2.0608e-04 -2.9856e-04 -4.0302e-04 -5.0539e-04 -5.8796e-04 -6.3402e-04 1.0113e-02 -5.8574e-04 -5.0139e-04 -3.9709e-04 -2.9089e-04 -1.9707e-04 -1.2344e-04 -7.1477e-05 -3.8256e-05 -1.8924e-05 -8.6505e-06 -3.6539e-06 -1.4260e-06 -5.1416e-07 -1.7126e-07 -5.2699e-08 -1.4979e-08 -3.9327e-09 -9.5368e-10 -2.1360e-10 -4.4186e-11 -8.4417e-12 -1.4895e-12 -2.4269e-13 -3.6519e-14 -5.0747e-15 -6.5119e-16 -7.7162e-17 -8.4431e-18 -8.5308e-19 -7.9590e-20 -6.8566e-21 -5.4541e-22 -4.0060e-23 -2.7168e-24 -1.7012e-25 -9.8362e-27 -5.2509e-28 -2.5882e-29 -1.1778e-30 -4.9491e-32 -1.9200e-33 -6.8770e-35 -2.2742e-36 -6.9437e-38 -1.9574e-39 -5.0944e-41 -1.2241e-42 -2.7156e-44 -5.5620e-46 -1.0517e-47 -1.8361e-49 -2.9594e-51 -4.4036e-53 -6.0496e-55 -7.6727e-57 -8.9842e-59 -9.7120e-61 -9.6926e-63 -8.9304e-65 -7.5963e-67 -5.9653e-69 -4.3248e-71 -2.8946e-73 -1.7886e-75 -1.0203e-77 -5.3730e-80 -2.6122e-82 -1.1725e-84 -4.8582e-87 -1.8584e-89 -6.5629e-92 -2.1396e-94 -6.4397e-97 -1.7893e-99 -4.5897e-102 -1.0869e-104 -2.3760e-107 -4.7951e-110 -8.9338e-113 -1.5366e-115 -2.4398e-118 -3.5763e-121 -4.8395e-124 -6.0457e-127 -6.9723e-130 -7.4230e-133 -7.2956e-136 -6.6194e-139 -5.5445e-142 -4.2872e-145 -4.7608e-05 -5.2910e-05 -6.1180e-05 -7.1441e-05 -8.2198e-05 -9.1549e-05 -9.7503e-05 -9.8477e-05 -9.3774e-05 0.0000e+00 -7.0162e-05 -5.4833e-05 -3.9948e-05 -2.7093e-05 -1.7086e-05 -1.0010e-05 -5.4439e-06 -2.7467e-06 -1.2850e-06 -5.5719e-07 -2.2384e-07 -8.3281e-08 -2.8689e-08 -9.1484e-09 -2.6998e-09 -7.3720e-10 -1.8622e-10 -4.3512e-11 -9.4028e-12 -1.8790e-12 -3.4717e-13 -5.9305e-14 -9.3651e-15 -1.3670e-15 -1.8444e-16 -2.2999e-17 -2.6504e-18 -2.8226e-19 -2.7776e-20 -2.5257e-21 -2.1220e-22 -1.6472e-23 -1.1813e-24 -7.8270e-26 -4.7908e-27 -2.7089e-28 -1.4150e-29 -6.8271e-31 -3.0427e-32 -1.2526e-33 -4.7631e-35 -1.6729e-36 -5.4266e-38 -1.6258e-39 -4.4989e-41 -1.1497e-42 -2.7137e-44 -5.9153e-46 -1.1908e-47 -2.2138e-49 -3.8008e-51 -6.0263e-53 -8.8235e-55 -1.1930e-56 -1.4896e-58 -1.7176e-60 -1.8288e-62 -1.7980e-64 -1.6324e-66 -1.3685e-68 -1.0594e-70 -7.5731e-73 -4.9987e-75 -3.0466e-77 -1.7145e-79 -8.9095e-82 -4.2749e-84 -1.8939e-86 -7.7476e-89 -2.9264e-91 -1.0206e-93 -3.2864e-96 -9.7711e-99 -2.6824e-101 -6.7990e-104 -1.5912e-106 -3.4382e-109 -6.8594e-112 -1.2635e-114 -2.1489e-117 -3.3743e-120 -4.8921e-123 -6.5483e-126 -8.0928e-129 -9.2342e-132 -9.7280e-135 -9.4619e-138 -8.4968e-141 -7.0446e-144 -5.3924e-147
-2.4811e-05 -4.1021e-05 -7.1256e-05 -1.1900e-04 -1.8643e-04 -2.7209e-04 -3.6900e-04 -4.6438e-04 -5.4183e-04 -5.8574e-04 1.2224e-02 -5.4336e-04 -4.6589e-04 -3.6954e-04 -2.7107e-04 -1.8386e-04 -1.1529e-04 -6.6826e-05 -3.5799e-05 -1.7723e-05 -8.1076e-06 -3.4270e-06 -1.3383e-06 -4.8282e-07 -1.6092e-07 -4.9540e-08 -1.4088e-08 -3.7004e-09 -8.9773e-10 -2.0115e-10 -4.1626e-11 -7.9553e-12 -1.4041e-12 -2.2886e-13 -3.4447e-14 -4.7881e-15 -6.1457e-16 -7.2842e-17 -7.9723e-18 -8.0570e-19 -7.5186e-20 -6.4785e-21 -5.1544e-22 -3.7866e-23 -2.5685e-24 -1.6087e-25 -9.3024e-27 -4.9668e-28 -2.4485e-29 -1.1144e-30 -4.6833e-32 -1.8171e-33 -6.5095e-35 -2.1530e-36 -6.5744e-38 -1.8535e-39 -4.8245e-41 -1.1594e-42 -2.5723e-44 -5.2691e-46 -9.9645e-48 -1.7398e-49 -2.8044e-51 -4.1733e-53 -5.7338e-55 -7.2728e-57 -8.5166e-59 -9.2073e-61 -9.1897e-63 -8.4677e-65 -7.2033e-67 -5.6571e-69 -4.1016e-71 -2.7454e-73 -1.6965e-75 -9.6781e-78 -5.0971e-80 -2.4782e-82 -1.1124e-84 -4.6096e-87 -1.7634e-89 -6.2278e-92 -2.0305e-94 -6.1116e-97 -1.6982e-99 -4.3563e-102 -1.0316e-104 -2.2554e-107 -4.5519e-110 -8.4810e-113 -1.4588e-115 -2.3164e-118 -3.3956e-121 -4.5951e-124 -5.7406e-127 -6.6207e-130 -7.0490e-133 -6.9283e-136 -6.2864e-139 -5.2658e-142 -2.0891e-05 -2.4265e-05 -2.9849e-05 -3.7423e-05 -4.6430e-05 -5.5871e-05 -6.4354e-05 -7.0330e-05 -7.2489e-05 -7.0162e-05 0.0000e+00 -5.3801e-05 -4.2446e-05 -3.1176e-05 -2.1293e-05 -1.3511e-05 -7.9584e-06 -4.3492e-06 -2.2039e-06 -1.0351e-06 -4.5039e-07 -1.8151e-07 -6.7729e-08 -2.3394e-08 -7.4782e-09 -2.2119e-09 -6.0524e-10 -1.5319e-10 -3.5858e-11 -7.7620e-12 -1.5535e-12 -2.8747e-13 -4.9174e-14 -7.7755e-15 -1.1364e-15 -1.5350e-16 -1.9162e-17 -2.2106e-18 -2.3565e-19 -2.3212e-20 -2.1125e-21 -1.7764e-22 -1.3800e-23 -9.9048e-25 -6.5674e-26 -4.0227e-27 -2.2761e-28 -1.1897e-29 -5.7437e-31 -2.5614e-32 -1.0551e-33 -4.0141e-35 -1.4106e-36 -4.5781e-38 -1.3723e-39 -3.7991e-41 -9.7136e-43 -2.2937e-44 -5.0019e-46 -1.0073e-47 -1.8735e-49 -3.2178e-51 -5.1038e-53 -7.4755e-55 -1.0111e-56 -1.2629e-58 -1.4567e-60 -1.5514e-62 -1.5259e-64 -1.3857e-66 -1.1621e-68 -8.9986e-71 -6.4342e-73 -4.2481e-75 -2.5898e-77 -1.4579e-79 -7.5775e-82 -3.6367e-84 -1.6116e-86 -6.5940e-89 -2.4912e-91 -8.6901e-94 -2.7989e-96 -8.3235e-99 -2.2855e-101 -5.7941e-104 -1.3562e-106 -2.9311e-109 -5.8489e-112 -1.0776e-114 -1.8330e-117 -2.8788e-120 -4.1743e-123 -5.5885e-126 -6.9077e-129 -7.8832e-132 -8.3061e-135 -8.0802e-138 -7.2571e-141 -6.0177e-144
-1.0357e-05 -1.8640e-05 -3.5166e-05 -6.3557e-05 -1.0766e-04 -1.6990e-04 -2.4923e-04 -3.3935e-04 -4.2849e-04 -5.0139e-04 -5.4336e-04 1.4534e-02 -5.0608e-04 -4.3465e-04 -3.4526e-04 -2.5360e-04 -1.7222e-04 -1.0811e-04 -6.2723e-05 -3.3631e-05 -1.6663e-05 -7.6285e-06 -3.2267e-06 -1.2609e-06 -4.5517e-07 -1.5178e-07 -4.6752e-08 -1.3301e-08 -3.4954e-09 -8.4834e-10 -1.9016e-10 -3.9366e-11 -7.5261e-12 -1.3288e-12 -2.1665e-13 -3.2620e-14 -4.5353e-15 -5.8229e-16 -6.9033e-17 -7.5573e-18 -7.6393e-19 -7.1304e-20 -6.1453e-21 -4.8903e-22 -3.5933e-23 -2.4378e-24 -1.5271e-25 -8.8321e-27 -4.7165e-28 -2.3254e-29 -1.0586e-30 -4.4493e-32 -1.7266e-33 -6.1860e-35 -2.0462e-36 -6.2492e-38 -1.7621e-39 -4.5870e-41 -1.1024e-42 -2.4463e-44 -5.0114e-46 -9.4782e-48 -1.6550e-49 -2.6680e-51 -3.9708e-53 -5.4560e-55 -6.9211e-57 -8.1054e-59 -8.7635e-61 -8.7475e-63 -8.0609e-65 -6.8577e-67 -5.3861e-69 -3.9054e-71 -2.6143e-73 -1.6156e-75 -9.2171e-78 -4.8546e-80 -2.3605e-82 -1.0596e-84 -4.3912e-87 -1.6800e-89 -5.9334e-92 -1.9346e-94 -5.8233e-97 -1.6182e-99 -4.1513e-102 -9.8313e-105 -2.1494e-107 -4.3383e-110 -8.0836e-113 -1.3905e-115 -2.2080e-118 -3.2369e-121 -4.3806e-124 -5.4729e-127 -6.3121e-130 -6.7207e-133 -6.6059e-136 -5.9942e-139 -8.4750e-06 -1.0320e-05 -1.3542e-05 -1.8262e-05 -2.4456e-05 -3.1815e-05 -3.9646e-05 -4.6893e-05 -5.2323e-05 -5.4833e-05 -5.3801e-05 0.0000e+00 -4.2128e-05 -3.3511e-05 -2.4789e-05 -1.7036e-05 -1.0869e-05 -6.4338e-06 -3.5313e-06 -1.7965e-06 -8.4672e-07 -3.6962e-07 -1.4940e-07 -5.5897e-08 -1.9355e-08 -6.2013e-09 -1.8381e-09 -5.0395e-10 -1.2778e-10 -2.9963e-11 -6.4961e-12 -1.3021e-12 -2.4128e-13 -4.1328e-14 -6.5430e-15 -9.5740e-16 -1.2947e-16 -1.6179e-17 -1.8683e-18 -1.9935e-19 -1.9653e-20 -1.7902e-21 -1.5066e-22 -1.1714e-23 -8.4134e-25 -5.5825e-26 -3.4217e-27 -1.9374e-28 -1.0132e-29 -4.8949e-31 -2.1841e-32 -9.0017e-34 -3.4266e-35 -1.2047e-36 -3.9120e-38 -1.1732e-39 -3.2494e-41 -8.3118e-43 -1.9635e-44 -4.2837e-46 -8.6304e-48 -1.6058e-49 -2.7590e-51 -4.3776e-53 -6.4142e-55 -8.6788e-57 -1.0844e-58 -1.2511e-60 -1.3329e-62 -1.3114e-64 -1.1913e-66 -9.9930e-69 -7.7403e-71 -5.5360e-73 -3.6560e-75 -2.2294e-77 -1.2553e-79 -6.5264e-82 -3.1330e-84 -1.3887e-86 -5.6832e-89 -2.1476e-91 -7.4931e-94 -2.4139e-96 -7.1800e-99 -1.9719e-101 -5.0000e-104 -1.1706e-106 -2.5304e-109 -5.0502e-112 -9.3060e-115 -1.5833e-117 -2.4870e-120 -3.6068e-123 -4.8295e-126 -5.9706e-129 -6.8148e-132 -7.1815e-135 -6.9872e-138 -6.2764e-141
-4.0014e-06 -7.8429e-06 -1.6054e-05 -3.1386e-05 -5.7482e-05 -9.8105e-05 -1.5568e-04 -2.2938e-04 -3.1349e-04 -3.9709e-04 -4.6589e-04 -5.0608e-04 1.7042e-02 -4.7316e-04 -4.0703e-04 -3.2378e-04 -2.3813e-04 -1.6190e-04 -1.0173e-04 -5.9080e-05 -3.1705e-05 -1.5722e-05 -7.2027e-06 -3.0486e-06 -1.1920e-06 -4.3056e-07 -1.4366e-07 -4.4271e-08 -1.2602e-08 -3.3129e-09 -8.0440e-10 -1.8038e-10 -3.7355e-11 -7.1441e-12 -1.2617e-12 -2.0578e-13 -3.0993e-14 -4.3104e-15 -5.5355e-16 -6.5643e-17 -7.1879e-18 -7.2676e-19 -6.7849e-20 -5.8488e-21 -4.6553e-22 -3.4213e-23 -2.3215e-24 -1.4545e-25 -8.4138e-27 -4.4938e-28 -2.2160e-29 -1.0089e-30 -4.2413e-32 -1.6461e-33 -5.8983e-35 -1.9513e-36 -5.9602e-38 -1.6808e-39 -4.3759e-41 -1.0518e-42 -2.3342e-44 -4.7823e-46 -9.0459e-48 -1.5797e-49 -2.5468e-51 -3.7908e-53 -5.2092e-55 -6.6086e-57 -7.7401e-59 -8.3693e-61 -8.3546e-63 -7.6995e-65 -6.5508e-67 -5.1455e-69 -3.7312e-71 -2.4978e-73 -1.5437e-75 -8.8078e-78 -4.6394e-80 -2.2560e-82 -1.0128e-84 -4.1972e-87 -1.6059e-89 -5.6720e-92 -1.8495e-94 -5.5675e-97 -1.5472e-99 -3.9693e-102 -9.4009e-105 -2.0554e-107 -4.1488e-110 -7.7308e-113 -1.3299e-115 -2.1119e-118 -3.0961e-121 -4.1902e-124 -5.2353e-127 -6.0384e-130 -6.4295e-133 -6.3200e-136 -3.1782e-06 -4.0688e-06 -5.7092e-06 -8.2924e-06 -1.1996e-05 -1.6878e-05 -2.2759e-05 -2.9141e-05 -3.5204e-05 -3.9948e-05 -4.2446e-05 -4.2128e-05 0.0000e+00 -3.3587e-05 -2.6910e-05 -2.0031e-05 -1.3843e-05 -8.8753e-06 -5.2766e-06 -2.9076e-06 -1.4845e-06 -7.0194e-07 -3.0733e-07 -1.2456e-07 -4.6719e-08 -1.6214e-08 -5.2061e-09 -1.5461e-09 -4.2468e-10 -1.0787e-10 -2.5334e-11 -5.5008e-12 -1.1042e-12 -2.0487e-13 -3.5136e-14 -5.5692e-15 -8.1582e-16 -1.1044e-16 -1.3815e-17 -1.5968e-18 -1.7054e-19 -1.6827e-20 -1.5341e-21 -1.2920e-22 -1.0053e-23 -7.2258e-25 -4.7978e-26 -2.9427e-27 -1.6672e-28 -8.7246e-30 -4.2172e-31 -1.8828e-32 -7.7640e-34 -2.9570e-35 -1.0401e-36 -3.3791e-38 -1.0139e-39 -2.8094e-41 -7.1894e-43 -1.6991e-44 -3.7082e-46 -7.4740e-48 -1.3911e-49 -2.3911e-51 -3.7953e-53 -5.5628e-55 -7.5293e-57 -9.4106e-59 -1.0861e-60 -1.1575e-62 -1.1391e-64 -1.0351e-66 -8.6852e-69 -6.7292e-71 -4.8141e-73 -3.1801e-75 -1.9397e-77 -1.0924e-79 -5.6810e-82 -2.7278e-84 -1.2093e-86 -4.9505e-89 -1.8711e-91 -6.5298e-94 -2.1040e-96 -6.2595e-99 -1.7194e-101 -4.3607e-104 -1.0211e-106 -2.2077e-109 -4.4069e-112 -8.1220e-115 -1.3821e-117 -2.1713e-120 -3.1495e-123 -4.2179e-126 -5.2153e-129 -5.9543e-132 -6.2756e-135 -6.1065e-138
-1.4306e-06 -3.0538e-06 -6.7762e-06 -1.4326e-05 -2.8370e-05 -5.2372e-05 -8.9922e-05 -1.4339e-04 -2.1213e-04 -2.9089e-04 -3.6954e-04 -4.3465e-04 -4.7316e-04 1.9749e-02 -4.4398e-04 -3.8250e-04 -3.0468e-04 -2.2435e-04 -1.5269e-04 -9.6045e-05 -5.5828e-05 -2.9985e-05 -1.4880e-05 -6.8218e-06 -2.8893e-06 -1.1304e-06 -4.0853e-07 -1.3638e-07 -4.2049e-08 -1.1974e-08 -3.1494e-09 -7.6500e-10 -1.7161e-10 -3.5552e-11 -6.8016e-12 -1.2016e-12 -1.9604e-13 -2.9534e-14 -4.1086e-15 -5.2778e-16 -6.2602e-17 -6.8566e-18 -6.9341e-19 -6.4751e-20 -5.5829e-21 -4.4445e-22 -3.2670e-23 -2.2173e-24 -1.3894e-25 -8.0387e-27 -4.2941e-28 -2.1179e-29 -9.6442e-31 -4.0546e-32 -1.5739e-33 -5.6404e-35 -1.8662e-36 -5.7010e-38 -1.6079e-39 -4.1866e-41 -1.0064e-42 -2.2337e-44 -4.5770e-46 -8.6584e-48 -1.5122e-49 -2.4382e-51 -3.6295e-53 -4.9880e-55 -6.3285e-57 -7.4128e-59 -8.0160e-61 -8.0026e-63 -7.3757e-65 -6.2758e-67 -4.9298e-69 -3.5751e-71 -2.3935e-73 -1.4793e-75 -8.4411e-78 -4.4465e-80 -2.1624e-82 -9.7078e-85 -4.0235e-87 -1.5395e-89 -5.4379e-92 -1.7733e-94 -5.3383e-97 -1.4836e-99 -3.8063e-102 -9.0154e-105 -1.9713e-107 -3.9791e-110 -7.4150e-113 -1.2756e-115 -2.0258e-118 -2.9700e-121 -4.0198e-124 -5.0225e-127 -5.7933e-130 -6.1688e-133 -1.1018e-06 -1.4869e-06 -2.2353e-06 -3.5007e-06 -5.4733e-06 -8.3310e-06 -1.2159e-05 -1.6855e-05 -2.2047e-05 -2.7093e-05 -3.1176e-05 -3.3511e-05 -3.3587e-05 0.0000e+00 -2.7199e-05 -2.1930e-05 -1.6415e-05 -1.1400e-05 -7.3415e-06 -4.3821e-06 -2.4234e-06 -1.2413e-06 -5.8871e-07 -2.5845e-07 -1.0501e-07 -3.9479e-08 -1.3731e-08 -4.4174e-09 -1.3144e-09 -3.6164e-10 -9.2004e-11 -2.1640e-11 -4.7055e-12 -9.4578e-13 -1.7571e-13 -3.0169e-14 -4.7874e-15 -7.0204e-16 -9.5131e-17 -1.1911e-17 -1.3780e-18 -1.4730e-19 -1.4547e-20 -1.3272e-21 -1.1186e-22 -8.7101e-24 -6.2649e-25 -4.1625e-26 -2.5547e-27 -1.4482e-28 -7.5833e-30 -3.6676e-31 -1.6383e-32 -6.7593e-34 -2.5756e-35 -9.0643e-37 -2.9461e-38 -8.8434e-40 -2.4515e-41 -6.2762e-43 -1.4839e-44 -3.2398e-46 -6.5324e-48 -1.2163e-49 -2.0914e-51 -3.3207e-53 -4.8689e-55 -6.5922e-57 -8.2419e-59 -9.5151e-61 -1.0144e-62 -9.9852e-65 -9.0761e-67 -7.6177e-69 -5.9036e-71 -4.2246e-73 -2.7914e-75 -1.7031e-77 -9.5939e-80 -4.9902e-82 -2.3966e-84 -1.0628e-86 -4.3514e-89 -1.6450e-91 -5.7420e-94 -1.8506e-96 -5.5066e-99 -1.5129e-101 -3.8377e-104 -8.9881e-107 -1.9438e-109 -3.8808e-112 -7.1534e-115 -1.2174e-117 -1.9129e-120 -2.7751e-123 -3.7171e-126 -4.5967e-129 -5.2483e-132 -5.5324e-135
-4.7319e-07 -1.0998e-06 -2.6436e-06 -6.0434e-06 -1.2941e-05 -2.5844e-05 -4.8018e-05 -8.2878e-05 -1.3273e-04 -1.9707e-04 -2.7107e-04 -3.4526e-04 -4.0703e-04 -4.4398e-04 2.2655e-02 -4.1799e-04 -3.6061e-04 -2.8760e-04 -2.1201e-04 -1.4445e-04 -9.0943e-05 -5.2907e-05 -2.8438e-05 -1.4123e-05 -6.4790e-06 -2.7458e-06 -1.0749e-06 -3.8869e-07 -1.2982e-07 -4.0045e-08 -1.1409e-08 -3.0019e-09 -7.2946e-10 -1.6370e-10 -3.3924e-11 -6.4924e-12 -1.1474e-12 -1.8724e-13 -2.8217e-14 -3.9264e-15 -5.0450e-16 -5.9856e-17 -6.5573e-18 -6.6330e-19 -6.1952e-20 -5.3426e-21 -4.2541e-22 -3.1276e-23 -2.1231e-24 -1.3306e-25 -7.6998e-27 -4.1138e-28 -2.0292e-29 -9.2419e-31 -3.8861e-32 -1.5086e-33 -5.4073e-35 -1.7894e-36 -5.4669e-38 -1.5420e-39 -4.0156e-41 -9.6545e-43 -2.1430e-44 -4.3915e-46 -8.3084e-48 -1.4512e-49 -2.3401e-51 -3.4838e-53 -4.7882e-55 -6.0756e-57 -7.1171e-59 -7.6969e-61 -7.6847e-63 -7.0833e-65 -6.0275e-67 -4.7351e-69 -3.4341e-71 -2.2993e-73 -1.4212e-75 -8.1100e-78 -4.2724e-80 -2.0778e-82 -9.3289e-85 -3.8667e-87 -1.4796e-89 -5.2266e-92 -1.7045e-94 -5.1315e-97 -1.4262e-99 -3.6593e-102 -8.6675e-105 -1.8953e-107 -3.8260e-110 -7.1299e-113 -1.2266e-115 -1.9481e-118 -2.8563e-121 -3.8660e-124 -4.8306e-127 -5.5721e-130 -3.5308e-07 -5.0349e-07 -8.1230e-07 -1.3728e-06 -2.3208e-06 -3.8224e-06 -6.0392e-06 -9.0639e-06 -1.2839e-05 -1.7086e-05 -2.1293e-05 -2.4789e-05 -2.6910e-05 -2.7199e-05 0.0000e+00 -2.2328e-05 -1.8103e-05 -1.3619e-05 -9.5000e-06 -6.1424e-06 -3.6796e-06 -2.0416e-06 -1.0488e-06 -4.9879e-07 -2.1953e-07 -8.9404e-08 -3.3684e-08 -1.1739e-08 -3.7835e-09 -1.1277e-09 -3.1078e-10 -7.9185e-11 -1.8652e-11 -4.0610e-12 -8.1728e-13 -1.5201e-13 -2.6131e-14 -4.1510e-15 -6.0932e-16 -8.2647e-17 -1.0358e-17 -1.1993e-18 -1.2830e-19 -1.2681e-20 -1.1578e-21 -9.7659e-23 -7.6093e-24 -5.4768e-25 -3.6412e-26 -2.2361e-27 -1.2684e-28 -6.6452e-30 -3.2156e-31 -1.4372e-32 -5.9324e-34 -2.2616e-35 -7.9630e-37 -2.5893e-38 -7.7759e-40 -2.1565e-41 -5.5232e-43 -1.3063e-44 -2.8533e-46 -5.7552e-48 -1.0720e-49 -1.8438e-51 -2.9286e-53 -4.2955e-55 -5.8176e-57 -7.2758e-59 -8.4023e-61 -8.9599e-63 -8.8224e-65 -8.0214e-67 -6.7343e-69 -5.2204e-71 -3.7366e-73 -2.4696e-75 -1.5071e-77 -8.4918e-80 -4.4180e-82 -2.1223e-84 -9.4133e-87 -3.8550e-89 -1.4578e-91 -5.0895e-94 -1.6405e-96 -4.8823e-99 -1.3416e-101 -3.4039e-104 -7.9735e-107 -1.7245e-109 -3.4436e-112 -6.3488e-115 -1.0807e-117 -1.6984e-120 -2.4643e-123 -3.3013e-126 -4.0832e-129 -4.6627e-132
-1.4478e-07 -3.6625e-07 -9.5308e-07 -2.3557e-06 -5.4557e-06 -1.1787e-05 -2.3702e-05 -4.4284e-05 -7.6784e-05 -1.2344e-04 -1.8386e-04 -2.5360e-04 -3.2378e-04 -3.8250e-04 -4.1799e-04 2.5760e-02 -3.9472e-04 -3.4098e-04 -2.7226e-04 -2.0092e-04 -1.3702e-04 -8.6343e-05 -5.0272e-05 -2.7042e-05 -1.3438e-05 -6.1691e-06 -2.6160e-06 -1.0247e-06 -3.7071e-07 -1.2387e-07 -3.8228e-08 -1.0896e-08 -2.8681e-09 -6.9721e-10 -1.5652e-10 -3.2447e-11 -6.2117e-12 -1.0981e-12 -1.7926e-13 -2.7020e-14 -3.7609e-15 -4.8336e-16 -5.7361e-17 -6.2855e-18 -6.3594e-19 -5.9409e-20 -5.1243e-21 -4.0811e-22 -3.0009e-23 -2.0374e-24 -1.2772e-25 -7.3917e-27 -3.9498e-28 -1.9487e-29 -8.8762e-31 -3.7328e-32 -1.4494e-33 -5.1955e-35 -1.7195e-36 -5.2540e-38 -1.4822e-39 -3.8602e-41 -9.2819e-43 -2.0605e-44 -4.2229e-46 -7.9903e-48 -1.3958e-49 -2.2510e-51 -3.3514e-53 -4.6066e-55 -5.8457e-57 -6.8484e-59 -7.4069e-61 -7.3958e-63 -6.8175e-65 -5.8018e-67 -4.5581e-69 -3.3060e-71 -2.2137e-73 -1.3684e-75 -7.8091e-78 -4.1141e-80 -2.0010e-82 -8.9845e-85 -3.7242e-87 -1.4251e-89 -5.0346e-92 -1.6419e-94 -4.9435e-97 -1.3740e-99 -3.5256e-102 -8.3514e-105 -1.8263e-107 -3.6868e-110 -6.8709e-113 -1.1821e-115 -1.8775e-118 -2.7529e-121 -3.7263e-124 -4.6562e-127 -1.0459e-07 -1.5795e-07 -2.7385e-07 -4.9976e-07 -9.1377e-07 -1.6289e-06 -2.7861e-06 -4.5277e-06 -6.9451e-06 -1.0010e-05 -1.3511e-05 -1.7036e-05 -2.0031e-05 -2.1930e-05 -2.2328e-05 0.0000e+00 -1.8551e-05 -1.5116e-05 -1.1422e-05 -7.9998e-06 -5.1912e-06 -3.1200e-06 -1.7363e-06 -8.9447e-07 -4.2645e-07 -1.8813e-07 -7.6781e-08 -2.8986e-08 -1.0120e-08 -3.2675e-09 -9.7547e-10 -2.6924e-10 -6.8699e-11 -1.6203e-11 -3.5324e-12 -7.1175e-13 -1.3254e-13 -2.2807e-14 -3.6266e-15 -5.3287e-16 -7.2343e-17 -9.0742e-18 -1.0516e-18 -1.1259e-19 -1.1136e-20 -1.0175e-21 -8.5883e-23 -6.6962e-24 -4.8226e-25 -3.2083e-26 -1.9714e-27 -1.1188e-28 -5.8650e-30 -2.8396e-31 -1.2697e-32 -5.2438e-34 -2.0001e-35 -7.0452e-37 -2.2919e-38 -6.8856e-40 -1.9104e-41 -4.8947e-43 -1.1581e-44 -2.5306e-46 -5.1060e-48 -9.5140e-50 -1.6370e-51 -2.6009e-53 -3.8160e-55 -5.1699e-57 -6.4676e-59 -7.4712e-61 -7.9693e-63 -7.8492e-65 -7.1385e-67 -5.9945e-69 -4.6481e-71 -3.3279e-73 -2.2000e-75 -1.3430e-77 -7.5688e-80 -3.9386e-82 -1.8923e-84 -8.3949e-87 -3.4387e-89 -1.3005e-91 -4.5413e-94 -1.4641e-96 -4.3585e-99 -1.1979e-101 -3.0398e-104 -7.1219e-107 -1.5406e-109 -3.0769e-112 -5.6736e-115 -9.6592e-118 -1.5183e-120 -2.2033e-123 -2.9521e-126 -3.6519e-129
