1.0020e-04 -1.0365e-04 -8.6214e-05 -6.6595e-05 -4.7761e-05 -3.1792e-05 -1.9635e-05 -1.1247e-05 -5.9729e-06 -2.9395e-06 -1.3401e-06 -5.6575e-07 -2.2109e-07 -7.9954e-08 -2.6748e-08 -8.2760e-09 -2.3676e-09 -6.2611e-10 -1.5303e-10 -3.4563e-11 -7.2124e-12 -1.3904e-12 -2.4758e-13 -4.0720e-14 -6.1850e-15 -8.6756e-16 -1.1237e-16 -1.3440e-17 -1.4841e-18 -1.5132e-19 -1.4245e-20 -1.2380e-21 -9.9327e-23 -7.3574e-24 -5.0311e-25 -3.1760e-26 -1.8509e-27 -9.9575e-29 -4.9452e-30 -2.2672e-31 -9.5950e-33 -3.7486e-34 -1.3519e-35 -4.5008e-37 -1.3832e-38 -3.9241e-40 -1.0276e-41 -2.4843e-43 -5.5440e-45 -1.1421e-46 -2.1718e-48 -3.8124e-50 -6.1778e-52 -9.2410e-54 -1.2760e-55 -1.6265e-57 -1.9139e-59 -2.0788e-61 -2.0844e-63 -1.9293e-65 -1.6484e-67 -1.3001e-69 -9.4661e-72 -6.3622e-74 -3.9473e-76 -2.2607e-78 -1.1952e-80 -5.8334e-83 -2.6281e-85 -1.0930e-87 -4.1961e-90 -1.4871e-92 -4.8650e-95 -1.4692e-97 -4.0958e-100 -1.0541e-102 -2.5040e-105 -5.4913e-108 -1.1116e-110 -2.0774e-113 -3.5836e-116 -5.7067e-119 -8.3891e-122 -1.1384e-124 -1.4261e-127 -1.6491e-130 -1.7603e-133 -1.7347e-136 -1.5779e-139 -1.3250e-142 -1.0271e-145 -7.3497e-149 -4.8549e-152 -2.9604e-155 -1.6664e-158 -8.6590e-162 -4.1535e-165 -1.8392e-168 -7.5177e-172 -2.8367e-175 0.0000e+00 1.0234e-04 8.3789e-05 6.3325e-05 4.4179e-05 2.8451e-05 1.6913e-05 9.2801e-06 4.7002e-06 2.1973e-06 9.4810e-07 3.7758e-07 1.3878e-07 4.7077e-08 1.4737e-08 4.2574e-09 1.1349e-09 2.7915e-10 6.3352e-11 1.3264e-11 2.5620e-12 4.5646e-13 7.5009e-14 1.1368e-14 1.5886e-15 2.0467e-16 2.4310e-17 2.6611e-18 2.6843e-19 2.4944e-20 2.1348e-21 1.6822e-22 1.2199e-23 8.1374e-25 4.9906e-26 2.8119e-27 1.4544e-28 6.8976e-30 2.9954e-31 1.1889e-32 4.3023e-34 1.4143e-35 4.2017e-37 1.1188e-38 2.6333e-40 5.3330e-42 8.7266e-44 9.2379e-46 -4.1628e-48 -5.6375e-49 -1.9233e-50 -4.7760e-52 -9.8641e-54 -1.7733e-55 -2.8338e-57 -4.0722e-59 -5.2987e-61 -6.2715e-63 -6.7731e-65 -6.6895e-67 -6.0521e-69 -5.0220e-71 -3.8259e-73 -2.6780e-75 -1.7234e-77 -1.0202e-79 -5.5581e-82 -2.7875e-84 -1.2874e-86 -5.4767e-89 -2.1465e-91 -7.7524e-94 -2.5805e-96 -7.9179e-99 -2.2397e-101 -5.8414e-104 -1.4048e-106 -3.1156e-109 -6.3724e-112 -1.2022e-114 -2.0918e-117 -3.3577e-120 -4.9717e-123 -6.7914e-126 -8.5589e-129 -9.9516e-132 -1.0676e-134 -1.0567e-137 -9.6515e-141 -8.1339e-144 -6.3255e-147 -4.5392e-150 -3.0060e-153 -1.8370e-156 -1.0360e-159 -5.3918e-163 -2.5897e-166 -1.1479e-169 -4.6962e-173 -1.7731e-176
-1.0365e-04 4.0077e-04 -8.3031e-05 -6.8042e-05 -5.2365e-05 -3.7728e-05 -2.5373e-05 -1.5889e-05 -9.2443e-06 -4.9891e-06 -2.4944e-06 -1.1542e-06 -4.9394e-07 -1.9538e-07 -7.1406e-08 -2.4106e-08 -7.5152e-09 -2.1634e-09 -5.7500e-10 -1.4109e-10 -3.1961e-11 -6.6834e-12 -1.2901e-12 -2.2989e-13 -3.7815e-14 -5.7419e-15 -8.0480e-16 -1.0413e-16 -1.2437e-17 -1.3711e-18 -1.3954e-19 -1.3110e-20 -1.1369e-21 -9.1019e-23 -6.7264e-24 -4.5888e-25 -2.8898e-26 -1.6799e-27 -9.0154e-29 -4.4662e-30 -2.0425e-31 -8.6226e-33 -3.3603e-34 -1.2089e-35 -4.0148e-37 -1.2309e-38 -3.4835e-40 -9.1010e-42 -2.1950e-43 -4.8870e-45 -1.0044e-46 -1.9057e-48 -3.3379e-50 -5.3971e-52 -8.0558e-54 -1.1100e-55 -1.4119e-57 -1.6579e-59 -1.7972e-61 -1.7984e-63 -1.6613e-65 -1.4167e-67 -1.1153e-69 -8.1050e-72 -5.4374e-74 -3.3674e-76 -1.9252e-78 -1.0160e-80 -4.9503e-83 -2.2264e-85 -9.2440e-88 -3.5431e-90 -1.2536e-92 -4.0947e-95 -1.2346e-97 -3.4367e-100 -8.8307e-103 -2.0947e-105 -4.5869e-108 -9.2722e-111 -1.7303e-113 -2.9807e-116 -4.7400e-119 -6.9585e-122 -9.4301e-125 -1.1797e-127 -1.3624e-130 -1.4525e-133 -1.4295e-136 -1.2988e-139 -1.0893e-142 -8.4334e-146 -6.0275e-149 -3.9769e-152 -2.4222e-155 -1.3619e-158 -7.0689e-162 -3.3870e-165 -1.4981e-168 -6.1172e-172 1.0234e-04 0.0000e+00 7.4305e-05 5.6141e-05 3.9143e-05 2.5180e-05 1.4940e-05 8.1736e-06 4.1216e-06 1.9147e-06 8.1892e-07 3.2222e-07 1.1653e-07 3.8686e-08 1.1771e-08 3.2755e-09 8.3119e-10 1.9154e-10 3.9831e-11 7.3991e-12 1.2059e-12 1.6614e-13 1.7534e-14 8.5485e-16 -1.8666e-16 -7.1932e-17 -1.5443e-17 -2.6070e-18 -3.7520e-19 -4.7542e-20 -5.3901e-21 -5.5183e-22 -5.1309e-23 -4.3495e-24 -3.3705e-25 -2.3922e-26 -1.5574e-27 -9.3100e-29 -5.1150e-30 -2.5846e-31 -1.2017e-32 -5.1440e-34 -2.0279e-35 -7.3645e-37 -2.4646e-38 -7.6019e-40 -2.1616e-41 -5.6670e-43 -1.3700e-44 -3.0547e-46 -6.2818e-48 -1.1916e-49 -2.0853e-51 -3.3668e-53 -5.0150e-55 -6.8927e-57 -8.7413e-59 -1.0230e-60 -1.1047e-62 -1.1010e-64 -1.0126e-66 -8.5953e-69 -6.7335e-71 -4.8685e-73 -3.2489e-75 -2.0011e-77 -1.1376e-79 -5.9695e-82 -2.8913e-84 -1.2926e-86 -5.3339e-89 -2.0317e-91 -7.1436e-94 -2.3185e-96 -6.9460e-99 -1.9209e-101 -4.9037e-104 -1.1555e-106 -2.5136e-109 -5.0474e-112 -9.3561e-115 -1.6009e-117 -2.5288e-120 -3.6874e-123 -4.9634e-126 -6.1675e-129 -7.0745e-132 -7.4913e-135 -7.3228e-138 -6.6080e-141 -5.5047e-144 -4.2331e-147 -3.0051e-150 -1.9694e-153 -1.1914e-156 -6.6541e-160 -3.4307e-163 -1.6328e-166 -7.1741e-170 -2.9099e-173
-8.6214e-05 -8.3031e-05 9.0169e-04 -6.8745e-05 -5.7900e-05 -4.5787e-05 -3.3794e-05 -2.3184e-05 -1.4743e-05 -8.6766e-06 -4.7204e-06 -2.3725e-06 -1.1012e-06 -4.7189e-07 -1.8669e-07 -6.8177e-08 -2.2983e-08 -7.1515e-09 -2.0542e-09 -5.4464e-10 -1.3330e-10 -3.0117e-11 -6.2811e-12 -1.2093e-12 -2.1491e-13 -3.5260e-14 -5.3403e-15 -7.4666e-16 -9.6372e-17 -1.1483e-17 -1.2631e-18 -1.2827e-19 -1.2024e-20 -1.0406e-21 -8.3136e-23 -6.1317e-24 -4.1750e-25 -2.6243e-26 -1.5229e-27 -8.1581e-29 -4.0346e-30 -1.8420e-31 -7.7639e-33 -3.0209e-34 -1.0852e-35 -3.5985e-37 -1.1016e-38 -3.1135e-40 -8.1232e-42 -1.9566e-43 -4.3506e-45 -8.9305e-47 -1.6924e-48 -2.9607e-50 -4.7816e-52 -7.1290e-54 -9.8123e-56 -1.2468e-57 -1.4625e-59 -1.5837e-61 -1.5832e-63 -1.4611e-65 -1.2448e-67 -9.7903e-70 -7.1085e-72 -4.7646e-74 -2.9482e-76 -1.6841e-78 -8.8810e-81 -4.3234e-83 -1.9430e-85 -8.0608e-88 -3.0873e-90 -1.0915e-92 -3.5627e-95 -1.0735e-97 -2.9860e-100 -7.6676e-103 -1.8176e-105 -3.9775e-108 -8.0353e-111 -1.4985e-113 -2.5799e-116 -4.1002e-119 -6.0157e-122 -8.1478e-125 -1.0187e-127 -1.1759e-130 -1.2529e-133 -1.2324e-136 -1.1191e-139 -9.3812e-143 -7.2595e-146 -5.1860e-149 -3.4200e-152 -2.0820e-155 -1.1701e-158 -6.0705e-162 -2.9073e-165 -1.2854e-168 8.3789e-05 7.4305e-05 0.0000e+00 4.5880e-05 3.1901e-05 2.0414e-05 1.2004e-05 6.4721e-06 3.1894e-06 1.4303e-06 5.7972e-07 2.1005e-07 6.6701e-08 1.7804e-08 3.5541e-09 2.5351e-10 -2.0353e-10 -1.3723e-10 -5.6872e-11 -1.8885e-11 -5.3876e-12 -1.3591e-12 -3.0769e-13 -6.3041e-14 -1.1752e-14 -2.0005e-15 -3.1173e-16 -4.4544e-17 -5.8447e-18 -7.0491e-19 -7.8208e-20 -7.9868e-21 -7.5113e-22 -6.5080e-23 -5.1966e-24 -3.8250e-25 -2.5959e-26 -1.6247e-27 -9.3790e-29 -4.9944e-30 -2.4536e-31 -1.1121e-32 -4.6514e-34 -1.7952e-35 -6.3941e-37 -2.1018e-38 -6.3763e-40 -1.7854e-41 -4.6143e-43 -1.1007e-44 -2.4238e-46 -4.9265e-48 -9.2433e-50 -1.6009e-51 -2.5596e-53 -3.7777e-55 -5.1471e-57 -6.4740e-59 -7.5172e-61 -8.0578e-63 -7.9738e-65 -7.2845e-67 -6.1437e-69 -4.7834e-71 -3.4383e-73 -2.2817e-75 -1.3978e-77 -7.9057e-80 -4.1279e-82 -1.9898e-84 -8.8552e-87 -3.6382e-89 -1.3800e-91 -4.8323e-94 -1.5622e-96 -4.6625e-99 -1.2847e-101 -3.2681e-104 -7.6749e-107 -1.6640e-109 -3.3307e-112 -6.1550e-115 -1.0500e-117 -1.6538e-120 -2.4048e-123 -3.2282e-126 -4.0007e-129 -4.5773e-132 -4.8349e-135 -4.7148e-138 -4.2446e-141 -3.5278e-144 -2.7068e-147 -1.9174e-150 -1.2539e-153 -7.5706e-157 -4.2196e-160 -2.1713e-163 -1.0315e-166 -4.5235e-170
-6.6595e-05 -6.8042e-05 -6.8745e-05 1.6029e-03 -6.2008e-05 -5.3702e-05 -4.3258e-05 -3.2288e-05 -2.2285e-05 -1.4209e-05 -8.3655e-06 -4.5465e-06 -2.2808e-06 -1.0561e-06 -4.5141e-07 -1.7810e-07 -6.4864e-08 -2.1807e-08 -6.7682e-09 -1.9392e-09 -5.1291e-10 -1.2524e-10 -2.8233e-11 -5.8758e-12 -1.1289e-12 -2.0025e-13 -3.2793e-14 -4.9578e-15 -6.9200e-16 -8.9173e-17 -1.0609e-17 -1.1652e-18 -1.1815e-19 -1.1061e-20 -9.5595e-22 -7.6277e-23 -5.6190e-24 -3.8214e-25 -2.3993e-26 -1.3908e-27 -7.4428e-29 -3.6771e-30 -1.6772e-31 -7.0624e-33 -2.7455e-34 -9.8536e-36 -3.2648e-37 -9.9867e-39 -2.8202e-40 -7.3525e-42 -1.7696e-43 -3.9320e-45 -8.0659e-47 -1.5275e-48 -2.6705e-50 -4.3101e-52 -6.4222e-54 -8.8342e-56 -1.1219e-57 -1.3152e-59 -1.4234e-61 -1.4222e-63 -1.3119e-65 -1.1171e-67 -8.7816e-70 -6.3730e-72 -4.2697e-74 -2.6408e-76 -1.5078e-78 -7.9479e-81 -3.8675e-83 -1.7374e-85 -7.2051e-88 -2.7584e-90 -9.7492e-93 -3.1809e-95 -9.5810e-98 -2.6641e-100 -6.8386e-103 -1.6205e-105 -3.5451e-108 -7.1594e-111 -1.3348e-113 -2.2972e-116 -3.6499e-119 -5.3534e-122 -7.2487e-125 -9.0606e-128 -1.0455e-130 -1.1137e-133 -1.0952e-136 -9.9427e-140 -8.3325e-143 -6.4464e-146 -4.6040e-149 -3.0354e-152 -1.8475e-155 -1.0380e-158 -5.3841e-162 -2.5780e-165 6.3325e-05 5.6141e-05 4.5880e-05 0.0000e+00 2.3797e-05 1.4992e-05 8.5653e-06 4.3873e-06 1.9731e-06 7.4516e-07 2.0796e-07 1.6906e-08 -2.8573e-08 -2.6441e-08 -1.5652e-08 -7.4966e-09 -3.0996e-09 -1.1369e-09 -3.7508e-10 -1.1222e-10 -3.0599e-11 -7.6297e-12 -1.7437e-12 -3.6587e-13 -7.0565e-14 -1.2521e-14 -2.0456e-15 -3.0786e-16 -4.2697e-17 -5.4591e-18 -6.4364e-19 -6.9991e-20 -7.0212e-21 -6.4984e-22 -5.5499e-23 -4.3741e-24 -3.1816e-25 -2.1359e-26 -1.3236e-27 -7.5709e-29 -3.9976e-30 -1.9485e-31 -8.7681e-33 -3.6424e-34 -1.3969e-35 -4.9460e-37 -1.6168e-38 -4.8794e-40 -1.3596e-41 -3.4975e-43 -8.3070e-45 -1.8216e-46 -3.6881e-48 -6.8941e-50 -1.1898e-51 -1.8960e-53 -2.7894e-55 -3.7889e-57 -4.7518e-59 -5.5022e-61 -5.8823e-63 -5.8062e-65 -5.2914e-67 -4.4523e-69 -3.4588e-71 -2.4808e-73 -1.6429e-75 -1.0045e-77 -5.6702e-80 -2.9552e-82 -1.4220e-84 -6.3174e-87 -2.5912e-89 -9.8129e-92 -3.4309e-94 -1.1075e-96 -3.3007e-99 -9.0820e-102 -2.3072e-104 -5.4112e-107 -1.1717e-109 -2.3425e-112 -4.3235e-115 -7.3675e-118 -1.1591e-120 -1.6835e-123 -2.2575e-126 -2.7949e-129 -3.1945e-132 -3.3710e-135 -3.2841e-138 -2.9538e-141 -2.4528e-144 -1.8804e-147 -1.3308e-150 -8.6960e-154 -5.2459e-157 -2.9216e-160 -1.5022e-163 -7.1306e-167
-4.7761e-05 -5.2365e-05 -5.7900e-05 -6.2008e-05 2.5042e-03 -5.9183e-05 -5.1755e-05 -4.1842e-05 -3.1239e-05 -2.1530e-05 -1.3696e-05 -8.0415e-06 -4.3583e-06 -2.1804e-06 -1.0070e-06 -4.2934e-07 -1.6900e-07 -6.1412e-08 -2.0604e-08 -6.3822e-09 -1.8252e-09 -4.8194e-10 -1.1749e-10 -2.6445e-11 -5.4956e-12 -1.0545e-12 -1.8680e-13 -3.0552e-14 -4.6137e-15 -6.4327e-16 -8.2806e-17 -9.8415e-18 -1.0799e-18 -1.0940e-19 -1.0233e-20 -8.8371e-22 -7.0457e-23 -5.1864e-24 -3.5247e-25 -2.2115e-26 -1.2811e-27 -6.8513e-29 -3.3829e-30 -1.5421e-31 -6.4899e-33 -2.5216e-34 -9.0453e-36 -2.9955e-37 -9.1586e-39 -2.5852e-40 -6.7367e-42 -1.6207e-43 -3.5997e-45 -7.3811e-47 -1.3973e-48 -2.4419e-50 -3.9398e-52 -5.8683e-54 -8.0695e-56 -1.0244e-57 -1.2006e-59 -1.2990e-61 -1.2975e-63 -1.1964e-65 -1.0185e-67 -8.0046e-70 -5.8075e-72 -3.8898e-74 -2.4052e-76 -1.3730e-78 -7.2354e-81 -3.5200e-83 -1.5809e-85 -6.5547e-88 -2.5089e-90 -8.8654e-93 -2.8919e-95 -8.7089e-98 -2.4211e-100 -6.2137e-103 -1.4722e-105 -3.2200e-108 -6.5017e-111 -1.2119e-113 -2.0854e-116 -3.3129e-119 -4.8583e-122 -6.5772e-125 -8.2200e-128 -9.4838e-131 -1.0101e-133 -9.9318e-137 -9.0149e-140 -7.5539e-143 -5.8432e-146 -4.1726e-149 -2.7507e-152 -1.6740e-155 -9.4042e-159 -4.8772e-162 4.4179e-05 3.9143e-05 3.1901e-05 2.3797e-05 0.0000e+00 9.7558e-06 5.1338e-06 2.1943e-06 5.9473e-07 -1.0628e-07 -3.0415e-07 -2.7883e-07 -1.9029e-07 -1.0926e-07 -5.5066e-08 -2.4846e-08 -1.0143e-08 -3.7699e-09 -1.2809e-09 -3.9893e-10 -1.1409e-10 -3.0002e-11 -7.2619e-12 -1.6190e-12 -3.3262e-13 -6.3005e-14 -1.1007e-14 -1.7738e-15 -2.6374e-16 -3.6190e-17 -4.5831e-18 -5.3573e-19 -5.7808e-20 -5.7584e-21 -5.2956e-22 -4.4962e-23 -3.5247e-24 -2.5511e-25 -1.7049e-26 -1.0520e-27 -5.9938e-29 -3.1533e-30 -1.5318e-31 -6.8708e-33 -2.8457e-34 -1.0883e-35 -3.8432e-37 -1.2532e-38 -3.7732e-40 -1.0490e-41 -2.6930e-43 -6.3835e-45 -1.3972e-46 -2.8237e-48 -5.2693e-50 -9.0794e-52 -1.4445e-53 -2.1221e-55 -2.8785e-57 -3.6051e-59 -4.1690e-61 -4.4515e-63 -4.3888e-65 -3.9951e-67 -3.3578e-69 -2.6058e-71 -1.8672e-73 -1.2353e-75 -7.5455e-78 -4.2556e-80 -2.2160e-82 -1.0654e-84 -4.7294e-87 -1.9384e-89 -7.3349e-92 -2.5627e-94 -8.2665e-97 -2.4619e-99 -6.7697e-102 -1.7186e-104 -4.0284e-107 -8.7176e-110 -1.7418e-112 -3.2130e-115 -5.4720e-118 -8.6041e-121 -1.2491e-123 -1.6741e-126 -2.0716e-129 -2.3666e-132 -2.4962e-135 -2.4307e-138 -2.1853e-141 -1.8138e-144 -1.3899e-147 -9.8334e-151 -6.4228e-154 -3.8730e-157 -2.1562e-160 -1.1082e-163
-3.1792e-05 -3.7728e-05 -4.5787e-05 -5.3702e-05 -5.9183e-05 3.6057e-03 -5.7340e-05 -5.0116e-05 -4.0430e-05 -3.0103e-05 -2.0688e-05 -1.3125e-05 -7.6866e-06 -4.1561e-06 -2.0748e-06 -9.5631e-07 -4.0698e-07 -1.5992e-07 -5.8025e-08 -1.9439e-08 -6.0134e-09 -1.7176e-09 -4.5300e-10 -1.1032e-10 -2.4805e-11 -5.1500e-12 -9.8726e-13 -1.7475e-13 -2.8560e-14 -4.3097e-15 -6.0046e-16 -7.7244e-17 -9.1748e-18 -1.0062e-18 -1.0188e-19 -9.5240e-21 -8.2205e-22 -6.5510e-23 -4.8200e-24 -3.2743e-25 -2.0536e-26 -1.1891e-27 -6.3571e-29 -3.1377e-30 -1.4298e-31 -6.0155e-33 -2.3365e-34 -8.3789e-36 -2.7740e-37 -8.4790e-39 -2.3927e-40 -6.2334e-42 -1.4993e-43 -3.3291e-45 -6.8247e-47 -1.2916e-48 -2.2568e-50 -3.6404e-52 -5.4213e-54 -7.4534e-56 -9.4602e-58 -1.1085e-59 -1.1991e-61 -1.1975e-63 -1.1041e-65 -9.3976e-68 -7.3844e-70 -5.3567e-72 -3.5874e-74 -2.2179e-76 -1.2659e-78 -6.6700e-81 -3.2445e-83 -1.4570e-85 -6.0401e-88 -2.3116e-90 -8.1673e-93 -2.6639e-95 -8.0213e-98 -2.2297e-100 -5.7219e-103 -1.3555e-105 -2.9645e-108 -5.9852e-111 -1.1155e-113 -1.9194e-116 -3.0488e-119 -4.4706e-122 -6.0518e-125 -7.5628e-128 -8.7248e-131 -9.2919e-134 -9.1354e-137 -8.2914e-140 -6.9470e-143 -5.3734e-146 -3.8368e-149 -2.5291e-152 -1.5390e-155 -8.6455e-159 2.8451e-05 2.5180e-05 2.0414e-05 1.4992e-05 9.7558e-06 0.0000e+00 2.1634e-06 1.8636e-07 -7.7581e-07 -1.0438e-06 -9.3364e-07 -6.8421e-07 -4.3611e-07 -2.4794e-07 -1.2736e-07 -5.9547e-08 -2.5453e-08 -9.9762e-09 -3.5924e-09 -1.1901e-09 -3.6306e-10 -1.0207e-10 -2.6458e-11 -6.3260e-12 -1.3955e-12 -2.8410e-13 -5.3384e-14 -9.2602e-15 -1.4830e-15 -2.1927e-16 -2.9937e-17 -3.7741e-18 -4.3935e-19 -4.7231e-20 -4.6888e-21 -4.2986e-22 -3.6393e-23 -2.8453e-24 -2.0544e-25 -1.3698e-26 -8.4347e-28 -4.7963e-29 -2.5187e-30 -1.2214e-31 -5.4699e-33 -2.2621e-34 -8.6390e-36 -3.0467e-37 -9.9221e-39 -2.9839e-40 -8.2865e-42 -2.1250e-43 -5.0320e-45 -1.1003e-46 -2.2218e-48 -4.1424e-50 -7.1319e-52 -1.1338e-53 -1.6643e-55 -2.2559e-57 -2.8235e-59 -3.2630e-61 -3.4820e-63 -3.4308e-65 -3.1212e-67 -2.6219e-69 -2.0337e-71 -1.4564e-73 -9.6307e-76 -5.8800e-78 -3.3147e-80 -1.7253e-82 -8.2914e-85 -3.6791e-87 -1.5073e-89 -5.7015e-92 -1.9912e-94 -6.4209e-97 -1.9116e-99 -5.2547e-102 -1.3336e-104 -3.1248e-107 -6.7603e-110 -1.3503e-112 -2.4901e-115 -4.2397e-118 -6.6647e-121 -9.6726e-124 -1.2961e-126 -1.6034e-129 -1.8313e-132 -1.9311e-135 -1.8800e-138 -1.6898e-141 -1.4023e-144 -1.0743e-147 -7.5990e-151 -4.9624e-154 -2.9918e-157 -1.6653e-160
-1.9635e-05 -2.5373e-05 -3.3794e-05 -4.3258e-05 -5.1755e-05 -5.7340e-05 4.9072e-03 -5.5401e-05 -4.8284e-05 -3.8842e-05 -2.8846e-05 -1.9778e-05 -1.2521e-05 -7.3194e-06 -3.9509e-06 -1.9693e-06 -9.0646e-07 -3.8529e-07 -1.5123e-07 -5.4813e-08 -1.8346e-08 -5.6703e-09 -1.6183e-09 -4.2649e-10 -1.0379e-10 -2.3323e-11 -4.8394e-12 -9.2721e-13 -1.6404e-13 -2.6796e-14 -4.0417e-15 -5.6289e-16 -7.2382e-17 -8.5941e-18 -9.4215e-19 -9.5364e-20 -8.9124e-21 -7.6903e-22 -6.1268e-23 -4.5067e-24 -3.0606e-25 -1.9191e-26 -1.1110e-27 -5.9382e-29 -2.9304e-30 -1.3351e-31 -5.6158e-33 -2.1809e-34 -7.8193e-36 -2.5883e-37 -7.9100e-39 -2.2318e-40 -5.8134e-42 -1.3980e-43 -3.1039e-45 -6.3622e-47 -1.2040e-48 -2.1034e-50 -3.3925e-52 -5.0515e-54 -6.9442e-56 -8.8129e-58 -1.0325e-59 -1.1169e-61 -1.1153e-63 -1.0281e-65 -8.7503e-68 -6.8752e-70 -4.9869e-72 -3.3394e-74 -2.0644e-76 -1.1782e-78 -6.2075e-81 -3.0193e-83 -1.3558e-85 -5.6201e-88 -2.1508e-90 -7.5984e-93 -2.4782e-95 -7.4616e-98 -2.0740e-100 -5.3219e-103 -1.2607e-105 -2.7570e-108 -5.5659e-111 -1.0373e-113 -1.7848e-116 -2.8348e-119 -4.1566e-122 -5.6264e-125 -7.0308e-128 -8.1107e-131 -8.6375e-134 -8.4916e-137 -7.7067e-140 -6.4569e-143 -4.9941e-146 -3.5659e-149 -2.3504e-152 -1.4302e-155 1.6913e-05 1.4940e-05 1.2004e-05 8.5653e-06 5.1338e-06 2.1634e-06 0.0000e+00 -1.3870e-06 -1.9515e-06 -1.9463e-06 -1.6183e-06 -1.1799e-06 -7.7112e-07 -4.5685e-07 -2.4696e-07 -1.2229e-07 -5.5609e-08 -2.3262e-08 -8.9618e-09 -3.1822e-09 -1.0421e-09 -3.1487e-10 -8.7800e-11 -2.2600e-11 -5.3711e-12 -1.1786e-12 -2.3885e-13 -4.4699e-14 -7.7258e-15 -1.2333e-15 -1.8183e-16 -2.4760e-17 -3.1142e-18 -3.6177e-19 -3.8815e-20 -3.8465e-21 -3.5207e-22 -2.9762e-23 -2.3237e-24 -1.6757e-25 -1.1160e-26 -6.8643e-28 -3.8994e-29 -2.0457e-30 -9.9119e-32 -4.4352e-33 -1.8328e-34 -6.9943e-36 -2.4650e-37 -8.0224e-39 -2.4111e-40 -6.6921e-42 -1.7152e-43 -4.0595e-45 -8.8725e-47 -1.7907e-48 -3.3372e-50 -5.7432e-52 -9.1266e-54 -1.3392e-55 -1.8146e-57 -2.2704e-59 -2.6229e-61 -2.7980e-63 -2.7561e-65 -2.5067e-67 -2.1051e-69 -1.6324e-71 -1.1687e-73 -7.7264e-76 -4.7162e-78 -2.6581e-80 -1.3832e-82 -6.6461e-85 -2.9484e-87 -1.2077e-89 -4.5674e-92 -1.5949e-94 -5.1419e-97 -1.5306e-99 -4.2066e-102 -1.0674e-104 -2.5008e-107 -5.4094e-110 -1.0803e-112 -1.9920e-115 -3.3911e-118 -5.3300e-121 -7.7346e-124 -1.0363e-126 -1.2818e-129 -1.4639e-132 -1.5435e-135 -1.5025e-138 -1.3503e-141 -1.1204e-144 -8.5832e-148 -6.0705e-151 -3.9638e-154 -2.3895e-157
-1.1247e-05 -1.5889e-05 -2.3184e-05 -3.2288e-05 -4.1842e-05 -5.0116e-05 -5.5401e-05 6.4087e-03 -5.3223e-05 -4.6270e-05 -3.7142e-05 -2.7531e-05 -1.8846e-05 -1.1914e-05 -6.9556e-06 -3.7504e-06 -1.8675e-06 -8.5885e-07 -3.6477e-07 -1.4307e-07 -5.1823e-08 -1.7335e-08 -5.3551e-09 -1.5276e-09 -4.0242e-10 -9.7891e-11 -2.1989e-11 -4.5611e-12 -8.7361e-13 -1.5451e-13 -2.5233e-14 -3.8049e-15 -5.2979e-16 -6.8111e-17 -8.0853e-18 -8.8620e-19 -8.9684e-20 -8.3802e-21 -7.2299e-22 -5.7591e-23 -4.2356e-24 -2.8762e-25 -1.8032e-26 -1.0438e-27 -5.5782e-29 -2.7524e-30 -1.2539e-31 -5.2737e-33 -2.0478e-34 -7.3416e-36 -2.4300e-37 -7.4255e-39 -2.0949e-40 -5.4565e-42 -1.3121e-43 -2.9129e-45 -5.9703e-47 -1.1297e-48 -1.9735e-50 -3.1829e-52 -4.7391e-54 -6.5144e-56 -8.2670e-58 -9.6855e-60 -1.0476e-61 -1.0460e-63 -9.6428e-66 -8.2064e-68 -6.4475e-70 -4.6765e-72 -3.1314e-74 -1.9358e-76 -1.1047e-78 -5.8202e-81 -2.8308e-83 -1.2711e-85 -5.2689e-88 -2.0163e-90 -7.1231e-93 -2.3231e-95 -6.9944e-98 -1.9441e-100 -4.9884e-103 -1.1817e-105 -2.5841e-108 -5.2167e-111 -9.7222e-114 -1.6727e-116 -2.6567e-119 -3.8954e-122 -5.2728e-125 -6.5888e-128 -7.6005e-131 -8.0940e-134 -7.9572e-137 -7.2215e-140 -6.0503e-143 -4.6795e-146 -3.3412e-149 -2.2023e-152 9.2801e-06 8.1736e-06 6.4721e-06 4.3873e-06 2.1943e-06 1.8636e-07 -1.3870e-06 0.0000e+00 -2.7746e-06 -2.6776e-06 -2.2627e-06 -1.7143e-06 -1.1784e-06 -7.3980e-07 -4.2582e-07 -2.2528e-07 -1.0972e-07 -4.9250e-08 -2.0388e-08 -7.7882e-09 -2.7462e-09 -8.9406e-10 -2.6880e-10 -7.4637e-11 -1.9143e-11 -4.5350e-12 -9.9246e-13 -2.0064e-13 -3.7469e-14 -6.4639e-15 -1.0301e-15 -1.5165e-16 -2.0623e-17 -2.5907e-18 -3.0063e-19 -3.2224e-20 -3.1904e-21 -2.9178e-22 -2.4647e-23 -1.9230e-24 -1.3858e-25 -9.2242e-27 -5.6706e-28 -3.2197e-29 -1.6884e-30 -8.1770e-32 -3.6574e-33 -1.5108e-34 -5.7636e-36 -2.0306e-37 -6.6068e-39 -1.9851e-40 -5.5082e-42 -1.4114e-43 -3.3397e-45 -7.2977e-47 -1.4725e-48 -2.7438e-50 -4.7210e-52 -7.5010e-54 -1.1005e-55 -1.4909e-57 -1.8651e-59 -2.1544e-61 -2.2979e-63 -2.2632e-65 -2.0582e-67 -1.7282e-69 -1.3400e-71 -9.5929e-74 -6.3412e-76 -3.8703e-78 -2.1811e-80 -1.1349e-82 -5.4526e-85 -2.4188e-87 -9.9067e-90 -3.7464e-92 -1.3081e-94 -4.2170e-97 -1.2552e-99 -3.4495e-102 -8.7526e-105 -2.0505e-107 -4.4351e-110 -8.8569e-113 -1.6330e-115 -2.7799e-118 -4.3691e-121 -6.3399e-124 -8.4937e-127 -1.0506e-129 -1.1998e-132 -1.2649e-135 -1.2313e-138 -1.1066e-141 -9.1816e-145 -7.0334e-148 -4.9742e-151 -3.2479e-154
-5.9729e-06 -9.2443e-06 -1.4743e-05 -2.2285e-05 -3.1239e-05 -4.0430e-05 -4.8284e-05 -5.3223e-05 8.1100e-03 -5.0900e-05 -4.4174e-05 -3.5408e-05 -2.6214e-05 -1.7926e-05 -1.1322e-05 -6.6051e-06 -3.5590e-06 -1.7712e-06 -8.1414e-07 -3.4562e-07 -1.3551e-07 -4.9067e-08 -1.6408e-08 -5.0672e-09 -1.4451e-09 -3.8060e-10 -9.2566e-11 -2.0789e-11 -4.3115e-12 -8.2567e-13 -1.4601e-13 -2.3842e-14 -3.5947e-15 -5.0046e-16 -6.4335e-17 -7.6363e-18 -8.3691e-19 -8.4690e-20 -7.9128e-21 -6.8263e-22 -5.4372e-23 -3.9986e-24 -2.7151e-25 -1.7021e-26 -9.8522e-28 -5.2650e-29 -2.5978e-30 -1.1834e-31 -4.9769e-33 -1.9325e-34 -6.9280e-36 -2.2930e-37 -7.0068e-39 -1.9767e-40 -5.1485e-42 -1.2380e-43 -2.7484e-45 -5.6329e-47 -1.0658e-48 -1.8619e-50 -3.0028e-52 -4.4709e-54 -6.1456e-56 -7.7988e-58 -9.1368e-60 -9.8822e-62 -9.8675e-64 -9.0961e-66 -7.7410e-68 -6.0818e-70 -4.4112e-72 -2.9537e-74 -1.8259e-76 -1.0420e-78 -5.4897e-81 -2.6701e-83 -1.1989e-85 -4.9696e-88 -1.9017e-90 -6.7183e-93 -2.1911e-95 -6.5968e-98 -1.8336e-100 -4.7048e-103 -1.1145e-105 -2.4371e-108 -4.9199e-111 -9.1691e-114 -1.5775e-116 -2.5055e-119 -3.6737e-122 -4.9727e-125 -6.2137e-128 -7.1679e-131 -7.6332e-134 -7.5041e-137 -6.8103e-140 -5.7057e-143 -4.4130e-146 -3.1508e-149 4.7002e-06 4.1216e-06 3.1894e-06 1.9731e-06 5.9473e-07 -7.7581e-07 -1.9515e-06 -2.7746e-06 0.0000e+00 -3.1246e-06 -2.7595e-06 -2.2088e-06 -1.6145e-06 -1.0823e-06 -6.6713e-07 -3.7876e-07 -1.9828e-07 -9.5775e-08 -4.2707e-08 -1.7585e-08 -6.6880e-09 -2.3497e-09 -7.6266e-10 -2.2871e-10 -6.3367e-11 -1.6222e-11 -3.8370e-12 -8.3854e-13 -1.6932e-13 -3.1587e-14 -5.4442e-15 -8.6692e-16 -1.2753e-16 -1.7333e-17 -2.1761e-18 -2.5239e-19 -2.7041e-20 -2.6763e-21 -2.4467e-22 -2.0661e-23 -1.6116e-24 -1.1611e-25 -7.7265e-27 -4.7490e-28 -2.6959e-29 -1.4135e-30 -6.8444e-32 -3.0610e-33 -1.2643e-34 -4.8225e-36 -1.6989e-37 -5.5269e-39 -1.6605e-40 -4.6071e-42 -1.1804e-43 -2.7930e-45 -6.1027e-47 -1.2313e-48 -2.2943e-50 -3.9474e-52 -6.2716e-54 -9.2010e-56 -1.2465e-57 -1.5593e-59 -1.8011e-61 -1.9210e-63 -1.8920e-65 -1.7205e-67 -1.4447e-69 -1.1201e-71 -8.0190e-74 -5.3007e-76 -3.2352e-78 -1.8232e-80 -9.4868e-83 -4.5578e-85 -2.0218e-87 -8.2810e-90 -3.1316e-92 -1.0934e-94 -3.5250e-97 -1.0492e-99 -2.8834e-102 -7.3163e-105 -1.7140e-107 -3.7073e-110 -7.4036e-113 -1.3651e-115 -2.3238e-118 -3.6523e-121 -5.2998e-124 -7.1003e-127 -8.7824e-130 -1.0029e-132 -1.0574e-135 -1.0293e-138 -9.2508e-142 -7.6756e-145 -5.8798e-148 -4.1584e-151
-2.9395e-06 -4.9891e-06 -8.6766e-06 -1.4209e-05 -2.1530e-05 -3.0103e-05 -3.8842e-05 -4.6270e-05 -5.0900e-05 1.0011e-02 -4.8536e-05 -4.2079e-05 -3.3700e-05 -2.4933e-05 -1.7040e-05 -1.0757e-05 -6.2731e-06 -3.3790e-06 -1.6812e-06 -7.7258e-07 -3.2791e-07 -1.2854e-07 -4.6538e-08 -1.5561e-08 -4.8049e-09 -1.3702e-09 -3.6084e-10 -8.7754e-11 -1.9707e-11 -4.0869e-12 -7.8264e-13 -1.3839e-13 -2.2597e-14 -3.4070e-15 -4.7432e-16 -6.0973e-17 -7.2372e-18 -7.9316e-19 -8.0261e-20 -7.4990e-21 -6.4692e-22 -5.1528e-23 -3.7895e-24 -2.5731e-25 -1.6131e-26 -9.3368e-28 -4.9896e-29 -2.4619e-30 -1.1215e-31 -4.7166e-33 -1.8315e-34 -6.5657e-36 -2.1731e-37 -6.6404e-39 -1.8734e-40 -4.8793e-42 -1.1733e-43 -2.6047e-45 -5.3385e-47 -1.0101e-48 -1.7646e-50 -2.8459e-52 -4.2373e-54 -5.8246e-56 -7.3915e-58 -8.6596e-60 -9.3661e-62 -9.3523e-64 -8.6212e-66 -7.3369e-68 -5.7643e-70 -4.1810e-72 -2.7996e-74 -1.7306e-76 -9.8764e-79 -5.2034e-81 -2.5308e-83 -1.1364e-85 -4.7104e-88 -1.8026e-90 -6.3680e-93 -2.0768e-95 -6.2529e-98 -1.7380e-100 -4.4596e-103 -1.0564e-105 -2.3101e-108 -4.6636e-111 -8.6915e-114 -1.4954e-116 -2.3750e-119 -3.4824e-122 -4.7137e-125 -5.8902e-128 -6.7947e-131 -7.2358e-134 -7.1135e-137 -6.4559e-140 -5.4088e-143 -4.1834e-146 2.1973e-06 1.9147e-06 1.4303e-06 7.4516e-07 -1.0628e-07 -1.0438e-06 -1.9463e-06 -2.6776e-06 -3.1246e-06 0.0000e+00 -3.0215e-06 -2.5761e-06 -2.0137e-06 -1.4475e-06 -9.5863e-07 -5.8558e-07 -3.3018e-07 -1.7192e-07 -8.2695e-08 -3.6751e-08 -1.5092e-08 -5.7273e-09 -2.0086e-09 -6.5098e-10 -1.9498e-10 -5.3969e-11 -1.3804e-11 -3.2629e-12 -7.1265e-13 -1.4383e-13 -2.6820e-14 -4.6211e-15 -7.3564e-16 -1.0820e-16 -1.4702e-17 -1.8455e-18 -2.1402e-19 -2.2927e-20 -2.2689e-21 -2.0742e-22 -1.7514e-23 -1.3661e-24 -9.8420e-26 -6.5493e-27 -4.0254e-28 -2.2851e-29 -1.1981e-30 -5.8018e-32 -2.5947e-33 -1.0717e-34 -4.0882e-36 -1.4402e-37 -4.6856e-39 -1.4078e-40 -3.9062e-42 -1.0009e-43 -2.3683e-45 -5.1750e-47 -1.0442e-48 -1.9457e-50 -3.3478e-52 -5.3192e-54 -7.8042e-56 -1.0573e-57 -1.3227e-59 -1.5279e-61 -1.6297e-63 -1.6052e-65 -1.4598e-67 -1.2258e-69 -9.5046e-72 -6.8047e-74 -4.4983e-76 -2.7456e-78 -1.5474e-80 -8.0519e-83 -3.8686e-85 -1.7162e-87 -7.0294e-90 -2.6584e-92 -9.2826e-95 -2.9926e-97 -8.9081e-100 -2.4482e-102 -6.2123e-105 -1.4554e-107 -3.1482e-110 -6.2872e-113 -1.1593e-115 -1.9735e-118 -3.1019e-121 -4.5013e-124 -6.0308e-127 -7.4599e-130 -8.5195e-133 -8.9828e-136 -8.7444e-139 -7.8590e-142 -6.5210e-145 -4.9956e-148
-1.3401e-06 -2.4944e-06 -4.7204e-06 -8.3655e-06 -1.3696e-05 -2.0688e-05 -2.8846e-05 -3.7142e-05 -4.4174e-05 -4.8536e-05 1.2112e-02 -4.6210e-05 -4.0041e-05 -3.2056e-05 -2.3709e-05 -1.6200e-05 -1.0225e-05 -5.9622e-06 -3.2113e-06 -1.5976e-06 -7.3414e-07 -3.1159e-07 -1.2214e-07 -4.4221e-08 -1.4786e-08 -4.5659e-09 -1.3021e-09 -3.4291e-10 -8.3395e-11 -1.8729e-11 -3.8842e-12 -7.4384e-13 -1.3154e-13 -2.1479e-14 -3.2385e-15 -4.5088e-16 -5.7962e-17 -6.8800e-18 -7.5405e-19 -7.6306e-20 -7.1298e-21 -6.1509e-22 -4.8995e-23 -3.6033e-24 -2.4467e-25 -1.5339e-26 -8.8790e-28 -4.7451e-29 -2.3413e-30 -1.0666e-31 -4.4860e-33 -1.7419e-34 -6.2450e-36 -2.0670e-37 -6.3164e-39 -1.7820e-40 -4.6415e-42 -1.1161e-43 -2.4779e-45 -5.0787e-47 -9.6102e-49 -1.6789e-50 -2.7077e-52 -4.0316e-54 -5.5419e-56 -7.0329e-58 -8.2397e-60 -8.9122e-62 -8.8992e-64 -8.2037e-66 -6.9817e-68 -5.4854e-70 -3.9787e-72 -2.6642e-74 -1.6470e-76 -9.3993e-79 -4.9521e-81 -2.4086e-83 -1.0815e-85 -4.4832e-88 -1.7156e-90 -6.0610e-93 -1.9768e-95 -5.9517e-98 -1.6543e-100 -4.2449e-103 -1.0055e-105 -2.1990e-108 -4.4393e-111 -8.2735e-114 -1.4235e-116 -2.2609e-119 -3.3151e-122 -4.4873e-125 -5.6074e-128 -6.4685e-131 -6.8886e-134 -6.7722e-137 -6.1462e-140 -5.1494e-143 9.4810e-07 8.1892e-07 5.7972e-07 2.0796e-07 -3.0415e-07 -9.3364e-07 -1.6183e-06 -2.2627e-06 -2.7595e-06 -3.0215e-06 0.0000e+00 -2.7460e-06 -2.3033e-06 -1.7801e-06 -1.2691e-06 -8.3549e-07 -5.0808e-07 -2.8551e-07 -1.4828e-07 -7.1182e-08 -3.1586e-08 -1.2955e-08 -4.9120e-09 -1.7214e-09 -5.5761e-10 -1.6695e-10 -4.6195e-11 -1.1813e-11 -2.7918e-12 -6.0971e-13 -1.2305e-13 -2.2945e-14 -3.9534e-15 -6.2938e-16 -9.2572e-17 -1.2580e-17 -1.5793e-18 -1.8316e-19 -1.9624e-20 -1.9422e-21 -1.7757e-22 -1.4996e-23 -1.1698e-24 -8.4291e-26 -5.6098e-27 -3.4484e-28 -1.9578e-29 -1.0266e-30 -4.9721e-32 -2.2240e-33 -9.1871e-35 -3.5050e-36 -1.2349e-37 -4.0182e-39 -1.2074e-40 -3.3506e-42 -8.5862e-44 -2.0319e-45 -4.4404e-47 -8.9610e-49 -1.6699e-50 -2.8736e-52 -4.5663e-54 -6.7002e-56 -9.0783e-58 -1.1358e-59 -1.3122e-61 -1.3998e-63 -1.3788e-65 -1.2540e-67 -1.0532e-69 -8.1666e-72 -5.8473e-74 -3.8657e-76 -2.3597e-78 -1.3300e-80 -6.9214e-83 -3.3257e-85 -1.4755e-87 -6.0440e-90 -2.2859e-92 -7.9825e-95 -2.5737e-97 -7.6616e-100 -2.1058e-102 -5.3438e-105 -1.2520e-107 -2.7084e-110 -5.4094e-113 -9.9748e-116 -1.6982e-118 -2.6694e-121 -3.8739e-124 -5.1905e-127 -6.4208e-130 -7.3333e-133 -7.7325e-136 -7.5277e-139 -6.7659e-142 -5.6144e-145
-5.6575e-07 -1.1542e-06 -2.3725e-06 -4.5465e-06 -8.0415e-06 -1.3125e-05 -1.9778e-05 -2.7531e-05 -3.5408e-05 -4.2079e-05 -4.6210e-05 1.4413e-02 -4.3969e-05 -3.8095e-05 -3.0496e-05 -2.2555e-05 -1.5412e-05 -9.7283e-06 -5.6728e-06 -3.0556e-06 -1.5203e-06 -6.9869e-07 -2.9658e-07 -1.1627e-07 -4.2099e-08 -1.4078e-08 -4.3477e-09 -1.2400e-09 -3.2659e-10 -7.9434e-11 -1.7841e-11 -3.7004e-12 -7.0871e-13 -1.2534e-13 -2.0468e-14 -3.0864e-15 -4.2973e-16 -5.5248e-17 -6.5584e-18 -7.1885e-19 -7.2750e-20 -6.7980e-21 -5.8651e-22 -4.6721e-23 -3.4363e-24 -2.3335e-25 -1.4630e-26 -8.4691e-28 -4.5263e-29 -2.2335e-30 -1.0175e-31 -4.2798e-33 -1.6620e-34 -5.9586e-36 -1.9723e-37 -6.0273e-39 -1.7005e-40 -4.4295e-42 -1.0652e-43 -2.3649e-45 -4.8474e-47 -9.1728e-49 -1.6025e-50 -2.5846e-52 -3.8485e-54 -5.2904e-56 -6.7141e-58 -7.8664e-60 -8.5087e-62 -8.4966e-64 -7.8329e-66 -6.6664e-68 -5.2378e-70 -3.7993e-72 -2.5441e-74 -1.5728e-76 -8.9761e-79 -4.7292e-81 -2.3003e-83 -1.0329e-85 -4.2818e-88 -1.6386e-90 -5.7890e-93 -1.8881e-95 -5.6849e-98 -1.5802e-100 -4.0548e-103 -9.6054e-106 -2.1006e-108 -4.2408e-111 -7.9037e-114 -1.3599e-116 -2.1599e-119 -3.1671e-122 -4.2871e-125 -5.3573e-128 -6.1802e-131 -6.5816e-134 -6.4705e-137 -5.8725e-140 3.7758e-07 3.2222e-07 2.1005e-07 1.6906e-08 -2.7883e-07 -6.8421e-07 -1.1799e-06 -1.7143e-06 -2.2088e-06 -2.5761e-06 -2.7460e-06 0.0000e+00 -2.4255e-06 -2.0187e-06 -1.5516e-06 -1.1020e-06 -7.2345e-07 -4.3908e-07 -2.4639e-07 -1.2783e-07 -6.1323e-08 -2.7198e-08 -1.1153e-08 -4.2278e-09 -1.4816e-09 -4.7993e-10 -1.4370e-10 -3.9768e-11 -1.0171e-11 -2.4043e-12 -5.2518e-13 -1.0601e-13 -1.9773e-14 -3.4077e-15 -5.4264e-16 -7.9835e-17 -1.0851e-17 -1.3627e-18 -1.5808e-19 -1.6941e-20 -1.6771e-21 -1.5337e-22 -1.2955e-23 -1.0108e-24 -7.2852e-26 -4.8496e-27 -2.9818e-28 -1.6933e-29 -8.8810e-31 -4.3020e-32 -1.9246e-33 -7.9521e-35 -3.0344e-36 -1.0693e-37 -3.4800e-39 -1.0459e-40 -2.9028e-42 -7.4401e-44 -1.7610e-45 -3.8490e-47 -7.7687e-49 -1.4479e-50 -2.4920e-52 -3.9605e-54 -5.8122e-56 -7.8763e-58 -9.8556e-60 -1.1388e-61 -1.2149e-63 -1.1969e-65 -1.0887e-67 -9.1443e-70 -7.0917e-72 -5.0783e-74 -3.3577e-76 -2.0499e-78 -1.1555e-80 -6.0139e-83 -2.8900e-85 -1.2823e-87 -5.2532e-90 -1.9870e-92 -6.9394e-95 -2.2376e-97 -6.6617e-100 -1.8312e-102 -4.6473e-105 -1.0889e-107 -2.3558e-110 -4.7056e-113 -8.6778e-116 -1.4775e-118 -2.3226e-121 -3.3710e-124 -4.5170e-127 -5.5882e-130 -6.3827e-133 -6.7308e-136 -6.5530e-139 -5.8902e-142
-2.2109e-07 -4.9394e-07 -1.1012e-06 -2.2808e-06 -4.3583e-06 -7.6866e-06 -1.2521e-05 -1.8846e-05 -2.6214e-05 -3.3700e-05 -4.0041e-05 -4.3969e-05 1.6914e-02 -4.1843e-05 -3.6258e-05 -2.9030e-05 -2.1475e-05 -1.4677e-05 -9.2662e-06 -5.4044e-06 -2.9117e-06 -1.4490e-06 -6.6603e-07 -2.8277e-07 -1.1088e-07 -4.0154e-08 -1.3430e-08 -4.1481e-09 -1.1833e-09 -3.1169e-10 -7.5823e-11 -1.7033e-11 -3.5331e-12 -6.7677e-13 -1.1970e-13 -1.9550e-14 -2.9484e-15 -4.1056e-16 -5.2789e-17 -6.2672e-18 -6.8700e-19 -6.9533e-20 -6.4980e-21 -5.6068e-22 -4.4667e-23 -3.2855e-24 -2.2313e-25 -1.3991e-26 -8.0995e-28 -4.3291e-29 -2.1363e-30 -9.7332e-32 -4.0942e-33 -1.5900e-34 -5.7009e-36 -1.8872e-37 -5.7674e-39 -1.6273e-40 -4.2390e-42 -1.0194e-43 -2.2635e-45 -4.6396e-47 -8.7801e-49 -1.5340e-50 -2.4742e-52 -3.6843e-54 -5.0649e-56 -6.4282e-58 -7.5318e-60 -8.1471e-62 -8.1359e-64 -7.5006e-66 -6.3839e-68 -5.0160e-70 -3.6385e-72 -2.4366e-74 -1.5064e-76 -8.5973e-79 -4.5298e-81 -2.2034e-83 -9.8942e-86 -4.1016e-88 -1.5697e-90 -5.5458e-93 -1.8088e-95 -5.4464e-98 -1.5139e-100 -3.8849e-103 -9.2032e-106 -2.0127e-108 -4.0634e-111 -7.5734e-114 -1.3031e-116 -2.0698e-119 -3.0350e-122 -4.1084e-125 -5.1340e-128 -5.9227e-131 -6.3076e-134 -6.2013e-137 1.3878e-07 1.1653e-07 6.6701e-08 -2.8573e-08 -1.9029e-07 -4.3611e-07 -7.7112e-07 -1.1784e-06 -1.6145e-06 -2.0137e-06 -2.3033e-06 -2.4255e-06 0.0000e+00 -2.1146e-06 -1.7538e-06 -1.3449e-06 -9.5376e-07 -6.2554e-07 -3.7944e-07 -2.1286e-07 -1.1043e-07 -5.2980e-08 -2.3502e-08 -9.6396e-09 -3.6554e-09 -1.2814e-09 -4.1525e-10 -1.2438e-10 -3.4436e-11 -8.8114e-12 -2.0837e-12 -4.5534e-13 -9.1950e-14 -1.7157e-14 -2.9581e-15 -4.7122e-16 -6.9354e-17 -9.4303e-18 -1.1846e-18 -1.3747e-19 -1.4738e-20 -1.4595e-21 -1.3351e-22 -1.1281e-23 -8.8052e-25 -6.3478e-26 -4.2268e-27 -2.5996e-28 -1.4766e-29 -7.7468e-31 -3.7536e-32 -1.6797e-33 -6.9418e-35 -2.6495e-36 -9.3389e-38 -3.0399e-39 -9.1384e-41 -2.5369e-42 -6.5035e-44 -1.5396e-45 -3.3658e-47 -6.7947e-49 -1.2666e-50 -2.1804e-52 -3.4659e-54 -5.0872e-56 -6.8949e-58 -8.6290e-60 -9.9718e-62 -1.0641e-63 -1.0484e-65 -9.5381e-68 -8.0123e-70 -6.2147e-72 -4.4509e-74 -2.9433e-76 -1.7971e-78 -1.0131e-80 -5.2737e-83 -2.5346e-85 -1.1247e-87 -4.6083e-90 -1.7433e-92 -6.0890e-95 -1.9636e-97 -5.8466e-100 -1.6073e-102 -4.0795e-105 -9.5600e-108 -2.0684e-110 -4.1319e-113 -7.6206e-116 -1.2976e-118 -2.0404e-121 -2.9615e-124 -3.9686e-127 -4.9100e-130 -5.6083e-133 -5.9146e-136 -5.7588e-139
-7.9954e-08 -1.9538e-07 -4.7189e-07 -1.0561e-06 -2.1804e-06 -4.1561e-06 -7.3194e-06 -1.1914e-05 -1.7926e-05 -2.4933e-05 -3.2056e-05 -3.8095e-05 -4.1843e-05 1.9615e-02 -3.9845e-05 -3.4538e-05 -2.7662e-05 -2.0469e-05 -1.3994e-05 -8.8377e-06 -5.1560e-06 -2.7786e-06 -1.3831e-06 -6.3594e-07 -2.7005e-07 -1.0592e-07 -3.8366e-08 -1.2835e-08 -3.9652e-09 -1.1313e-09 -2.9806e-10 -7.2519e-11 -1.6293e-11 -3.3803e-12 -6.4760e-13 -1.1456e-13 -1.8713e-14 -2.8225e-15 -3.9310e-16 -5.0550e-17 -6.0021e-18 -6.5802e-19 -6.6608e-20 -6.2253e-21 -5.3721e-22 -4.2802e-23 -3.1486e-24 -2.1385e-25 -1.3410e-26 -7.7641e-28 -4.1502e-29 -2.0482e-30 -9.3326e-32 -3.9260e-33 -1.5248e-34 -5.4675e-36 -1.8100e-37 -5.5321e-39 -1.5610e-40 -4.0666e-42 -9.7804e-44 -2.1717e-45 -4.4518e-47 -8.4251e-49 -1.4720e-50 -2.3744e-52 -3.5359e-54 -4.8612e-56 -6.1700e-58 -7.2296e-60 -7.8206e-62 -7.8102e-64 -7.2007e-66 -6.1289e-68 -4.8159e-70 -3.4935e-72 -2.3396e-74 -1.4464e-76 -8.2556e-79 -4.3500e-81 -2.1160e-83 -9.5021e-86 -3.9393e-88 -1.5076e-90 -5.3267e-93 -1.7374e-95 -5.2315e-98 -1.4542e-100 -3.7319e-103 -8.8409e-106 -1.9335e-108 -3.9037e-111 -7.2760e-114 -1.2519e-116 -1.9886e-119 -2.9160e-122 -3.9475e-125 -4.9331e-128 -5.6911e-131 -6.0611e-134 4.7077e-08 3.8686e-08 1.7804e-08 -2.6441e-08 -1.0926e-07 -2.4794e-07 -4.5685e-07 -7.3980e-07 -1.0823e-06 -1.4475e-06 -1.7801e-06 -2.0187e-06 -2.1146e-06 0.0000e+00 -1.8338e-06 -1.5193e-06 -1.1644e-06 -8.2563e-07 -5.4157e-07 -3.2860e-07 -1.8442e-07 -9.5724e-08 -4.5949e-08 -2.0395e-08 -8.3703e-09 -3.1760e-09 -1.1141e-09 -3.6123e-10 -1.0827e-10 -2.9992e-11 -7.6786e-12 -1.8168e-12 -3.9724e-13 -8.0259e-14 -1.4983e-14 -2.5846e-15 -4.1192e-16 -6.0653e-17 -8.2510e-18 -1.0369e-18 -1.2038e-19 -1.2911e-20 -1.2791e-21 -1.1705e-22 -9.8941e-24 -7.7251e-25 -5.5711e-26 -3.7109e-27 -2.2830e-28 -1.2972e-29 -6.8075e-31 -3.2994e-32 -1.4769e-33 -6.1053e-35 -2.3308e-36 -8.2178e-38 -2.6757e-39 -8.0454e-41 -2.2340e-42 -5.7283e-44 -1.3564e-45 -2.9659e-47 -5.9887e-49 -1.1166e-50 -1.9226e-52 -3.0566e-54 -4.4873e-56 -6.0830e-58 -7.6144e-60 -8.8008e-62 -9.3927e-64 -9.2560e-66 -8.4223e-68 -7.0762e-70 -5.4895e-72 -3.9321e-74 -2.6006e-76 -1.5881e-78 -8.9543e-81 -4.6616e-83 -2.2407e-85 -9.9447e-88 -4.0751e-90 -1.5418e-92 -5.3858e-95 -1.7371e-97 -5.1727e-100 -1.4224e-102 -3.6105e-105 -8.4616e-108 -1.8309e-110 -3.6577e-113 -6.7468e-116 -1.1490e-118 -1.8065e-121 -2.6224e-124 -3.5146e-127 -4.3489e-130 -4.9681e-133 -5.2400e-136
-2.6748e-08 -7.1406e-08 -1.8669e-07 -4.5141e-07 -1.0070e-06 -2.0748e-06 -3.9509e-06 -6.9556e-06 -1.1322e-05 -1.7040e-05 -2.3709e-05 -3.0496e-05 -3.6258e-05 -3.9845e-05 2.2516e-02 -3.7977e-05 -3.2934e-05 -2.6389e-05 -1.9535e-05 -1.3360e-05 -8.4408e-06 -4.9262e-06 -2.6557e-06 -1.3224e-06 -6.0817e-07 -2.5834e-07 -1.0135e-07 -3.6721e-08 -1.2287e-08 -3.7970e-09 -1.0835e-09 -2.8554e-10 -6.9487e-11 -1.5615e-11 -3.2403e-12 -6.2087e-13 -1.0985e-13 -1.7947e-14 -2.7074e-15 -3.7711e-16 -4.8501e-17 -5.7596e-18 -6.3152e-19 -6.3934e-20 -5.9761e-21 -5.1577e-22 -4.1098e-23 -3.0236e-24 -2.0538e-25 -1.2881e-26 -7.4582e-28 -3.9871e-29 -1.9679e-30 -8.9674e-32 -3.7727e-33 -1.4654e-34 -5.2549e-36 -1.7398e-37 -5.3178e-39 -1.5006e-40 -3.9096e-42 -9.4036e-44 -2.0881e-45 -4.2808e-47 -8.1021e-49 -1.4157e-50 -2.2837e-52 -3.4010e-54 -4.6760e-56 -5.9352e-58 -6.9549e-60 -7.5239e-62 -7.5142e-64 -6.9282e-66 -5.8972e-68 -4.6341e-70 -3.3618e-72 -2.2515e-74 -1.3920e-76 -7.9454e-79 -4.1867e-81 -2.0366e-83 -9.1462e-86 -3.7919e-88 -1.4513e-90 -5.1278e-93 -1.6726e-95 -5.0365e-98 -1.4001e-100 -3.5931e-103 -8.5124e-106 -1.8617e-108 -3.7589e-111 -7.0063e-114 -1.2056e-116 -1.9150e-119 -2.8082e-122 -3.8016e-125 -4.7510e-128 -5.4812e-131 1.4737e-08 1.1771e-08 3.5541e-09 -1.5652e-08 -5.5066e-08 -1.2736e-07 -2.4696e-07 -4.2582e-07 -6.6713e-07 -9.5863e-07 -1.2691e-06 -1.5516e-06 -1.7538e-06 -1.8338e-06 0.0000e+00 -1.5888e-06 -1.3165e-06 -1.0095e-06 -7.1626e-07 -4.7017e-07 -2.8551e-07 -1.6037e-07 -8.3311e-08 -4.0024e-08 -1.7780e-08 -7.3031e-09 -2.7732e-09 -9.7354e-10 -3.1591e-10 -9.4751e-11 -2.6266e-11 -6.7292e-12 -1.5932e-12 -3.4856e-13 -7.0467e-14 -1.3163e-14 -2.2718e-15 -3.6227e-16 -5.3370e-17 -7.2637e-18 -9.1329e-19 -1.0608e-19 -1.1382e-20 -1.1281e-21 -1.0327e-22 -8.7331e-24 -6.8212e-25 -4.9211e-26 -3.2791e-27 -2.0180e-28 -1.1470e-29 -6.0215e-31 -2.9194e-32 -1.3072e-33 -5.4053e-35 -2.0642e-36 -7.2798e-38 -2.3709e-39 -7.1308e-41 -1.9805e-42 -5.0797e-44 -1.2031e-45 -2.6313e-47 -5.3143e-49 -9.9110e-51 -1.7068e-52 -2.7142e-54 -3.9854e-56 -5.4037e-58 -6.7653e-60 -7.8210e-62 -8.3484e-64 -8.2285e-66 -7.4886e-68 -6.2928e-70 -4.8826e-72 -3.4979e-74 -2.3138e-76 -1.4132e-78 -7.9693e-81 -4.1495e-83 -1.9951e-85 -8.8556e-88 -3.6292e-90 -1.3732e-92 -4.7974e-95 -1.5475e-97 -4.6088e-100 -1.2673e-102 -3.2174e-105 -7.5414e-108 -1.6321e-110 -3.2609e-113 -6.0156e-116 -1.0246e-118 -1.6111e-121 -2.3389e-124 -3.1351e-127 -3.8796e-130 -4.4325e-133
-8.2760e-09 -2.4106e-08 -6.8177e-08 -1.7810e-07 -4.2934e-07 -9.5631e-07 -1.9693e-06 -3.7504e-06 -6.6051e-06 -1.0757e-05 -1.6200e-05 -2.2555e-05 -2.9030e-05 -3.4538e-05 -3.7977e-05 2.5616e-02 -3.6239e-05 -3.1443e-05 -2.5206e-05 -1.8668e-05 -1.2773e-05 -8.0733e-06 -4.7135e-06 -2.5419e-06 -1.2662e-06 -5.8252e-07 -2.4752e-07 -9.7134e-08 -3.5204e-08 -1.1783e-08 -3.6419e-09 -1.0395e-09 -2.7401e-10 -6.6696e-11 -1.4991e-11 -3.1114e-12 -5.9629e-13 -1.0552e-13 -1.7242e-14 -2.6015e-15 -3.6242e-16 -4.6620e-17 -5.5370e-18 -6.0720e-19 -6.1480e-20 -5.7475e-21 -4.9609e-22 -3.9535e-23 -2.9090e-24 -1.9762e-25 -1.2395e-26 -7.1778e-28 -3.8376e-29 -1.8943e-30 -8.6328e-32 -3.6323e-33 -1.4110e-34 -5.0602e-36 -1.6754e-37 -5.1216e-39 -1.4454e-40 -3.7659e-42 -9.0587e-44 -2.0117e-45 -4.1244e-47 -7.8066e-49 -1.3642e-50 -2.2007e-52 -3.2776e-54 -4.5066e-56 -5.7205e-58 -6.7038e-60 -7.2526e-62 -7.2437e-64 -6.6791e-66 -5.6855e-68 -4.4680e-70 -3.2414e-72 -2.1710e-74 -1.3423e-76 -7.6621e-79 -4.0376e-81 -1.9642e-83 -8.8213e-86 -3.6573e-88 -1.3998e-90 -4.9462e-93 -1.6134e-95 -4.8586e-98 -1.3507e-100 -3.4664e-103 -8.2125e-106 -1.7962e-108 -3.6268e-111 -6.7602e-114 -1.1633e-116 -1.8479e-119 -2.7099e-122 -3.6686e-125 -4.5849e-128 4.2574e-09 3.2755e-09 2.5351e-10 -7.4966e-09 -2.4846e-08 -5.9547e-08 -1.2229e-07 -2.2528e-07 -3.7876e-07 -5.8558e-07 -8.3549e-07 -1.1020e-06 -1.3449e-06 -1.5193e-06 -1.5888e-06 0.0000e+00 -1.3784e-06 -1.1433e-06 -8.7762e-07 -6.2336e-07 -4.0965e-07 -2.4903e-07 -1.4003e-07 -7.2822e-08 -3.5021e-08 -1.5573e-08 -6.4025e-09 -2.4335e-09 -8.5500e-10 -2.7768e-10 -8.3351e-11 -2.3124e-11 -5.9285e-12 -1.4046e-12 -3.0751e-13 -6.2207e-14 -1.1627e-14 -2.0080e-15 -3.2038e-16 -4.7224e-17 -6.4307e-18 -8.0896e-19 -9.4007e-20 -1.0091e-20 -1.0006e-21 -9.1645e-23 -7.7530e-24 -6.0582e-25 -4.3723e-26 -2.9145e-27 -1.7943e-28 -1.0202e-29 -5.3577e-31 -2.5984e-32 -1.1638e-33 -4.8140e-35 -1.8390e-36 -6.4873e-38 -2.1134e-39 -6.3581e-41 -1.7664e-42 -4.5316e-44 -1.0736e-45 -2.3486e-47 -4.7444e-49 -8.8502e-51 -1.5245e-52 -2.4247e-54 -3.5612e-56 -4.8295e-58 -6.0476e-60 -6.9927e-62 -7.4657e-64 -7.3598e-66 -6.6993e-68 -5.6305e-70 -4.3700e-72 -3.1311e-74 -2.0715e-76 -1.2653e-78 -7.1365e-81 -3.7164e-83 -1.7869e-85 -7.9330e-88 -3.2517e-90 -1.2306e-92 -4.2999e-95 -1.3872e-97 -4.1319e-100 -1.1363e-102 -2.8852e-105 -6.7637e-108 -1.4639e-110 -2.9253e-113 -5.3971e-116 -9.1933e-119 -1.4458e-121 -2.0992e-124 -2.8140e-127 -3.4827e-130
