1.0199e-04 -1.1900e-03 -1.1331e-03 -1.0580e-03 -9.6864e-04 -8.6964e-04 -7.6560e-04 -6.6093e-04 -5.5948e-04 -4.6441e-04 -3.7800e-04 -3.0170e-04 -2.3611e-04 -1.8120e-04 -1.3635e-04 -1.0061e-04 -7.2790e-05 -5.1640e-05 -3.5923e-05 -2.4503e-05 -1.6388e-05 -1.0747e-05 -6.9106e-06 -4.3571e-06 -2.6936e-06 -1.6327e-06 -9.7037e-07 -5.6547e-07 -3.2309e-07 -1.8100e-07 -9.9419e-08 -5.3542e-08 -2.8271e-08 -1.4636e-08 -7.4291e-09 -3.6972e-09 -1.8039e-09 -8.6296e-10 -4.0474e-10 -1.8611e-10 -8.3902e-11 -3.7084e-11 -1.6069e-11 -6.8267e-12 -2.8433e-12 -1.1610e-12 -4.6478e-13 -1.8241e-13 -7.0183e-14 -2.6473e-14 -9.7897e-15 -3.5491e-15 -1.2613e-15 -4.3948e-16 -1.5011e-16 -5.0265e-17 -1.6500e-17 -5.3099e-18 -1.6751e-18 -5.1805e-19 -1.5706e-19 -4.6679e-20 -1.3600e-20 -3.8844e-21 -1.0876e-21 -2.9850e-22 -8.0315e-23 -2.1183e-23 -5.4771e-24 -1.3882e-24 -3.4491e-25 -8.4005e-26 -2.0056e-26 -4.6941e-27 -1.0769e-27 -2.4220e-28 -5.3394e-29 -1.1539e-29 -2.4443e-30 -5.0757e-31 -1.0332e-31 -2.0616e-32 -4.0323e-33 -7.7311e-34 -1.4530e-34 -2.6769e-35 -4.8341e-36 -8.5573e-37 -1.4849e-37 -2.5257e-38 -4.2111e-39 -6.8824e-40 -1.1026e-40 -1.7315e-41 -2.6653e-42 -4.0216e-43 -5.9481e-44 -8.6236e-45 -1.2255e-45 -1.7072e-46 0.0000e+00 1.1890e-03 1.1310e-03 1.0546e-03 9.6381e-04 8.6342e-04 7.5816e-04 6.5256e-04 5.5054e-04 4.5527e-04 3.6904e-04 2.9321e-04 2.2835e-04 1.7432e-04 1.3044e-04 9.5667e-05 6.8777e-05 4.8466e-05 3.3477e-05 2.2665e-05 1.5042e-05 9.7845e-06 6.2388e-06 3.8992e-06 2.3887e-06 1.4343e-06 8.4423e-07 4.8706e-07 2.7544e-07 1.5268e-07 8.2952e-08 4.4177e-08 2.3061e-08 1.1800e-08 5.9181e-09 2.9094e-09 1.4019e-09 6.6217e-10 3.0656e-10 1.3912e-10 6.1880e-11 2.6980e-11 1.1530e-11 4.8298e-12 1.9831e-12 7.9811e-13 3.1484e-13 1.2174e-13 4.6140e-14 1.7141e-14 6.2416e-15 2.2278e-15 7.7938e-16 2.6726e-16 8.9832e-17 2.9596e-17 9.5574e-18 3.0252e-18 9.3858e-19 2.8543e-19 8.5080e-20 2.4858e-20 7.1187e-21 1.9982e-21 5.4979e-22 1.4827e-22 3.9192e-23 1.0154e-23 2.5788e-24 6.4191e-25 1.5662e-25 3.7454e-26 8.7794e-27 2.0171e-27 4.5424e-28 1.0026e-28 2.1692e-29 4.6001e-30 9.5614e-31 1.9479e-31 3.8898e-32 7.6132e-33 1.4605e-33 2.7462e-34 5.0613e-35 9.1430e-36 1.6188e-36 2.8093e-37 4.7786e-38 7.9669e-39 1.3019e-39 2.0851e-40 3.2733e-41 5.0364e-42 7.5953e-43 1.1227e-43 1.6265e-44 2.3096e-45 3.2144e-46 4.3848e-47
-1.1900e-03 4.0790e-04 -1.1055e-03 -1.0365e-03 -9.5409e-04 -8.6214e-04 -7.6477e-04 -6.6595e-04 -5.6924e-04 -4.7761e-04 -3.9333e-04 -3.1792e-04 -2.5220e-04 -1.9635e-04 -1.5002e-04 -1.1247e-04 -8.2744e-05 -5.9729e-05 -4.2303e-05 -2.9395e-05 -2.0039e-05 -1.3401e-05 -8.7916e-06 -5.6575e-06 -3.5711e-06 -2.2109e-06 -1.3425e-06 -7.9954e-07 -4.6699e-07 -2.6748e-07 -1.5025e-07 -8.2760e-08 -4.4701e-08 -2.3676e-08 -1.2296e-08 -6.2611e-09 -3.1260e-09 -1.5303e-09 -7.3448e-10 -3.4563e-10 -1.5946e-10 -7.2124e-11 -3.1982e-11 -1.3904e-11 -5.9257e-12 -2.4758e-12 -1.0141e-12 -4.0720e-13 -1.6028e-13 -6.1850e-14 -2.3396e-14 -8.6756e-15 -3.1536e-15 -1.1237e-15 -3.9251e-16 -1.3440e-16 -4.5109e-17 -1.4841e-17 -4.7865e-18 -1.5132e-18 -4.6893e-19 -1.4245e-19 -4.2415e-20 -1.2380e-20 -3.5418e-21 -9.9327e-22 -2.7305e-22 -7.3574e-23 -1.9433e-23 -5.0311e-24 -1.2768e-24 -3.1760e-25 -7.7442e-26 -1.8509e-26 -4.3362e-27 -9.9575e-28 -2.2413e-28 -4.9452e-29 -1.0695e-29 -2.2672e-30 -4.7109e-31 -9.5950e-32 -1.9156e-32 -3.7486e-33 -7.1904e-34 -1.3519e-34 -2.4915e-35 -4.5008e-36 -7.9695e-37 -1.3832e-37 -2.3532e-38 -3.9241e-39 -6.4141e-40 -1.0276e-40 -1.6139e-41 -2.4843e-42 -3.7485e-43 -5.5440e-44 -8.0372e-45 -1.1421e-45 1.1890e-03 0.0000e+00 1.0976e-03 1.0234e-03 9.3533e-04 8.3789e-04 7.3574e-04 6.3325e-04 5.3425e-04 4.4179e-04 3.5810e-04 2.8451e-04 2.2156e-04 1.6913e-04 1.2654e-04 9.2801e-05 6.6709e-05 4.7002e-05 3.2460e-05 2.1973e-05 1.4579e-05 9.4810e-06 6.0435e-06 3.7758e-06 2.3122e-06 1.3878e-06 8.1645e-07 4.7077e-07 2.6606e-07 1.4737e-07 8.0010e-08 4.2574e-08 2.2203e-08 1.1349e-08 5.6855e-09 2.7915e-09 1.3433e-09 6.3352e-10 2.9282e-10 1.3264e-10 5.8885e-11 2.5620e-11 1.0924e-11 4.5646e-12 1.8692e-12 7.5009e-13 2.9498e-13 1.1368e-13 4.2928e-14 1.5886e-14 5.7603e-15 2.0467e-15 7.1260e-16 2.4310e-16 8.1256e-17 2.6611e-17 8.5387e-18 2.6843e-18 8.2672e-19 2.4944e-19 7.3730e-20 2.1348e-20 6.0550e-21 1.6822e-21 4.5773e-22 1.2199e-22 3.1838e-23 8.1374e-24 2.0366e-24 4.9906e-25 1.1973e-25 2.8119e-26 6.4642e-27 1.4544e-27 3.2021e-28 6.8976e-29 1.4535e-29 2.9954e-30 6.0360e-31 1.1889e-31 2.2884e-32 4.3023e-33 7.8969e-34 1.4143e-34 2.4698e-35 4.2017e-36 6.9556e-37 1.1188e-37 1.7453e-38 2.6333e-39 3.8284e-40 5.3330e-41 7.0549e-42 8.7266e-43 9.7895e-44 9.2379e-45 5.4244e-46 -4.1628e-47 -2.3130e-47 -5.6375e-48
-1.1331e-03 -1.1055e-03 9.1764e-04 -1.0017e-03 -9.3003e-04 -8.4921e-04 -7.6246e-04 -6.7304e-04 -5.8401e-04 -4.9807e-04 -4.1742e-04 -3.4371e-04 -2.7803e-04 -2.2089e-04 -1.7234e-04 -1.3202e-04 -9.9292e-05 -7.3300e-05 -5.3109e-05 -3.7762e-05 -2.6346e-05 -1.8034e-05 -1.2110e-05 -7.9773e-06 -5.1543e-06 -3.2663e-06 -2.0300e-06 -1.2372e-06 -7.3944e-07 -4.3335e-07 -2.4902e-07 -1.4030e-07 -7.7503e-08 -4.1974e-08 -2.2287e-08 -1.1602e-08 -5.9204e-09 -2.9619e-09 -1.4526e-09 -6.9835e-10 -3.2913e-10 -1.5205e-10 -6.8860e-11 -3.0569e-11 -1.3302e-11 -5.6743e-12 -2.3726e-12 -9.7242e-13 -3.9067e-13 -1.5385e-13 -5.9388e-14 -2.2471e-14 -8.3342e-15 -3.0299e-15 -1.0797e-15 -3.7714e-16 -1.2912e-16 -4.3334e-17 -1.4255e-17 -4.5965e-18 -1.4527e-18 -4.5006e-19 -1.3667e-19 -4.0679e-20 -1.1868e-20 -3.3941e-21 -9.5141e-22 -2.6141e-22 -7.0404e-23 -1.8586e-23 -4.8093e-24 -1.2198e-24 -3.0326e-25 -7.3900e-26 -1.7652e-26 -4.1329e-27 -9.4849e-28 -2.1336e-28 -4.7046e-29 -1.0168e-29 -2.1541e-30 -4.4731e-31 -9.1046e-32 -1.8165e-32 -3.5523e-33 -6.8094e-34 -1.2794e-34 -2.3564e-35 -4.2538e-36 -7.5272e-37 -1.3056e-37 -2.2196e-38 -3.6989e-39 -6.0420e-40 -9.6740e-41 -1.5182e-41 -2.3356e-42 -3.5218e-43 -5.2053e-44 -7.5412e-45 1.1310e-03 1.0976e-03 0.0000e+00 9.7349e-04 8.8969e-04 7.9700e-04 6.9982e-04 6.0230e-04 5.0810e-04 4.2013e-04 3.4049e-04 2.7048e-04 2.1059e-04 1.6071e-04 1.2020e-04 8.8113e-05 6.3306e-05 4.4577e-05 3.0762e-05 2.0806e-05 1.3790e-05 8.9574e-06 5.7018e-06 3.5567e-06 2.1740e-06 1.3022e-06 7.6425e-07 4.3949e-07 2.4762e-07 1.3669e-07 7.3926e-08 3.9167e-08 2.0328e-08 1.0334e-08 5.1461e-09 2.5098e-09 1.1987e-09 5.6065e-10 2.5675e-10 1.1512e-10 5.0527e-11 2.1707e-11 9.1260e-12 3.7542e-12 1.5108e-12 5.9466e-13 2.2886e-13 8.6094e-14 3.1646e-14 1.1361e-14 3.9814e-15 1.3611e-15 4.5358e-16 1.4718e-16 4.6445e-17 1.4229e-17 4.2224e-18 1.2098e-18 3.3310e-19 8.7507e-20 2.1673e-20 4.9502e-21 9.9341e-22 1.5126e-22 4.0244e-24 -9.7676e-24 -5.6517e-24 -2.3151e-24 -8.1894e-25 -2.6532e-25 -8.0759e-26 -2.3407e-26 -6.5114e-27 -1.7474e-27 -4.5392e-28 -1.1442e-28 -2.8040e-29 -6.6891e-30 -1.5550e-30 -3.5256e-31 -7.8015e-32 -1.6857e-32 -3.5585e-33 -7.3415e-34 -1.4807e-34 -2.9205e-35 -5.6343e-36 -1.0634e-36 -1.9639e-37 -3.5494e-38 -6.2790e-39 -1.0873e-39 -1.8433e-40 -3.0597e-41 -4.9730e-42 -7.9149e-43 -1.2337e-43 -1.8833e-44 -2.8158e-45 -4.1237e-46
-1.0580e-03 -1.0365e-03 -1.0017e-03 1.6310e-03 -8.9676e-04 -8.3031e-04 -7.5741e-04 -6.8042e-04 -6.0173e-04 -5.2365e-04 -4.4824e-04 -3.7728e-04 -3.1213e-04 -2.5373e-04 -2.0261e-04 -1.5889e-04 -1.2233e-04 -9.2443e-05 -6.8560e-05 -4.9891e-05 -3.5619e-05 -2.4944e-05 -1.7134e-05 -1.1542e-05 -7.6251e-06 -4.9394e-06 -3.1374e-06 -1.9538e-06 -1.1929e-06 -7.1406e-07 -4.1903e-07 -2.4106e-07 -1.3594e-07 -7.5152e-08 -4.0726e-08 -2.1634e-08 -1.1265e-08 -5.7500e-09 -2.8769e-09 -1.4109e-09 -6.7827e-10 -3.1961e-10 -1.4762e-10 -6.6834e-11 -2.9659e-11 -1.2901e-11 -5.5008e-12 -2.2989e-12 -9.4176e-13 -3.7815e-13 -1.4883e-13 -5.7419e-14 -2.1713e-14 -8.0480e-15 -2.9240e-15 -1.0413e-15 -3.6348e-16 -1.2437e-16 -4.1709e-17 -1.3711e-17 -4.4182e-18 -1.3954e-18 -4.3202e-19 -1.3110e-19 -3.8995e-20 -1.1369e-20 -3.2492e-21 -9.1019e-22 -2.4992e-22 -6.7264e-23 -1.7745e-23 -4.5888e-24 -1.1631e-24 -2.8898e-25 -7.0376e-26 -1.6799e-26 -3.9308e-27 -9.0154e-28 -2.0268e-28 -4.4662e-29 -9.6469e-30 -2.0425e-30 -4.2388e-31 -8.6226e-32 -1.7193e-32 -3.3603e-33 -6.4377e-34 -1.2089e-34 -2.2252e-35 -4.0148e-36 -7.1003e-37 -1.2309e-37 -2.0915e-38 -3.4835e-39 -5.6872e-40 -9.1010e-41 -1.4276e-41 -2.1950e-42 -3.3081e-43 -4.8870e-44 1.0546e-03 1.0234e-03 9.7349e-04 0.0000e+00 8.2951e-04 7.4305e-04 6.5239e-04 5.6141e-04 4.7352e-04 3.9143e-04 3.1712e-04 2.5180e-04 1.9593e-04 1.4940e-04 1.1163e-04 8.1736e-05 5.8638e-05 4.1216e-05 2.8383e-05 1.9147e-05 1.2652e-05 8.1892e-06 5.1910e-06 3.2222e-06 1.9584e-06 1.1653e-06 6.7871e-07 3.8686e-07 2.1576e-07 1.1771e-07 6.2800e-08 3.2755e-08 1.6695e-08 8.3119e-09 4.0398e-09 1.9154e-09 8.8519e-10 3.9831e-10 1.7426e-10 7.3991e-11 3.0413e-11 1.2059e-11 4.5880e-12 1.6614e-12 5.6465e-13 1.7534e-13 4.6712e-14 8.5485e-15 -7.0713e-16 -1.8666e-15 -1.3181e-15 -7.1932e-16 -3.4669e-16 -1.5443e-16 -6.4935e-17 -2.6070e-17 -1.0063e-17 -3.7520e-18 -1.3553e-18 -4.7542e-19 -1.6221e-19 -5.3901e-20 -1.7461e-20 -5.5183e-21 -1.7026e-21 -5.1309e-22 -1.5110e-22 -4.3495e-23 -1.2243e-23 -3.3705e-24 -9.0776e-25 -2.3922e-25 -6.1695e-26 -1.5574e-26 -3.8483e-27 -9.3100e-28 -2.2053e-28 -5.1150e-29 -1.1618e-29 -2.5846e-30 -5.6312e-31 -1.2017e-31 -2.5121e-32 -5.1440e-33 -1.0319e-33 -2.0279e-34 -3.9042e-35 -7.3645e-36 -1.3611e-36 -2.4646e-37 -4.3727e-38 -7.6019e-39 -1.2950e-39 -2.1616e-40 -3.5356e-41 -5.6670e-42 -8.9010e-43 -1.3700e-43 -2.0665e-44 -3.0547e-45
-9.6864e-04 -9.5409e-04 -9.3003e-04 -8.9676e-04 2.5477e-03 -8.0492e-04 -7.4819e-04 -6.8596e-04 -6.1985e-04 -5.5163e-04 -4.8316e-04 -4.1626e-04 -3.5254e-04 -2.9338e-04 -2.3980e-04 -1.9245e-04 -1.5160e-04 -1.1719e-04 -8.8876e-05 -6.6118e-05 -4.8243e-05 -3.4520e-05 -2.4221e-05 -1.6663e-05 -1.1240e-05 -7.4325e-06 -4.8183e-06 -3.0621e-06 -1.9077e-06 -1.1650e-06 -6.9739e-07 -4.0922e-07 -2.3537e-07 -1.3270e-07 -7.3337e-08 -3.9727e-08 -2.1094e-08 -1.0978e-08 -5.6005e-09 -2.8005e-09 -1.3726e-09 -6.5943e-10 -3.1053e-10 -1.4334e-10 -6.4850e-11 -2.8759e-11 -1.2501e-11 -5.3266e-12 -2.2246e-12 -9.1069e-13 -3.6543e-13 -1.4373e-13 -5.5412e-14 -2.0940e-14 -7.7563e-15 -2.8161e-15 -1.0022e-15 -3.4962e-16 -1.1955e-16 -4.0068e-17 -1.3164e-17 -4.2390e-18 -1.3381e-18 -4.1400e-19 -1.2556e-19 -3.7325e-20 -1.0876e-20 -3.1064e-21 -8.6971e-22 -2.3867e-22 -6.4201e-23 -1.6928e-23 -4.3751e-24 -1.1084e-24 -2.7523e-25 -6.6994e-26 -1.5984e-26 -3.7382e-27 -8.5694e-28 -1.9256e-28 -4.2411e-29 -9.1565e-30 -1.9377e-30 -4.0195e-31 -8.1729e-32 -1.6289e-32 -3.1822e-33 -6.0938e-34 -1.1438e-34 -2.1046e-35 -3.7955e-36 -6.7098e-37 -1.1627e-37 -1.9748e-38 -3.2879e-39 -5.3657e-40 -8.5833e-41 -1.3459e-41 -2.0686e-42 -3.1164e-43 9.6381e-04 9.3533e-04 8.8969e-04 8.2951e-04 0.0000e+00 6.7896e-04 5.9601e-04 5.1276e-04 4.3231e-04 3.5717e-04 2.8914e-04 2.2934e-04 1.7822e-04 1.3566e-04 1.0115e-04 7.3858e-05 5.2808e-05 3.6965e-05 2.5327e-05 1.6982e-05 1.1139e-05 7.1462e-06 4.4819e-06 2.7468e-06 1.6442e-06 9.6054e-07 5.4725e-07 3.0374e-07 1.6403e-07 8.6029e-08 4.3721e-08 2.1460e-08 1.0125e-08 4.5582e-09 1.9343e-09 7.5631e-10 2.5912e-10 6.6592e-11 1.8991e-12 -1.3824e-11 -1.3447e-11 -9.4136e-12 -5.7148e-12 -3.1832e-12 -1.6676e-12 -8.3251e-13 -3.9914e-13 -1.8469e-13 -8.2766e-14 -3.6005e-14 -1.5232e-14 -6.2754e-15 -2.5202e-15 -9.8741e-16 -3.7769e-16 -1.4111e-16 -5.1520e-17 -1.8388e-17 -6.4180e-18 -2.1910e-18 -7.3182e-19 -2.3919e-19 -7.6512e-20 -2.3958e-20 -7.3441e-21 -2.2042e-21 -6.4780e-22 -1.8644e-22 -5.2552e-23 -1.4508e-23 -3.9231e-24 -1.0392e-24 -2.6964e-25 -6.8543e-26 -1.7070e-26 -4.1649e-27 -9.9565e-28 -2.3321e-28 -5.3521e-29 -1.2036e-29 -2.6522e-30 -5.7267e-31 -1.2117e-31 -2.5125e-32 -5.1052e-33 -1.0166e-33 -1.9837e-34 -3.7936e-35 -7.1099e-36 -1.3059e-36 -2.3508e-37 -4.1472e-38 -7.1706e-39 -1.2151e-39 -2.0181e-40 -3.2849e-41 -5.2405e-42 -8.1941e-43 -1.2558e-43 -1.8862e-44
-8.6964e-04 -8.6214e-04 -8.4921e-04 -8.3031e-04 -8.0492e-04 3.6675e-03 -7.3338e-04 -6.8745e-04 -6.3560e-04 -5.7900e-04 -5.1918e-04 -4.5787e-04 -3.9689e-04 -3.3794e-04 -2.8253e-04 -2.3184e-04 -1.8666e-04 -1.4743e-04 -1.1421e-04 -8.6766e-05 -6.4632e-05 -4.7204e-05 -3.3799e-05 -2.3725e-05 -1.6325e-05 -1.1012e-05 -7.2809e-06 -4.7189e-06 -2.9979e-06 -1.8669e-06 -1.1395e-06 -6.8177e-07 -3.9982e-07 -2.2983e-07 -1.2949e-07 -7.1515e-08 -3.8713e-08 -2.0542e-08 -1.0684e-08 -5.4464e-09 -2.7216e-09 -1.3330e-09 -6.3998e-10 -3.0117e-10 -1.3892e-10 -6.2811e-11 -2.7837e-11 -1.2093e-11 -5.1491e-12 -2.1491e-12 -8.7926e-13 -3.5260e-13 -1.3860e-13 -5.3403e-14 -2.0169e-14 -7.4666e-15 -2.7094e-15 -9.6372e-16 -3.3601e-16 -1.1483e-16 -3.8467e-17 -1.2631e-17 -4.0655e-18 -1.2827e-18 -3.9666e-19 -1.2024e-19 -3.5728e-20 -1.0406e-20 -2.9708e-21 -8.3136e-22 -2.2805e-22 -6.1317e-23 -1.6161e-23 -4.1750e-24 -1.0572e-24 -2.6243e-25 -6.3853e-26 -1.5229e-26 -3.5601e-27 -8.1581e-28 -1.8325e-28 -4.0346e-29 -8.7074e-30 -1.8420e-30 -3.8197e-31 -7.7639e-32 -1.5469e-32 -3.0209e-33 -5.7830e-34 -1.0852e-34 -1.9959e-35 -3.5985e-36 -6.3595e-37 -1.1016e-37 -1.8706e-38 -3.1135e-39 -5.0795e-40 -8.1232e-41 -1.2734e-41 -1.9566e-42 8.6342e-04 8.3789e-04 7.9700e-04 7.4305e-04 6.7896e-04 0.0000e+00 5.3356e-04 4.5880e-04 3.8653e-04 3.1901e-04 2.5788e-04 2.0414e-04 1.5823e-04 1.2004e-04 8.9120e-05 6.4721e-05 4.5958e-05 3.1894e-05 2.1619e-05 1.4303e-05 9.2267e-06 5.7972e-06 3.5421e-06 2.1005e-06 1.2055e-06 6.6701e-07 3.5368e-07 1.7804e-07 8.3694e-08 3.5541e-08 1.2534e-08 2.5351e-09 -1.1506e-09 -2.0353e-09 -1.8485e-09 -1.3723e-09 -9.1538e-10 -5.6872e-10 -3.3494e-10 -1.8885e-10 -1.0256e-10 -5.3876e-11 -2.7448e-11 -1.3591e-11 -6.5507e-12 -3.0769e-12 -1.4097e-12 -6.3041e-13 -2.7535e-13 -1.1752e-13 -4.9033e-14 -2.0005e-14 -7.9837e-15 -3.1173e-15 -1.1911e-15 -4.4544e-16 -1.6307e-16 -5.8447e-17 -2.0512e-17 -7.0491e-18 -2.3725e-18 -7.8208e-19 -2.5252e-19 -7.9868e-20 -2.4746e-20 -7.5113e-21 -2.2337e-21 -6.5080e-22 -1.8578e-22 -5.1966e-23 -1.4243e-23 -3.8250e-24 -1.0066e-24 -2.5959e-25 -6.5604e-26 -1.6247e-26 -3.9432e-27 -9.3790e-28 -2.1862e-28 -4.9944e-29 -1.1182e-29 -2.4536e-30 -5.2765e-31 -1.1121e-31 -2.2974e-32 -4.6514e-33 -9.2302e-34 -1.7952e-34 -3.4222e-35 -6.3941e-36 -1.1709e-36 -2.1018e-37 -3.6977e-38 -6.3763e-39 -1.0777e-39 -1.7854e-40 -2.8991e-41 -4.6143e-42 -7.1985e-43 -1.1007e-43
-7.6560e-04 -7.6477e-04 -7.6246e-04 -7.5741e-04 -7.4819e-04 -7.3338e-04 4.9900e-03 -6.8286e-04 -6.4633e-04 -6.0274e-04 -5.5316e-04 -4.9913e-04 -4.4249e-04 -3.8517e-04 -3.2907e-04 -2.7583e-04 -2.2678e-04 -1.8286e-04 -1.4457e-04 -1.1207e-04 -8.5166e-05 -6.3447e-05 -4.6334e-05 -3.3168e-05 -2.3273e-05 -1.6007e-05 -1.0792e-05 -7.1312e-06 -4.6190e-06 -2.9325e-06 -1.8249e-06 -1.1131e-06 -6.6553e-07 -3.9003e-07 -2.2404e-07 -1.2615e-07 -6.9620e-08 -3.7662e-08 -1.9970e-08 -1.0380e-08 -5.2881e-09 -2.6408e-09 -1.2926e-09 -6.2022e-10 -2.9169e-10 -1.3447e-10 -6.0765e-11 -2.6915e-11 -1.1686e-11 -4.9732e-12 -2.0746e-12 -8.4833e-13 -3.4003e-13 -1.3359e-13 -5.1448e-14 -1.9421e-14 -7.1865e-15 -2.6066e-15 -9.2674e-16 -3.2297e-16 -1.1033e-16 -3.6943e-17 -1.2126e-17 -3.9013e-18 -1.2303e-18 -3.8034e-19 -1.1525e-19 -3.4232e-20 -9.9666e-21 -2.8444e-21 -7.9569e-22 -2.1819e-22 -5.8646e-23 -1.5452e-23 -3.9905e-24 -1.0102e-24 -2.5068e-25 -6.0973e-26 -1.4538e-26 -3.3975e-27 -7.7832e-28 -1.7478e-28 -3.8470e-29 -8.3003e-30 -1.7554e-30 -3.6391e-31 -7.3949e-32 -1.4730e-32 -2.8759e-33 -5.5040e-34 -1.0325e-34 -1.8987e-35 -3.4224e-36 -6.0469e-37 -1.0472e-37 -1.7778e-38 -2.9584e-39 -4.8255e-40 -7.7153e-41 -1.2092e-41 7.5816e-04 7.3574e-04 6.9982e-04 6.5239e-04 5.9601e-04 5.3356e-04 0.0000e+00 4.0207e-04 3.3831e-04 2.7871e-04 2.2474e-04 1.7730e-04 1.3679e-04 1.0316e-04 7.5981e-05 5.4615e-05 3.8269e-05 2.6104e-05 1.7303e-05 1.1117e-05 6.8988e-06 4.1144e-06 2.3395e-06 1.2514e-06 6.1384e-07 2.6042e-07 7.8442e-08 -5.3546e-09 -3.6490e-08 -4.1863e-08 -3.6430e-08 -2.7869e-08 -1.9675e-08 -1.3106e-08 -8.3353e-09 -5.0984e-09 -3.0130e-09 -1.7259e-09 -9.6046e-10 -5.2011e-10 -2.7442e-10 -1.4122e-10 -7.0930e-11 -3.4795e-11 -1.6680e-11 -7.8163e-12 -3.5819e-12 -1.6057e-12 -7.0427e-13 -3.0230e-13 -1.2702e-13 -5.2244e-14 -2.1041e-14 -8.2977e-15 -3.2047e-15 -1.2122e-15 -4.4914e-16 -1.6301e-16 -5.7957e-17 -2.0188e-17 -6.8893e-18 -2.3035e-18 -7.5466e-19 -2.4225e-19 -7.6202e-20 -2.3488e-20 -7.0947e-21 -2.1000e-21 -6.0917e-22 -1.7317e-22 -4.8247e-23 -1.3173e-23 -3.5251e-24 -9.2450e-25 -2.3763e-25 -5.9865e-26 -1.4781e-26 -3.5771e-27 -8.4845e-28 -1.9725e-28 -4.4945e-29 -1.0038e-29 -2.1974e-30 -4.7148e-31 -9.9157e-32 -2.0440e-32 -4.1300e-33 -8.1793e-34 -1.5878e-34 -3.0212e-35 -5.6348e-36 -1.0301e-36 -1.8460e-37 -3.2424e-38 -5.5824e-39 -9.4209e-40 -1.5584e-40 -2.5270e-41 -4.0164e-42 -6.2573e-43
-6.6093e-04 -6.6595e-04 -6.7304e-04 -6.8042e-04 -6.8596e-04 -6.8745e-04 -6.8286e-04 6.5148e-03 -6.4975e-04 -6.2008e-04 -5.8210e-04 -5.3702e-04 -4.8651e-04 -4.3258e-04 -3.7737e-04 -3.2288e-04 -2.7090e-04 -2.2285e-04 -1.7973e-04 -1.4209e-04 -1.1012e-04 -8.3655e-05 -6.2291e-05 -4.5465e-05 -3.2526e-05 -2.2808e-05 -1.5676e-05 -1.0561e-05 -6.9741e-06 -4.5141e-06 -2.8639e-06 -1.7810e-06 -1.0856e-06 -6.4864e-07 -3.7988e-07 -2.1807e-07 -1.2271e-07 -6.7682e-08 -3.6592e-08 -1.9392e-08 -1.0073e-08 -5.1291e-09 -2.5600e-09 -1.2524e-09 -6.0061e-10 -2.8233e-10 -1.3009e-10 -5.8758e-11 -2.6014e-11 -1.1289e-11 -4.8024e-12 -2.0025e-12 -8.1849e-13 -3.2793e-13 -1.2879e-13 -4.9578e-14 -1.8708e-14 -6.9200e-15 -2.5090e-15 -8.9173e-16 -3.1066e-16 -1.0609e-16 -3.5511e-17 -1.1652e-17 -3.7476e-18 -1.1815e-18 -3.6513e-19 -1.1061e-19 -3.2843e-20 -9.5595e-21 -2.7274e-21 -7.6277e-22 -2.0910e-22 -5.6190e-23 -1.4800e-23 -3.8214e-24 -9.6715e-25 -2.3993e-25 -5.8346e-26 -1.3908e-26 -3.2496e-27 -7.4428e-28 -1.6709e-28 -3.6771e-29 -7.9320e-30 -1.6772e-30 -3.4762e-31 -7.0624e-32 -1.4065e-32 -2.7455e-33 -5.2535e-34 -9.8536e-35 -1.8116e-35 -3.2648e-36 -5.7674e-37 -9.9867e-38 -1.6951e-38 -2.8202e-39 -4.5993e-40 -7.3525e-41 6.5256e-04 6.3325e-04 6.0230e-04 5.6141e-04 5.1276e-04 4.5880e-04 4.0207e-04 0.0000e+00 2.8970e-04 2.3797e-04 1.9110e-04 1.4992e-04 1.1478e-04 8.5653e-05 6.2206e-05 4.3873e-05 2.9962e-05 1.9731e-05 1.2450e-05 7.4516e-06 4.1548e-06 2.0796e-06 8.4658e-07 1.6906e-07 -1.6055e-07 -2.8573e-07 -3.0082e-07 -2.6441e-07 -2.1040e-07 -1.5652e-07 -1.1062e-07 -7.4966e-08 -4.8993e-08 -3.0996e-08 -1.9035e-08 -1.1369e-08 -6.6131e-09 -3.7508e-09 -2.0761e-09 -1.1222e-09 -5.9267e-10 -3.0599e-10 -1.5449e-10 -7.6297e-11 -3.6870e-11 -1.7437e-11 -8.0724e-12 -3.6587e-12 -1.6237e-12 -7.0565e-13 -3.0035e-13 -1.2521e-13 -5.1134e-14 -2.0456e-14 -8.0174e-15 -3.0786e-15 -1.1582e-15 -4.2697e-16 -1.5423e-16 -5.4591e-17 -1.8936e-17 -6.4364e-18 -2.1440e-18 -6.9991e-19 -2.2393e-19 -7.0212e-20 -2.1576e-20 -6.4984e-21 -1.9183e-21 -5.5499e-22 -1.5738e-22 -4.3741e-23 -1.1916e-23 -3.1816e-24 -8.3266e-25 -2.1359e-25 -5.3705e-26 -1.3236e-26 -3.1974e-27 -7.5709e-28 -1.7572e-28 -3.9976e-29 -8.9144e-30 -1.9485e-30 -4.1749e-31 -8.7681e-32 -1.8050e-32 -3.6424e-33 -7.2047e-34 -1.3969e-34 -2.6549e-35 -4.9460e-36 -9.0321e-37 -1.6168e-37 -2.8369e-38 -4.8794e-39 -8.2266e-40 -1.3596e-40 -2.2025e-41 -3.4975e-42
-5.5948e-04 -5.6924e-04 -5.8401e-04 -6.0173e-04 -6.1985e-04 -6.3560e-04 -6.4633e-04 -6.4975e-04 8.2414e-03 -6.2878e-04 -6.0338e-04 -5.6872e-04 -5.2615e-04 -4.7757e-04 -4.2515e-04 -3.7112e-04 -3.1761e-04 -2.6647e-04 -2.1915e-04 -1.7667e-04 -1.3960e-04 -1.0812e-04 -8.2082e-05 -6.1078e-05 -4.4548e-05 -3.1847e-05 -2.2317e-05 -1.5328e-05 -1.0320e-05 -6.8099e-06 -4.4049e-06 -2.7929e-06 -1.7357e-06 -1.0574e-06 -6.3141e-07 -3.6958e-07 -2.1204e-07 -1.1925e-07 -6.5739e-08 -3.5524e-08 -1.8816e-08 -9.7696e-09 -4.9722e-09 -2.4806e-09 -1.2130e-09 -5.8148e-10 -2.7322e-10 -1.2584e-10 -5.6816e-11 -2.5145e-11 -1.0908e-11 -4.6385e-12 -1.9335e-12 -7.9001e-13 -3.1641e-13 -1.2422e-13 -4.7807e-14 -1.8034e-14 -6.6687e-15 -2.4172e-15 -8.5884e-16 -2.9912e-16 -1.0212e-16 -3.4173e-17 -1.1210e-17 -3.6046e-18 -1.1361e-18 -3.5102e-19 -1.0631e-19 -3.1559e-20 -9.1838e-21 -2.6196e-21 -7.3247e-22 -2.0075e-22 -5.3935e-23 -1.4204e-23 -3.6666e-24 -9.2778e-25 -2.3012e-25 -5.5950e-26 -1.3334e-26 -3.1151e-27 -7.1333e-28 -1.6012e-28 -3.5230e-29 -7.5983e-30 -1.6064e-30 -3.3289e-31 -6.7621e-32 -1.3465e-32 -2.6280e-33 -5.0279e-34 -9.4290e-35 -1.7333e-35 -3.1233e-36 -5.5166e-37 -9.5512e-38 -1.6209e-38 -2.6965e-39 -4.3970e-40 5.5054e-04 5.3425e-04 5.0810e-04 4.7352e-04 4.3231e-04 3.8653e-04 3.3831e-04 2.8970e-04 0.0000e+00 1.9834e-04 1.5826e-04 1.2303e-04 9.3001e-05 6.8177e-05 4.8286e-05 3.2857e-05 2.1293e-05 1.2944e-05 7.1663e-06 3.3634e-06 1.0147e-06 -3.1116e-07 -9.5478e-07 -1.1720e-06 -1.1455e-06 -9.9844e-07 -8.0824e-07 -6.1951e-07 -4.5444e-07 -3.2112e-07 -2.1952e-07 -1.4560e-07 -9.3896e-08 -5.8967e-08 -3.6105e-08 -2.1573e-08 -1.2588e-08 -7.1772e-09 -4.0005e-09 -2.1807e-09 -1.1629e-09 -6.0681e-10 -3.0992e-10 -1.5496e-10 -7.5856e-11 -3.6363e-11 -1.7072e-11 -7.8502e-12 -3.5360e-12 -1.5603e-12 -6.7450e-13 -2.8568e-13 -1.1855e-13 -4.8208e-14 -1.9209e-14 -7.5001e-15 -2.8698e-15 -1.0761e-15 -3.9546e-16 -1.4243e-16 -5.0274e-17 -1.7392e-17 -5.8969e-18 -1.9596e-18 -6.3829e-19 -2.0377e-19 -6.3762e-20 -1.9556e-20 -5.8790e-21 -1.7323e-21 -5.0034e-22 -1.4165e-22 -3.9308e-23 -1.0692e-23 -2.8508e-24 -7.4506e-25 -1.9087e-25 -4.7931e-26 -1.1798e-26 -2.8467e-27 -6.7329e-28 -1.5610e-28 -3.5474e-29 -7.9026e-30 -1.7257e-30 -3.6938e-31 -7.7505e-32 -1.5941e-32 -3.2140e-33 -6.3520e-34 -1.2306e-34 -2.3370e-35 -4.3504e-36 -7.9385e-37 -1.4200e-37 -2.4899e-38 -4.2796e-39 -7.2106e-40 -1.1909e-40 -1.9280e-41
-4.6441e-04 -4.7761e-04 -4.9807e-04 -5.2365e-04 -5.5163e-04 -5.7900e-04 -6.0274e-04 -6.2008e-04 -6.2878e-04 1.0170e-02 -6.1495e-04 -5.9183e-04 -5.5884e-04 -5.1755e-04 -4.6999e-04 -4.1842e-04 -3.6517e-04 -3.1239e-04 -2.6195e-04 -2.1530e-04 -1.7345e-04 -1.3696e-04 -1.0600e-04 -8.0415e-05 -5.9796e-05 -4.3583e-05 -3.1137e-05 -2.1804e-05 -1.4967e-05 -1.0070e-05 -6.6413e-06 -4.2934e-06 -2.7207e-06 -1.6900e-06 -1.0290e-06 -6.1412e-07 -3.5928e-07 -2.0604e-07 -1.1582e-07 -6.3822e-08 -3.4473e-08 -1.8252e-08 -9.4730e-09 -4.8194e-09 -2.4034e-09 -1.1749e-09 -5.6299e-10 -2.6445e-10 -1.2176e-10 -5.4956e-11 -2.4314e-11 -1.0545e-11 -4.4826e-12 -1.8680e-12 -7.6303e-13 -3.0552e-13 -1.1992e-13 -4.6137e-14 -1.7400e-14 -6.4327e-15 -2.3311e-15 -8.2806e-16 -2.8833e-16 -9.8415e-17 -3.2927e-17 -1.0799e-17 -3.4717e-18 -1.0940e-18 -3.3795e-19 -1.0233e-19 -3.0373e-20 -8.8371e-21 -2.5203e-21 -7.0457e-22 -1.9308e-22 -5.1864e-23 -1.3656e-23 -3.5247e-24 -8.9174e-25 -2.2115e-25 -5.3761e-26 -1.2811e-26 -2.9923e-27 -6.8513e-28 -1.5377e-28 -3.3829e-29 -7.2951e-30 -1.5421e-30 -3.1953e-31 -6.4899e-32 -1.2921e-32 -2.5216e-33 -4.8238e-34 -9.0453e-35 -1.6626e-35 -2.9955e-36 -5.2904e-37 -9.1586e-38 -1.5542e-38 -2.5852e-39 4.5527e-04 4.4179e-04 4.2013e-04 3.9143e-04 3.5717e-04 3.1901e-04 2.7871e-04 2.3797e-04 1.9834e-04 0.0000e+00 1.2730e-04 9.7558e-05 7.2222e-05 5.1338e-05 3.4706e-05 2.1943e-05 1.2543e-05 5.9473e-06 1.5890e-06 -1.0628e-06 -2.4760e-06 -3.0415e-06 -3.0685e-06 -2.7883e-06 -2.3641e-06 -1.9029e-06 -1.4682e-06 -1.0926e-06 -7.8718e-07 -5.5066e-07 -3.7474e-07 -2.4846e-07 -1.6067e-07 -1.0143e-07 -6.2547e-08 -3.7699e-08 -2.2219e-08 -1.2809e-08 -7.2257e-09 -3.9893e-09 -2.1560e-09 -1.1409e-09 -5.9119e-10 -3.0002e-10 -1.4914e-10 -7.2619e-11 -3.4641e-11 -1.6190e-11 -7.4133e-12 -3.3262e-12 -1.4624e-12 -6.3005e-13 -2.6601e-13 -1.1007e-13 -4.4632e-14 -1.7738e-14 -6.9088e-15 -2.6374e-15 -9.8682e-16 -3.6190e-16 -1.3008e-16 -4.5831e-17 -1.5827e-17 -5.3573e-18 -1.7775e-18 -5.7808e-19 -1.8428e-19 -5.7584e-20 -1.7638e-20 -5.2956e-21 -1.5585e-21 -4.4962e-22 -1.2715e-22 -3.5247e-23 -9.5775e-24 -2.5511e-24 -6.6610e-25 -1.7049e-25 -4.2774e-26 -1.0520e-26 -2.5362e-27 -5.9938e-28 -1.3886e-28 -3.1533e-29 -7.0196e-30 -1.5318e-30 -3.2767e-31 -6.8708e-32 -1.4123e-32 -2.8457e-33 -5.6209e-34 -1.0883e-34 -2.0656e-35 -3.8432e-36 -7.0095e-37 -1.2532e-37 -2.1963e-38 -3.7732e-39 -6.3544e-40 -1.0490e-40
-3.7800e-04 -3.9333e-04 -4.1742e-04 -4.4824e-04 -4.8316e-04 -5.1918e-04 -5.5316e-04 -5.8210e-04 -6.0338e-04 -6.1495e-04 1.2299e-02 -6.0454e-04 -5.8240e-04 -5.5016e-04 -5.0950e-04 -4.6253e-04 -4.1158e-04 -3.5898e-04 -3.0689e-04 -2.5715e-04 -2.1120e-04 -1.7003e-04 -1.3416e-04 -1.0377e-04 -7.8668e-05 -5.8459e-05 -4.2582e-05 -3.0404e-05 -2.1279e-05 -1.4598e-05 -9.8167e-06 -6.4710e-06 -4.1813e-06 -2.6484e-06 -1.6443e-06 -1.0007e-06 -5.9702e-07 -3.4914e-07 -2.0014e-07 -1.1247e-07 -6.1950e-08 -3.3450e-08 -1.7705e-08 -9.1858e-09 -4.6718e-09 -2.3291e-09 -1.1382e-09 -5.4527e-10 -2.5605e-10 -1.1787e-10 -5.3184e-11 -2.3524e-11 -1.0199e-11 -4.3349e-12 -1.8060e-12 -7.3755e-13 -2.9526e-13 -1.1586e-13 -4.4569e-14 -1.6805e-14 -6.2116e-15 -2.2506e-15 -7.9931e-16 -2.7827e-16 -9.4964e-17 -3.1768e-17 -1.0417e-17 -3.3484e-18 -1.0550e-18 -3.2585e-19 -9.8651e-20 -2.9277e-20 -8.5168e-21 -2.4286e-21 -6.7886e-22 -1.8601e-22 -4.9958e-23 -1.3153e-23 -3.3943e-24 -8.5867e-25 -2.1292e-25 -5.1755e-26 -1.2331e-26 -2.8801e-27 -6.5936e-28 -1.4797e-28 -3.2549e-29 -7.0186e-30 -1.4835e-30 -3.0736e-31 -6.2421e-32 -1.2426e-32 -2.4249e-33 -4.6383e-34 -8.6968e-35 -1.5984e-35 -2.8797e-36 -5.0853e-37 -8.8029e-38 -1.4937e-38 3.6904e-04 3.5810e-04 3.4049e-04 3.1712e-04 2.8914e-04 2.5788e-04 2.2474e-04 1.9110e-04 1.5826e-04 1.2730e-04 0.0000e+00 7.4245e-05 5.3076e-05 3.5677e-05 2.1917e-05 1.1498e-05 4.0067e-06 -1.0331e-06 -4.1149e-06 -5.7108e-06 -6.2439e-06 -6.0718e-06 -5.4800e-06 -4.6829e-06 -3.8307e-06 -3.0195e-06 -2.3035e-06 -1.7057e-06 -1.2286e-06 -8.6208e-07 -5.9001e-07 -3.9421e-07 -2.5730e-07 -1.6416e-07 -1.0242e-07 -6.2514e-08 -3.7337e-08 -2.1828e-08 -1.2493e-08 -7.0014e-09 -3.8427e-09 -2.0657e-09 -1.0878e-09 -5.6114e-10 -2.8361e-10 -1.4044e-10 -6.8148e-11 -3.2403e-11 -1.5098e-11 -6.8943e-12 -3.0853e-12 -1.3532e-12 -5.8166e-13 -2.4506e-13 -1.0119e-13 -4.0956e-14 -1.6247e-14 -6.3177e-15 -2.4079e-15 -8.9960e-16 -3.2944e-16 -1.1826e-16 -4.1610e-17 -1.4352e-17 -4.8522e-18 -1.6081e-18 -5.2244e-19 -1.6638e-19 -5.1938e-20 -1.5894e-20 -4.7677e-21 -1.4020e-21 -4.0413e-22 -1.1419e-22 -3.1631e-23 -8.5890e-24 -2.2862e-24 -5.9653e-25 -1.5258e-25 -3.8258e-26 -9.4036e-27 -2.2658e-27 -5.3517e-28 -1.2391e-28 -2.8125e-29 -6.2577e-30 -1.3649e-30 -2.9182e-31 -6.1164e-32 -1.2567e-32 -2.5311e-33 -4.9973e-34 -9.6719e-35 -1.8350e-35 -3.4128e-36 -6.2222e-37 -1.1120e-37 -1.9482e-38 -3.3459e-39 -5.6329e-40
-3.0170e-04 -3.1792e-04 -3.4371e-04 -3.7728e-04 -4.1626e-04 -4.5787e-04 -4.9913e-04 -5.3702e-04 -5.6872e-04 -5.9183e-04 -6.0454e-04 1.4629e-02 -5.9524e-04 -5.7340e-04 -5.4146e-04 -5.0116e-04 -4.5467e-04 -4.0430e-04 -3.5238e-04 -3.0103e-04 -2.5206e-04 -2.0688e-04 -1.6644e-04 -1.3125e-04 -1.0145e-04 -7.6866e-05 -5.7088e-05 -4.1561e-05 -2.9659e-05 -2.0748e-05 -1.4227e-05 -9.5631e-06 -6.3011e-06 -4.0698e-06 -2.5768e-06 -1.5992e-06 -9.7296e-07 -5.8025e-07 -3.3922e-07 -1.9439e-07 -1.0920e-07 -6.0134e-08 -3.2460e-08 -1.7176e-08 -8.9093e-09 -4.5300e-09 -2.2579e-09 -1.1032e-09 -5.2835e-10 -2.4805e-10 -1.1416e-10 -5.1500e-11 -2.2775e-11 -9.8726e-12 -4.1952e-12 -1.7475e-12 -7.1354e-13 -2.8560e-13 -1.1205e-13 -4.3097e-14 -1.6248e-14 -6.0046e-15 -2.1752e-15 -7.7244e-16 -2.6888e-16 -9.1748e-17 -3.0688e-17 -1.0062e-17 -3.2337e-18 -1.0188e-18 -3.1462e-19 -9.5240e-20 -2.8261e-20 -8.2205e-21 -2.3439e-21 -6.5510e-22 -1.7948e-22 -4.8200e-23 -1.2689e-23 -3.2743e-24 -8.2822e-25 -2.0536e-25 -4.9912e-26 -1.1891e-26 -2.7770e-27 -6.3571e-28 -1.4265e-28 -3.1377e-29 -6.7653e-30 -1.4298e-30 -2.9622e-31 -6.0155e-32 -1.1975e-32 -2.3365e-33 -4.4691e-34 -8.3789e-35 -1.5399e-35 -2.7740e-36 -4.8985e-37 -8.4790e-38 2.9321e-04 2.8451e-04 2.7048e-04 2.5180e-04 2.2934e-04 2.0414e-04 1.7730e-04 1.4992e-04 1.2303e-04 9.7558e-05 7.4245e-05 0.0000e+00 3.6055e-05 2.1634e-05 1.0308e-05 1.8636e-06 -4.0265e-06 -7.7581e-06 -9.7559e-06 -1.0438e-05 -1.0188e-05 -9.3364e-06 -8.1531e-06 -6.8421e-06 -5.5476e-06 -4.3611e-06 -3.3324e-06 -2.4794e-06 -1.7988e-06 -1.2736e-06 -8.8089e-07 -5.9547e-07 -3.9362e-07 -2.5453e-07 -1.6107e-07 -9.9762e-08 -6.0497e-08 -3.5924e-08 -2.0892e-08 -1.1901e-08 -6.6410e-09 -3.6306e-09 -1.9447e-09 -1.0207e-09 -5.2496e-10 -2.6458e-10 -1.3068e-10 -6.3260e-11 -3.0012e-11 -1.3955e-11 -6.3600e-12 -2.8410e-12 -1.2439e-12 -5.3384e-13 -2.2457e-13 -9.2602e-14 -3.7429e-14 -1.4830e-14 -5.7596e-15 -2.1927e-15 -8.1832e-16 -2.9937e-16 -1.0736e-16 -3.7741e-17 -1.3006e-17 -4.3935e-18 -1.4549e-18 -4.7231e-19 -1.5030e-19 -4.6888e-20 -1.4339e-20 -4.2986e-21 -1.2633e-21 -3.6393e-22 -1.0278e-22 -2.8453e-23 -7.7219e-24 -2.0544e-24 -5.3579e-25 -1.3698e-25 -3.4331e-26 -8.4347e-27 -2.0315e-27 -4.7963e-28 -1.1101e-28 -2.5187e-29 -5.6020e-30 -1.2214e-30 -2.6106e-31 -5.4699e-32 -1.1235e-32 -2.2621e-33 -4.4649e-34 -8.6390e-35 -1.6386e-35 -3.0467e-36 -5.5532e-37 -9.9221e-38 -1.7379e-38 -2.9839e-39
-2.3611e-04 -2.5220e-04 -2.7803e-04 -3.1213e-04 -3.5254e-04 -3.9689e-04 -4.4249e-04 -4.8651e-04 -5.2615e-04 -5.5884e-04 -5.8240e-04 -5.9524e-04 1.7159e-02 -5.8584e-04 -5.6402e-04 -5.3224e-04 -4.9228e-04 -4.4628e-04 -3.9656e-04 -3.4539e-04 -2.9486e-04 -2.4674e-04 -2.0239e-04 -1.6273e-04 -1.2825e-04 -9.9081e-05 -7.5034e-05 -5.5701e-05 -4.0533e-05 -2.8914e-05 -2.0218e-05 -1.3858e-05 -9.3117e-06 -6.1333e-06 -3.9601e-06 -2.5065e-06 -1.5552e-06 -9.4586e-07 -5.6393e-07 -3.2959e-07 -1.8883e-07 -1.0605e-07 -5.8384e-08 -3.1508e-08 -1.6669e-08 -8.6443e-09 -4.3944e-09 -2.1898e-09 -1.0697e-09 -5.1224e-10 -2.4045e-10 -1.1064e-10 -4.9905e-11 -2.2066e-11 -9.5638e-12 -4.0634e-12 -1.6923e-12 -6.9092e-13 -2.7651e-13 -1.0847e-13 -4.1715e-14 -1.5725e-14 -5.8106e-15 -2.1047e-15 -7.4733e-16 -2.6011e-16 -8.8746e-17 -2.9681e-17 -9.7304e-18 -3.1270e-18 -9.8505e-19 -3.0418e-19 -9.2072e-20 -2.7319e-20 -7.9457e-21 -2.2654e-21 -6.3310e-22 -1.7344e-22 -4.6575e-23 -1.2260e-23 -3.1634e-24 -8.0012e-25 -1.9837e-25 -4.8211e-26 -1.1485e-26 -2.6821e-27 -6.1394e-28 -1.3776e-28 -3.0299e-29 -6.5324e-30 -1.3805e-30 -2.8599e-31 -5.8075e-32 -1.1560e-32 -2.2555e-33 -4.3139e-34 -8.0875e-35 -1.4862e-35 -2.6773e-36 -4.7275e-37 2.2835e-04 2.2156e-04 2.1059e-04 1.9593e-04 1.7822e-04 1.5823e-04 1.3679e-04 1.1478e-04 9.3001e-05 7.2222e-05 5.3076e-05 3.6055e-05 0.0000e+00 9.5311e-06 1.9125e-07 -6.6677e-06 -1.1289e-05 -1.3991e-05 -1.5133e-05 -1.5080e-05 -1.4181e-05 -1.2745e-05 -1.1028e-05 -9.2325e-06 -7.5016e-06 -5.9292e-06 -4.5661e-06 -3.4304e-06 -2.5164e-06 -1.8038e-06 -1.2641e-06 -8.6655e-07 -5.8124e-07 -3.8160e-07 -2.4527e-07 -1.5437e-07 -9.5156e-08 -5.7454e-08 -3.3984e-08 -1.9694e-08 -1.1182e-08 -6.2215e-09 -3.3921e-09 -1.8125e-09 -9.4911e-10 -4.8710e-10 -2.4502e-10 -1.2080e-10 -5.8377e-11 -2.7652e-11 -1.2839e-11 -5.8431e-12 -2.6067e-12 -1.1399e-12 -4.8867e-13 -2.0535e-13 -8.4589e-14 -3.4158e-14 -1.3521e-14 -5.2469e-15 -1.9959e-15 -7.4430e-16 -2.7209e-16 -9.7508e-17 -3.4255e-17 -1.1797e-17 -3.9829e-18 -1.3182e-18 -4.2769e-19 -1.3603e-19 -4.2414e-20 -1.2965e-20 -3.8848e-21 -1.1411e-21 -3.2861e-22 -9.2764e-23 -2.5671e-23 -6.9643e-24 -1.8522e-24 -4.8288e-25 -1.2341e-25 -3.0920e-26 -7.5944e-27 -1.8285e-27 -4.3160e-28 -9.9865e-29 -2.2652e-29 -5.0369e-30 -1.0979e-30 -2.3461e-31 -4.9145e-32 -1.0092e-32 -2.0315e-33 -4.0088e-34 -7.7550e-35 -1.4706e-35 -2.7338e-36 -4.9819e-37 -8.8998e-38 -1.5585e-38
-1.8120e-04 -1.9635e-04 -2.2089e-04 -2.5373e-04 -2.9338e-04 -3.3794e-04 -3.8517e-04 -4.3258e-04 -4.7757e-04 -5.1755e-04 -5.5016e-04 -5.7340e-04 -5.8584e-04 1.9889e-02 -5.7586e-04 -5.5401e-04 -5.2241e-04 -4.8284e-04 -4.3742e-04 -3.8842e-04 -3.3809e-04 -2.8846e-04 -2.4125e-04 -1.9778e-04 -1.5894e-04 -1.2521e-04 -9.6691e-05 -7.3194e-05 -5.4314e-05 -3.9509e-05 -2.8173e-05 -1.9693e-05 -1.3495e-05 -9.0646e-06 -5.9689e-06 -3.8529e-06 -2.4380e-06 -1.5123e-06 -9.1957e-07 -5.4813e-07 -3.2029e-07 -1.8346e-07 -1.0301e-07 -5.6703e-08 -3.0596e-08 -1.6183e-08 -8.3910e-09 -4.2649e-09 -2.1250e-09 -1.0379e-09 -4.9693e-10 -2.3323e-10 -1.0730e-10 -4.8394e-11 -2.1395e-11 -9.2721e-12 -3.9390e-12 -1.6404e-12 -6.6963e-13 -2.6796e-13 -1.0511e-13 -4.0417e-14 -1.5234e-14 -5.6289e-15 -2.0387e-15 -7.2382e-16 -2.5191e-16 -8.5941e-17 -2.8740e-17 -9.4215e-18 -3.0275e-18 -9.5364e-19 -2.9446e-19 -8.9124e-20 -2.6442e-20 -7.6903e-21 -2.1924e-21 -6.1268e-22 -1.6783e-22 -4.5067e-23 -1.1862e-23 -3.0606e-24 -7.7409e-25 -1.9191e-25 -4.6638e-26 -1.1110e-26 -2.5943e-27 -5.9382e-28 -1.3324e-28 -2.9304e-29 -6.3175e-30 -1.3351e-30 -2.7656e-31 -5.6158e-32 -1.1178e-32 -2.1809e-33 -4.1709e-34 -7.8193e-35 -1.4369e-35 -2.5883e-36 1.7432e-04 1.6913e-04 1.6071e-04 1.4940e-04 1.3566e-04 1.2004e-04 1.0316e-04 8.5653e-05 6.8177e-05 5.1338e-05 3.5677e-05 2.1634e-05 9.5311e-06 0.0000e+00 -8.2206e-06 -1.3870e-05 -1.7554e-05 -1.9515e-05 -2.0046e-05 -1.9463e-05 -1.8080e-05 -1.6183e-05 -1.4023e-05 -1.1799e-05 -9.6617e-06 -7.7112e-06 -6.0057e-06 -4.5685e-06 -3.3967e-06 -2.4696e-06 -1.7567e-06 -1.2229e-06 -8.3337e-07 -5.5609e-07 -3.6341e-07 -2.3262e-07 -1.4587e-07 -8.9618e-08 -5.3948e-08 -3.1822e-08 -1.8395e-08 -1.0421e-08 -5.7861e-09 -3.1487e-09 -1.6794e-09 -8.7800e-10 -4.4993e-10 -2.2600e-10 -1.1128e-10 -5.3711e-11 -2.5412e-11 -1.1786e-11 -5.3589e-12 -2.3885e-12 -1.0436e-12 -4.4699e-13 -1.8769e-13 -7.7258e-14 -3.1176e-14 -1.2333e-14 -4.7827e-15 -1.8183e-15 -6.7768e-16 -2.4760e-16 -8.8688e-17 -3.1142e-17 -1.0720e-17 -3.6177e-18 -1.1968e-18 -3.8815e-19 -1.2341e-19 -3.8465e-20 -1.1753e-20 -3.5207e-21 -1.0339e-21 -2.9762e-22 -8.3993e-23 -2.3237e-23 -6.3024e-24 -1.6757e-24 -4.3676e-25 -1.1160e-25 -2.7954e-26 -6.8643e-27 -1.6524e-27 -3.8994e-28 -9.0207e-29 -2.0457e-29 -4.5480e-30 -9.9119e-31 -2.1176e-31 -4.4352e-32 -9.1061e-33 -1.8328e-33 -3.6162e-34 -6.9943e-35 -1.3262e-35 -2.4650e-36 -4.4914e-37 -8.0224e-38
-1.3635e-04 -1.5002e-04 -1.7234e-04 -2.0261e-04 -2.3980e-04 -2.8253e-04 -3.2907e-04 -3.7737e-04 -4.2515e-04 -4.6999e-04 -5.0950e-04 -5.4146e-04 -5.6402e-04 -5.7586e-04 2.2818e-02 -5.6521e-04 -5.4338e-04 -5.1203e-04 -4.7294e-04 -4.2819e-04 -3.8001e-04 -3.3059e-04 -2.8192e-04 -2.3567e-04 -1.9312e-04 -1.5514e-04 -1.2217e-04 -9.4305e-05 -7.1364e-05 -5.2939e-05 -3.8497e-05 -2.7444e-05 -1.9178e-05 -1.3138e-05 -8.8232e-06 -5.8086e-06 -3.7486e-06 -2.3715e-06 -1.4708e-06 -8.9416e-07 -5.3289e-07 -3.1133e-07 -1.7830e-07 -1.0010e-07 -5.5092e-08 -2.9722e-08 -1.5719e-08 -8.1493e-09 -4.1416e-09 -2.0633e-09 -1.0076e-09 -4.8240e-10 -2.2638e-10 -1.0414e-10 -4.6964e-11 -2.0761e-11 -8.9966e-12 -3.8216e-12 -1.5913e-12 -6.4957e-13 -2.5991e-13 -1.0195e-13 -3.9197e-14 -1.4774e-14 -5.4582e-15 -1.9768e-15 -7.0179e-16 -2.4423e-16 -8.3315e-17 -2.7861e-17 -9.1326e-18 -2.9345e-18 -9.2430e-19 -2.8538e-19 -8.6373e-20 -2.5625e-20 -7.4523e-21 -2.1244e-21 -5.9366e-22 -1.6262e-22 -4.3664e-23 -1.1493e-23 -2.9652e-24 -7.4991e-25 -1.8591e-25 -4.5178e-26 -1.0762e-26 -2.5129e-27 -5.7517e-28 -1.2905e-28 -2.8381e-29 -6.1185e-30 -1.2930e-30 -2.6783e-31 -5.4384e-32 -1.0824e-32 -2.1119e-33 -4.0388e-34 -7.5714e-35 -1.3913e-35 1.3044e-04 1.2654e-04 1.2020e-04 1.1163e-04 1.0115e-04 8.9120e-05 7.5981e-05 6.2206e-05 4.8286e-05 3.4706e-05 2.1917e-05 1.0308e-05 1.9125e-07 -8.2206e-06 0.0000e+00 -1.9598e-05 -2.2650e-05 -2.4145e-05 -2.4312e-05 -2.3415e-05 -2.1730e-05 -1.9523e-05 -1.7035e-05 -1.4467e-05 -1.1978e-05 -9.6783e-06 -7.6395e-06 -5.8947e-06 -4.4486e-06 -3.2849e-06 -2.3743e-06 -1.6801e-06 -1.1643e-06 -7.9023e-07 -5.2542e-07 -3.4226e-07 -2.1845e-07 -1.3663e-07 -8.3744e-08 -5.0304e-08 -2.9616e-08 -1.7089e-08 -9.6655e-09 -5.3585e-09 -2.9120e-09 -1.5512e-09 -8.1001e-10 -4.1463e-10 -2.0806e-10 -1.0235e-10 -4.9357e-11 -2.3333e-11 -1.0814e-11 -4.9131e-12 -2.1883e-12 -9.5552e-13 -4.0903e-13 -1.7165e-13 -7.0619e-14 -2.8482e-14 -1.1262e-14 -4.3655e-15 -1.6590e-15 -6.1805e-16 -2.2573e-16 -8.0825e-17 -2.8371e-17 -9.7631e-18 -3.2937e-18 -1.0893e-18 -3.5318e-19 -1.1226e-19 -3.4981e-20 -1.0686e-20 -3.2002e-21 -9.3955e-22 -2.7042e-22 -7.6299e-23 -2.1105e-23 -5.7228e-24 -1.5213e-24 -3.9645e-25 -1.0128e-25 -2.5366e-26 -6.2277e-27 -1.4989e-27 -3.5367e-28 -8.1806e-29 -1.8550e-29 -4.1234e-30 -8.9853e-31 -1.9194e-31 -4.0196e-32 -8.2519e-33 -1.6607e-33 -3.2762e-34 -6.3362e-35 -1.2013e-35 -2.2326e-36 -4.0676e-37
-1.0061e-04 -1.1247e-04 -1.3202e-04 -1.5889e-04 -1.9245e-04 -2.3184e-04 -2.7583e-04 -3.2288e-04 -3.7112e-04 -4.1842e-04 -4.6253e-04 -5.0116e-04 -5.3224e-04 -5.5401e-04 -5.6521e-04 2.5947e-02 -5.5398e-04 -5.3223e-04 -5.0123e-04 -4.6270e-04 -4.1871e-04 -3.7142e-04 -3.2297e-04 -2.7531e-04 -2.3006e-04 -1.8846e-04 -1.5134e-04 -1.1914e-04 -9.1942e-05 -6.9556e-05 -5.1585e-05 -3.7504e-05 -2.6730e-05 -1.8675e-05 -1.2791e-05 -8.5885e-06 -5.6531e-06 -3.6477e-06 -2.3073e-06 -1.4307e-06 -8.6968e-07 -5.1823e-07 -3.0273e-07 -1.7335e-07 -9.7313e-08 -5.3551e-08 -2.8888e-08 -1.5276e-08 -7.9190e-09 -4.0242e-09 -2.0046e-09 -9.7891e-10 -4.6860e-10 -2.1989e-10 -1.0115e-10 -4.5611e-11 -2.0161e-11 -8.7361e-12 -3.7108e-12 -1.5451e-12 -6.3065e-13 -2.5233e-13 -9.8966e-14 -3.8049e-14 -1.4340e-14 -5.2979e-15 -1.9186e-15 -6.8111e-16 -2.3702e-16 -8.0853e-17 -2.7036e-17 -8.8620e-18 -2.8474e-18 -8.9684e-19 -2.7690e-19 -8.3802e-20 -2.4861e-20 -7.2299e-21 -2.0610e-21 -5.7591e-22 -1.5775e-22 -4.2356e-23 -1.1148e-23 -2.8762e-24 -7.2738e-25 -1.8032e-25 -4.3819e-26 -1.0438e-26 -2.4372e-27 -5.5782e-28 -1.2515e-28 -2.7524e-29 -5.9336e-30 -1.2539e-30 -2.5973e-31 -5.2737e-32 -1.0496e-32 -2.0478e-33 -3.9163e-34 -7.3416e-35 9.5667e-05 9.2801e-05 8.8113e-05 8.1736e-05 7.3858e-05 6.4721e-05 5.4615e-05 4.3873e-05 3.2857e-05 2.1943e-05 1.1498e-05 1.8636e-06 -6.6677e-06 -1.3870e-05 -1.9598e-05 0.0000e+00 -2.6473e-05 -2.7746e-05 -2.7777e-05 -2.6776e-05 -2.4979e-05 -2.2627e-05 -1.9947e-05 -1.7143e-05 -1.4380e-05 -1.1784e-05 -9.4407e-06 -7.3980e-06 -5.6729e-06 -4.2582e-06 -3.1297e-06 -2.2528e-06 -1.5884e-06 -1.0972e-06 -7.4261e-07 -4.9250e-07 -3.2009e-07 -2.0388e-07 -1.2728e-07 -7.7882e-08 -4.6711e-08 -2.7462e-08 -1.5826e-08 -8.9406e-09 -4.9512e-09 -2.6880e-09 -1.4305e-09 -7.4637e-10 -3.8176e-10 -1.9143e-10 -9.4102e-11 -4.5350e-11 -2.1427e-11 -9.9246e-12 -4.5068e-12 -2.0064e-12 -8.7567e-13 -3.7469e-13 -1.5718e-13 -6.4639e-14 -2.6061e-14 -1.0301e-14 -3.9918e-15 -1.5165e-15 -5.6481e-16 -2.0623e-16 -7.3823e-17 -2.5907e-17 -8.9131e-18 -3.0063e-18 -9.9405e-19 -3.2224e-19 -1.0240e-19 -3.1904e-20 -9.7445e-21 -2.9178e-21 -8.5648e-22 -2.4647e-22 -6.9532e-23 -1.9230e-23 -5.2139e-24 -1.3858e-24 -3.6110e-25 -9.2242e-26 -2.3099e-26 -5.6706e-27 -1.3647e-27 -3.2197e-28 -7.4466e-29 -1.6884e-29 -3.7527e-30 -8.1770e-31 -1.7466e-31 -3.6574e-32 -7.5078e-33 -1.5108e-33 -2.9804e-34 -5.7636e-35 -1.0926e-35 -2.0306e-36
