1.1989e-04 -7.4963e-06 -1.1239e-05 -1.4975e-05 -1.8701e-05 -2.2417e-05 -2.6119e-05 -2.9806e-05 -3.3474e-05 -3.7123e-05 -4.0750e-05 -4.4352e-05 -4.7928e-05 -5.1476e-05 -5.4993e-05 -5.8478e-05 -6.1928e-05 -6.5342e-05 -6.8717e-05 -7.2052e-05 -7.5345e-05 -7.8594e-05 -8.1798e-05 -8.4954e-05 -8.8061e-05 -9.1118e-05 -9.4122e-05 -9.7073e-05 -9.9969e-05 -1.0281e-04 -1.0559e-04 -1.0831e-04 -1.1097e-04 -1.1357e-04 -1.1611e-04 -1.1858e-04 -1.2099e-04 -1.2333e-04 -1.2560e-04 -1.2781e-04 -1.2995e-04 -1.3202e-04 -1.3402e-04 -1.3595e-04 -1.3780e-04 -1.3959e-04 -1.4130e-04 -1.4295e-04 -1.4452e-04 -1.4601e-04 -1.4744e-04 -1.4879e-04 -1.5006e-04 -1.5127e-04 -1.5240e-04 -1.5346e-04 -1.5444e-04 -1.5536e-04 -1.5620e-04 -1.5696e-04 -1.5766e-04 -1.5829e-04 -1.5884e-04 -1.5933e-04 -1.5974e-04 -1.6009e-04 -1.6037e-04 -1.6058e-04 -1.6072e-04 -1.6080e-04 -1.6082e-04 -1.6077e-04 -1.6065e-04 -1.6048e-04 -1.6024e-04 -1.5994e-04 -1.5959e-04 -1.5917e-04 -1.5870e-04 -1.5818e-04 -1.5760e-04 -1.5696e-04 -1.5628e-04 -1.5554e-04 -1.5476e-04 -1.5392e-04 -1.5304e-04 -1.5211e-04 -1.5114e-04 -1.5013e-04 -1.4908e-04 -1.4798e-04 -1.4685e-04 -1.4568e-04 -1.4447e-04 -1.4323e-04 -1.4196e-04 -1.4065e-04 -1.3931e-04 -1.3795e-04 0.0000e+00 -2.4988e-06 -3.7463e-06 -4.9915e-06 -6.2338e-06 -7.4723e-06 -8.7064e-06 -9.9352e-06 -1.1158e-05 -1.2374e-05 -1.3583e-05 -1.4784e-05 -1.5976e-05 -1.7159e-05 -1.8331e-05 -1.9493e-05 -2.0643e-05 -2.1781e-05 -2.2906e-05 -2.4017e-05 -2.5115e-05 -2.6198e-05 -2.7266e-05 -2.8318e-05 -2.9354e-05 -3.0373e-05 -3.1374e-05 -3.2358e-05 -3.3323e-05 -3.4269e-05 -3.5196e-05 -3.6103e-05 -3.6990e-05 -3.7857e-05 -3.8702e-05 -3.9526e-05 -4.0329e-05 -4.1109e-05 -4.1868e-05 -4.2603e-05 -4.3316e-05 -4.4006e-05 -4.4672e-05 -4.5315e-05 -4.5934e-05 -4.6530e-05 -4.7101e-05 -4.7649e-05 -4.8172e-05 -4.8671e-05 -4.9145e-05 -4.9595e-05 -5.0021e-05 -5.0422e-05 -5.0800e-05 -5.1152e-05 -5.1481e-05 -5.1785e-05 -5.2065e-05 -5.2321e-05 -5.2553e-05 -5.2762e-05 -5.2947e-05 -5.3109e-05 -5.3247e-05 -5.3363e-05 -5.3456e-05 -5.3526e-05 -5.3574e-05 -5.3600e-05 -5.3605e-05 -5.3588e-05 -5.3550e-05 -5.3492e-05 -5.3413e-05 -5.3314e-05 -5.3195e-05 -5.3057e-05 -5.2900e-05 -5.2725e-05 -5.2532e-05 -5.2320e-05 -5.2092e-05 -5.1846e-05 -5.1584e-05 -5.1306e-05 -5.1013e-05 -5.0704e-05 -5.0381e-05 -5.0043e-05 -4.9691e-05 -4.9326e-05 -4.8949e-05 -4.8558e-05 -4.8156e-05 -4.7743e-05 -4.7318e-05 -4.6882e-05 -4.6437e-05 -4.5982e-05
-7.4963e-06 4.7957e-04 -2.2471e-05 -2.9940e-05 -3.7391e-05 -4.4820e-05 -5.2223e-05 -5.9593e-05 -6.6929e-05 -7.4224e-05 -8.1475e-05 -8.8678e-05 -9.5828e-05 -1.0292e-04 -1.0995e-04 -1.1692e-04 -1.2382e-04 -1.3064e-04 -1.3739e-04 -1.4406e-04 -1.5065e-04 -1.5714e-04 -1.6355e-04 -1.6986e-04 -1.7607e-04 -1.8218e-04 -1.8819e-04 -1.9409e-04 -1.9988e-04 -2.0556e-04 -2.1112e-04 -2.1656e-04 -2.2188e-04 -2.2708e-04 -2.3215e-04 -2.3709e-04 -2.4191e-04 -2.4659e-04 -2.5114e-04 -2.5555e-04 -2.5983e-04 -2.6396e-04 -2.6796e-04 -2.7182e-04 -2.7553e-04 -2.7911e-04 -2.8253e-04 -2.8582e-04 -2.8896e-04 -2.9195e-04 -2.9480e-04 -2.9750e-04 -3.0005e-04 -3.0246e-04 -3.0472e-04 -3.0684e-04 -3.0881e-04 -3.1064e-04 -3.1232e-04 -3.1385e-04 -3.1525e-04 -3.1650e-04 -3.1761e-04 -3.1858e-04 -3.1941e-04 -3.2011e-04 -3.2066e-04 -3.2109e-04 -3.2138e-04 -3.2154e-04 -3.2156e-04 -3.2146e-04 -3.2124e-04 -3.2089e-04 -3.2041e-04 -3.1982e-04 -3.1911e-04 -3.1828e-04 -3.1735e-04 -3.1629e-04 -3.1513e-04 -3.1387e-04 -3.1250e-04 -3.1103e-04 -3.0946e-04 -3.0779e-04 -3.0603e-04 -3.0418e-04 -3.0224e-04 -3.0021e-04 -2.9811e-04 -2.9592e-04 -2.9365e-04 -2.9131e-04 -2.8890e-04 -2.8642e-04 -2.8387e-04 -2.8126e-04 -2.7859e-04 -2.7586e-04 -2.4988e-06 0.0000e+00 -7.4903e-06 -9.9800e-06 -1.2464e-05 -1.4940e-05 -1.7408e-05 -1.9864e-05 -2.2310e-05 -2.4741e-05 -2.7158e-05 -2.9559e-05 -3.1943e-05 -3.4307e-05 -3.6651e-05 -3.8974e-05 -4.1273e-05 -4.3548e-05 -4.5798e-05 -4.8021e-05 -5.0215e-05 -5.2381e-05 -5.4516e-05 -5.6619e-05 -5.8690e-05 -6.0727e-05 -6.2730e-05 -6.4696e-05 -6.6626e-05 -6.8518e-05 -7.0372e-05 -7.2186e-05 -7.3959e-05 -7.5692e-05 -7.7382e-05 -7.9030e-05 -8.0635e-05 -8.2195e-05 -8.3711e-05 -8.5182e-05 -8.6607e-05 -8.7987e-05 -8.9319e-05 -9.0605e-05 -9.1843e-05 -9.3034e-05 -9.4176e-05 -9.5271e-05 -9.6317e-05 -9.7314e-05 -9.8263e-05 -9.9164e-05 -1.0001e-04 -1.0082e-04 -1.0157e-04 -1.0228e-04 -1.0293e-04 -1.0354e-04 -1.0410e-04 -1.0461e-04 -1.0508e-04 -1.0550e-04 -1.0587e-04 -1.0619e-04 -1.0647e-04 -1.0670e-04 -1.0688e-04 -1.0702e-04 -1.0712e-04 -1.0717e-04 -1.0718e-04 -1.0715e-04 -1.0707e-04 -1.0696e-04 -1.0680e-04 -1.0660e-04 -1.0636e-04 -1.0609e-04 -1.0578e-04 -1.0543e-04 -1.0504e-04 -1.0462e-04 -1.0416e-04 -1.0367e-04 -1.0315e-04 -1.0259e-04 -1.0200e-04 -1.0139e-04 -1.0074e-04 -1.0006e-04 -9.9361e-05 -9.8632e-05 -9.7876e-05 -9.7096e-05 -9.6292e-05 -9.5465e-05 -9.4616e-05 -9.3746e-05 -9.2855e-05 -9.1945e-05
-1.1239e-05 -2.2471e-05 1.0790e-03 -4.4888e-05 -5.6059e-05 -6.7197e-05 -7.8295e-05 -8.9346e-05 -1.0034e-04 -1.1128e-04 -1.2215e-04 -1.3295e-04 -1.4367e-04 -1.5431e-04 -1.6485e-04 -1.7529e-04 -1.8564e-04 -1.9587e-04 -2.0599e-04 -2.1599e-04 -2.2586e-04 -2.3560e-04 -2.4520e-04 -2.5467e-04 -2.6398e-04 -2.7314e-04 -2.8215e-04 -2.9100e-04 -2.9968e-04 -3.0819e-04 -3.1653e-04 -3.2468e-04 -3.3266e-04 -3.4046e-04 -3.4806e-04 -3.5547e-04 -3.6269e-04 -3.6971e-04 -3.7653e-04 -3.8315e-04 -3.8956e-04 -3.9577e-04 -4.0176e-04 -4.0755e-04 -4.1312e-04 -4.1847e-04 -4.2362e-04 -4.2854e-04 -4.3325e-04 -4.3774e-04 -4.4201e-04 -4.4606e-04 -4.4989e-04 -4.5350e-04 -4.5689e-04 -4.6007e-04 -4.6303e-04 -4.6576e-04 -4.6829e-04 -4.7059e-04 -4.7268e-04 -4.7456e-04 -4.7623e-04 -4.7769e-04 -4.7894e-04 -4.7998e-04 -4.8082e-04 -4.8145e-04 -4.8189e-04 -4.8213e-04 -4.8217e-04 -4.8202e-04 -4.8169e-04 -4.8116e-04 -4.8046e-04 -4.7957e-04 -4.7851e-04 -4.7727e-04 -4.7586e-04 -4.7429e-04 -4.7255e-04 -4.7065e-04 -4.6860e-04 -4.6640e-04 -4.6404e-04 -4.6155e-04 -4.5891e-04 -4.5614e-04 -4.5323e-04 -4.5020e-04 -4.4704e-04 -4.4376e-04 -4.4036e-04 -4.3686e-04 -4.3324e-04 -4.2952e-04 -4.2571e-04 -4.2179e-04 -4.1779e-04 -4.1370e-04 -3.7463e-06 -7.4903e-06 0.0000e+00 -1.4963e-05 -1.8686e-05 -2.2399e-05 -2.6098e-05 -2.9782e-05 -3.3448e-05 -3.7094e-05 -4.0717e-05 -4.4317e-05 -4.7890e-05 -5.1435e-05 -5.4949e-05 -5.8431e-05 -6.1879e-05 -6.5290e-05 -6.8663e-05 -7.1995e-05 -7.5286e-05 -7.8533e-05 -8.1734e-05 -8.4888e-05 -8.7992e-05 -9.1047e-05 -9.4049e-05 -9.6997e-05 -9.9891e-05 -1.0273e-04 -1.0551e-04 -1.0823e-04 -1.1089e-04 -1.1348e-04 -1.1602e-04 -1.1849e-04 -1.2089e-04 -1.2323e-04 -1.2551e-04 -1.2771e-04 -1.2985e-04 -1.3192e-04 -1.3392e-04 -1.3584e-04 -1.3770e-04 -1.3949e-04 -1.4120e-04 -1.4284e-04 -1.4441e-04 -1.4590e-04 -1.4733e-04 -1.4868e-04 -1.4995e-04 -1.5116e-04 -1.5229e-04 -1.5335e-04 -1.5433e-04 -1.5524e-04 -1.5608e-04 -1.5685e-04 -1.5755e-04 -1.5818e-04 -1.5873e-04 -1.5922e-04 -1.5963e-04 -1.5998e-04 -1.6026e-04 -1.6047e-04 -1.6061e-04 -1.6069e-04 -1.6071e-04 -1.6066e-04 -1.6055e-04 -1.6037e-04 -1.6013e-04 -1.5984e-04 -1.5948e-04 -1.5907e-04 -1.5860e-04 -1.5808e-04 -1.5750e-04 -1.5686e-04 -1.5618e-04 -1.5544e-04 -1.5466e-04 -1.5383e-04 -1.5295e-04 -1.5202e-04 -1.5105e-04 -1.5004e-04 -1.4899e-04 -1.4789e-04 -1.4676e-04 -1.4559e-04 -1.4439e-04 -1.4315e-04 -1.4188e-04 -1.4057e-04 -1.3924e-04 -1.3787e-04
-1.4975e-05 -2.9940e-05 -4.4888e-05 1.9182e-03 -7.4693e-05 -8.9534e-05 -1.0432e-04 -1.1904e-04 -1.3370e-04 -1.4827e-04 -1.6276e-04 -1.7715e-04 -1.9143e-04 -2.0560e-04 -2.1965e-04 -2.3357e-04 -2.4735e-04 -2.6098e-04 -2.7446e-04 -2.8779e-04 -3.0094e-04 -3.1392e-04 -3.2672e-04 -3.3932e-04 -3.5174e-04 -3.6395e-04 -3.7595e-04 -3.8774e-04 -3.9930e-04 -4.1064e-04 -4.2175e-04 -4.3263e-04 -4.4326e-04 -4.5364e-04 -4.6378e-04 -4.7366e-04 -4.8328e-04 -4.9263e-04 -5.0172e-04 -5.1054e-04 -5.1909e-04 -5.2736e-04 -5.3535e-04 -5.4306e-04 -5.5048e-04 -5.5762e-04 -5.6447e-04 -5.7104e-04 -5.7731e-04 -5.8330e-04 -5.8899e-04 -5.9439e-04 -5.9950e-04 -6.0431e-04 -6.0884e-04 -6.1307e-04 -6.1701e-04 -6.2067e-04 -6.2403e-04 -6.2711e-04 -6.2990e-04 -6.3240e-04 -6.3463e-04 -6.3657e-04 -6.3824e-04 -6.3963e-04 -6.4075e-04 -6.4160e-04 -6.4219e-04 -6.4251e-04 -6.4257e-04 -6.4238e-04 -6.4193e-04 -6.4124e-04 -6.4030e-04 -6.3912e-04 -6.3771e-04 -6.3606e-04 -6.3419e-04 -6.3210e-04 -6.2979e-04 -6.2726e-04 -6.2453e-04 -6.2160e-04 -6.1847e-04 -6.1514e-04 -6.1163e-04 -6.0794e-04 -6.0407e-04 -6.0003e-04 -5.9582e-04 -5.9146e-04 -5.8694e-04 -5.8227e-04 -5.7745e-04 -5.7250e-04 -5.6742e-04 -5.6221e-04 -5.5688e-04 -5.5143e-04 -4.9915e-06 -9.9800e-06 -1.4963e-05 0.0000e+00 -2.4898e-05 -2.9844e-05 -3.4773e-05 -3.9681e-05 -4.4566e-05 -4.9424e-05 -5.4252e-05 -5.9048e-05 -6.3809e-05 -6.8532e-05 -7.3215e-05 -7.7854e-05 -8.2448e-05 -8.6993e-05 -9.1487e-05 -9.5927e-05 -1.0031e-04 -1.0464e-04 -1.0890e-04 -1.1311e-04 -1.1724e-04 -1.2131e-04 -1.2531e-04 -1.2924e-04 -1.3310e-04 -1.3688e-04 -1.4058e-04 -1.4420e-04 -1.4775e-04 -1.5121e-04 -1.5459e-04 -1.5788e-04 -1.6108e-04 -1.6420e-04 -1.6723e-04 -1.7017e-04 -1.7302e-04 -1.7577e-04 -1.7844e-04 -1.8101e-04 -1.8348e-04 -1.8586e-04 -1.8814e-04 -1.9033e-04 -1.9242e-04 -1.9441e-04 -1.9631e-04 -1.9811e-04 -1.9981e-04 -2.0142e-04 -2.0292e-04 -2.0433e-04 -2.0565e-04 -2.0686e-04 -2.0798e-04 -2.0901e-04 -2.0994e-04 -2.1077e-04 -2.1151e-04 -2.1216e-04 -2.1271e-04 -2.1318e-04 -2.1355e-04 -2.1383e-04 -2.1403e-04 -2.1413e-04 -2.1415e-04 -2.1409e-04 -2.1394e-04 -2.1370e-04 -2.1339e-04 -2.1300e-04 -2.1252e-04 -2.1198e-04 -2.1135e-04 -2.1065e-04 -2.0988e-04 -2.0904e-04 -2.0813e-04 -2.0715e-04 -2.0610e-04 -2.0499e-04 -2.0382e-04 -2.0259e-04 -2.0130e-04 -1.9995e-04 -1.9855e-04 -1.9709e-04 -1.9559e-04 -1.9403e-04 -1.9242e-04 -1.9077e-04 -1.8908e-04 -1.8734e-04 -1.8556e-04 -1.8374e-04
-1.8701e-05 -3.7391e-05 -5.6059e-05 -7.4693e-05 2.9972e-03 -1.1182e-04 -1.3028e-04 -1.4867e-04 -1.6697e-04 -1.8517e-04 -2.0326e-04 -2.2123e-04 -2.3907e-04 -2.5677e-04 -2.7431e-04 -2.9170e-04 -3.0891e-04 -3.2594e-04 -3.4278e-04 -3.5942e-04 -3.7585e-04 -3.9206e-04 -4.0804e-04 -4.2379e-04 -4.3929e-04 -4.5454e-04 -4.6953e-04 -4.8425e-04 -4.9870e-04 -5.1287e-04 -5.2674e-04 -5.4033e-04 -5.5361e-04 -5.6658e-04 -5.7924e-04 -5.9158e-04 -6.0359e-04 -6.1528e-04 -6.2664e-04 -6.3765e-04 -6.4833e-04 -6.5866e-04 -6.6864e-04 -6.7827e-04 -6.8755e-04 -6.9647e-04 -7.0504e-04 -7.1324e-04 -7.2108e-04 -7.2856e-04 -7.3567e-04 -7.4242e-04 -7.4880e-04 -7.5482e-04 -7.6048e-04 -7.6577e-04 -7.7070e-04 -7.7526e-04 -7.7947e-04 -7.8332e-04 -7.8681e-04 -7.8994e-04 -7.9273e-04 -7.9516e-04 -7.9725e-04 -7.9899e-04 -8.0040e-04 -8.0147e-04 -8.0220e-04 -8.0261e-04 -8.0269e-04 -8.0246e-04 -8.0191e-04 -8.0105e-04 -7.9988e-04 -7.9842e-04 -7.9666e-04 -7.9461e-04 -7.9227e-04 -7.8967e-04 -7.8678e-04 -7.8364e-04 -7.8023e-04 -7.7657e-04 -7.7267e-04 -7.6852e-04 -7.6414e-04 -7.5953e-04 -7.5471e-04 -7.4967e-04 -7.4442e-04 -7.3897e-04 -7.3333e-04 -7.2750e-04 -7.2149e-04 -7.1531e-04 -7.0897e-04 -7.0246e-04 -6.9581e-04 -6.8901e-04 -6.2338e-06 -1.2464e-05 -1.8686e-05 -2.4898e-05 0.0000e+00 -3.7272e-05 -4.3428e-05 -4.9557e-05 -5.5657e-05 -6.1724e-05 -6.7754e-05 -7.3744e-05 -7.9690e-05 -8.5589e-05 -9.1437e-05 -9.7231e-05 -1.0297e-04 -1.0864e-04 -1.1426e-04 -1.1980e-04 -1.2528e-04 -1.3068e-04 -1.3601e-04 -1.4126e-04 -1.4642e-04 -1.5151e-04 -1.5650e-04 -1.6141e-04 -1.6623e-04 -1.7095e-04 -1.7557e-04 -1.8010e-04 -1.8452e-04 -1.8885e-04 -1.9307e-04 -1.9718e-04 -2.0118e-04 -2.0508e-04 -2.0886e-04 -2.1253e-04 -2.1609e-04 -2.1953e-04 -2.2286e-04 -2.2607e-04 -2.2916e-04 -2.3213e-04 -2.3498e-04 -2.3772e-04 -2.4033e-04 -2.4282e-04 -2.4519e-04 -2.4744e-04 -2.4956e-04 -2.5157e-04 -2.5345e-04 -2.5521e-04 -2.5685e-04 -2.5837e-04 -2.5977e-04 -2.6105e-04 -2.6222e-04 -2.6326e-04 -2.6418e-04 -2.6499e-04 -2.6569e-04 -2.6627e-04 -2.6673e-04 -2.6709e-04 -2.6733e-04 -2.6746e-04 -2.6749e-04 -2.6741e-04 -2.6722e-04 -2.6693e-04 -2.6654e-04 -2.6605e-04 -2.6546e-04 -2.6478e-04 -2.6400e-04 -2.6313e-04 -2.6217e-04 -2.6112e-04 -2.5998e-04 -2.5876e-04 -2.5745e-04 -2.5607e-04 -2.5461e-04 -2.5307e-04 -2.5146e-04 -2.4978e-04 -2.4803e-04 -2.4621e-04 -2.4433e-04 -2.4238e-04 -2.4038e-04 -2.3832e-04 -2.3620e-04 -2.3403e-04 -2.3181e-04 -2.2954e-04
-2.2417e-05 -4.4820e-05 -6.7197e-05 -8.9534e-05 -1.1182e-04 4.3158e-03 -1.5617e-04 -1.7821e-04 -2.0015e-04 -2.2197e-04 -2.4365e-04 -2.6519e-04 -2.8657e-04 -3.0779e-04 -3.2882e-04 -3.4966e-04 -3.7029e-04 -3.9070e-04 -4.1089e-04 -4.3084e-04 -4.5053e-04 -4.6996e-04 -4.8912e-04 -5.0800e-04 -5.2659e-04 -5.4487e-04 -5.6284e-04 -5.8049e-04 -5.9781e-04 -6.1480e-04 -6.3143e-04 -6.4772e-04 -6.6364e-04 -6.7919e-04 -6.9437e-04 -7.0917e-04 -7.2358e-04 -7.3759e-04 -7.5121e-04 -7.6442e-04 -7.7722e-04 -7.8961e-04 -8.0158e-04 -8.1313e-04 -8.2426e-04 -8.3496e-04 -8.4523e-04 -8.5506e-04 -8.6447e-04 -8.7344e-04 -8.8197e-04 -8.9007e-04 -8.9773e-04 -9.0495e-04 -9.1174e-04 -9.1809e-04 -9.2400e-04 -9.2949e-04 -9.3453e-04 -9.3915e-04 -9.4335e-04 -9.4711e-04 -9.5046e-04 -9.5338e-04 -9.5589e-04 -9.5799e-04 -9.5969e-04 -9.6097e-04 -9.6186e-04 -9.6236e-04 -9.6247e-04 -9.6220e-04 -9.6154e-04 -9.6052e-04 -9.5913e-04 -9.5738e-04 -9.5528e-04 -9.5283e-04 -9.5005e-04 -9.4693e-04 -9.4348e-04 -9.3972e-04 -9.3564e-04 -9.3126e-04 -9.2659e-04 -9.2163e-04 -9.1639e-04 -9.1087e-04 -9.0509e-04 -8.9906e-04 -8.9277e-04 -8.8625e-04 -8.7949e-04 -8.7251e-04 -8.6532e-04 -8.5792e-04 -8.5032e-04 -8.4252e-04 -8.3455e-04 -8.2640e-04 -7.4723e-06 -1.4940e-05 -2.2399e-05 -2.9844e-05 -3.7272e-05 0.0000e+00 -5.2056e-05 -5.9403e-05 -6.6716e-05 -7.3988e-05 -8.1216e-05 -8.8396e-05 -9.5524e-05 -1.0259e-04 -1.0960e-04 -1.1655e-04 -1.2343e-04 -1.3023e-04 -1.3696e-04 -1.4361e-04 -1.5017e-04 -1.5665e-04 -1.6303e-04 -1.6933e-04 -1.7552e-04 -1.8161e-04 -1.8760e-04 -1.9349e-04 -1.9926e-04 -2.0492e-04 -2.1046e-04 -2.1589e-04 -2.2119e-04 -2.2638e-04 -2.3143e-04 -2.3637e-04 -2.4117e-04 -2.4584e-04 -2.5037e-04 -2.5477e-04 -2.5904e-04 -2.6317e-04 -2.6715e-04 -2.7100e-04 -2.7471e-04 -2.7827e-04 -2.8169e-04 -2.8497e-04 -2.8810e-04 -2.9109e-04 -2.9393e-04 -2.9663e-04 -2.9918e-04 -3.0158e-04 -3.0384e-04 -3.0595e-04 -3.0792e-04 -3.0975e-04 -3.1142e-04 -3.1296e-04 -3.1436e-04 -3.1561e-04 -3.1672e-04 -3.1769e-04 -3.1852e-04 -3.1922e-04 -3.1978e-04 -3.2021e-04 -3.2050e-04 -3.2066e-04 -3.2069e-04 -3.2060e-04 -3.2038e-04 -3.2003e-04 -3.1957e-04 -3.1898e-04 -3.1828e-04 -3.1746e-04 -3.1652e-04 -3.1548e-04 -3.1433e-04 -3.1307e-04 -3.1171e-04 -3.1025e-04 -3.0868e-04 -3.0703e-04 -3.0528e-04 -3.0344e-04 -3.0151e-04 -2.9949e-04 -2.9739e-04 -2.9522e-04 -2.9296e-04 -2.9063e-04 -2.8823e-04 -2.8576e-04 -2.8323e-04 -2.8063e-04 -2.7797e-04 -2.7525e-04
-2.6119e-05 -5.2223e-05 -7.8295e-05 -1.0432e-04 -1.3028e-04 -1.5617e-04 5.8740e-03 -2.0764e-04 -2.3320e-04 -2.5862e-04 -2.8389e-04 -3.0899e-04 -3.3391e-04 -3.5862e-04 -3.8313e-04 -4.0741e-04 -4.3145e-04 -4.5524e-04 -4.7876e-04 -5.0200e-04 -5.2495e-04 -5.4760e-04 -5.6992e-04 -5.9192e-04 -6.1358e-04 -6.3489e-04 -6.5583e-04 -6.7640e-04 -6.9659e-04 -7.1638e-04 -7.3577e-04 -7.5475e-04 -7.7330e-04 -7.9143e-04 -8.0912e-04 -8.2637e-04 -8.4316e-04 -8.5950e-04 -8.7537e-04 -8.9077e-04 -9.0569e-04 -9.2013e-04 -9.3409e-04 -9.4755e-04 -9.6052e-04 -9.7300e-04 -9.8497e-04 -9.9645e-04 -1.0074e-03 -1.0179e-03 -1.0278e-03 -1.0373e-03 -1.0462e-03 -1.0546e-03 -1.0625e-03 -1.0700e-03 -1.0769e-03 -1.0833e-03 -1.0891e-03 -1.0945e-03 -1.0994e-03 -1.1038e-03 -1.1077e-03 -1.1112e-03 -1.1141e-03 -1.1166e-03 -1.1185e-03 -1.1201e-03 -1.1211e-03 -1.1217e-03 -1.1218e-03 -1.1215e-03 -1.1208e-03 -1.1196e-03 -1.1180e-03 -1.1160e-03 -1.1135e-03 -1.1107e-03 -1.1074e-03 -1.1038e-03 -1.0998e-03 -1.0954e-03 -1.0907e-03 -1.0856e-03 -1.0802e-03 -1.0744e-03 -1.0683e-03 -1.0619e-03 -1.0552e-03 -1.0481e-03 -1.0408e-03 -1.0332e-03 -1.0254e-03 -1.0173e-03 -1.0089e-03 -1.0003e-03 -9.9142e-04 -9.8235e-04 -9.7307e-04 -9.6358e-04 -8.7064e-06 -1.7408e-05 -2.6098e-05 -3.4773e-05 -4.3428e-05 -5.2056e-05 0.0000e+00 -6.9214e-05 -7.7734e-05 -8.6207e-05 -9.4629e-05 -1.0300e-04 -1.1130e-04 -1.1954e-04 -1.2771e-04 -1.3580e-04 -1.4381e-04 -1.5174e-04 -1.5958e-04 -1.6733e-04 -1.7498e-04 -1.8252e-04 -1.8996e-04 -1.9730e-04 -2.0451e-04 -2.1161e-04 -2.1859e-04 -2.2545e-04 -2.3217e-04 -2.3877e-04 -2.4523e-04 -2.5155e-04 -2.5774e-04 -2.6378e-04 -2.6967e-04 -2.7542e-04 -2.8101e-04 -2.8645e-04 -2.9174e-04 -2.9687e-04 -3.0184e-04 -3.0665e-04 -3.1130e-04 -3.1578e-04 -3.2010e-04 -3.2426e-04 -3.2825e-04 -3.3207e-04 -3.3572e-04 -3.3920e-04 -3.4251e-04 -3.4565e-04 -3.4863e-04 -3.5143e-04 -3.5407e-04 -3.5653e-04 -3.5883e-04 -3.6095e-04 -3.6291e-04 -3.6470e-04 -3.6633e-04 -3.6779e-04 -3.6909e-04 -3.7022e-04 -3.7120e-04 -3.7201e-04 -3.7266e-04 -3.7316e-04 -3.7351e-04 -3.7370e-04 -3.7374e-04 -3.7363e-04 -3.7338e-04 -3.7298e-04 -3.7243e-04 -3.7175e-04 -3.7094e-04 -3.6998e-04 -3.6890e-04 -3.6768e-04 -3.6634e-04 -3.6488e-04 -3.6330e-04 -3.6159e-04 -3.5978e-04 -3.5785e-04 -3.5581e-04 -3.5367e-04 -3.5142e-04 -3.4907e-04 -3.4663e-04 -3.4410e-04 -3.4147e-04 -3.3876e-04 -3.3596e-04 -3.3309e-04 -3.3013e-04 -3.2711e-04 -3.2401e-04 -3.2084e-04
-2.9806e-05 -5.9593e-05 -8.9346e-05 -1.1904e-04 -1.4867e-04 -1.7821e-04 -2.0764e-04 7.6719e-03 -2.6612e-04 -2.9513e-04 -3.2397e-04 -3.5261e-04 -3.8104e-04 -4.0925e-04 -4.3722e-04 -4.6493e-04 -4.9236e-04 -5.1951e-04 -5.4635e-04 -5.7288e-04 -5.9907e-04 -6.2491e-04 -6.5039e-04 -6.7550e-04 -7.0022e-04 -7.2454e-04 -7.4844e-04 -7.7192e-04 -7.9496e-04 -8.1755e-04 -8.3968e-04 -8.6135e-04 -8.8253e-04 -9.0322e-04 -9.2342e-04 -9.4310e-04 -9.6228e-04 -9.8093e-04 -9.9904e-04 -1.0166e-03 -1.0337e-03 -1.0502e-03 -1.0661e-03 -1.0815e-03 -1.0963e-03 -1.1105e-03 -1.1242e-03 -1.1373e-03 -1.1498e-03 -1.1618e-03 -1.1731e-03 -1.1839e-03 -1.1941e-03 -1.2038e-03 -1.2128e-03 -1.2213e-03 -1.2292e-03 -1.2365e-03 -1.2432e-03 -1.2494e-03 -1.2550e-03 -1.2600e-03 -1.2645e-03 -1.2684e-03 -1.2718e-03 -1.2746e-03 -1.2769e-03 -1.2786e-03 -1.2798e-03 -1.2805e-03 -1.2807e-03 -1.2804e-03 -1.2795e-03 -1.2782e-03 -1.2764e-03 -1.2741e-03 -1.2713e-03 -1.2681e-03 -1.2644e-03 -1.2603e-03 -1.2557e-03 -1.2508e-03 -1.2454e-03 -1.2396e-03 -1.2334e-03 -1.2268e-03 -1.2199e-03 -1.2126e-03 -1.2049e-03 -1.1969e-03 -1.1886e-03 -1.1799e-03 -1.1709e-03 -1.1617e-03 -1.1521e-03 -1.1423e-03 -1.1322e-03 -1.1219e-03 -1.1113e-03 -1.1005e-03 -9.9352e-06 -1.9864e-05 -2.9782e-05 -3.9681e-05 -4.9557e-05 -5.9403e-05 -6.9214e-05 0.0000e+00 -8.8706e-05 -9.8375e-05 -1.0799e-04 -1.1753e-04 -1.2701e-04 -1.3641e-04 -1.4573e-04 -1.5497e-04 -1.6411e-04 -1.7316e-04 -1.8211e-04 -1.9095e-04 -1.9968e-04 -2.0829e-04 -2.1678e-04 -2.2515e-04 -2.3339e-04 -2.4149e-04 -2.4945e-04 -2.5728e-04 -2.6496e-04 -2.7248e-04 -2.7986e-04 -2.8707e-04 -2.9413e-04 -3.0102e-04 -3.0775e-04 -3.1431e-04 -3.2070e-04 -3.2691e-04 -3.3294e-04 -3.3880e-04 -3.4447e-04 -3.4996e-04 -3.5527e-04 -3.6039e-04 -3.6532e-04 -3.7006e-04 -3.7462e-04 -3.7898e-04 -3.8315e-04 -3.8712e-04 -3.9091e-04 -3.9449e-04 -3.9789e-04 -4.0109e-04 -4.0410e-04 -4.0692e-04 -4.0954e-04 -4.1197e-04 -4.1421e-04 -4.1625e-04 -4.1811e-04 -4.1978e-04 -4.2127e-04 -4.2256e-04 -4.2368e-04 -4.2461e-04 -4.2536e-04 -4.2593e-04 -4.2633e-04 -4.2655e-04 -4.2660e-04 -4.2648e-04 -4.2619e-04 -4.2574e-04 -4.2512e-04 -4.2435e-04 -4.2342e-04 -4.2233e-04 -4.2110e-04 -4.1972e-04 -4.1819e-04 -4.1652e-04 -4.1472e-04 -4.1278e-04 -4.1071e-04 -4.0851e-04 -4.0618e-04 -4.0374e-04 -4.0118e-04 -3.9851e-04 -3.9572e-04 -3.9283e-04 -3.8984e-04 -3.8674e-04 -3.8356e-04 -3.8028e-04 -3.7691e-04 -3.7346e-04 -3.6992e-04 -3.6631e-04
-3.3474e-05 -6.6929e-05 -1.0034e-04 -1.3370e-04 -1.6697e-04 -2.0015e-04 -2.3320e-04 -2.6612e-04 9.7093e-03 -3.3146e-04 -3.6385e-04 -3.9601e-04 -4.2795e-04 -4.5963e-04 -4.9104e-04 -5.2217e-04 -5.5298e-04 -5.8347e-04 -6.1362e-04 -6.4342e-04 -6.7284e-04 -7.0186e-04 -7.3049e-04 -7.5869e-04 -7.8646e-04 -8.1377e-04 -8.4062e-04 -8.6700e-04 -8.9288e-04 -9.1826e-04 -9.4313e-04 -9.6746e-04 -9.9126e-04 -1.0145e-03 -1.0372e-03 -1.0593e-03 -1.0809e-03 -1.1018e-03 -1.1222e-03 -1.1419e-03 -1.1611e-03 -1.1796e-03 -1.1975e-03 -1.2148e-03 -1.2315e-03 -1.2475e-03 -1.2628e-03 -1.2776e-03 -1.2917e-03 -1.3051e-03 -1.3179e-03 -1.3300e-03 -1.3415e-03 -1.3523e-03 -1.3625e-03 -1.3720e-03 -1.3809e-03 -1.3891e-03 -1.3967e-03 -1.4037e-03 -1.4100e-03 -1.4156e-03 -1.4207e-03 -1.4251e-03 -1.4289e-03 -1.4321e-03 -1.4347e-03 -1.4366e-03 -1.4380e-03 -1.4388e-03 -1.4390e-03 -1.4387e-03 -1.4378e-03 -1.4363e-03 -1.4343e-03 -1.4317e-03 -1.4286e-03 -1.4250e-03 -1.4209e-03 -1.4163e-03 -1.4112e-03 -1.4056e-03 -1.3996e-03 -1.3931e-03 -1.3861e-03 -1.3788e-03 -1.3710e-03 -1.3628e-03 -1.3542e-03 -1.3452e-03 -1.3359e-03 -1.3262e-03 -1.3162e-03 -1.3058e-03 -1.2951e-03 -1.2840e-03 -1.2727e-03 -1.2611e-03 -1.2493e-03 -1.2371e-03 -1.1158e-05 -2.2310e-05 -3.3448e-05 -4.4566e-05 -5.5657e-05 -6.6716e-05 -7.7734e-05 -8.8706e-05 0.0000e+00 -1.1049e-04 -1.2128e-04 -1.3200e-04 -1.4265e-04 -1.5321e-04 -1.6367e-04 -1.7405e-04 -1.8432e-04 -1.9448e-04 -2.0453e-04 -2.1446e-04 -2.2426e-04 -2.3393e-04 -2.4347e-04 -2.5287e-04 -2.6212e-04 -2.7122e-04 -2.8017e-04 -2.8896e-04 -2.9758e-04 -3.0604e-04 -3.1432e-04 -3.2243e-04 -3.3036e-04 -3.3810e-04 -3.4566e-04 -3.5302e-04 -3.6020e-04 -3.6718e-04 -3.7396e-04 -3.8054e-04 -3.8691e-04 -3.9308e-04 -3.9904e-04 -4.0479e-04 -4.1034e-04 -4.1567e-04 -4.2078e-04 -4.2568e-04 -4.3037e-04 -4.3483e-04 -4.3909e-04 -4.4312e-04 -4.4694e-04 -4.5054e-04 -4.5392e-04 -4.5708e-04 -4.6003e-04 -4.6276e-04 -4.6528e-04 -4.6759e-04 -4.6968e-04 -4.7156e-04 -4.7323e-04 -4.7469e-04 -4.7594e-04 -4.7699e-04 -4.7784e-04 -4.7848e-04 -4.7893e-04 -4.7918e-04 -4.7924e-04 -4.7911e-04 -4.7879e-04 -4.7829e-04 -4.7760e-04 -4.7673e-04 -4.7569e-04 -4.7448e-04 -4.7310e-04 -4.7155e-04 -4.6984e-04 -4.6797e-04 -4.6595e-04 -4.6377e-04 -4.6145e-04 -4.5898e-04 -4.5638e-04 -4.5364e-04 -4.5076e-04 -4.4776e-04 -4.4464e-04 -4.4140e-04 -4.3804e-04 -4.3457e-04 -4.3099e-04 -4.2731e-04 -4.2353e-04 -4.1965e-04 -4.1569e-04 -4.1164e-04
-3.7123e-05 -7.4224e-05 -1.1128e-04 -1.4827e-04 -1.8517e-04 -2.2197e-04 -2.5862e-04 -2.9513e-04 -3.3146e-04 1.1986e-02 -4.0351e-04 -4.3919e-04 -4.7461e-04 -5.0974e-04 -5.4458e-04 -5.7910e-04 -6.1328e-04 -6.4709e-04 -6.8054e-04 -7.1358e-04 -7.4621e-04 -7.7841e-04 -8.1016e-04 -8.4144e-04 -8.7224e-04 -9.0254e-04 -9.3233e-04 -9.6158e-04 -9.9030e-04 -1.0185e-03 -1.0460e-03 -1.0730e-03 -1.0994e-03 -1.1252e-03 -1.1504e-03 -1.1749e-03 -1.1989e-03 -1.2221e-03 -1.2447e-03 -1.2666e-03 -1.2879e-03 -1.3084e-03 -1.3283e-03 -1.3475e-03 -1.3660e-03 -1.3838e-03 -1.4008e-03 -1.4172e-03 -1.4328e-03 -1.4477e-03 -1.4619e-03 -1.4754e-03 -1.4882e-03 -1.5002e-03 -1.5115e-03 -1.5221e-03 -1.5319e-03 -1.5411e-03 -1.5495e-03 -1.5573e-03 -1.5643e-03 -1.5706e-03 -1.5762e-03 -1.5811e-03 -1.5854e-03 -1.5889e-03 -1.5918e-03 -1.5940e-03 -1.5956e-03 -1.5965e-03 -1.5967e-03 -1.5964e-03 -1.5954e-03 -1.5938e-03 -1.5915e-03 -1.5887e-03 -1.5853e-03 -1.5813e-03 -1.5768e-03 -1.5717e-03 -1.5661e-03 -1.5599e-03 -1.5533e-03 -1.5461e-03 -1.5384e-03 -1.5303e-03 -1.5217e-03 -1.5126e-03 -1.5031e-03 -1.4932e-03 -1.4828e-03 -1.4721e-03 -1.4609e-03 -1.4495e-03 -1.4376e-03 -1.4254e-03 -1.4129e-03 -1.4000e-03 -1.3869e-03 -1.3734e-03 -1.2374e-05 -2.4741e-05 -3.7094e-05 -4.9424e-05 -6.1724e-05 -7.3988e-05 -8.6207e-05 -9.8375e-05 -1.1049e-04 0.0000e+00 -1.3450e-04 -1.4639e-04 -1.5820e-04 -1.6991e-04 -1.8152e-04 -1.9302e-04 -2.0441e-04 -2.1568e-04 -2.2683e-04 -2.3784e-04 -2.4871e-04 -2.5944e-04 -2.7002e-04 -2.8044e-04 -2.9071e-04 -3.0080e-04 -3.1073e-04 -3.2047e-04 -3.3004e-04 -3.3942e-04 -3.4860e-04 -3.5760e-04 -3.6639e-04 -3.7498e-04 -3.8336e-04 -3.9154e-04 -3.9950e-04 -4.0724e-04 -4.1476e-04 -4.2206e-04 -4.2913e-04 -4.3598e-04 -4.4259e-04 -4.4897e-04 -4.5512e-04 -4.6104e-04 -4.6671e-04 -4.7215e-04 -4.7735e-04 -4.8231e-04 -4.8703e-04 -4.9151e-04 -4.9574e-04 -4.9974e-04 -5.0349e-04 -5.0701e-04 -5.1028e-04 -5.1332e-04 -5.1611e-04 -5.1867e-04 -5.2100e-04 -5.2309e-04 -5.2494e-04 -5.2657e-04 -5.2796e-04 -5.2913e-04 -5.3007e-04 -5.3080e-04 -5.3130e-04 -5.3158e-04 -5.3165e-04 -5.3151e-04 -5.3116e-04 -5.3061e-04 -5.2985e-04 -5.2889e-04 -5.2774e-04 -5.2640e-04 -5.2487e-04 -5.2316e-04 -5.2127e-04 -5.1920e-04 -5.1696e-04 -5.1455e-04 -5.1198e-04 -5.0925e-04 -5.0637e-04 -5.0333e-04 -5.0015e-04 -4.9682e-04 -4.9336e-04 -4.8977e-04 -4.8605e-04 -4.8220e-04 -4.7824e-04 -4.7416e-04 -4.6997e-04 -4.6568e-04 -4.6128e-04 -4.5679e-04
-4.0750e-05 -8.1475e-05 -1.2215e-04 -1.6276e-04 -2.0326e-04 -2.4365e-04 -2.8389e-04 -3.2397e-04 -3.6385e-04 -4.0351e-04 1.4502e-02 -4.8210e-04 -5.2098e-04 -5.5955e-04 -5.9780e-04 -6.3569e-04 -6.7321e-04 -7.1034e-04 -7.4705e-04 -7.8333e-04 -8.1915e-04 -8.5450e-04 -8.8936e-04 -9.2370e-04 -9.5752e-04 -9.9079e-04 -1.0235e-03 -1.0556e-03 -1.0871e-03 -1.1181e-03 -1.1484e-03 -1.1780e-03 -1.2070e-03 -1.2353e-03 -1.2630e-03 -1.2899e-03 -1.3162e-03 -1.3417e-03 -1.3665e-03 -1.3906e-03 -1.4140e-03 -1.4366e-03 -1.4584e-03 -1.4795e-03 -1.4998e-03 -1.5193e-03 -1.5381e-03 -1.5560e-03 -1.5732e-03 -1.5896e-03 -1.6052e-03 -1.6200e-03 -1.6341e-03 -1.6473e-03 -1.6597e-03 -1.6714e-03 -1.6822e-03 -1.6923e-03 -1.7016e-03 -1.7101e-03 -1.7178e-03 -1.7248e-03 -1.7310e-03 -1.7364e-03 -1.7411e-03 -1.7450e-03 -1.7482e-03 -1.7507e-03 -1.7524e-03 -1.7534e-03 -1.7538e-03 -1.7534e-03 -1.7523e-03 -1.7506e-03 -1.7482e-03 -1.7451e-03 -1.7414e-03 -1.7371e-03 -1.7321e-03 -1.7265e-03 -1.7204e-03 -1.7137e-03 -1.7064e-03 -1.6985e-03 -1.6901e-03 -1.6812e-03 -1.6718e-03 -1.6619e-03 -1.6514e-03 -1.6406e-03 -1.6292e-03 -1.6175e-03 -1.6053e-03 -1.5927e-03 -1.5797e-03 -1.5663e-03 -1.5526e-03 -1.5385e-03 -1.5241e-03 -1.5094e-03 -1.3583e-05 -2.7158e-05 -4.0717e-05 -5.4252e-05 -6.7754e-05 -8.1216e-05 -9.4629e-05 -1.0799e-04 -1.2128e-04 -1.3450e-04 0.0000e+00 -1.6069e-04 -1.7365e-04 -1.8651e-04 -1.9925e-04 -2.1188e-04 -2.2439e-04 -2.3676e-04 -2.4899e-04 -2.6108e-04 -2.7302e-04 -2.8480e-04 -2.9641e-04 -3.0785e-04 -3.1912e-04 -3.3020e-04 -3.4110e-04 -3.5180e-04 -3.6230e-04 -3.7260e-04 -3.8269e-04 -3.9256e-04 -4.0221e-04 -4.1165e-04 -4.2085e-04 -4.2983e-04 -4.3857e-04 -4.4707e-04 -4.5533e-04 -4.6334e-04 -4.7111e-04 -4.7863e-04 -4.8589e-04 -4.9290e-04 -4.9966e-04 -5.0615e-04 -5.1239e-04 -5.1836e-04 -5.2407e-04 -5.2952e-04 -5.3470e-04 -5.3962e-04 -5.4428e-04 -5.4867e-04 -5.5280e-04 -5.5666e-04 -5.6026e-04 -5.6360e-04 -5.6667e-04 -5.6949e-04 -5.7204e-04 -5.7434e-04 -5.7638e-04 -5.7817e-04 -5.7971e-04 -5.8100e-04 -5.8204e-04 -5.8284e-04 -5.8340e-04 -5.8371e-04 -5.8380e-04 -5.8365e-04 -5.8327e-04 -5.8266e-04 -5.8184e-04 -5.8080e-04 -5.7954e-04 -5.7807e-04 -5.7640e-04 -5.7453e-04 -5.7245e-04 -5.7019e-04 -5.6774e-04 -5.6510e-04 -5.6228e-04 -5.5929e-04 -5.5613e-04 -5.5280e-04 -5.4931e-04 -5.4567e-04 -5.4188e-04 -5.3794e-04 -5.3386e-04 -5.2964e-04 -5.2529e-04 -5.2082e-04 -5.1623e-04 -5.1152e-04 -5.0670e-04 -5.0177e-04
-4.4352e-05 -8.8678e-05 -1.3295e-04 -1.7715e-04 -2.2123e-04 -2.6519e-04 -3.0899e-04 -3.5261e-04 -3.9601e-04 -4.3919e-04 -4.8210e-04 1.7258e-02 -5.6705e-04 -6.0904e-04 -6.5066e-04 -6.9191e-04 -7.3275e-04 -7.7317e-04 -8.1313e-04 -8.5262e-04 -8.9162e-04 -9.3010e-04 -9.6805e-04 -1.0054e-03 -1.0423e-03 -1.0785e-03 -1.1141e-03 -1.1491e-03 -1.1834e-03 -1.2170e-03 -1.2500e-03 -1.2823e-03 -1.3139e-03 -1.3447e-03 -1.3748e-03 -1.4042e-03 -1.4328e-03 -1.4606e-03 -1.4876e-03 -1.5139e-03 -1.5393e-03 -1.5639e-03 -1.5877e-03 -1.6107e-03 -1.6328e-03 -1.6541e-03 -1.6745e-03 -1.6941e-03 -1.7128e-03 -1.7307e-03 -1.7477e-03 -1.7639e-03 -1.7792e-03 -1.7936e-03 -1.8072e-03 -1.8199e-03 -1.8317e-03 -1.8427e-03 -1.8529e-03 -1.8621e-03 -1.8706e-03 -1.8782e-03 -1.8850e-03 -1.8909e-03 -1.8960e-03 -1.9004e-03 -1.9039e-03 -1.9066e-03 -1.9085e-03 -1.9096e-03 -1.9100e-03 -1.9096e-03 -1.9085e-03 -1.9067e-03 -1.9041e-03 -1.9008e-03 -1.8968e-03 -1.8921e-03 -1.8867e-03 -1.8807e-03 -1.8740e-03 -1.8668e-03 -1.8588e-03 -1.8503e-03 -1.8412e-03 -1.8316e-03 -1.8213e-03 -1.8106e-03 -1.7993e-03 -1.7874e-03 -1.7751e-03 -1.7624e-03 -1.7491e-03 -1.7354e-03 -1.7213e-03 -1.7068e-03 -1.6919e-03 -1.6766e-03 -1.6609e-03 -1.6449e-03 -1.4784e-05 -2.9559e-05 -4.4317e-05 -5.9048e-05 -7.3744e-05 -8.8396e-05 -1.0300e-04 -1.1753e-04 -1.3200e-04 -1.4639e-04 -1.6069e-04 0.0000e+00 -1.8901e-04 -2.0300e-04 -2.1687e-04 -2.3062e-04 -2.4423e-04 -2.5770e-04 -2.7101e-04 -2.8417e-04 -2.9716e-04 -3.0999e-04 -3.2263e-04 -3.3508e-04 -3.4735e-04 -3.5941e-04 -3.7127e-04 -3.8292e-04 -3.9435e-04 -4.0556e-04 -4.1655e-04 -4.2730e-04 -4.3781e-04 -4.4808e-04 -4.5810e-04 -4.6787e-04 -4.7739e-04 -4.8664e-04 -4.9564e-04 -5.0436e-04 -5.1282e-04 -5.2101e-04 -5.2892e-04 -5.3655e-04 -5.4391e-04 -5.5098e-04 -5.5778e-04 -5.6428e-04 -5.7051e-04 -5.7644e-04 -5.8209e-04 -5.8745e-04 -5.9252e-04 -5.9731e-04 -6.0181e-04 -6.0602e-04 -6.0994e-04 -6.1358e-04 -6.1693e-04 -6.2000e-04 -6.2279e-04 -6.2530e-04 -6.2753e-04 -6.2948e-04 -6.3116e-04 -6.3257e-04 -6.3371e-04 -6.3459e-04 -6.3520e-04 -6.3555e-04 -6.3565e-04 -6.3549e-04 -6.3509e-04 -6.3444e-04 -6.3355e-04 -6.3242e-04 -6.3106e-04 -6.2947e-04 -6.2766e-04 -6.2562e-04 -6.2337e-04 -6.2092e-04 -6.1825e-04 -6.1539e-04 -6.1233e-04 -6.0908e-04 -6.0564e-04 -6.0203e-04 -5.9824e-04 -5.9428e-04 -5.9015e-04 -5.8587e-04 -5.8143e-04 -5.7685e-04 -5.7212e-04 -5.6726e-04 -5.6227e-04 -5.5714e-04 -5.5190e-04 -5.4655e-04
-4.7928e-05 -9.5828e-05 -1.4367e-04 -1.9143e-04 -2.3907e-04 -2.8657e-04 -3.3391e-04 -3.8104e-04 -4.2795e-04 -4.7461e-04 -5.2098e-04 -5.6705e-04 2.0253e-02 -6.5816e-04 -7.0315e-04 -7.4772e-04 -7.9186e-04 -8.3554e-04 -8.7873e-04 -9.2142e-04 -9.6357e-04 -1.0052e-03 -1.0462e-03 -1.0866e-03 -1.1264e-03 -1.1655e-03 -1.2040e-03 -1.2418e-03 -1.2789e-03 -1.3153e-03 -1.3510e-03 -1.3859e-03 -1.4200e-03 -1.4534e-03 -1.4859e-03 -1.5177e-03 -1.5486e-03 -1.5787e-03 -1.6079e-03 -1.6363e-03 -1.6638e-03 -1.6904e-03 -1.7162e-03 -1.7410e-03 -1.7649e-03 -1.7880e-03 -1.8101e-03 -1.8313e-03 -1.8516e-03 -1.8709e-03 -1.8893e-03 -1.9068e-03 -1.9234e-03 -1.9390e-03 -1.9537e-03 -1.9675e-03 -1.9803e-03 -1.9922e-03 -2.0032e-03 -2.0133e-03 -2.0225e-03 -2.0307e-03 -2.0381e-03 -2.0445e-03 -2.0501e-03 -2.0548e-03 -2.0587e-03 -2.0616e-03 -2.0637e-03 -2.0650e-03 -2.0655e-03 -2.0651e-03 -2.0639e-03 -2.0619e-03 -2.0592e-03 -2.0557e-03 -2.0514e-03 -2.0464e-03 -2.0406e-03 -2.0342e-03 -2.0270e-03 -2.0191e-03 -2.0106e-03 -2.0015e-03 -1.9917e-03 -1.9813e-03 -1.9702e-03 -1.9586e-03 -1.9465e-03 -1.9337e-03 -1.9205e-03 -1.9067e-03 -1.8924e-03 -1.8777e-03 -1.8624e-03 -1.8468e-03 -1.8307e-03 -1.8142e-03 -1.7972e-03 -1.7800e-03 -1.5976e-05 -3.1943e-05 -4.7890e-05 -6.3809e-05 -7.9690e-05 -9.5524e-05 -1.1130e-04 -1.2701e-04 -1.4265e-04 -1.5820e-04 -1.7365e-04 -1.8901e-04 0.0000e+00 -2.1937e-04 -2.3436e-04 -2.4922e-04 -2.6393e-04 -2.7848e-04 -2.9287e-04 -3.0709e-04 -3.2114e-04 -3.3499e-04 -3.4866e-04 -3.6212e-04 -3.7537e-04 -3.8841e-04 -4.0123e-04 -4.1382e-04 -4.2618e-04 -4.3830e-04 -4.5017e-04 -4.6179e-04 -4.7315e-04 -4.8425e-04 -4.9509e-04 -5.0565e-04 -5.1594e-04 -5.2594e-04 -5.3567e-04 -5.4510e-04 -5.5425e-04 -5.6310e-04 -5.7165e-04 -5.7991e-04 -5.8786e-04 -5.9551e-04 -6.0286e-04 -6.0990e-04 -6.1663e-04 -6.2305e-04 -6.2916e-04 -6.3496e-04 -6.4045e-04 -6.4563e-04 -6.5049e-04 -6.5505e-04 -6.5930e-04 -6.6324e-04 -6.6687e-04 -6.7019e-04 -6.7321e-04 -6.7593e-04 -6.7835e-04 -6.8047e-04 -6.8229e-04 -6.8382e-04 -6.8506e-04 -6.8602e-04 -6.8669e-04 -6.8708e-04 -6.8719e-04 -6.8703e-04 -6.8660e-04 -6.8591e-04 -6.8495e-04 -6.8374e-04 -6.8228e-04 -6.8057e-04 -6.7862e-04 -6.7643e-04 -6.7400e-04 -6.7136e-04 -6.6848e-04 -6.6540e-04 -6.6210e-04 -6.5859e-04 -6.5489e-04 -6.5099e-04 -6.4690e-04 -6.4263e-04 -6.3818e-04 -6.3355e-04 -6.2877e-04 -6.2382e-04 -6.1872e-04 -6.1347e-04 -6.0808e-04 -6.0255e-04 -5.9689e-04 -5.9110e-04
-5.1476e-05 -1.0292e-04 -1.5431e-04 -2.0560e-04 -2.5677e-04 -3.0779e-04 -3.5862e-04 -4.0925e-04 -4.5963e-04 -5.0974e-04 -5.5955e-04 -6.0904e-04 -6.5816e-04 2.3487e-02 -7.5522e-04 -8.0310e-04 -8.5051e-04 -8.9743e-04 -9.4383e-04 -9.8968e-04 -1.0350e-03 -1.0796e-03 -1.1237e-03 -1.1671e-03 -1.2099e-03 -1.2519e-03 -1.2933e-03 -1.3339e-03 -1.3738e-03 -1.4129e-03 -1.4512e-03 -1.4887e-03 -1.5254e-03 -1.5612e-03 -1.5962e-03 -1.6303e-03 -1.6636e-03 -1.6959e-03 -1.7273e-03 -1.7578e-03 -1.7874e-03 -1.8160e-03 -1.8437e-03 -1.8704e-03 -1.8961e-03 -1.9209e-03 -1.9447e-03 -1.9675e-03 -1.9893e-03 -2.0101e-03 -2.0300e-03 -2.0488e-03 -2.0666e-03 -2.0834e-03 -2.0993e-03 -2.1141e-03 -2.1279e-03 -2.1408e-03 -2.1526e-03 -2.1635e-03 -2.1734e-03 -2.1823e-03 -2.1902e-03 -2.1972e-03 -2.2033e-03 -2.2084e-03 -2.2125e-03 -2.2158e-03 -2.2181e-03 -2.2195e-03 -2.2200e-03 -2.2197e-03 -2.2185e-03 -2.2164e-03 -2.2135e-03 -2.2097e-03 -2.2052e-03 -2.1998e-03 -2.1937e-03 -2.1868e-03 -2.1792e-03 -2.1708e-03 -2.1617e-03 -2.1519e-03 -2.1414e-03 -2.1303e-03 -2.1185e-03 -2.1060e-03 -2.0930e-03 -2.0794e-03 -2.0652e-03 -2.0504e-03 -2.0351e-03 -2.0193e-03 -2.0030e-03 -1.9862e-03 -1.9689e-03 -1.9512e-03 -1.9331e-03 -1.9146e-03 -1.7159e-05 -3.4307e-05 -5.1435e-05 -6.8532e-05 -8.5589e-05 -1.0259e-04 -1.1954e-04 -1.3641e-04 -1.5321e-04 -1.6991e-04 -1.8651e-04 -2.0300e-04 -2.1937e-04 0.0000e+00 -2.5172e-04 -2.6767e-04 -2.8347e-04 -2.9910e-04 -3.1456e-04 -3.2984e-04 -3.4492e-04 -3.5980e-04 -3.7448e-04 -3.8894e-04 -4.0318e-04 -4.1719e-04 -4.3096e-04 -4.4449e-04 -4.5776e-04 -4.7078e-04 -4.8353e-04 -4.9601e-04 -5.0822e-04 -5.2015e-04 -5.3179e-04 -5.4314e-04 -5.5419e-04 -5.6495e-04 -5.7539e-04 -5.8553e-04 -5.9536e-04 -6.0488e-04 -6.1407e-04 -6.2294e-04 -6.3149e-04 -6.3972e-04 -6.4761e-04 -6.5518e-04 -6.6241e-04 -6.6932e-04 -6.7589e-04 -6.8212e-04 -6.8803e-04 -6.9360e-04 -6.9883e-04 -7.0373e-04 -7.0830e-04 -7.1254e-04 -7.1645e-04 -7.2003e-04 -7.2329e-04 -7.2621e-04 -7.2882e-04 -7.3111e-04 -7.3307e-04 -7.3473e-04 -7.3607e-04 -7.3710e-04 -7.3783e-04 -7.3826e-04 -7.3839e-04 -7.3823e-04 -7.3778e-04 -7.3704e-04 -7.3602e-04 -7.3473e-04 -7.3317e-04 -7.3134e-04 -7.2926e-04 -7.2691e-04 -7.2432e-04 -7.2148e-04 -7.1841e-04 -7.1510e-04 -7.1157e-04 -7.0781e-04 -7.0384e-04 -6.9966e-04 -6.9528e-04 -6.9070e-04 -6.8592e-04 -6.8097e-04 -6.7583e-04 -6.7053e-04 -6.6506e-04 -6.5942e-04 -6.5364e-04 -6.4771e-04 -6.4163e-04 -6.3543e-04
-5.4993e-05 -1.0995e-04 -1.6485e-04 -2.1965e-04 -2.7431e-04 -3.2882e-04 -3.8313e-04 -4.3722e-04 -4.9104e-04 -5.4458e-04 -5.9780e-04 -6.5066e-04 -7.0315e-04 -7.5522e-04 2.6959e-02 -8.5801e-04 -9.0867e-04 -9.5880e-04 -1.0084e-03 -1.0574e-03 -1.1058e-03 -1.1535e-03 -1.2006e-03 -1.2470e-03 -1.2927e-03 -1.3376e-03 -1.3818e-03 -1.4252e-03 -1.4678e-03 -1.5096e-03 -1.5506e-03 -1.5907e-03 -1.6299e-03 -1.6682e-03 -1.7056e-03 -1.7421e-03 -1.7776e-03 -1.8122e-03 -1.8458e-03 -1.8784e-03 -1.9100e-03 -1.9407e-03 -1.9703e-03 -1.9988e-03 -2.0264e-03 -2.0529e-03 -2.0783e-03 -2.1027e-03 -2.1261e-03 -2.1483e-03 -2.1696e-03 -2.1897e-03 -2.2088e-03 -2.2268e-03 -2.2438e-03 -2.2597e-03 -2.2745e-03 -2.2883e-03 -2.3010e-03 -2.3126e-03 -2.3233e-03 -2.3328e-03 -2.3414e-03 -2.3489e-03 -2.3554e-03 -2.3609e-03 -2.3654e-03 -2.3689e-03 -2.3715e-03 -2.3730e-03 -2.3736e-03 -2.3733e-03 -2.3721e-03 -2.3699e-03 -2.3669e-03 -2.3629e-03 -2.3581e-03 -2.3524e-03 -2.3459e-03 -2.3386e-03 -2.3305e-03 -2.3216e-03 -2.3119e-03 -2.3015e-03 -2.2904e-03 -2.2785e-03 -2.2660e-03 -2.2527e-03 -2.2389e-03 -2.2244e-03 -2.2092e-03 -2.1935e-03 -2.1772e-03 -2.1603e-03 -2.1430e-03 -2.1250e-03 -2.1066e-03 -2.0878e-03 -2.0684e-03 -2.0487e-03 -1.8331e-05 -3.6651e-05 -5.4949e-05 -7.3215e-05 -9.1437e-05 -1.0960e-04 -1.2771e-04 -1.4573e-04 -1.6367e-04 -1.8152e-04 -1.9925e-04 -2.1687e-04 -2.3436e-04 -2.5172e-04 0.0000e+00 -2.8597e-04 -3.0285e-04 -3.1955e-04 -3.3606e-04 -3.5239e-04 -3.6850e-04 -3.8441e-04 -4.0009e-04 -4.1554e-04 -4.3075e-04 -4.4572e-04 -4.6044e-04 -4.7489e-04 -4.8908e-04 -5.0299e-04 -5.1662e-04 -5.2996e-04 -5.4300e-04 -5.5575e-04 -5.6819e-04 -5.8032e-04 -5.9214e-04 -6.0363e-04 -6.1480e-04 -6.2564e-04 -6.3614e-04 -6.4631e-04 -6.5614e-04 -6.6563e-04 -6.7477e-04 -6.8357e-04 -6.9201e-04 -7.0010e-04 -7.0784e-04 -7.1522e-04 -7.2225e-04 -7.2892e-04 -7.3524e-04 -7.4120e-04 -7.4680e-04 -7.5205e-04 -7.5694e-04 -7.6148e-04 -7.6566e-04 -7.6950e-04 -7.7298e-04 -7.7612e-04 -7.7892e-04 -7.8137e-04 -7.8348e-04 -7.8526e-04 -7.8670e-04 -7.8782e-04 -7.8861e-04 -7.8908e-04 -7.8923e-04 -7.8906e-04 -7.8859e-04 -7.8782e-04 -7.8674e-04 -7.8537e-04 -7.8371e-04 -7.8177e-04 -7.7955e-04 -7.7706e-04 -7.7430e-04 -7.7128e-04 -7.6801e-04 -7.6448e-04 -7.6072e-04 -7.5671e-04 -7.5248e-04 -7.4802e-04 -7.4335e-04 -7.3847e-04 -7.3338e-04 -7.2809e-04 -7.2261e-04 -7.1695e-04 -7.1111e-04 -7.0511e-04 -6.9893e-04 -6.9260e-04 -6.8612e-04 -6.7950e-04
-5.8478e-05 -1.1692e-04 -1.7529e-04 -2.3357e-04 -2.9170e-04 -3.4966e-04 -4.0741e-04 -4.6493e-04 -5.2217e-04 -5.7910e-04 -6.3569e-04 -6.9191e-04 -7.4772e-04 -8.0310e-04 -8.5801e-04 3.0671e-02 -9.6629e-04 -1.0196e-03 -1.0723e-03 -1.1244e-03 -1.1759e-03 -1.2267e-03 -1.2768e-03 -1.3261e-03 -1.3747e-03 -1.4225e-03 -1.4696e-03 -1.5157e-03 -1.5611e-03 -1.6055e-03 -1.6491e-03 -1.6918e-03 -1.7335e-03 -1.7743e-03 -1.8141e-03 -1.8529e-03 -1.8907e-03 -1.9275e-03 -1.9633e-03 -1.9980e-03 -2.0317e-03 -2.0642e-03 -2.0958e-03 -2.1262e-03 -2.1555e-03 -2.1837e-03 -2.2108e-03 -2.2368e-03 -2.2617e-03 -2.2855e-03 -2.3081e-03 -2.3296e-03 -2.3499e-03 -2.3691e-03 -2.3872e-03 -2.4042e-03 -2.4200e-03 -2.4347e-03 -2.4482e-03 -2.4607e-03 -2.4721e-03 -2.4823e-03 -2.4914e-03 -2.4995e-03 -2.5065e-03 -2.5124e-03 -2.5172e-03 -2.5210e-03 -2.5238e-03 -2.5255e-03 -2.5262e-03 -2.5260e-03 -2.5247e-03 -2.5225e-03 -2.5193e-03 -2.5151e-03 -2.5101e-03 -2.5041e-03 -2.4973e-03 -2.4896e-03 -2.4810e-03 -2.4716e-03 -2.4613e-03 -2.4503e-03 -2.4385e-03 -2.4260e-03 -2.4127e-03 -2.3987e-03 -2.3840e-03 -2.3686e-03 -2.3526e-03 -2.3359e-03 -2.3186e-03 -2.3007e-03 -2.2823e-03 -2.2633e-03 -2.2438e-03 -2.2237e-03 -2.2032e-03 -2.1822e-03 -1.9493e-05 -3.8974e-05 -5.8431e-05 -7.7854e-05 -9.7231e-05 -1.1655e-04 -1.3580e-04 -1.5497e-04 -1.7405e-04 -1.9302e-04 -2.1188e-04 -2.3062e-04 -2.4922e-04 -2.6767e-04 -2.8597e-04 0.0000e+00 -3.2205e-04 -3.3981e-04 -3.5737e-04 -3.7473e-04 -3.9187e-04 -4.0878e-04 -4.2546e-04 -4.4190e-04 -4.5808e-04 -4.7400e-04 -4.8965e-04 -5.0502e-04 -5.2011e-04 -5.3491e-04 -5.4941e-04 -5.6360e-04 -5.7748e-04 -5.9104e-04 -6.0427e-04 -6.1718e-04 -6.2975e-04 -6.4198e-04 -6.5386e-04 -6.6539e-04 -6.7657e-04 -6.8739e-04 -6.9785e-04 -7.0795e-04 -7.1768e-04 -7.2704e-04 -7.3603e-04 -7.4464e-04 -7.5288e-04 -7.6074e-04 -7.6822e-04 -7.7533e-04 -7.8205e-04 -7.8840e-04 -7.9437e-04 -7.9996e-04 -8.0517e-04 -8.1001e-04 -8.1447e-04 -8.1856e-04 -8.2228e-04 -8.2563e-04 -8.2861e-04 -8.3123e-04 -8.3349e-04 -8.3539e-04 -8.3694e-04 -8.3814e-04 -8.3899e-04 -8.3950e-04 -8.3967e-04 -8.3951e-04 -8.3902e-04 -8.3821e-04 -8.3708e-04 -8.3563e-04 -8.3388e-04 -8.3183e-04 -8.2948e-04 -8.2684e-04 -8.2392e-04 -8.2072e-04 -8.1725e-04 -8.1352e-04 -8.0952e-04 -8.0528e-04 -8.0079e-04 -7.9606e-04 -7.9110e-04 -7.8591e-04 -7.8051e-04 -7.7490e-04 -7.6909e-04 -7.6308e-04 -7.5688e-04 -7.5050e-04 -7.4394e-04 -7.3722e-04 -7.3034e-04 -7.2330e-04
