1.1989e-04 -2.4988e-02 -2.4975e-02 -2.4958e-02 -2.4935e-02 -2.4908e-02 -2.4875e-02 -2.4838e-02 -2.4796e-02 -2.4749e-02 -2.4697e-02 -2.4640e-02 -2.4579e-02 -2.4512e-02 -2.4441e-02 -2.4366e-02 -2.4286e-02 -2.4201e-02 -2.4111e-02 -2.4017e-02 -2.3919e-02 -2.3817e-02 -2.3710e-02 -2.3599e-02 -2.3483e-02 -2.3364e-02 -2.3240e-02 -2.3113e-02 -2.2981e-02 -2.2846e-02 -2.2707e-02 -2.2565e-02 -2.2419e-02 -2.2269e-02 -2.2116e-02 -2.1959e-02 -2.1800e-02 -2.1637e-02 -2.1471e-02 -2.1302e-02 -2.1130e-02 -2.0956e-02 -2.0778e-02 -2.0598e-02 -2.0416e-02 -2.0231e-02 -2.0044e-02 -1.9854e-02 -1.9662e-02 -1.9469e-02 -1.9273e-02 -1.9076e-02 -1.8877e-02 -1.8676e-02 -1.8473e-02 -1.8269e-02 -1.8064e-02 -1.7858e-02 -1.7650e-02 -1.7441e-02 -1.7231e-02 -1.7021e-02 -1.6809e-02 -1.6597e-02 -1.6385e-02 -1.6171e-02 -1.5958e-02 -1.5744e-02 -1.5530e-02 -1.5315e-02 -1.5101e-02 -1.4886e-02 -1.4672e-02 -1.4458e-02 -1.4244e-02 -1.4031e-02 -1.3818e-02 -1.3605e-02 -1.3393e-02 -1.3182e-02 -1.2972e-02 -1.2762e-02 -1.2553e-02 -1.2345e-02 -1.2139e-02 -1.1933e-02 -1.1728e-02 -1.1525e-02 -1.1323e-02 -1.1122e-02 -1.0922e-02 -1.0724e-02 -1.0528e-02 -1.0333e-02 -1.0139e-02 -9.9474e-03 -9.7573e-03 -9.5689e-03 -9.3823e-03 -9.1974e-03 0.0000e+00 -2.4988e-02 -2.4975e-02 -2.4958e-02 -2.4935e-02 -2.4908e-02 -2.4875e-02 -2.4838e-02 -2.4796e-02 -2.4749e-02 -2.4697e-02 -2.4640e-02 -2.4579e-02 -2.4512e-02 -2.4441e-02 -2.4366e-02 -2.4285e-02 -2.4201e-02 -2.4111e-02 -2.4017e-02 -2.3919e-02 -2.3816e-02 -2.3710e-02 -2.3598e-02 -2.3483e-02 -2.3364e-02 -2.3240e-02 -2.3113e-02 -2.2981e-02 -2.2846e-02 -2.2707e-02 -2.2565e-02 -2.2418e-02 -2.2269e-02 -2.2116e-02 -2.1959e-02 -2.1799e-02 -2.1637e-02 -2.1471e-02 -2.1302e-02 -2.1130e-02 -2.0955e-02 -2.0778e-02 -2.0598e-02 -2.0415e-02 -2.0230e-02 -2.0043e-02 -1.9854e-02 -1.9662e-02 -1.9468e-02 -1.9273e-02 -1.9075e-02 -1.8876e-02 -1.8675e-02 -1.8473e-02 -1.8269e-02 -1.8063e-02 -1.7857e-02 -1.7649e-02 -1.7440e-02 -1.7231e-02 -1.7020e-02 -1.6809e-02 -1.6597e-02 -1.6384e-02 -1.6171e-02 -1.5957e-02 -1.5743e-02 -1.5529e-02 -1.5315e-02 -1.5100e-02 -1.4886e-02 -1.4671e-02 -1.4457e-02 -1.4244e-02 -1.4030e-02 -1.3817e-02 -1.3605e-02 -1.3393e-02 -1.3181e-02 -1.2971e-02 -1.2761e-02 -1.2552e-02 -1.2345e-02 -1.2138e-02 -1.1932e-02 -1.1727e-02 -1.1524e-02 -1.1322e-02 -1.1121e-02 -1.0921e-02 -1.0723e-02 -1.0527e-02 -1.0332e-02 -1.0138e-02 -9.9465e-03 -9.7564e-03 -9.5680e-03 -9.3814e-03 -9.1965e-03
-2.4988e-02 4.7957e-04 -2.4968e-02 -2.4950e-02 -2.4928e-02 -2.4900e-02 -2.4868e-02 -2.4831e-02 -2.4789e-02 -2.4741e-02 -2.4690e-02 -2.4633e-02 -2.4571e-02 -2.4505e-02 -2.4434e-02 -2.4359e-02 -2.4279e-02 -2.4194e-02 -2.4104e-02 -2.4011e-02 -2.3913e-02 -2.3810e-02 -2.3703e-02 -2.3592e-02 -2.3477e-02 -2.3357e-02 -2.3234e-02 -2.3107e-02 -2.2975e-02 -2.2840e-02 -2.2702e-02 -2.2559e-02 -2.2413e-02 -2.2263e-02 -2.2110e-02 -2.1954e-02 -2.1795e-02 -2.1632e-02 -2.1466e-02 -2.1297e-02 -2.1125e-02 -2.0951e-02 -2.0774e-02 -2.0594e-02 -2.0411e-02 -2.0227e-02 -2.0040e-02 -1.9850e-02 -1.9659e-02 -1.9465e-02 -1.9270e-02 -1.9072e-02 -1.8873e-02 -1.8672e-02 -1.8470e-02 -1.8266e-02 -1.8061e-02 -1.7855e-02 -1.7647e-02 -1.7439e-02 -1.7229e-02 -1.7019e-02 -1.6807e-02 -1.6595e-02 -1.6383e-02 -1.6170e-02 -1.5956e-02 -1.5742e-02 -1.5528e-02 -1.5314e-02 -1.5100e-02 -1.4885e-02 -1.4671e-02 -1.4457e-02 -1.4244e-02 -1.4030e-02 -1.3817e-02 -1.3605e-02 -1.3393e-02 -1.3182e-02 -1.2972e-02 -1.2762e-02 -1.2553e-02 -1.2346e-02 -1.2139e-02 -1.1933e-02 -1.1729e-02 -1.1525e-02 -1.1323e-02 -1.1122e-02 -1.0923e-02 -1.0725e-02 -1.0529e-02 -1.0334e-02 -1.0140e-02 -9.9486e-03 -9.7585e-03 -9.5702e-03 -9.3836e-03 -9.1988e-03 -2.4988e-02 0.0000e+00 -2.4968e-02 -2.4950e-02 -2.4928e-02 -2.4900e-02 -2.4868e-02 -2.4831e-02 -2.4788e-02 -2.4741e-02 -2.4690e-02 -2.4633e-02 -2.4571e-02 -2.4505e-02 -2.4434e-02 -2.4359e-02 -2.4278e-02 -2.4193e-02 -2.4104e-02 -2.4010e-02 -2.3912e-02 -2.3810e-02 -2.3703e-02 -2.3592e-02 -2.3476e-02 -2.3357e-02 -2.3233e-02 -2.3106e-02 -2.2975e-02 -2.2840e-02 -2.2701e-02 -2.2558e-02 -2.2412e-02 -2.2262e-02 -2.2109e-02 -2.1953e-02 -2.1793e-02 -2.1631e-02 -2.1465e-02 -2.1296e-02 -2.1124e-02 -2.0949e-02 -2.0772e-02 -2.0592e-02 -2.0410e-02 -2.0225e-02 -2.0038e-02 -1.9848e-02 -1.9657e-02 -1.9463e-02 -1.9268e-02 -1.9070e-02 -1.8871e-02 -1.8670e-02 -1.8468e-02 -1.8264e-02 -1.8059e-02 -1.7852e-02 -1.7645e-02 -1.7436e-02 -1.7227e-02 -1.7016e-02 -1.6805e-02 -1.6593e-02 -1.6380e-02 -1.6167e-02 -1.5953e-02 -1.5739e-02 -1.5525e-02 -1.5311e-02 -1.5097e-02 -1.4882e-02 -1.4668e-02 -1.4454e-02 -1.4240e-02 -1.4027e-02 -1.3814e-02 -1.3602e-02 -1.3390e-02 -1.3179e-02 -1.2968e-02 -1.2759e-02 -1.2550e-02 -1.2342e-02 -1.2135e-02 -1.1930e-02 -1.1725e-02 -1.1522e-02 -1.1320e-02 -1.1119e-02 -1.0919e-02 -1.0721e-02 -1.0525e-02 -1.0330e-02 -1.0137e-02 -9.9449e-03 -9.7548e-03 -9.5665e-03 -9.3799e-03 -9.1951e-03
-2.4975e-02 -2.4968e-02 1.0790e-03 -2.4938e-02 -2.4915e-02 -2.4888e-02 -2.4856e-02 -2.4818e-02 -2.4776e-02 -2.4729e-02 -2.4678e-02 -2.4621e-02 -2.4559e-02 -2.4493e-02 -2.4423e-02 -2.4347e-02 -2.4267e-02 -2.4182e-02 -2.4093e-02 -2.3999e-02 -2.3901e-02 -2.3799e-02 -2.3692e-02 -2.3581e-02 -2.3466e-02 -2.3347e-02 -2.3224e-02 -2.3097e-02 -2.2965e-02 -2.2830e-02 -2.2692e-02 -2.2550e-02 -2.2404e-02 -2.2254e-02 -2.2101e-02 -2.1945e-02 -2.1786e-02 -2.1623e-02 -2.1458e-02 -2.1289e-02 -2.1118e-02 -2.0943e-02 -2.0766e-02 -2.0587e-02 -2.0404e-02 -2.0220e-02 -2.0033e-02 -1.9844e-02 -1.9652e-02 -1.9459e-02 -1.9264e-02 -1.9067e-02 -1.8868e-02 -1.8667e-02 -1.8465e-02 -1.8262e-02 -1.8057e-02 -1.7850e-02 -1.7643e-02 -1.7435e-02 -1.7225e-02 -1.7015e-02 -1.6804e-02 -1.6592e-02 -1.6380e-02 -1.6167e-02 -1.5954e-02 -1.5740e-02 -1.5526e-02 -1.5312e-02 -1.5098e-02 -1.4884e-02 -1.4670e-02 -1.4456e-02 -1.4243e-02 -1.4029e-02 -1.3817e-02 -1.3604e-02 -1.3393e-02 -1.3182e-02 -1.2972e-02 -1.2762e-02 -1.2554e-02 -1.2346e-02 -1.2139e-02 -1.1934e-02 -1.1729e-02 -1.1526e-02 -1.1324e-02 -1.1124e-02 -1.0924e-02 -1.0727e-02 -1.0530e-02 -1.0335e-02 -1.0142e-02 -9.9505e-03 -9.7605e-03 -9.5723e-03 -9.3858e-03 -9.2011e-03 -2.4975e-02 -2.4968e-02 0.0000e+00 -2.4938e-02 -2.4915e-02 -2.4888e-02 -2.4855e-02 -2.4818e-02 -2.4776e-02 -2.4729e-02 -2.4677e-02 -2.4621e-02 -2.4559e-02 -2.4493e-02 -2.4422e-02 -2.4346e-02 -2.4266e-02 -2.4182e-02 -2.4092e-02 -2.3999e-02 -2.3900e-02 -2.3798e-02 -2.3691e-02 -2.3580e-02 -2.3465e-02 -2.3346e-02 -2.3222e-02 -2.3095e-02 -2.2964e-02 -2.2829e-02 -2.2690e-02 -2.2547e-02 -2.2401e-02 -2.2252e-02 -2.2099e-02 -2.1943e-02 -2.1783e-02 -2.1620e-02 -2.1455e-02 -2.1286e-02 -2.1114e-02 -2.0940e-02 -2.0763e-02 -2.0583e-02 -2.0401e-02 -2.0216e-02 -2.0029e-02 -1.9840e-02 -1.9648e-02 -1.9455e-02 -1.9259e-02 -1.9062e-02 -1.8863e-02 -1.8662e-02 -1.8460e-02 -1.8256e-02 -1.8051e-02 -1.7845e-02 -1.7638e-02 -1.7429e-02 -1.7220e-02 -1.7009e-02 -1.6798e-02 -1.6586e-02 -1.6374e-02 -1.6161e-02 -1.5947e-02 -1.5733e-02 -1.5519e-02 -1.5305e-02 -1.5091e-02 -1.4877e-02 -1.4663e-02 -1.4449e-02 -1.4235e-02 -1.4022e-02 -1.3809e-02 -1.3597e-02 -1.3385e-02 -1.3174e-02 -1.2964e-02 -1.2754e-02 -1.2546e-02 -1.2338e-02 -1.2131e-02 -1.1926e-02 -1.1721e-02 -1.1518e-02 -1.1316e-02 -1.1115e-02 -1.0916e-02 -1.0718e-02 -1.0522e-02 -1.0327e-02 -1.0134e-02 -9.9422e-03 -9.7523e-03 -9.5640e-03 -9.3775e-03 -9.1928e-03
-2.4958e-02 -2.4950e-02 -2.4938e-02 1.9182e-03 -2.4898e-02 -2.4871e-02 -2.4838e-02 -2.4801e-02 -2.4759e-02 -2.4712e-02 -2.4661e-02 -2.4604e-02 -2.4543e-02 -2.4477e-02 -2.4406e-02 -2.4331e-02 -2.4251e-02 -2.4166e-02 -2.4077e-02 -2.3984e-02 -2.3886e-02 -2.3783e-02 -2.3677e-02 -2.3566e-02 -2.3451e-02 -2.3332e-02 -2.3209e-02 -2.3082e-02 -2.2951e-02 -2.2817e-02 -2.2678e-02 -2.2536e-02 -2.2391e-02 -2.2241e-02 -2.2089e-02 -2.1933e-02 -2.1774e-02 -2.1611e-02 -2.1446e-02 -2.1278e-02 -2.1106e-02 -2.0932e-02 -2.0756e-02 -2.0576e-02 -2.0394e-02 -2.0210e-02 -2.0023e-02 -1.9835e-02 -1.9644e-02 -1.9451e-02 -1.9256e-02 -1.9059e-02 -1.8860e-02 -1.8660e-02 -1.8458e-02 -1.8255e-02 -1.8050e-02 -1.7844e-02 -1.7637e-02 -1.7429e-02 -1.7220e-02 -1.7010e-02 -1.6799e-02 -1.6588e-02 -1.6376e-02 -1.6163e-02 -1.5950e-02 -1.5737e-02 -1.5523e-02 -1.5309e-02 -1.5095e-02 -1.4882e-02 -1.4668e-02 -1.4454e-02 -1.4241e-02 -1.4028e-02 -1.3816e-02 -1.3604e-02 -1.3392e-02 -1.3181e-02 -1.2971e-02 -1.2762e-02 -1.2554e-02 -1.2346e-02 -1.2140e-02 -1.1935e-02 -1.1730e-02 -1.1527e-02 -1.1326e-02 -1.1125e-02 -1.0926e-02 -1.0729e-02 -1.0532e-02 -1.0338e-02 -1.0145e-02 -9.9531e-03 -9.7633e-03 -9.5752e-03 -9.3889e-03 -9.2043e-03 -2.4958e-02 -2.4950e-02 -2.4938e-02 0.0000e+00 -2.4898e-02 -2.4870e-02 -2.4838e-02 -2.4801e-02 -2.4759e-02 -2.4712e-02 -2.4660e-02 -2.4603e-02 -2.4542e-02 -2.4476e-02 -2.4405e-02 -2.4330e-02 -2.4250e-02 -2.4165e-02 -2.4076e-02 -2.3982e-02 -2.3884e-02 -2.3782e-02 -2.3675e-02 -2.3564e-02 -2.3449e-02 -2.3330e-02 -2.3207e-02 -2.3079e-02 -2.2948e-02 -2.2813e-02 -2.2675e-02 -2.2532e-02 -2.2387e-02 -2.2237e-02 -2.2084e-02 -2.1928e-02 -2.1769e-02 -2.1606e-02 -2.1441e-02 -2.1272e-02 -2.1101e-02 -2.0927e-02 -2.0750e-02 -2.0570e-02 -2.0388e-02 -2.0203e-02 -2.0016e-02 -1.9827e-02 -1.9636e-02 -1.9443e-02 -1.9248e-02 -1.9050e-02 -1.8852e-02 -1.8651e-02 -1.8449e-02 -1.8246e-02 -1.8041e-02 -1.7835e-02 -1.7627e-02 -1.7419e-02 -1.7210e-02 -1.6999e-02 -1.6788e-02 -1.6577e-02 -1.6364e-02 -1.6152e-02 -1.5938e-02 -1.5725e-02 -1.5511e-02 -1.5297e-02 -1.5083e-02 -1.4869e-02 -1.4655e-02 -1.4442e-02 -1.4228e-02 -1.4015e-02 -1.3803e-02 -1.3590e-02 -1.3379e-02 -1.3168e-02 -1.2958e-02 -1.2749e-02 -1.2540e-02 -1.2333e-02 -1.2126e-02 -1.1921e-02 -1.1716e-02 -1.1513e-02 -1.1311e-02 -1.1111e-02 -1.0912e-02 -1.0714e-02 -1.0518e-02 -1.0323e-02 -1.0130e-02 -9.9385e-03 -9.7486e-03 -9.5605e-03 -9.3742e-03 -9.1896e-03
-2.4935e-02 -2.4928e-02 -2.4915e-02 -2.4898e-02 2.9972e-03 -2.4848e-02 -2.4816e-02 -2.4779e-02 -2.4737e-02 -2.4690e-02 -2.4639e-02 -2.4582e-02 -2.4521e-02 -2.4455e-02 -2.4385e-02 -2.4310e-02 -2.4230e-02 -2.4145e-02 -2.4057e-02 -2.3963e-02 -2.3866e-02 -2.3764e-02 -2.3657e-02 -2.3547e-02 -2.3432e-02 -2.3313e-02 -2.3191e-02 -2.3064e-02 -2.2933e-02 -2.2799e-02 -2.2661e-02 -2.2519e-02 -2.2374e-02 -2.2225e-02 -2.2073e-02 -2.1917e-02 -2.1758e-02 -2.1596e-02 -2.1431e-02 -2.1263e-02 -2.1092e-02 -2.0919e-02 -2.0742e-02 -2.0563e-02 -2.0382e-02 -2.0198e-02 -2.0011e-02 -1.9823e-02 -1.9632e-02 -1.9440e-02 -1.9245e-02 -1.9049e-02 -1.8850e-02 -1.8650e-02 -1.8449e-02 -1.8246e-02 -1.8042e-02 -1.7836e-02 -1.7630e-02 -1.7422e-02 -1.7213e-02 -1.7003e-02 -1.6793e-02 -1.6582e-02 -1.6370e-02 -1.6158e-02 -1.5945e-02 -1.5732e-02 -1.5519e-02 -1.5306e-02 -1.5092e-02 -1.4879e-02 -1.4665e-02 -1.4452e-02 -1.4239e-02 -1.4026e-02 -1.3814e-02 -1.3603e-02 -1.3391e-02 -1.3181e-02 -1.2971e-02 -1.2762e-02 -1.2554e-02 -1.2347e-02 -1.2141e-02 -1.1936e-02 -1.1732e-02 -1.1529e-02 -1.1328e-02 -1.1127e-02 -1.0929e-02 -1.0731e-02 -1.0535e-02 -1.0341e-02 -1.0148e-02 -9.9565e-03 -9.7669e-03 -9.5790e-03 -9.3928e-03 -9.2084e-03 -2.4935e-02 -2.4928e-02 -2.4915e-02 -2.4898e-02 0.0000e+00 -2.4848e-02 -2.4816e-02 -2.4779e-02 -2.4737e-02 -2.4690e-02 -2.4638e-02 -2.4581e-02 -2.4520e-02 -2.4454e-02 -2.4383e-02 -2.4308e-02 -2.4228e-02 -2.4144e-02 -2.4054e-02 -2.3961e-02 -2.3863e-02 -2.3761e-02 -2.3654e-02 -2.3543e-02 -2.3429e-02 -2.3309e-02 -2.3186e-02 -2.3059e-02 -2.2929e-02 -2.2794e-02 -2.2655e-02 -2.2513e-02 -2.2368e-02 -2.2218e-02 -2.2066e-02 -2.1910e-02 -2.1751e-02 -2.1588e-02 -2.1423e-02 -2.1255e-02 -2.1083e-02 -2.0909e-02 -2.0733e-02 -2.0553e-02 -2.0371e-02 -2.0187e-02 -2.0000e-02 -1.9812e-02 -1.9621e-02 -1.9427e-02 -1.9232e-02 -1.9036e-02 -1.8837e-02 -1.8637e-02 -1.8435e-02 -1.8232e-02 -1.8027e-02 -1.7821e-02 -1.7614e-02 -1.7406e-02 -1.7197e-02 -1.6987e-02 -1.6776e-02 -1.6565e-02 -1.6353e-02 -1.6140e-02 -1.5927e-02 -1.5714e-02 -1.5500e-02 -1.5287e-02 -1.5073e-02 -1.4859e-02 -1.4646e-02 -1.4432e-02 -1.4219e-02 -1.4006e-02 -1.3794e-02 -1.3582e-02 -1.3371e-02 -1.3160e-02 -1.2950e-02 -1.2741e-02 -1.2533e-02 -1.2325e-02 -1.2119e-02 -1.1914e-02 -1.1710e-02 -1.1507e-02 -1.1305e-02 -1.1105e-02 -1.0906e-02 -1.0708e-02 -1.0512e-02 -1.0318e-02 -1.0125e-02 -9.9336e-03 -9.7440e-03 -9.5561e-03 -9.3699e-03 -9.1855e-03
-2.4908e-02 -2.4900e-02 -2.4888e-02 -2.4871e-02 -2.4848e-02 4.3158e-03 -2.4789e-02 -2.4752e-02 -2.4710e-02 -2.4664e-02 -2.4612e-02 -2.4556e-02 -2.4495e-02 -2.4429e-02 -2.4359e-02 -2.4284e-02 -2.4204e-02 -2.4120e-02 -2.4032e-02 -2.3939e-02 -2.3841e-02 -2.3739e-02 -2.3633e-02 -2.3523e-02 -2.3409e-02 -2.3290e-02 -2.3168e-02 -2.3042e-02 -2.2911e-02 -2.2777e-02 -2.2639e-02 -2.2498e-02 -2.2353e-02 -2.2205e-02 -2.2053e-02 -2.1898e-02 -2.1739e-02 -2.1578e-02 -2.1413e-02 -2.1245e-02 -2.1075e-02 -2.0902e-02 -2.0726e-02 -2.0547e-02 -2.0366e-02 -2.0183e-02 -1.9997e-02 -1.9809e-02 -1.9618e-02 -1.9426e-02 -1.9232e-02 -1.9036e-02 -1.8838e-02 -1.8639e-02 -1.8438e-02 -1.8235e-02 -1.8032e-02 -1.7827e-02 -1.7620e-02 -1.7413e-02 -1.7205e-02 -1.6996e-02 -1.6786e-02 -1.6575e-02 -1.6364e-02 -1.6152e-02 -1.5939e-02 -1.5727e-02 -1.5514e-02 -1.5301e-02 -1.5088e-02 -1.4875e-02 -1.4662e-02 -1.4449e-02 -1.4237e-02 -1.4024e-02 -1.3813e-02 -1.3601e-02 -1.3390e-02 -1.3180e-02 -1.2971e-02 -1.2762e-02 -1.2555e-02 -1.2348e-02 -1.2142e-02 -1.1937e-02 -1.1734e-02 -1.1531e-02 -1.1330e-02 -1.1130e-02 -1.0931e-02 -1.0734e-02 -1.0539e-02 -1.0344e-02 -1.0152e-02 -9.9607e-03 -9.7713e-03 -9.5836e-03 -9.3976e-03 -9.2135e-03 -2.4908e-02 -2.4900e-02 -2.4888e-02 -2.4870e-02 -2.4848e-02 0.0000e+00 -2.4789e-02 -2.4752e-02 -2.4710e-02 -2.4663e-02 -2.4611e-02 -2.4555e-02 -2.4493e-02 -2.4428e-02 -2.4357e-02 -2.4282e-02 -2.4202e-02 -2.4117e-02 -2.4029e-02 -2.3935e-02 -2.3837e-02 -2.3735e-02 -2.3629e-02 -2.3518e-02 -2.3404e-02 -2.3285e-02 -2.3162e-02 -2.3035e-02 -2.2904e-02 -2.2770e-02 -2.2632e-02 -2.2490e-02 -2.2344e-02 -2.2195e-02 -2.2043e-02 -2.1887e-02 -2.1728e-02 -2.1566e-02 -2.1401e-02 -2.1233e-02 -2.1062e-02 -2.0888e-02 -2.0712e-02 -2.0533e-02 -2.0351e-02 -2.0167e-02 -1.9981e-02 -1.9792e-02 -1.9602e-02 -1.9409e-02 -1.9214e-02 -1.9018e-02 -1.8819e-02 -1.8619e-02 -1.8418e-02 -1.8215e-02 -1.8011e-02 -1.7805e-02 -1.7598e-02 -1.7390e-02 -1.7182e-02 -1.6972e-02 -1.6762e-02 -1.6550e-02 -1.6339e-02 -1.6126e-02 -1.5914e-02 -1.5701e-02 -1.5487e-02 -1.5274e-02 -1.5061e-02 -1.4847e-02 -1.4634e-02 -1.4421e-02 -1.4208e-02 -1.3995e-02 -1.3783e-02 -1.3571e-02 -1.3360e-02 -1.3150e-02 -1.2940e-02 -1.2732e-02 -1.2524e-02 -1.2317e-02 -1.2111e-02 -1.1906e-02 -1.1702e-02 -1.1499e-02 -1.1298e-02 -1.1098e-02 -1.0899e-02 -1.0702e-02 -1.0506e-02 -1.0312e-02 -1.0119e-02 -9.9278e-03 -9.7383e-03 -9.5506e-03 -9.3646e-03 -9.1804e-03
-2.4875e-02 -2.4868e-02 -2.4856e-02 -2.4838e-02 -2.4816e-02 -2.4789e-02 5.8740e-03 -2.4720e-02 -2.4679e-02 -2.4632e-02 -2.4581e-02 -2.4525e-02 -2.4464e-02 -2.4398e-02 -2.4328e-02 -2.4254e-02 -2.4174e-02 -2.4090e-02 -2.4002e-02 -2.3909e-02 -2.3812e-02 -2.3711e-02 -2.3605e-02 -2.3495e-02 -2.3381e-02 -2.3263e-02 -2.3141e-02 -2.3015e-02 -2.2885e-02 -2.2752e-02 -2.2614e-02 -2.2473e-02 -2.2329e-02 -2.2181e-02 -2.2029e-02 -2.1875e-02 -2.1717e-02 -2.1556e-02 -2.1391e-02 -2.1224e-02 -2.1054e-02 -2.0882e-02 -2.0706e-02 -2.0528e-02 -2.0348e-02 -2.0165e-02 -1.9979e-02 -1.9792e-02 -1.9602e-02 -1.9410e-02 -1.9217e-02 -1.9021e-02 -1.8824e-02 -1.8625e-02 -1.8425e-02 -1.8223e-02 -1.8020e-02 -1.7815e-02 -1.7609e-02 -1.7403e-02 -1.7195e-02 -1.6986e-02 -1.6777e-02 -1.6567e-02 -1.6356e-02 -1.6144e-02 -1.5933e-02 -1.5721e-02 -1.5508e-02 -1.5296e-02 -1.5083e-02 -1.4871e-02 -1.4658e-02 -1.4446e-02 -1.4234e-02 -1.4022e-02 -1.3810e-02 -1.3600e-02 -1.3389e-02 -1.3180e-02 -1.2971e-02 -1.2762e-02 -1.2555e-02 -1.2349e-02 -1.2143e-02 -1.1939e-02 -1.1736e-02 -1.1534e-02 -1.1333e-02 -1.1133e-02 -1.0935e-02 -1.0738e-02 -1.0543e-02 -1.0349e-02 -1.0156e-02 -9.9656e-03 -9.7765e-03 -9.5890e-03 -9.4033e-03 -9.2194e-03 -2.4875e-02 -2.4868e-02 -2.4855e-02 -2.4838e-02 -2.4816e-02 -2.4789e-02 0.0000e+00 -2.4719e-02 -2.4678e-02 -2.4631e-02 -2.4579e-02 -2.4523e-02 -2.4462e-02 -2.4396e-02 -2.4326e-02 -2.4251e-02 -2.4171e-02 -2.4087e-02 -2.3998e-02 -2.3905e-02 -2.3807e-02 -2.3705e-02 -2.3599e-02 -2.3489e-02 -2.3374e-02 -2.3255e-02 -2.3133e-02 -2.3006e-02 -2.2876e-02 -2.2742e-02 -2.2604e-02 -2.2462e-02 -2.2317e-02 -2.2168e-02 -2.2016e-02 -2.1861e-02 -2.1702e-02 -2.1540e-02 -2.1376e-02 -2.1208e-02 -2.1037e-02 -2.0864e-02 -2.0687e-02 -2.0509e-02 -2.0327e-02 -2.0144e-02 -1.9958e-02 -1.9769e-02 -1.9579e-02 -1.9387e-02 -1.9192e-02 -1.8996e-02 -1.8798e-02 -1.8599e-02 -1.8398e-02 -1.8195e-02 -1.7991e-02 -1.7786e-02 -1.7579e-02 -1.7372e-02 -1.7164e-02 -1.6954e-02 -1.6744e-02 -1.6533e-02 -1.6322e-02 -1.6110e-02 -1.5898e-02 -1.5685e-02 -1.5472e-02 -1.5259e-02 -1.5046e-02 -1.4833e-02 -1.4620e-02 -1.4407e-02 -1.4194e-02 -1.3982e-02 -1.3770e-02 -1.3559e-02 -1.3349e-02 -1.3138e-02 -1.2929e-02 -1.2721e-02 -1.2513e-02 -1.2306e-02 -1.2100e-02 -1.1896e-02 -1.1692e-02 -1.1490e-02 -1.1289e-02 -1.1089e-02 -1.0891e-02 -1.0694e-02 -1.0498e-02 -1.0304e-02 -1.0112e-02 -9.9208e-03 -9.7316e-03 -9.5441e-03 -9.3584e-03 -9.1745e-03
-2.4838e-02 -2.4831e-02 -2.4818e-02 -2.4801e-02 -2.4779e-02 -2.4752e-02 -2.4720e-02 7.6719e-03 -2.4642e-02 -2.4596e-02 -2.4545e-02 -2.4489e-02 -2.4428e-02 -2.4363e-02 -2.4293e-02 -2.4219e-02 -2.4140e-02 -2.4056e-02 -2.3968e-02 -2.3876e-02 -2.3779e-02 -2.3678e-02 -2.3573e-02 -2.3463e-02 -2.3350e-02 -2.3232e-02 -2.3110e-02 -2.2985e-02 -2.2855e-02 -2.2722e-02 -2.2585e-02 -2.2445e-02 -2.2301e-02 -2.2153e-02 -2.2002e-02 -2.1848e-02 -2.1691e-02 -2.1530e-02 -2.1367e-02 -2.1200e-02 -2.1031e-02 -2.0859e-02 -2.0684e-02 -2.0506e-02 -2.0326e-02 -2.0144e-02 -1.9959e-02 -1.9772e-02 -1.9583e-02 -1.9392e-02 -1.9199e-02 -1.9004e-02 -1.8808e-02 -1.8610e-02 -1.8410e-02 -1.8208e-02 -1.8006e-02 -1.7802e-02 -1.7597e-02 -1.7391e-02 -1.7183e-02 -1.6975e-02 -1.6766e-02 -1.6557e-02 -1.6347e-02 -1.6136e-02 -1.5925e-02 -1.5713e-02 -1.5502e-02 -1.5290e-02 -1.5078e-02 -1.4866e-02 -1.4654e-02 -1.4442e-02 -1.4230e-02 -1.4019e-02 -1.3808e-02 -1.3598e-02 -1.3388e-02 -1.3179e-02 -1.2970e-02 -1.2763e-02 -1.2556e-02 -1.2350e-02 -1.2145e-02 -1.1941e-02 -1.1738e-02 -1.1536e-02 -1.1336e-02 -1.1137e-02 -1.0939e-02 -1.0742e-02 -1.0547e-02 -1.0354e-02 -1.0162e-02 -9.9712e-03 -9.7824e-03 -9.5953e-03 -9.4099e-03 -9.2262e-03 -2.4838e-02 -2.4831e-02 -2.4818e-02 -2.4801e-02 -2.4779e-02 -2.4752e-02 -2.4719e-02 0.0000e+00 -2.4641e-02 -2.4594e-02 -2.4543e-02 -2.4486e-02 -2.4426e-02 -2.4360e-02 -2.4290e-02 -2.4215e-02 -2.4135e-02 -2.4051e-02 -2.3963e-02 -2.3870e-02 -2.3772e-02 -2.3671e-02 -2.3565e-02 -2.3454e-02 -2.3340e-02 -2.3222e-02 -2.3099e-02 -2.2973e-02 -2.2843e-02 -2.2709e-02 -2.2571e-02 -2.2430e-02 -2.2285e-02 -2.2137e-02 -2.1985e-02 -2.1830e-02 -2.1672e-02 -2.1510e-02 -2.1346e-02 -2.1179e-02 -2.1008e-02 -2.0835e-02 -2.0659e-02 -2.0481e-02 -2.0300e-02 -2.0117e-02 -1.9931e-02 -1.9743e-02 -1.9553e-02 -1.9361e-02 -1.9167e-02 -1.8972e-02 -1.8774e-02 -1.8575e-02 -1.8374e-02 -1.8172e-02 -1.7968e-02 -1.7764e-02 -1.7558e-02 -1.7351e-02 -1.7143e-02 -1.6934e-02 -1.6724e-02 -1.6514e-02 -1.6303e-02 -1.6091e-02 -1.5879e-02 -1.5667e-02 -1.5454e-02 -1.5242e-02 -1.5029e-02 -1.4816e-02 -1.4604e-02 -1.4391e-02 -1.4179e-02 -1.3967e-02 -1.3756e-02 -1.3545e-02 -1.3335e-02 -1.3125e-02 -1.2916e-02 -1.2708e-02 -1.2501e-02 -1.2294e-02 -1.2089e-02 -1.1885e-02 -1.1681e-02 -1.1479e-02 -1.1279e-02 -1.1079e-02 -1.0881e-02 -1.0684e-02 -1.0489e-02 -1.0295e-02 -1.0103e-02 -9.9128e-03 -9.7239e-03 -9.5367e-03 -9.3513e-03 -9.1676e-03
-2.4796e-02 -2.4789e-02 -2.4776e-02 -2.4759e-02 -2.4737e-02 -2.4710e-02 -2.4679e-02 -2.4642e-02 9.7093e-03 -2.4555e-02 -2.4504e-02 -2.4448e-02 -2.4388e-02 -2.4323e-02 -2.4253e-02 -2.4179e-02 -2.4100e-02 -2.4017e-02 -2.3930e-02 -2.3838e-02 -2.3741e-02 -2.3641e-02 -2.3536e-02 -2.3427e-02 -2.3314e-02 -2.3196e-02 -2.3075e-02 -2.2950e-02 -2.2821e-02 -2.2689e-02 -2.2552e-02 -2.2413e-02 -2.2269e-02 -2.2122e-02 -2.1972e-02 -2.1818e-02 -2.1662e-02 -2.1502e-02 -2.1339e-02 -2.1173e-02 -2.1004e-02 -2.0833e-02 -2.0658e-02 -2.0482e-02 -2.0302e-02 -2.0121e-02 -1.9937e-02 -1.9750e-02 -1.9562e-02 -1.9372e-02 -1.9179e-02 -1.8985e-02 -1.8789e-02 -1.8592e-02 -1.8393e-02 -1.8192e-02 -1.7990e-02 -1.7787e-02 -1.7582e-02 -1.7377e-02 -1.7170e-02 -1.6963e-02 -1.6755e-02 -1.6546e-02 -1.6336e-02 -1.6126e-02 -1.5916e-02 -1.5705e-02 -1.5494e-02 -1.5283e-02 -1.5071e-02 -1.4860e-02 -1.4648e-02 -1.4437e-02 -1.4226e-02 -1.4016e-02 -1.3805e-02 -1.3596e-02 -1.3386e-02 -1.3178e-02 -1.2970e-02 -1.2763e-02 -1.2556e-02 -1.2351e-02 -1.2146e-02 -1.1943e-02 -1.1741e-02 -1.1539e-02 -1.1339e-02 -1.1140e-02 -1.0943e-02 -1.0747e-02 -1.0552e-02 -1.0359e-02 -1.0168e-02 -9.9775e-03 -9.7891e-03 -9.6023e-03 -9.4172e-03 -9.2339e-03 -2.4796e-02 -2.4788e-02 -2.4776e-02 -2.4759e-02 -2.4737e-02 -2.4710e-02 -2.4678e-02 -2.4641e-02 0.0000e+00 -2.4553e-02 -2.4501e-02 -2.4445e-02 -2.4384e-02 -2.4319e-02 -2.4249e-02 -2.4174e-02 -2.4095e-02 -2.4011e-02 -2.3923e-02 -2.3830e-02 -2.3733e-02 -2.3631e-02 -2.3526e-02 -2.3416e-02 -2.3302e-02 -2.3184e-02 -2.3062e-02 -2.2936e-02 -2.2806e-02 -2.2672e-02 -2.2535e-02 -2.2394e-02 -2.2249e-02 -2.2101e-02 -2.1950e-02 -2.1795e-02 -2.1638e-02 -2.1477e-02 -2.1312e-02 -2.1145e-02 -2.0976e-02 -2.0803e-02 -2.0627e-02 -2.0450e-02 -2.0269e-02 -2.0086e-02 -1.9901e-02 -1.9714e-02 -1.9524e-02 -1.9333e-02 -1.9139e-02 -1.8944e-02 -1.8747e-02 -1.8548e-02 -1.8348e-02 -1.8146e-02 -1.7943e-02 -1.7739e-02 -1.7533e-02 -1.7326e-02 -1.7119e-02 -1.6910e-02 -1.6701e-02 -1.6491e-02 -1.6281e-02 -1.6070e-02 -1.5858e-02 -1.5647e-02 -1.5434e-02 -1.5222e-02 -1.5010e-02 -1.4798e-02 -1.4586e-02 -1.4374e-02 -1.4162e-02 -1.3950e-02 -1.3740e-02 -1.3529e-02 -1.3319e-02 -1.3110e-02 -1.2901e-02 -1.2694e-02 -1.2487e-02 -1.2281e-02 -1.2076e-02 -1.1872e-02 -1.1669e-02 -1.1467e-02 -1.1267e-02 -1.1068e-02 -1.0870e-02 -1.0674e-02 -1.0479e-02 -1.0286e-02 -1.0094e-02 -9.9037e-03 -9.7151e-03 -9.5283e-03 -9.3431e-03 -9.1598e-03
-2.4749e-02 -2.4741e-02 -2.4729e-02 -2.4712e-02 -2.4690e-02 -2.4664e-02 -2.4632e-02 -2.4596e-02 -2.4555e-02 1.1986e-02 -2.4458e-02 -2.4403e-02 -2.4343e-02 -2.4278e-02 -2.4209e-02 -2.4135e-02 -2.4057e-02 -2.3974e-02 -2.3887e-02 -2.3795e-02 -2.3699e-02 -2.3599e-02 -2.3495e-02 -2.3386e-02 -2.3273e-02 -2.3157e-02 -2.3036e-02 -2.2912e-02 -2.2784e-02 -2.2651e-02 -2.2516e-02 -2.2376e-02 -2.2234e-02 -2.2087e-02 -2.1938e-02 -2.1785e-02 -2.1629e-02 -2.1470e-02 -2.1307e-02 -2.1142e-02 -2.0974e-02 -2.0803e-02 -2.0630e-02 -2.0454e-02 -2.0275e-02 -2.0095e-02 -1.9911e-02 -1.9726e-02 -1.9538e-02 -1.9349e-02 -1.9157e-02 -1.8964e-02 -1.8769e-02 -1.8572e-02 -1.8373e-02 -1.8174e-02 -1.7972e-02 -1.7770e-02 -1.7566e-02 -1.7362e-02 -1.7156e-02 -1.6949e-02 -1.6742e-02 -1.6534e-02 -1.6325e-02 -1.6116e-02 -1.5906e-02 -1.5696e-02 -1.5485e-02 -1.5275e-02 -1.5064e-02 -1.4853e-02 -1.4643e-02 -1.4432e-02 -1.4222e-02 -1.4012e-02 -1.3802e-02 -1.3593e-02 -1.3385e-02 -1.3177e-02 -1.2969e-02 -1.2763e-02 -1.2557e-02 -1.2352e-02 -1.2148e-02 -1.1945e-02 -1.1743e-02 -1.1543e-02 -1.1343e-02 -1.1145e-02 -1.0948e-02 -1.0752e-02 -1.0558e-02 -1.0365e-02 -1.0174e-02 -9.9846e-03 -9.7965e-03 -9.6101e-03 -9.4254e-03 -9.2424e-03 -2.4749e-02 -2.4741e-02 -2.4729e-02 -2.4712e-02 -2.4690e-02 -2.4663e-02 -2.4631e-02 -2.4594e-02 -2.4553e-02 0.0000e+00 -2.4455e-02 -2.4399e-02 -2.4339e-02 -2.4273e-02 -2.4203e-02 -2.4129e-02 -2.4050e-02 -2.3966e-02 -2.3878e-02 -2.3785e-02 -2.3689e-02 -2.3588e-02 -2.3482e-02 -2.3373e-02 -2.3259e-02 -2.3141e-02 -2.3019e-02 -2.2894e-02 -2.2764e-02 -2.2631e-02 -2.2494e-02 -2.2354e-02 -2.2210e-02 -2.2062e-02 -2.1911e-02 -2.1757e-02 -2.1599e-02 -2.1439e-02 -2.1275e-02 -2.1108e-02 -2.0939e-02 -2.0767e-02 -2.0592e-02 -2.0414e-02 -2.0234e-02 -2.0052e-02 -1.9867e-02 -1.9680e-02 -1.9491e-02 -1.9300e-02 -1.9107e-02 -1.8913e-02 -1.8716e-02 -1.8518e-02 -1.8318e-02 -1.8117e-02 -1.7914e-02 -1.7710e-02 -1.7506e-02 -1.7299e-02 -1.7092e-02 -1.6885e-02 -1.6676e-02 -1.6466e-02 -1.6256e-02 -1.6046e-02 -1.5835e-02 -1.5624e-02 -1.5412e-02 -1.5200e-02 -1.4989e-02 -1.4777e-02 -1.4565e-02 -1.4354e-02 -1.4143e-02 -1.3932e-02 -1.3721e-02 -1.3511e-02 -1.3302e-02 -1.3093e-02 -1.2885e-02 -1.2678e-02 -1.2471e-02 -1.2266e-02 -1.2061e-02 -1.1858e-02 -1.1655e-02 -1.1454e-02 -1.1254e-02 -1.1055e-02 -1.0858e-02 -1.0662e-02 -1.0468e-02 -1.0275e-02 -1.0083e-02 -9.8935e-03 -9.7053e-03 -9.5188e-03 -9.3341e-03 -9.1511e-03
-2.4697e-02 -2.4690e-02 -2.4678e-02 -2.4661e-02 -2.4639e-02 -2.4612e-02 -2.4581e-02 -2.4545e-02 -2.4504e-02 -2.4458e-02 1.4502e-02 -2.4353e-02 -2.4293e-02 -2.4229e-02 -2.4160e-02 -2.4086e-02 -2.4008e-02 -2.3926e-02 -2.3839e-02 -2.3748e-02 -2.3653e-02 -2.3553e-02 -2.3449e-02 -2.3341e-02 -2.3229e-02 -2.3113e-02 -2.2993e-02 -2.2869e-02 -2.2742e-02 -2.2610e-02 -2.2475e-02 -2.2337e-02 -2.2195e-02 -2.2049e-02 -2.1900e-02 -2.1748e-02 -2.1593e-02 -2.1434e-02 -2.1273e-02 -2.1109e-02 -2.0941e-02 -2.0771e-02 -2.0599e-02 -2.0423e-02 -2.0246e-02 -2.0066e-02 -1.9883e-02 -1.9699e-02 -1.9512e-02 -1.9323e-02 -1.9133e-02 -1.8940e-02 -1.8746e-02 -1.8550e-02 -1.8352e-02 -1.8153e-02 -1.7953e-02 -1.7751e-02 -1.7549e-02 -1.7345e-02 -1.7140e-02 -1.6934e-02 -1.6728e-02 -1.6520e-02 -1.6312e-02 -1.6104e-02 -1.5895e-02 -1.5686e-02 -1.5476e-02 -1.5266e-02 -1.5056e-02 -1.4846e-02 -1.4637e-02 -1.4427e-02 -1.4217e-02 -1.4008e-02 -1.3799e-02 -1.3591e-02 -1.3383e-02 -1.3175e-02 -1.2969e-02 -1.2763e-02 -1.2558e-02 -1.2353e-02 -1.2150e-02 -1.1948e-02 -1.1746e-02 -1.1546e-02 -1.1347e-02 -1.1150e-02 -1.0953e-02 -1.0758e-02 -1.0564e-02 -1.0372e-02 -1.0182e-02 -9.9923e-03 -9.8047e-03 -9.6187e-03 -9.4344e-03 -9.2518e-03 -2.4697e-02 -2.4690e-02 -2.4677e-02 -2.4660e-02 -2.4638e-02 -2.4611e-02 -2.4579e-02 -2.4543e-02 -2.4501e-02 -2.4455e-02 0.0000e+00 -2.4348e-02 -2.4288e-02 -2.4223e-02 -2.4153e-02 -2.4079e-02 -2.4000e-02 -2.3917e-02 -2.3829e-02 -2.3737e-02 -2.3640e-02 -2.3539e-02 -2.3434e-02 -2.3325e-02 -2.3212e-02 -2.3094e-02 -2.2973e-02 -2.2848e-02 -2.2719e-02 -2.2586e-02 -2.2449e-02 -2.2309e-02 -2.2165e-02 -2.2018e-02 -2.1868e-02 -2.1714e-02 -2.1557e-02 -2.1397e-02 -2.1234e-02 -2.1068e-02 -2.0899e-02 -2.0727e-02 -2.0553e-02 -2.0376e-02 -2.0196e-02 -2.0014e-02 -1.9830e-02 -1.9644e-02 -1.9455e-02 -1.9265e-02 -1.9073e-02 -1.8878e-02 -1.8682e-02 -1.8485e-02 -1.8285e-02 -1.8085e-02 -1.7883e-02 -1.7680e-02 -1.7475e-02 -1.7270e-02 -1.7063e-02 -1.6856e-02 -1.6648e-02 -1.6439e-02 -1.6230e-02 -1.6020e-02 -1.5809e-02 -1.5598e-02 -1.5387e-02 -1.5176e-02 -1.4965e-02 -1.4754e-02 -1.4543e-02 -1.4332e-02 -1.4121e-02 -1.3911e-02 -1.3701e-02 -1.3491e-02 -1.3283e-02 -1.3074e-02 -1.2867e-02 -1.2660e-02 -1.2454e-02 -1.2249e-02 -1.2045e-02 -1.1842e-02 -1.1640e-02 -1.1439e-02 -1.1240e-02 -1.1042e-02 -1.0845e-02 -1.0649e-02 -1.0455e-02 -1.0263e-02 -1.0072e-02 -9.8823e-03 -9.6945e-03 -9.5084e-03 -9.3241e-03 -9.1415e-03
-2.4640e-02 -2.4633e-02 -2.4621e-02 -2.4604e-02 -2.4582e-02 -2.4556e-02 -2.4525e-02 -2.4489e-02 -2.4448e-02 -2.4403e-02 -2.4353e-02 1.7258e-02 -2.4238e-02 -2.4175e-02 -2.4106e-02 -2.4033e-02 -2.3956e-02 -2.3874e-02 -2.3787e-02 -2.3697e-02 -2.3602e-02 -2.3503e-02 -2.3400e-02 -2.3292e-02 -2.3181e-02 -2.3065e-02 -2.2946e-02 -2.2823e-02 -2.2696e-02 -2.2565e-02 -2.2431e-02 -2.2293e-02 -2.2152e-02 -2.2007e-02 -2.1859e-02 -2.1708e-02 -2.1553e-02 -2.1396e-02 -2.1235e-02 -2.1072e-02 -2.0905e-02 -2.0736e-02 -2.0564e-02 -2.0390e-02 -2.0213e-02 -2.0034e-02 -1.9853e-02 -1.9669e-02 -1.9483e-02 -1.9295e-02 -1.9106e-02 -1.8914e-02 -1.8721e-02 -1.8526e-02 -1.8329e-02 -1.8131e-02 -1.7932e-02 -1.7731e-02 -1.7529e-02 -1.7326e-02 -1.7122e-02 -1.6918e-02 -1.6712e-02 -1.6506e-02 -1.6299e-02 -1.6091e-02 -1.5883e-02 -1.5674e-02 -1.5466e-02 -1.5257e-02 -1.5048e-02 -1.4839e-02 -1.4630e-02 -1.4421e-02 -1.4212e-02 -1.4003e-02 -1.3795e-02 -1.3588e-02 -1.3381e-02 -1.3174e-02 -1.2968e-02 -1.2763e-02 -1.2558e-02 -1.2355e-02 -1.2152e-02 -1.1950e-02 -1.1750e-02 -1.1550e-02 -1.1352e-02 -1.1155e-02 -1.0959e-02 -1.0765e-02 -1.0571e-02 -1.0380e-02 -1.0189e-02 -1.0001e-02 -9.8136e-03 -9.6281e-03 -9.4443e-03 -9.2621e-03 -2.4640e-02 -2.4633e-02 -2.4621e-02 -2.4603e-02 -2.4581e-02 -2.4555e-02 -2.4523e-02 -2.4486e-02 -2.4445e-02 -2.4399e-02 -2.4348e-02 0.0000e+00 -2.4233e-02 -2.4168e-02 -2.4098e-02 -2.4024e-02 -2.3946e-02 -2.3863e-02 -2.3775e-02 -2.3683e-02 -2.3587e-02 -2.3486e-02 -2.3382e-02 -2.3273e-02 -2.3160e-02 -2.3043e-02 -2.2922e-02 -2.2797e-02 -2.2669e-02 -2.2536e-02 -2.2400e-02 -2.2260e-02 -2.2117e-02 -2.1971e-02 -2.1821e-02 -2.1667e-02 -2.1511e-02 -2.1351e-02 -2.1189e-02 -2.1023e-02 -2.0855e-02 -2.0684e-02 -2.0510e-02 -2.0333e-02 -2.0155e-02 -1.9973e-02 -1.9790e-02 -1.9604e-02 -1.9416e-02 -1.9226e-02 -1.9034e-02 -1.8841e-02 -1.8645e-02 -1.8448e-02 -1.8250e-02 -1.8050e-02 -1.7848e-02 -1.7646e-02 -1.7442e-02 -1.7237e-02 -1.7031e-02 -1.6825e-02 -1.6617e-02 -1.6409e-02 -1.6200e-02 -1.5991e-02 -1.5781e-02 -1.5571e-02 -1.5361e-02 -1.5150e-02 -1.4939e-02 -1.4729e-02 -1.4518e-02 -1.4308e-02 -1.4098e-02 -1.3888e-02 -1.3679e-02 -1.3470e-02 -1.3262e-02 -1.3054e-02 -1.2847e-02 -1.2641e-02 -1.2435e-02 -1.2231e-02 -1.2027e-02 -1.1825e-02 -1.1623e-02 -1.1423e-02 -1.1224e-02 -1.1027e-02 -1.0830e-02 -1.0635e-02 -1.0442e-02 -1.0250e-02 -1.0059e-02 -9.8700e-03 -9.6827e-03 -9.4971e-03 -9.3131e-03 -9.1309e-03
-2.4579e-02 -2.4571e-02 -2.4559e-02 -2.4543e-02 -2.4521e-02 -2.4495e-02 -2.4464e-02 -2.4428e-02 -2.4388e-02 -2.4343e-02 -2.4293e-02 -2.4238e-02 2.0253e-02 -2.4116e-02 -2.4048e-02 -2.3975e-02 -2.3898e-02 -2.3817e-02 -2.3731e-02 -2.3641e-02 -2.3547e-02 -2.3448e-02 -2.3346e-02 -2.3239e-02 -2.3128e-02 -2.3014e-02 -2.2895e-02 -2.2773e-02 -2.2647e-02 -2.2517e-02 -2.2383e-02 -2.2246e-02 -2.2106e-02 -2.1962e-02 -2.1815e-02 -2.1664e-02 -2.1511e-02 -2.1354e-02 -2.1194e-02 -2.1032e-02 -2.0866e-02 -2.0698e-02 -2.0527e-02 -2.0354e-02 -2.0178e-02 -2.0000e-02 -1.9819e-02 -1.9637e-02 -1.9452e-02 -1.9265e-02 -1.9076e-02 -1.8886e-02 -1.8694e-02 -1.8500e-02 -1.8304e-02 -1.8107e-02 -1.7909e-02 -1.7709e-02 -1.7508e-02 -1.7306e-02 -1.7103e-02 -1.6900e-02 -1.6695e-02 -1.6490e-02 -1.6283e-02 -1.6077e-02 -1.5870e-02 -1.5662e-02 -1.5454e-02 -1.5246e-02 -1.5038e-02 -1.4830e-02 -1.4622e-02 -1.4414e-02 -1.4206e-02 -1.3999e-02 -1.3791e-02 -1.3584e-02 -1.3378e-02 -1.3172e-02 -1.2967e-02 -1.2763e-02 -1.2559e-02 -1.2356e-02 -1.2154e-02 -1.1953e-02 -1.1753e-02 -1.1555e-02 -1.1357e-02 -1.1160e-02 -1.0965e-02 -1.0771e-02 -1.0579e-02 -1.0388e-02 -1.0198e-02 -1.0010e-02 -9.8232e-03 -9.6382e-03 -9.4549e-03 -9.2732e-03 -2.4579e-02 -2.4571e-02 -2.4559e-02 -2.4542e-02 -2.4520e-02 -2.4493e-02 -2.4462e-02 -2.4426e-02 -2.4384e-02 -2.4339e-02 -2.4288e-02 -2.4233e-02 0.0000e+00 -2.4108e-02 -2.4039e-02 -2.3965e-02 -2.3887e-02 -2.3804e-02 -2.3717e-02 -2.3625e-02 -2.3529e-02 -2.3429e-02 -2.3325e-02 -2.3216e-02 -2.3104e-02 -2.2987e-02 -2.2867e-02 -2.2743e-02 -2.2614e-02 -2.2482e-02 -2.2347e-02 -2.2208e-02 -2.2065e-02 -2.1919e-02 -2.1770e-02 -2.1617e-02 -2.1461e-02 -2.1302e-02 -2.1140e-02 -2.0975e-02 -2.0807e-02 -2.0637e-02 -2.0463e-02 -2.0288e-02 -2.0109e-02 -1.9929e-02 -1.9746e-02 -1.9561e-02 -1.9373e-02 -1.9184e-02 -1.8993e-02 -1.8800e-02 -1.8605e-02 -1.8409e-02 -1.8211e-02 -1.8012e-02 -1.7811e-02 -1.7609e-02 -1.7406e-02 -1.7202e-02 -1.6997e-02 -1.6791e-02 -1.6584e-02 -1.6376e-02 -1.6168e-02 -1.5960e-02 -1.5750e-02 -1.5541e-02 -1.5331e-02 -1.5121e-02 -1.4911e-02 -1.4702e-02 -1.4492e-02 -1.4282e-02 -1.4073e-02 -1.3863e-02 -1.3655e-02 -1.3446e-02 -1.3239e-02 -1.3032e-02 -1.2825e-02 -1.2620e-02 -1.2415e-02 -1.2211e-02 -1.2008e-02 -1.1806e-02 -1.1605e-02 -1.1406e-02 -1.1207e-02 -1.1010e-02 -1.0814e-02 -1.0620e-02 -1.0427e-02 -1.0235e-02 -1.0045e-02 -9.8567e-03 -9.6699e-03 -9.4847e-03 -9.3012e-03 -9.1195e-03
-2.4512e-02 -2.4505e-02 -2.4493e-02 -2.4477e-02 -2.4455e-02 -2.4429e-02 -2.4398e-02 -2.4363e-02 -2.4323e-02 -2.4278e-02 -2.4229e-02 -2.4175e-02 -2.4116e-02 2.3487e-02 -2.3985e-02 -2.3913e-02 -2.3837e-02 -2.3756e-02 -2.3671e-02 -2.3581e-02 -2.3488e-02 -2.3390e-02 -2.3288e-02 -2.3182e-02 -2.3072e-02 -2.2958e-02 -2.2840e-02 -2.2718e-02 -2.2593e-02 -2.2464e-02 -2.2332e-02 -2.2195e-02 -2.2056e-02 -2.1913e-02 -2.1767e-02 -2.1617e-02 -2.1464e-02 -2.1309e-02 -2.1150e-02 -2.0988e-02 -2.0824e-02 -2.0657e-02 -2.0487e-02 -2.0315e-02 -2.0140e-02 -1.9963e-02 -1.9784e-02 -1.9602e-02 -1.9418e-02 -1.9233e-02 -1.9045e-02 -1.8856e-02 -1.8664e-02 -1.8471e-02 -1.8277e-02 -1.8081e-02 -1.7884e-02 -1.7685e-02 -1.7486e-02 -1.7285e-02 -1.7083e-02 -1.6880e-02 -1.6677e-02 -1.6472e-02 -1.6267e-02 -1.6062e-02 -1.5856e-02 -1.5649e-02 -1.5442e-02 -1.5235e-02 -1.5028e-02 -1.4821e-02 -1.4614e-02 -1.4407e-02 -1.4200e-02 -1.3993e-02 -1.3787e-02 -1.3581e-02 -1.3375e-02 -1.3171e-02 -1.2966e-02 -1.2763e-02 -1.2560e-02 -1.2358e-02 -1.2157e-02 -1.1956e-02 -1.1757e-02 -1.1559e-02 -1.1362e-02 -1.1166e-02 -1.0972e-02 -1.0779e-02 -1.0587e-02 -1.0396e-02 -1.0207e-02 -1.0020e-02 -9.8336e-03 -9.6491e-03 -9.4663e-03 -9.2851e-03 -2.4512e-02 -2.4505e-02 -2.4493e-02 -2.4476e-02 -2.4454e-02 -2.4428e-02 -2.4396e-02 -2.4360e-02 -2.4319e-02 -2.4273e-02 -2.4223e-02 -2.4168e-02 -2.4108e-02 0.0000e+00 -2.3975e-02 -2.3901e-02 -2.3823e-02 -2.3741e-02 -2.3654e-02 -2.3563e-02 -2.3467e-02 -2.3368e-02 -2.3264e-02 -2.3156e-02 -2.3044e-02 -2.2928e-02 -2.2808e-02 -2.2684e-02 -2.2556e-02 -2.2425e-02 -2.2290e-02 -2.2151e-02 -2.2009e-02 -2.1863e-02 -2.1714e-02 -2.1562e-02 -2.1407e-02 -2.1249e-02 -2.1087e-02 -2.0923e-02 -2.0756e-02 -2.0586e-02 -2.0413e-02 -2.0238e-02 -2.0061e-02 -1.9881e-02 -1.9698e-02 -1.9514e-02 -1.9327e-02 -1.9139e-02 -1.8948e-02 -1.8756e-02 -1.8562e-02 -1.8367e-02 -1.8169e-02 -1.7971e-02 -1.7771e-02 -1.7570e-02 -1.7367e-02 -1.7164e-02 -1.6959e-02 -1.6754e-02 -1.6548e-02 -1.6341e-02 -1.6134e-02 -1.5926e-02 -1.5717e-02 -1.5509e-02 -1.5300e-02 -1.5091e-02 -1.4881e-02 -1.4672e-02 -1.4463e-02 -1.4254e-02 -1.4045e-02 -1.3837e-02 -1.3629e-02 -1.3421e-02 -1.3214e-02 -1.3008e-02 -1.2802e-02 -1.2597e-02 -1.2393e-02 -1.2190e-02 -1.1987e-02 -1.1786e-02 -1.1586e-02 -1.1387e-02 -1.1189e-02 -1.0992e-02 -1.0797e-02 -1.0603e-02 -1.0411e-02 -1.0220e-02 -1.0030e-02 -9.8423e-03 -9.6560e-03 -9.4714e-03 -9.2884e-03 -9.1072e-03
-2.4441e-02 -2.4434e-02 -2.4423e-02 -2.4406e-02 -2.4385e-02 -2.4359e-02 -2.4328e-02 -2.4293e-02 -2.4253e-02 -2.4209e-02 -2.4160e-02 -2.4106e-02 -2.4048e-02 -2.3985e-02 2.6959e-02 -2.3847e-02 -2.3771e-02 -2.3690e-02 -2.3606e-02 -2.3517e-02 -2.3424e-02 -2.3327e-02 -2.3226e-02 -2.3120e-02 -2.3011e-02 -2.2898e-02 -2.2781e-02 -2.2660e-02 -2.2536e-02 -2.2408e-02 -2.2276e-02 -2.2141e-02 -2.2002e-02 -2.1860e-02 -2.1715e-02 -2.1567e-02 -2.1415e-02 -2.1260e-02 -2.1103e-02 -2.0942e-02 -2.0779e-02 -2.0613e-02 -2.0444e-02 -2.0273e-02 -2.0100e-02 -1.9924e-02 -1.9745e-02 -1.9565e-02 -1.9382e-02 -1.9198e-02 -1.9011e-02 -1.8823e-02 -1.8633e-02 -1.8441e-02 -1.8248e-02 -1.8053e-02 -1.7857e-02 -1.7660e-02 -1.7461e-02 -1.7262e-02 -1.7061e-02 -1.6859e-02 -1.6657e-02 -1.6454e-02 -1.6250e-02 -1.6045e-02 -1.5840e-02 -1.5635e-02 -1.5429e-02 -1.5223e-02 -1.5017e-02 -1.4811e-02 -1.4605e-02 -1.4399e-02 -1.4193e-02 -1.3987e-02 -1.3782e-02 -1.3577e-02 -1.3373e-02 -1.3169e-02 -1.2965e-02 -1.2762e-02 -1.2561e-02 -1.2359e-02 -1.2159e-02 -1.1960e-02 -1.1761e-02 -1.1564e-02 -1.1368e-02 -1.1173e-02 -1.0979e-02 -1.0786e-02 -1.0595e-02 -1.0405e-02 -1.0217e-02 -1.0030e-02 -9.8446e-03 -9.6607e-03 -9.4784e-03 -9.2978e-03 -2.4441e-02 -2.4434e-02 -2.4422e-02 -2.4405e-02 -2.4383e-02 -2.4357e-02 -2.4326e-02 -2.4290e-02 -2.4249e-02 -2.4203e-02 -2.4153e-02 -2.4098e-02 -2.4039e-02 -2.3975e-02 0.0000e+00 -2.3833e-02 -2.3755e-02 -2.3673e-02 -2.3587e-02 -2.3496e-02 -2.3401e-02 -2.3302e-02 -2.3198e-02 -2.3091e-02 -2.2979e-02 -2.2863e-02 -2.2744e-02 -2.2621e-02 -2.2493e-02 -2.2363e-02 -2.2228e-02 -2.2090e-02 -2.1949e-02 -2.1804e-02 -2.1655e-02 -2.1504e-02 -2.1349e-02 -2.1191e-02 -2.1031e-02 -2.0867e-02 -2.0701e-02 -2.0531e-02 -2.0360e-02 -2.0185e-02 -2.0008e-02 -1.9829e-02 -1.9648e-02 -1.9464e-02 -1.9278e-02 -1.9090e-02 -1.8901e-02 -1.8709e-02 -1.8516e-02 -1.8321e-02 -1.8125e-02 -1.7927e-02 -1.7728e-02 -1.7527e-02 -1.7326e-02 -1.7123e-02 -1.6919e-02 -1.6715e-02 -1.6510e-02 -1.6304e-02 -1.6097e-02 -1.5890e-02 -1.5682e-02 -1.5474e-02 -1.5266e-02 -1.5058e-02 -1.4849e-02 -1.4641e-02 -1.4432e-02 -1.4224e-02 -1.4016e-02 -1.3808e-02 -1.3601e-02 -1.3394e-02 -1.3188e-02 -1.2982e-02 -1.2777e-02 -1.2573e-02 -1.2369e-02 -1.2167e-02 -1.1965e-02 -1.1764e-02 -1.1565e-02 -1.1367e-02 -1.1169e-02 -1.0973e-02 -1.0779e-02 -1.0585e-02 -1.0394e-02 -1.0203e-02 -1.0014e-02 -9.8269e-03 -9.6412e-03 -9.4571e-03 -9.2746e-03 -9.0939e-03
-2.4366e-02 -2.4359e-02 -2.4347e-02 -2.4331e-02 -2.4310e-02 -2.4284e-02 -2.4254e-02 -2.4219e-02 -2.4179e-02 -2.4135e-02 -2.4086e-02 -2.4033e-02 -2.3975e-02 -2.3913e-02 -2.3847e-02 3.0671e-02 -2.3700e-02 -2.3621e-02 -2.3537e-02 -2.3449e-02 -2.3356e-02 -2.3260e-02 -2.3160e-02 -2.3055e-02 -2.2947e-02 -2.2834e-02 -2.2718e-02 -2.2599e-02 -2.2475e-02 -2.2348e-02 -2.2217e-02 -2.2083e-02 -2.1945e-02 -2.1804e-02 -2.1660e-02 -2.1513e-02 -2.1362e-02 -2.1209e-02 -2.1052e-02 -2.0893e-02 -2.0731e-02 -2.0566e-02 -2.0398e-02 -2.0229e-02 -2.0056e-02 -1.9881e-02 -1.9704e-02 -1.9525e-02 -1.9344e-02 -1.9160e-02 -1.8975e-02 -1.8788e-02 -1.8599e-02 -1.8409e-02 -1.8217e-02 -1.8023e-02 -1.7829e-02 -1.7632e-02 -1.7435e-02 -1.7237e-02 -1.7037e-02 -1.6837e-02 -1.6636e-02 -1.6434e-02 -1.6231e-02 -1.6028e-02 -1.5824e-02 -1.5620e-02 -1.5415e-02 -1.5210e-02 -1.5005e-02 -1.4800e-02 -1.4595e-02 -1.4390e-02 -1.4186e-02 -1.3981e-02 -1.3777e-02 -1.3573e-02 -1.3369e-02 -1.3166e-02 -1.2964e-02 -1.2762e-02 -1.2561e-02 -1.2361e-02 -1.2162e-02 -1.1963e-02 -1.1766e-02 -1.1569e-02 -1.1374e-02 -1.1179e-02 -1.0986e-02 -1.0795e-02 -1.0604e-02 -1.0415e-02 -1.0227e-02 -1.0041e-02 -9.8562e-03 -9.6730e-03 -9.4913e-03 -9.3112e-03 -2.4366e-02 -2.4359e-02 -2.4346e-02 -2.4330e-02 -2.4308e-02 -2.4282e-02 -2.4251e-02 -2.4215e-02 -2.4174e-02 -2.4129e-02 -2.4079e-02 -2.4024e-02 -2.3965e-02 -2.3901e-02 -2.3833e-02 0.0000e+00 -2.3683e-02 -2.3601e-02 -2.3515e-02 -2.3425e-02 -2.3330e-02 -2.3231e-02 -2.3128e-02 -2.3021e-02 -2.2910e-02 -2.2795e-02 -2.2676e-02 -2.2553e-02 -2.2427e-02 -2.2296e-02 -2.2163e-02 -2.2025e-02 -2.1884e-02 -2.1740e-02 -2.1592e-02 -2.1442e-02 -2.1288e-02 -2.1131e-02 -2.0971e-02 -2.0808e-02 -2.0642e-02 -2.0474e-02 -2.0302e-02 -2.0129e-02 -1.9953e-02 -1.9774e-02 -1.9594e-02 -1.9411e-02 -1.9226e-02 -1.9039e-02 -1.8850e-02 -1.8659e-02 -1.8467e-02 -1.8273e-02 -1.8077e-02 -1.7880e-02 -1.7682e-02 -1.7482e-02 -1.7281e-02 -1.7080e-02 -1.6877e-02 -1.6673e-02 -1.6469e-02 -1.6263e-02 -1.6058e-02 -1.5851e-02 -1.5644e-02 -1.5437e-02 -1.5230e-02 -1.5022e-02 -1.4815e-02 -1.4607e-02 -1.4399e-02 -1.4192e-02 -1.3985e-02 -1.3778e-02 -1.3571e-02 -1.3365e-02 -1.3160e-02 -1.2955e-02 -1.2750e-02 -1.2547e-02 -1.2344e-02 -1.2142e-02 -1.1941e-02 -1.1741e-02 -1.1543e-02 -1.1345e-02 -1.1148e-02 -1.0953e-02 -1.0759e-02 -1.0567e-02 -1.0375e-02 -1.0185e-02 -9.9972e-03 -9.8105e-03 -9.6253e-03 -9.4418e-03 -9.2599e-03 -9.0798e-03
