1.0040e-04 -4.9381e-04 -4.8770e-04 -4.7927e-04 -4.6864e-04 -4.5598e-04 -4.4145e-04 -4.2526e-04 -4.0763e-04 -3.8879e-04 -3.6898e-04 -3.4844e-04 -3.2740e-04 -3.0611e-04 -2.8478e-04 -2.6362e-04 -2.4282e-04 -2.2255e-04 -2.0296e-04 -1.8417e-04 -1.6629e-04 -1.4940e-04 -1.3356e-04 -1.1881e-04 -1.0516e-04 -9.2613e-05 -8.1160e-05 -7.0770e-05 -6.1404e-05 -5.3012e-05 -4.5540e-05 -3.8927e-05 -3.3108e-05 -2.8020e-05 -2.3595e-05 -1.9771e-05 -1.6484e-05 -1.3675e-05 -1.1289e-05 -9.2724e-06 -7.5783e-06 -6.1630e-06 -4.9871e-06 -4.0155e-06 -3.2171e-06 -2.5647e-06 -2.0344e-06 -1.6057e-06 -1.2611e-06 -9.8548e-07 -7.6629e-07 -5.9289e-07 -4.5645e-07 -3.4966e-07 -2.6653e-07 -2.0215e-07 -1.5256e-07 -1.1456e-07 -8.5599e-08 -6.3641e-08 -4.7081e-08 -3.4657e-08 -2.5385e-08 -1.8501e-08 -1.3417e-08 -9.6812e-09 -6.9511e-09 -4.9661e-09 -3.5303e-09 -2.4972e-09 -1.7576e-09 -1.2309e-09 -8.5775e-10 -5.9475e-10 -4.1035e-10 -2.8171e-10 -1.9243e-10 -1.3080e-10 -8.8463e-11 -5.9532e-11 -3.9864e-11 -2.6561e-11 -1.7609e-11 -1.1617e-11 -7.6252e-12 -4.9803e-12 -3.2367e-12 -2.0930e-12 -1.3468e-12 -8.6227e-13 -5.4932e-13 -3.4821e-13 -2.1964e-13 -1.3785e-13 -8.6084e-14 -5.3492e-14 -3.3074e-14 -2.0348e-14 -1.2456e-14 -7.5874e-15 0.0000e+00 -4.9380e-04 -4.8767e-04 -4.7922e-04 -4.6857e-04 -4.5588e-04 -4.4132e-04 -4.2509e-04 -4.0743e-04 -3.8855e-04 -3.6870e-04 -3.4812e-04 -3.2706e-04 -3.0574e-04 -2.8438e-04 -2.6320e-04 -2.4238e-04 -2.2210e-04 -2.0250e-04 -1.8371e-04 -1.6583e-04 -1.4895e-04 -1.3312e-04 -1.1838e-04 -1.0475e-04 -9.2224e-05 -8.0793e-05 -7.0426e-05 -6.1083e-05 -5.2716e-05 -4.5268e-05 -3.8679e-05 -3.2885e-05 -2.7819e-05 -2.3416e-05 -1.9612e-05 -1.6344e-05 -1.3553e-05 -1.1183e-05 -9.1807e-06 -7.4997e-06 -6.0959e-06 -4.9302e-06 -3.9676e-06 -3.1770e-06 -2.5313e-06 -2.0067e-06 -1.5830e-06 -1.2425e-06 -9.7036e-07 -7.5407e-07 -5.8307e-07 -4.4860e-07 -3.4342e-07 -2.6160e-07 -1.9827e-07 -1.4953e-07 -1.1221e-07 -8.3782e-08 -6.2246e-08 -4.6015e-08 -3.3847e-08 -2.4773e-08 -1.8041e-08 -1.3073e-08 -9.4257e-09 -6.7623e-09 -4.8273e-09 -3.4288e-09 -2.4233e-09 -1.7042e-09 -1.1925e-09 -8.3025e-10 -5.7518e-10 -3.9649e-10 -2.7195e-10 -1.8560e-10 -1.2604e-10 -8.5162e-11 -5.7257e-11 -3.8304e-11 -2.5497e-11 -1.6887e-11 -1.1129e-11 -7.2981e-12 -4.7619e-12 -3.0916e-12 -1.9972e-12 -1.2837e-12 -8.2105e-13 -5.2251e-13 -3.3086e-13 -2.0847e-13 -1.3069e-13 -8.1528e-14 -5.0604e-14 -3.1254e-14 -1.9206e-14 -1.1744e-14 -7.1454e-15
-4.9381e-04 4.0159e-04 -4.8417e-04 -4.7590e-04 -4.6547e-04 -4.5303e-04 -4.3876e-04 -4.2285e-04 -4.0551e-04 -3.8697e-04 -3.6747e-04 -3.4723e-04 -3.2650e-04 -3.0550e-04 -2.8444e-04 -2.6353e-04 -2.4296e-04 -2.2290e-04 -2.0348e-04 -1.8485e-04 -1.6709e-04 -1.5030e-04 -1.3453e-04 -1.1983e-04 -1.0621e-04 -9.3668e-05 -8.2205e-05 -7.1790e-05 -6.2386e-05 -5.3947e-05 -4.6421e-05 -3.9748e-05 -3.3867e-05 -2.8714e-05 -2.4225e-05 -2.0338e-05 -1.6990e-05 -1.4124e-05 -1.1683e-05 -9.6168e-06 -7.8769e-06 -6.4200e-06 -5.2069e-06 -4.2022e-06 -3.3747e-06 -2.6968e-06 -2.1444e-06 -1.6968e-06 -1.3360e-06 -1.0468e-06 -8.1611e-07 -6.3314e-07 -4.8877e-07 -3.7546e-07 -2.8700e-07 -2.1830e-07 -1.6522e-07 -1.2444e-07 -9.3258e-08 -6.9547e-08 -5.1608e-08 -3.8108e-08 -2.8000e-08 -2.0472e-08 -1.4894e-08 -1.0783e-08 -7.7678e-09 -5.5682e-09 -3.9717e-09 -2.8190e-09 -1.9910e-09 -1.3993e-09 -9.7852e-10 -6.8092e-10 -4.7149e-10 -3.2487e-10 -2.2273e-10 -1.5196e-10 -1.0316e-10 -6.9683e-11 -4.6839e-11 -3.1328e-11 -2.0851e-11 -1.3809e-11 -9.0997e-12 -5.9670e-12 -3.8934e-12 -2.5279e-12 -1.6332e-12 -1.0499e-12 -6.7161e-13 -4.2750e-13 -2.7077e-13 -1.7065e-13 -1.0702e-13 -6.6784e-14 -4.1469e-14 -2.5622e-14 -1.5753e-14 -9.6373e-15 -4.9380e-04 0.0000e+00 -4.8407e-04 -4.7571e-04 -4.6518e-04 -4.5262e-04 -4.3822e-04 -4.2217e-04 -4.0469e-04 -3.8601e-04 -3.6636e-04 -3.4599e-04 -3.2513e-04 -3.0401e-04 -2.8285e-04 -2.6186e-04 -2.4122e-04 -2.2111e-04 -2.0167e-04 -1.8302e-04 -1.6528e-04 -1.4851e-04 -1.3278e-04 -1.1813e-04 -1.0458e-04 -9.2116e-05 -8.0738e-05 -7.0414e-05 -6.1106e-05 -5.2764e-05 -4.5336e-05 -3.8760e-05 -3.2973e-05 -2.7911e-05 -2.3509e-05 -1.9703e-05 -1.6431e-05 -1.3635e-05 -1.1258e-05 -9.2492e-06 -7.5613e-06 -6.1508e-06 -4.9785e-06 -4.0097e-06 -3.2134e-06 -2.5624e-06 -2.0332e-06 -1.6052e-06 -1.2611e-06 -9.8580e-07 -7.6678e-07 -5.9346e-07 -4.5704e-07 -3.5023e-07 -2.6705e-07 -2.0262e-07 -1.5296e-07 -1.1491e-07 -8.5890e-08 -6.3882e-08 -4.7277e-08 -3.4815e-08 -2.5510e-08 -1.8599e-08 -1.3494e-08 -9.7408e-09 -6.9969e-09 -5.0009e-09 -3.5566e-09 -2.5168e-09 -1.7722e-09 -1.2417e-09 -8.6567e-10 -6.0053e-10 -4.1452e-10 -2.8471e-10 -1.9458e-10 -1.3232e-10 -8.9536e-11 -6.0285e-11 -4.0388e-11 -2.6924e-11 -1.7859e-11 -1.1788e-11 -7.7416e-12 -5.0591e-12 -3.2897e-12 -2.1285e-12 -1.3703e-12 -8.7785e-13 -5.5957e-13 -3.5491e-13 -2.2399e-13 -1.4066e-13 -8.7895e-14 -5.4650e-14 -3.3810e-14 -2.0814e-14 -1.2749e-14 -7.7708e-15
-4.8770e-04 -4.8417e-04 9.0357e-04 -4.7034e-04 -4.6023e-04 -4.4816e-04 -4.3430e-04 -4.1884e-04 -4.0199e-04 -3.8395e-04 -3.6496e-04 -3.4523e-04 -3.2499e-04 -3.0447e-04 -2.8386e-04 -2.6337e-04 -2.4318e-04 -2.2346e-04 -2.0434e-04 -1.8596e-04 -1.6841e-04 -1.5178e-04 -1.3613e-04 -1.2151e-04 -1.0793e-04 -9.5407e-05 -8.3928e-05 -7.3474e-05 -6.4010e-05 -5.5495e-05 -4.7880e-05 -4.1110e-05 -3.5126e-05 -2.9868e-05 -2.5274e-05 -2.1283e-05 -1.7835e-05 -1.4873e-05 -1.2343e-05 -1.0193e-05 -8.3774e-06 -6.8515e-06 -5.5763e-06 -4.5164e-06 -3.6401e-06 -2.9196e-06 -2.3303e-06 -1.8509e-06 -1.4630e-06 -1.1507e-06 -9.0071e-07 -7.0158e-07 -5.4380e-07 -4.1946e-07 -3.2196e-07 -2.4593e-07 -1.8693e-07 -1.4139e-07 -1.0642e-07 -7.9713e-08 -5.9415e-08 -4.4069e-08 -3.2526e-08 -2.3890e-08 -1.7460e-08 -1.2699e-08 -9.1908e-09 -6.6191e-09 -4.7437e-09 -3.3830e-09 -2.4007e-09 -1.6953e-09 -1.1913e-09 -8.3305e-10 -5.7966e-10 -4.0136e-10 -2.7654e-10 -1.8961e-10 -1.2936e-10 -8.7823e-11 -5.9330e-11 -3.9884e-11 -2.6680e-11 -1.7759e-11 -1.1763e-11 -7.7531e-12 -5.0850e-12 -3.3186e-12 -2.1551e-12 -1.3927e-12 -8.9554e-13 -5.7301e-13 -3.6484e-13 -2.3115e-13 -1.4572e-13 -9.1416e-14 -5.7065e-14 -3.5446e-14 -2.1908e-14 -1.3474e-14 -4.8767e-04 -4.8407e-04 0.0000e+00 -4.6992e-04 -4.5958e-04 -4.4725e-04 -4.3311e-04 -4.1734e-04 -4.0017e-04 -3.8181e-04 -3.6249e-04 -3.4246e-04 -3.2194e-04 -3.0115e-04 -2.8032e-04 -2.5964e-04 -2.3930e-04 -2.1947e-04 -2.0029e-04 -1.8188e-04 -1.6435e-04 -1.4777e-04 -1.3222e-04 -1.1771e-04 -1.0429e-04 -9.1933e-05 -8.0644e-05 -7.0392e-05 -6.1140e-05 -5.2842e-05 -4.5446e-05 -3.8891e-05 -3.3118e-05 -2.8063e-05 -2.3662e-05 -1.9853e-05 -1.6575e-05 -1.3769e-05 -1.1383e-05 -9.3631e-06 -7.6639e-06 -6.2421e-06 -5.0590e-06 -4.0799e-06 -3.2741e-06 -2.6144e-06 -2.0774e-06 -1.6425e-06 -1.2923e-06 -1.0117e-06 -7.8812e-07 -6.1092e-07 -4.7123e-07 -3.6169e-07 -2.7624e-07 -2.0994e-07 -1.5876e-07 -1.1947e-07 -8.9454e-08 -6.6650e-08 -4.9415e-08 -3.6456e-08 -2.6762e-08 -1.9549e-08 -1.4210e-08 -1.0278e-08 -7.3969e-09 -5.2974e-09 -3.7750e-09 -2.6769e-09 -1.8888e-09 -1.3262e-09 -9.2651e-10 -6.4411e-10 -4.4557e-10 -3.0671e-10 -2.1008e-10 -1.4318e-10 -9.7105e-11 -6.5531e-11 -4.4005e-11 -2.9404e-11 -1.9550e-11 -1.2935e-11 -8.5154e-12 -5.5783e-12 -3.6362e-12 -2.3585e-12 -1.5222e-12 -9.7764e-13 -6.2477e-13 -3.9729e-13 -2.5139e-13 -1.5828e-13 -9.9165e-14 -6.1822e-14 -3.8350e-14 -2.3673e-14 -1.4540e-14 -8.8867e-15
-4.7927e-04 -4.7590e-04 -4.7034e-04 1.6063e-03 -4.5298e-04 -4.4142e-04 -4.2814e-04 -4.1330e-04 -3.9711e-04 -3.7976e-04 -3.6146e-04 -3.4243e-04 -3.2287e-04 -3.0300e-04 -2.8302e-04 -2.6310e-04 -2.4344e-04 -2.2419e-04 -2.0548e-04 -1.8745e-04 -1.7019e-04 -1.5379e-04 -1.3832e-04 -1.2381e-04 -1.1030e-04 -9.7801e-05 -8.6306e-05 -7.5800e-05 -6.6258e-05 -5.7641e-05 -4.9907e-05 -4.3005e-05 -3.6881e-05 -3.1479e-05 -2.6739e-05 -2.2605e-05 -1.9019e-05 -1.5925e-05 -1.3271e-05 -1.1006e-05 -9.0840e-06 -7.4616e-06 -6.0996e-06 -4.9623e-06 -4.0176e-06 -3.2371e-06 -2.5957e-06 -2.0713e-06 -1.6449e-06 -1.3000e-06 -1.0225e-06 -8.0027e-07 -6.2334e-07 -4.8318e-07 -3.7272e-07 -2.8612e-07 -2.1857e-07 -1.6616e-07 -1.2571e-07 -9.4639e-08 -7.0902e-08 -5.2861e-08 -3.9219e-08 -2.8955e-08 -2.1274e-08 -1.5554e-08 -1.1316e-08 -8.1928e-09 -5.9026e-09 -4.2319e-09 -3.0192e-09 -2.1434e-09 -1.5143e-09 -1.0646e-09 -7.4472e-10 -5.1843e-10 -3.5913e-10 -2.4755e-10 -1.6981e-10 -1.1590e-10 -7.8724e-11 -5.3208e-11 -3.5785e-11 -2.3949e-11 -1.5949e-11 -1.0569e-11 -6.9692e-12 -4.5729e-12 -2.9858e-12 -1.9399e-12 -1.2541e-12 -8.0681e-13 -5.1647e-13 -3.2898e-13 -2.0852e-13 -1.3152e-13 -8.2539e-14 -5.1545e-14 -3.2030e-14 -1.9805e-14 -4.7922e-04 -4.7571e-04 -4.6992e-04 0.0000e+00 -4.5185e-04 -4.3984e-04 -4.2605e-04 -4.1068e-04 -3.9392e-04 -3.7601e-04 -3.5715e-04 -3.3758e-04 -3.1752e-04 -2.9720e-04 -2.7681e-04 -2.5656e-04 -2.3664e-04 -2.1719e-04 -1.9836e-04 -1.8029e-04 -1.6305e-04 -1.4675e-04 -1.3143e-04 -1.1713e-04 -1.0388e-04 -9.1672e-05 -8.0507e-05 -7.0355e-05 -6.1183e-05 -5.2946e-05 -4.5594e-05 -3.9071e-05 -3.3317e-05 -2.8272e-05 -2.3873e-05 -2.0060e-05 -1.6773e-05 -1.3957e-05 -1.1556e-05 -9.5217e-06 -7.8069e-06 -6.3697e-06 -5.1716e-06 -4.1783e-06 -3.3592e-06 -2.6875e-06 -2.1396e-06 -1.6950e-06 -1.3362e-06 -1.0482e-06 -8.1829e-07 -6.3565e-07 -4.9136e-07 -3.7796e-07 -2.8931e-07 -2.2036e-07 -1.6702e-07 -1.2598e-07 -9.4551e-08 -7.0617e-08 -5.2482e-08 -3.8814e-08 -2.8564e-08 -2.0918e-08 -1.5244e-08 -1.1054e-08 -7.9765e-09 -5.7275e-09 -4.0925e-09 -2.9099e-09 -2.0588e-09 -1.4495e-09 -1.0156e-09 -7.0801e-10 -4.9117e-10 -3.3907e-10 -2.3293e-10 -1.5922e-10 -1.0830e-10 -7.3308e-11 -4.9376e-11 -3.3094e-11 -2.2072e-11 -1.4648e-11 -9.6737e-12 -6.3571e-12 -4.1571e-12 -2.7051e-12 -1.7516e-12 -1.1286e-12 -7.2360e-13 -4.6166e-13 -2.9309e-13 -1.8516e-13 -1.1640e-13 -7.2812e-14 -4.5323e-14 -2.8073e-14 -1.7303e-14 -1.0612e-14
-4.6864e-04 -4.6547e-04 -4.6023e-04 -4.5298e-04 2.5098e-03 -4.3291e-04 -4.2033e-04 -4.0628e-04 -3.9091e-04 -3.7442e-04 -3.5699e-04 -3.3883e-04 -3.2013e-04 -3.0109e-04 -2.8188e-04 -2.6270e-04 -2.4370e-04 -2.2504e-04 -2.0686e-04 -1.8928e-04 -1.7239e-04 -1.5629e-04 -1.4104e-04 -1.2669e-04 -1.1327e-04 -1.0081e-04 -8.9301e-05 -7.8739e-05 -6.9103e-05 -6.0364e-05 -5.2484e-05 -4.5420e-05 -3.9122e-05 -3.3540e-05 -2.8619e-05 -2.4305e-05 -2.0544e-05 -1.7283e-05 -1.4472e-05 -1.2060e-05 -1.0002e-05 -8.2565e-06 -6.7830e-06 -5.5459e-06 -4.5129e-06 -3.6547e-06 -2.9456e-06 -2.3627e-06 -1.8861e-06 -1.4984e-06 -1.1847e-06 -9.3212e-07 -7.2989e-07 -5.6877e-07 -4.4108e-07 -3.4041e-07 -2.6144e-07 -1.9982e-07 -1.5198e-07 -1.1504e-07 -8.6651e-08 -6.4951e-08 -4.8449e-08 -3.5964e-08 -2.6566e-08 -1.9528e-08 -1.4285e-08 -1.0398e-08 -7.5321e-09 -5.4293e-09 -3.8944e-09 -2.7798e-09 -1.9744e-09 -1.3956e-09 -9.8155e-10 -6.8697e-10 -4.7844e-10 -3.3157e-10 -2.2866e-10 -1.5691e-10 -1.0715e-10 -7.2806e-11 -4.9227e-11 -3.3121e-11 -2.2174e-11 -1.4772e-11 -9.7927e-12 -6.4596e-12 -4.2400e-12 -2.7693e-12 -1.7998e-12 -1.1639e-12 -7.4899e-13 -4.7960e-13 -3.0558e-13 -1.9374e-13 -1.2222e-13 -7.6724e-14 -4.7925e-14 -2.9787e-14 -4.6857e-04 -4.6518e-04 -4.5958e-04 -4.5185e-04 0.0000e+00 -4.3049e-04 -4.1714e-04 -4.0226e-04 -3.8604e-04 -3.6867e-04 -3.5039e-04 -3.3140e-04 -3.1193e-04 -2.9218e-04 -2.7236e-04 -2.5266e-04 -2.3325e-04 -2.1429e-04 -1.9591e-04 -1.7825e-04 -1.6140e-04 -1.4543e-04 -1.3041e-04 -1.1637e-04 -1.0334e-04 -9.1329e-05 -8.0321e-05 -7.0298e-05 -6.1228e-05 -5.3070e-05 -4.5776e-05 -3.9294e-05 -3.3566e-05 -2.8534e-05 -2.4139e-05 -2.0322e-05 -1.7026e-05 -1.4195e-05 -1.1777e-05 -9.7241e-06 -7.9899e-06 -6.5332e-06 -5.3161e-06 -4.3048e-06 -3.4689e-06 -2.7818e-06 -2.2200e-06 -1.7630e-06 -1.3933e-06 -1.0958e-06 -8.5758e-07 -6.6791e-07 -5.1767e-07 -3.9927e-07 -3.0645e-07 -2.3407e-07 -1.7791e-07 -1.3457e-07 -1.0129e-07 -7.5872e-08 -5.6555e-08 -4.1950e-08 -3.0966e-08 -2.2747e-08 -1.6627e-08 -1.2095e-08 -8.7554e-09 -6.3070e-09 -4.5211e-09 -3.2251e-09 -2.2894e-09 -1.6172e-09 -1.1368e-09 -7.9524e-10 -5.5358e-10 -3.8347e-10 -2.6434e-10 -1.8133e-10 -1.2378e-10 -8.4079e-11 -5.6834e-11 -3.8230e-11 -2.5590e-11 -1.7045e-11 -1.1298e-11 -7.4523e-12 -4.8914e-12 -3.1949e-12 -2.0766e-12 -1.3431e-12 -8.6443e-13 -5.5363e-13 -3.5284e-13 -2.2378e-13 -1.4122e-13 -8.8690e-14 -5.5425e-14 -3.4467e-14 -2.1329e-14 -1.3134e-14
-4.5598e-04 -4.5303e-04 -4.4816e-04 -4.4142e-04 -4.3291e-04 3.6141e-03 -4.1099e-04 -3.9785e-04 -3.8345e-04 -3.6797e-04 -3.5158e-04 -3.3445e-04 -3.1676e-04 -2.9870e-04 -2.8042e-04 -2.6211e-04 -2.4391e-04 -2.2597e-04 -2.0842e-04 -1.9138e-04 -1.7494e-04 -1.5921e-04 -1.4424e-04 -1.3008e-04 -1.1679e-04 -1.0438e-04 -9.2870e-05 -8.2251e-05 -7.2513e-05 -6.3636e-05 -5.5589e-05 -4.8337e-05 -4.1836e-05 -3.6043e-05 -3.0907e-05 -2.6381e-05 -2.2412e-05 -1.8951e-05 -1.5950e-05 -1.3361e-05 -1.1139e-05 -9.2433e-06 -7.6338e-06 -6.2748e-06 -5.1332e-06 -4.1793e-06 -3.3865e-06 -2.7310e-06 -2.1918e-06 -1.7507e-06 -1.3916e-06 -1.1009e-06 -8.6671e-07 -6.7905e-07 -5.2946e-07 -4.1083e-07 -3.1723e-07 -2.4377e-07 -1.8642e-07 -1.4186e-07 -1.0743e-07 -8.0965e-08 -6.0719e-08 -4.5314e-08 -3.3653e-08 -2.4870e-08 -1.8290e-08 -1.3385e-08 -9.7470e-09 -7.0632e-09 -5.0933e-09 -3.6548e-09 -2.6097e-09 -1.8543e-09 -1.3111e-09 -9.2241e-10 -6.4578e-10 -4.4989e-10 -3.1187e-10 -2.1513e-10 -1.4767e-10 -1.0086e-10 -6.8548e-11 -4.6359e-11 -3.1197e-11 -2.0890e-11 -1.3920e-11 -9.2290e-12 -6.0888e-12 -3.9971e-12 -2.6110e-12 -1.6972e-12 -1.0977e-12 -7.0645e-13 -4.5240e-13 -2.8828e-13 -1.8278e-13 -1.1532e-13 -7.2396e-14 -4.5224e-14 -4.5588e-04 -4.5262e-04 -4.4725e-04 -4.3984e-04 -4.3049e-04 0.0000e+00 -4.0651e-04 -3.9221e-04 -3.7661e-04 -3.5990e-04 -3.4230e-04 -3.2401e-04 -3.0523e-04 -2.8617e-04 -2.6702e-04 -2.4796e-04 -2.2917e-04 -2.1079e-04 -1.9295e-04 -1.7579e-04 -1.5938e-04 -1.4382e-04 -1.2916e-04 -1.1544e-04 -1.0268e-04 -9.0896e-05 -8.0080e-05 -7.0214e-05 -6.1269e-05 -5.3208e-05 -4.5986e-05 -3.9554e-05 -3.3859e-05 -2.8846e-05 -2.4456e-05 -2.0636e-05 -1.7329e-05 -1.4482e-05 -1.2044e-05 -9.9693e-06 -8.2121e-06 -6.7322e-06 -5.4924e-06 -4.4595e-06 -3.6034e-06 -2.8976e-06 -2.3189e-06 -1.8469e-06 -1.4638e-06 -1.1546e-06 -9.0637e-07 -7.0807e-07 -5.5048e-07 -4.2590e-07 -3.2793e-07 -2.5128e-07 -1.9161e-07 -1.4541e-07 -1.0982e-07 -8.2534e-08 -6.1730e-08 -4.5947e-08 -3.4034e-08 -2.5088e-08 -1.8404e-08 -1.3435e-08 -9.7604e-09 -7.0565e-09 -5.0770e-09 -3.6350e-09 -2.5900e-09 -1.8365e-09 -1.2958e-09 -9.0993e-10 -6.3585e-10 -4.4217e-10 -3.0599e-10 -2.1072e-10 -1.4441e-10 -9.8484e-11 -6.6837e-11 -4.5139e-11 -3.0337e-11 -2.0289e-11 -1.3504e-11 -8.9435e-12 -5.8945e-12 -3.8660e-12 -2.5233e-12 -1.6388e-12 -1.0592e-12 -6.8125e-13 -4.3602e-13 -2.7771e-13 -1.7601e-13 -1.1101e-13 -6.9673e-14 -4.3515e-14 -2.7045e-14 -1.6726e-14
-4.4145e-04 -4.3876e-04 -4.3430e-04 -4.2814e-04 -4.2033e-04 -4.1099e-04 4.9191e-03 -3.8809e-04 -3.7480e-04 -3.6047e-04 -3.4524e-04 -3.2929e-04 -3.1275e-04 -2.9581e-04 -2.7860e-04 -2.6128e-04 -2.4400e-04 -2.2689e-04 -2.1007e-04 -1.9367e-04 -1.7777e-04 -1.6247e-04 -1.4783e-04 -1.3392e-04 -1.2079e-04 -1.0846e-04 -9.6960e-05 -8.6289e-05 -7.6448e-05 -6.7424e-05 -5.9196e-05 -5.1735e-05 -4.5009e-05 -3.8978e-05 -3.3599e-05 -2.8829e-05 -2.4622e-05 -2.0931e-05 -1.7710e-05 -1.4915e-05 -1.2502e-05 -1.0430e-05 -8.6609e-06 -7.1575e-06 -5.8871e-06 -4.8191e-06 -3.9261e-06 -3.1833e-06 -2.5687e-06 -2.0628e-06 -1.6486e-06 -1.3112e-06 -1.0378e-06 -8.1751e-07 -6.4084e-07 -4.9991e-07 -3.8809e-07 -2.9982e-07 -2.3049e-07 -1.7634e-07 -1.3425e-07 -1.0171e-07 -7.6677e-08 -5.7525e-08 -4.2945e-08 -3.1903e-08 -2.3584e-08 -1.7349e-08 -1.2700e-08 -9.2508e-09 -6.7053e-09 -4.8363e-09 -3.4711e-09 -2.4790e-09 -1.7618e-09 -1.2459e-09 -8.7667e-10 -6.1385e-10 -4.2770e-10 -2.9653e-10 -2.0457e-10 -1.4043e-10 -9.5924e-11 -6.5200e-11 -4.4097e-11 -2.9677e-11 -1.9873e-11 -1.3242e-11 -8.7803e-12 -5.7929e-12 -3.8030e-12 -2.4842e-12 -1.6147e-12 -1.0444e-12 -6.7212e-13 -4.3041e-13 -2.7426e-13 -1.7389e-13 -1.0971e-13 -6.8869e-14 -4.4132e-04 -4.3822e-04 -4.3311e-04 -4.2605e-04 -4.1714e-04 -4.0651e-04 0.0000e+00 -3.8065e-04 -3.6576e-04 -3.4981e-04 -3.3298e-04 -3.1547e-04 -2.9749e-04 -2.7921e-04 -2.6083e-04 -2.4251e-04 -2.2442e-04 -2.0671e-04 -1.8950e-04 -1.7291e-04 -1.5702e-04 -1.4193e-04 -1.2768e-04 -1.1433e-04 -1.0188e-04 -9.0368e-05 -7.9777e-05 -7.0095e-05 -6.1297e-05 -5.3351e-05 -4.6216e-05 -3.9846e-05 -3.4191e-05 -2.9201e-05 -2.4820e-05 -2.0997e-05 -1.7679e-05 -1.4815e-05 -1.2356e-05 -1.0256e-05 -8.4725e-06 -6.9661e-06 -5.7002e-06 -4.6423e-06 -3.7627e-06 -3.0353e-06 -2.4368e-06 -1.9470e-06 -1.5483e-06 -1.2253e-06 -9.6510e-07 -7.5652e-07 -5.9018e-07 -4.5822e-07 -3.5406e-07 -2.7227e-07 -2.0837e-07 -1.5871e-07 -1.2030e-07 -9.0751e-08 -6.8131e-08 -5.0904e-08 -3.7850e-08 -2.8008e-08 -2.0626e-08 -1.5117e-08 -1.1025e-08 -8.0028e-09 -5.7809e-09 -4.1557e-09 -2.9730e-09 -2.1167e-09 -1.4997e-09 -1.0574e-09 -7.4201e-10 -5.1815e-10 -3.6008e-10 -2.4902e-10 -1.7138e-10 -1.1738e-10 -8.0001e-11 -5.4263e-11 -3.6626e-11 -2.4602e-11 -1.6446e-11 -1.0940e-11 -7.2419e-12 -4.7707e-12 -3.1275e-12 -2.0403e-12 -1.3246e-12 -8.5576e-13 -5.5018e-13 -3.5199e-13 -2.2410e-13 -1.4198e-13 -8.9516e-14 -5.6162e-14 -3.5065e-14 -2.1786e-14
-4.2526e-04 -4.2285e-04 -4.1884e-04 -4.1330e-04 -4.0628e-04 -3.9785e-04 -3.8809e-04 6.4248e-03 -3.6503e-04 -3.5196e-04 -3.3802e-04 -3.2336e-04 -3.0810e-04 -2.9239e-04 -2.7637e-04 -2.6017e-04 -2.4391e-04 -2.2774e-04 -2.1175e-04 -1.9606e-04 -1.8078e-04 -1.6598e-04 -1.5174e-04 -1.3813e-04 -1.2520e-04 -1.1298e-04 -1.0151e-04 -9.0798e-05 -8.0859e-05 -7.1687e-05 -6.3270e-05 -5.5590e-05 -4.8620e-05 -4.2330e-05 -3.6686e-05 -3.1647e-05 -2.7175e-05 -2.3226e-05 -1.9759e-05 -1.6731e-05 -1.4100e-05 -1.1827e-05 -9.8740e-06 -8.2042e-06 -6.7844e-06 -5.5835e-06 -4.5733e-06 -3.7280e-06 -3.0243e-06 -2.4417e-06 -1.9618e-06 -1.5686e-06 -1.2481e-06 -9.8836e-07 -7.7885e-07 -6.1077e-07 -4.7663e-07 -3.7014e-07 -2.8604e-07 -2.1997e-07 -1.6833e-07 -1.2819e-07 -9.7140e-08 -7.3250e-08 -5.4965e-08 -4.1042e-08 -3.0495e-08 -2.2547e-08 -1.6588e-08 -1.2145e-08 -8.8473e-09 -6.4135e-09 -4.6263e-09 -3.3206e-09 -2.3717e-09 -1.6856e-09 -1.1920e-09 -8.3884e-10 -5.8738e-10 -4.0926e-10 -2.8375e-10 -1.9575e-10 -1.3438e-10 -9.1788e-11 -6.2387e-11 -4.2194e-11 -2.8395e-11 -1.9014e-11 -1.2669e-11 -8.3999e-12 -5.5416e-12 -3.6378e-12 -2.3762e-12 -1.5444e-12 -9.9882e-13 -6.4276e-13 -4.1158e-13 -2.6223e-13 -1.6625e-13 -1.0488e-13 -4.2509e-04 -4.2217e-04 -4.1734e-04 -4.1068e-04 -4.0226e-04 -3.9221e-04 -3.8065e-04 0.0000e+00 -3.5363e-04 -3.3851e-04 -3.2253e-04 -3.0590e-04 -2.8880e-04 -2.7139e-04 -2.5386e-04 -2.3637e-04 -2.1906e-04 -2.0209e-04 -1.8558e-04 -1.6962e-04 -1.5432e-04 -1.3976e-04 -1.2598e-04 -1.1303e-04 -1.0095e-04 -8.9738e-05 -7.9402e-05 -6.9931e-05 -6.1304e-05 -5.3491e-05 -4.6457e-05 -4.0159e-05 -3.4554e-05 -2.9593e-05 -2.5225e-05 -2.1402e-05 -1.8073e-05 -1.5191e-05 -1.2709e-05 -1.0582e-05 -8.7700e-06 -7.2341e-06 -5.9392e-06 -4.8531e-06 -3.9470e-06 -3.1949e-06 -2.5740e-06 -2.0639e-06 -1.6472e-06 -1.3083e-06 -1.0343e-06 -8.1376e-07 -6.3723e-07 -4.9663e-07 -3.8521e-07 -2.9738e-07 -2.2848e-07 -1.7471e-07 -1.3295e-07 -1.0070e-07 -7.5905e-08 -5.6943e-08 -4.2515e-08 -3.1590e-08 -2.3361e-08 -1.7192e-08 -1.2592e-08 -9.1789e-09 -6.6587e-09 -4.8073e-09 -3.4540e-09 -2.4698e-09 -1.7575e-09 -1.2446e-09 -8.7719e-10 -6.1525e-10 -4.2945e-10 -2.9831e-10 -2.0622e-10 -1.4187e-10 -9.7133e-11 -6.6180e-11 -4.4873e-11 -3.0279e-11 -2.0332e-11 -1.3587e-11 -9.0355e-12 -5.9796e-12 -3.9381e-12 -2.5810e-12 -1.6834e-12 -1.0926e-12 -7.0570e-13 -4.5360e-13 -2.9014e-13 -1.8468e-13 -1.1698e-13 -7.3741e-14 -4.6256e-14 -2.8875e-14
-4.0763e-04 -4.0551e-04 -4.0199e-04 -3.9711e-04 -3.9091e-04 -3.8345e-04 -3.7480e-04 -3.6503e-04 8.1312e-03 -3.4251e-04 -3.2995e-04 -3.1668e-04 -3.0280e-04 -2.8843e-04 -2.7369e-04 -2.5870e-04 -2.4358e-04 -2.2842e-04 -2.1336e-04 -1.9848e-04 -1.8388e-04 -1.6966e-04 -1.5588e-04 -1.4261e-04 -1.2992e-04 -1.1785e-04 -1.0644e-04 -9.5717e-05 -8.5694e-05 -7.6380e-05 -6.7775e-05 -5.9869e-05 -5.2646e-05 -4.6084e-05 -4.0155e-05 -3.4829e-05 -3.0069e-05 -2.5839e-05 -2.2100e-05 -1.8814e-05 -1.5942e-05 -1.3444e-05 -1.1283e-05 -9.4254e-06 -7.8358e-06 -6.4831e-06 -5.3383e-06 -4.3745e-06 -3.5674e-06 -2.8953e-06 -2.3384e-06 -1.8795e-06 -1.5033e-06 -1.1966e-06 -9.4778e-07 -7.4706e-07 -5.8599e-07 -4.5739e-07 -3.5527e-07 -2.7460e-07 -2.1121e-07 -1.6165e-07 -1.2312e-07 -9.3308e-08 -7.0368e-08 -5.2807e-08 -3.9433e-08 -2.9302e-08 -2.1666e-08 -1.5941e-08 -1.1671e-08 -8.5022e-09 -6.1634e-09 -4.4459e-09 -3.1911e-09 -2.2792e-09 -1.6198e-09 -1.1455e-09 -8.0603e-10 -5.6438e-10 -3.9322e-10 -2.7261e-10 -1.8806e-10 -1.2909e-10 -8.8169e-11 -5.9923e-11 -4.0524e-11 -2.7269e-11 -1.8259e-11 -1.2165e-11 -8.0649e-12 -5.3201e-12 -3.4921e-12 -2.2808e-12 -1.4823e-12 -9.5854e-13 -6.1678e-13 -3.9490e-13 -2.5158e-13 -1.5949e-13 -4.0743e-04 -4.0469e-04 -4.0017e-04 -3.9392e-04 -3.8604e-04 -3.7661e-04 -3.6576e-04 -3.5363e-04 0.0000e+00 -3.2614e-04 -3.1109e-04 -2.9540e-04 -2.7924e-04 -2.6278e-04 -2.4617e-04 -2.2957e-04 -2.1313e-04 -1.9697e-04 -1.8121e-04 -1.6595e-04 -1.5130e-04 -1.3731e-04 -1.2405e-04 -1.1156e-04 -9.9868e-05 -8.8997e-05 -7.8948e-05 -6.9714e-05 -6.1278e-05 -5.3617e-05 -4.6699e-05 -4.0487e-05 -3.4940e-05 -3.0015e-05 -2.5665e-05 -2.1845e-05 -1.8507e-05 -1.5607e-05 -1.3101e-05 -1.0946e-05 -9.1030e-06 -7.5353e-06 -6.2086e-06 -5.0917e-06 -4.1563e-06 -3.3769e-06 -2.7309e-06 -2.1981e-06 -1.7610e-06 -1.4042e-06 -1.1144e-06 -8.8031e-07 -6.9211e-07 -5.4159e-07 -4.2180e-07 -3.2696e-07 -2.5225e-07 -1.9369e-07 -1.4802e-07 -1.1259e-07 -8.5228e-08 -6.4212e-08 -4.8148e-08 -3.5932e-08 -2.6687e-08 -1.9727e-08 -1.4512e-08 -1.0625e-08 -7.7423e-09 -5.6146e-09 -4.0521e-09 -2.9105e-09 -2.0805e-09 -1.4801e-09 -1.0479e-09 -7.3832e-10 -5.1772e-10 -3.6129e-10 -2.5091e-10 -1.7341e-10 -1.1928e-10 -8.1646e-11 -5.5617e-11 -3.7704e-11 -2.5437e-11 -1.7078e-11 -1.1411e-11 -7.5871e-12 -5.0204e-12 -3.3059e-12 -2.1664e-12 -1.4128e-12 -9.1684e-13 -5.9212e-13 -3.8055e-13 -2.4339e-13 -1.5491e-13 -9.8114e-14 -6.1840e-14 -3.8788e-14
-3.8879e-04 -3.8697e-04 -3.8395e-04 -3.7976e-04 -3.7442e-04 -3.6797e-04 -3.6047e-04 -3.5196e-04 -3.4251e-04 1.0038e-02 -3.2109e-04 -3.0928e-04 -2.9685e-04 -2.8390e-04 -2.7053e-04 -2.5684e-04 -2.4292e-04 -2.2888e-04 -2.1481e-04 -2.0081e-04 -1.8698e-04 -1.7339e-04 -1.6014e-04 -1.4728e-04 -1.3488e-04 -1.2300e-04 -1.1169e-04 -1.0098e-04 -9.0891e-05 -8.1451e-05 -7.2667e-05 -6.4538e-05 -5.7060e-05 -5.0218e-05 -4.3994e-05 -3.8364e-05 -3.3299e-05 -2.8768e-05 -2.4738e-05 -2.1172e-05 -1.8034e-05 -1.5289e-05 -1.2900e-05 -1.0833e-05 -9.0528e-06 -7.5292e-06 -6.2319e-06 -5.1332e-06 -4.2078e-06 -3.4326e-06 -2.7866e-06 -2.2512e-06 -1.8098e-06 -1.4478e-06 -1.1526e-06 -9.1313e-07 -7.1986e-07 -5.6472e-07 -4.4084e-07 -3.4245e-07 -2.6471e-07 -2.0361e-07 -1.5585e-07 -1.1870e-07 -8.9962e-08 -6.7846e-08 -5.0914e-08 -3.8020e-08 -2.8251e-08 -2.0888e-08 -1.5368e-08 -1.1251e-08 -8.1963e-09 -5.9413e-09 -4.2855e-09 -3.0758e-09 -2.1967e-09 -1.5610e-09 -1.1038e-09 -7.7669e-10 -5.4379e-10 -3.7884e-10 -2.6262e-10 -1.8115e-10 -1.2434e-10 -8.4917e-11 -5.7707e-11 -3.9022e-11 -2.6256e-11 -1.7579e-11 -1.1711e-11 -7.7630e-12 -5.1205e-12 -3.3607e-12 -2.1948e-12 -1.4262e-12 -9.2222e-13 -5.9335e-13 -3.7986e-13 -2.4198e-13 -3.8855e-04 -3.8601e-04 -3.8181e-04 -3.7601e-04 -3.6867e-04 -3.5990e-04 -3.4981e-04 -3.3851e-04 -3.2614e-04 0.0000e+00 -2.9877e-04 -2.8409e-04 -2.6893e-04 -2.5347e-04 -2.3784e-04 -2.2220e-04 -2.0667e-04 -1.9137e-04 -1.7642e-04 -1.6192e-04 -1.4795e-04 -1.3459e-04 -1.2189e-04 -1.0989e-04 -9.8637e-05 -8.8138e-05 -7.8404e-05 -6.9432e-05 -6.1211e-05 -5.3720e-05 -4.6934e-05 -4.0819e-05 -3.5341e-05 -3.0460e-05 -2.6133e-05 -2.2319e-05 -1.8975e-05 -1.6059e-05 -1.3528e-05 -1.1345e-05 -9.4697e-06 -7.8684e-06 -6.5078e-06 -5.3577e-06 -4.3905e-06 -3.5813e-06 -2.9077e-06 -2.3499e-06 -1.8903e-06 -1.5135e-06 -1.2062e-06 -9.5676e-07 -7.5539e-07 -5.9361e-07 -4.6430e-07 -3.6145e-07 -2.8007e-07 -2.1599e-07 -1.6579e-07 -1.2665e-07 -9.6303e-08 -7.2879e-08 -5.4892e-08 -4.1148e-08 -3.0700e-08 -2.2796e-08 -1.6846e-08 -1.2391e-08 -9.0700e-09 -6.6077e-09 -4.7909e-09 -3.4571e-09 -2.4827e-09 -1.7744e-09 -1.2621e-09 -8.9346e-10 -6.2945e-10 -4.4132e-10 -3.0794e-10 -2.1384e-10 -1.4778e-10 -1.0163e-10 -6.9563e-11 -4.7382e-11 -3.2119e-11 -2.1667e-11 -1.4546e-11 -9.7183e-12 -6.4615e-12 -4.2753e-12 -2.8151e-12 -1.8447e-12 -1.2029e-12 -7.8063e-13 -5.0413e-13 -3.2399e-13 -2.0720e-13 -1.3187e-13 -8.3523e-14 -5.2643e-14
-3.6898e-04 -3.6747e-04 -3.6496e-04 -3.6146e-04 -3.5699e-04 -3.5158e-04 -3.4524e-04 -3.3802e-04 -3.2995e-04 -3.2109e-04 1.2146e-02 -3.0118e-04 -2.9026e-04 -2.7879e-04 -2.6685e-04 -2.5452e-04 -2.4187e-04 -2.2901e-04 -2.1601e-04 -2.0297e-04 -1.8997e-04 -1.7709e-04 -1.6442e-04 -1.5202e-04 -1.3998e-04 -1.2834e-04 -1.1717e-04 -1.0650e-04 -9.6385e-05 -8.6843e-05 -7.7896e-05 -6.9557e-05 -6.1828e-05 -5.4707e-05 -4.8184e-05 -4.2242e-05 -3.6860e-05 -3.2013e-05 -2.7673e-05 -2.3809e-05 -2.0387e-05 -1.7374e-05 -1.4735e-05 -1.2437e-05 -1.0448e-05 -8.7338e-06 -7.2659e-06 -6.0155e-06 -4.9561e-06 -4.0635e-06 -3.3154e-06 -2.6919e-06 -2.1750e-06 -1.7487e-06 -1.3991e-06 -1.1140e-06 -8.8255e-07 -6.9579e-07 -5.4586e-07 -4.2613e-07 -3.3102e-07 -2.5588e-07 -1.9682e-07 -1.5065e-07 -1.1474e-07 -8.6955e-08 -6.5575e-08 -4.9208e-08 -3.6744e-08 -2.7301e-08 -2.0185e-08 -1.4850e-08 -1.0871e-08 -7.9187e-09 -5.7397e-09 -4.1397e-09 -2.9709e-09 -2.1216e-09 -1.5076e-09 -1.0660e-09 -7.4996e-10 -5.2503e-10 -3.6574e-10 -2.5352e-10 -1.7485e-10 -1.2000e-10 -8.1950e-11 -5.5686e-11 -3.7652e-11 -2.5332e-11 -1.6958e-11 -1.1297e-11 -7.4877e-12 -4.9384e-12 -3.2409e-12 -2.1164e-12 -1.3752e-12 -8.8911e-13 -5.7200e-13 -3.6616e-13 -3.6870e-04 -3.6636e-04 -3.6249e-04 -3.5715e-04 -3.5039e-04 -3.4230e-04 -3.3298e-04 -3.2253e-04 -3.1109e-04 -2.9877e-04 0.0000e+00 -2.7207e-04 -2.5797e-04 -2.4355e-04 -2.2895e-04 -2.1430e-04 -1.9973e-04 -1.8534e-04 -1.7125e-04 -1.5755e-04 -1.4431e-04 -1.3161e-04 -1.1951e-04 -1.0804e-04 -9.7251e-05 -8.7154e-05 -7.7761e-05 -6.9076e-05 -6.1090e-05 -5.3788e-05 -4.7149e-05 -4.1146e-05 -3.5747e-05 -3.0918e-05 -2.6622e-05 -2.2819e-05 -1.9472e-05 -1.6542e-05 -1.3988e-05 -1.1776e-05 -9.8682e-06 -8.2321e-06 -6.8359e-06 -5.6507e-06 -4.6496e-06 -3.8083e-06 -3.1050e-06 -2.5199e-06 -2.0356e-06 -1.6368e-06 -1.3101e-06 -1.0437e-06 -8.2765e-07 -6.5326e-07 -5.1322e-07 -4.0132e-07 -3.1235e-07 -2.4197e-07 -1.8657e-07 -1.4318e-07 -1.0936e-07 -8.3140e-08 -6.2908e-08 -4.7375e-08 -3.5509e-08 -2.6490e-08 -1.9667e-08 -1.4533e-08 -1.0688e-08 -7.8232e-09 -5.6989e-09 -4.1317e-09 -2.9812e-09 -2.1408e-09 -1.5300e-09 -1.0882e-09 -7.7033e-10 -5.4268e-10 -3.8047e-10 -2.6547e-10 -1.8434e-10 -1.2739e-10 -8.7613e-11 -5.9965e-11 -4.0845e-11 -2.7687e-11 -1.8677e-11 -1.2539e-11 -8.3773e-12 -5.5698e-12 -3.6854e-12 -2.4267e-12 -1.5901e-12 -1.0369e-12 -6.7293e-13 -4.3458e-13 -2.7929e-13 -1.7862e-13 -1.1368e-13 -7.2004e-14
-3.4844e-04 -3.4723e-04 -3.4523e-04 -3.4243e-04 -3.3883e-04 -3.3445e-04 -3.2929e-04 -3.2336e-04 -3.1668e-04 -3.0928e-04 -3.0118e-04 1.4454e-02 -2.8304e-04 -2.7308e-04 -2.6261e-04 -2.5169e-04 -2.4038e-04 -2.2875e-04 -2.1688e-04 -2.0486e-04 -1.9275e-04 -1.8064e-04 -1.6862e-04 -1.5675e-04 -1.4511e-04 -1.3377e-04 -1.2279e-04 -1.1221e-04 -1.0210e-04 -9.2492e-05 -8.3409e-05 -7.4878e-05 -6.6914e-05 -5.9522e-05 -5.2702e-05 -4.6446e-05 -4.0741e-05 -3.5569e-05 -3.0907e-05 -2.6729e-05 -2.3005e-05 -1.9705e-05 -1.6798e-05 -1.4251e-05 -1.2032e-05 -1.0109e-05 -8.4527e-06 -7.0333e-06 -5.8238e-06 -4.7988e-06 -3.9349e-06 -3.2108e-06 -2.6071e-06 -2.1066e-06 -1.6938e-06 -1.3552e-06 -1.0790e-06 -8.5488e-07 -6.7396e-07 -5.2873e-07 -4.1274e-07 -3.2062e-07 -2.4782e-07 -1.9062e-07 -1.4589e-07 -1.1111e-07 -8.4200e-08 -6.3494e-08 -4.7643e-08 -3.5573e-08 -2.6429e-08 -1.9539e-08 -1.4373e-08 -1.0521e-08 -7.6633e-09 -5.5541e-09 -4.0055e-09 -2.8744e-09 -2.0525e-09 -1.4583e-09 -1.0310e-09 -7.2534e-10 -5.0775e-10 -3.5367e-10 -2.4513e-10 -1.6905e-10 -1.1601e-10 -7.9218e-11 -5.3825e-11 -3.6391e-11 -2.4481e-11 -1.6388e-11 -1.0915e-11 -7.2345e-12 -4.7711e-12 -3.1308e-12 -2.0443e-12 -1.3282e-12 -8.5870e-13 -5.5239e-13 -3.4812e-04 -3.4599e-04 -3.4246e-04 -3.3758e-04 -3.3140e-04 -3.2401e-04 -3.1547e-04 -3.0590e-04 -2.9540e-04 -2.8409e-04 -2.7207e-04 0.0000e+00 -2.4646e-04 -2.3312e-04 -2.1958e-04 -2.0596e-04 -1.9238e-04 -1.7894e-04 -1.6573e-04 -1.5286e-04 -1.4039e-04 -1.2838e-04 -1.1691e-04 -1.0601e-04 -9.5707e-05 -8.6037e-05 -7.7012e-05 -6.8635e-05 -6.0904e-05 -5.3810e-05 -4.7334e-05 -4.1455e-05 -3.6148e-05 -3.1381e-05 -2.7122e-05 -2.3338e-05 -1.9993e-05 -1.7050e-05 -1.4476e-05 -1.2236e-05 -1.0296e-05 -8.6244e-06 -7.1916e-06 -5.9698e-06 -4.9331e-06 -4.0579e-06 -3.3228e-06 -2.7084e-06 -2.1975e-06 -1.7748e-06 -1.4269e-06 -1.1418e-06 -9.0953e-07 -7.2113e-07 -5.6911e-07 -4.4706e-07 -3.4954e-07 -2.7203e-07 -2.1072e-07 -1.6246e-07 -1.2467e-07 -9.5220e-08 -7.2386e-08 -5.4769e-08 -4.1245e-08 -3.0913e-08 -2.3061e-08 -1.7121e-08 -1.2652e-08 -9.3045e-09 -6.8104e-09 -4.9612e-09 -3.5969e-09 -2.5954e-09 -1.8638e-09 -1.3320e-09 -9.4744e-10 -6.7068e-10 -4.7249e-10 -3.3127e-10 -2.3115e-10 -1.6051e-10 -1.1093e-10 -7.6293e-11 -5.2219e-11 -3.5570e-11 -2.4112e-11 -1.6267e-11 -1.0921e-11 -7.2966e-12 -4.8515e-12 -3.2102e-12 -2.1139e-12 -1.3852e-12 -9.0336e-13 -5.8626e-13 -3.7862e-13 -2.4334e-13 -1.5564e-13 -9.9060e-14
-3.2740e-04 -3.2650e-04 -3.2499e-04 -3.2287e-04 -3.2013e-04 -3.1676e-04 -3.1275e-04 -3.0810e-04 -3.0280e-04 -2.9685e-04 -2.9026e-04 -2.8304e-04 1.6963e-02 -2.6678e-04 -2.5780e-04 -2.4831e-04 -2.3837e-04 -2.2802e-04 -2.1733e-04 -2.0638e-04 -1.9523e-04 -1.8395e-04 -1.7264e-04 -1.6136e-04 -1.5019e-04 -1.3920e-04 -1.2846e-04 -1.1803e-04 -1.0797e-04 -9.8331e-05 -8.9147e-05 -8.0453e-05 -7.2275e-05 -6.4628e-05 -5.7521e-05 -5.0957e-05 -4.4930e-05 -3.9428e-05 -3.4436e-05 -2.9933e-05 -2.5894e-05 -2.2292e-05 -1.9099e-05 -1.6285e-05 -1.3818e-05 -1.1668e-05 -9.8049e-06 -8.1990e-06 -6.8228e-06 -5.6499e-06 -4.6557e-06 -3.8177e-06 -3.1153e-06 -2.5296e-06 -2.0439e-06 -1.6434e-06 -1.3149e-06 -1.0469e-06 -8.2937e-07 -6.5383e-07 -5.1291e-07 -4.0037e-07 -3.1099e-07 -2.4037e-07 -1.8487e-07 -1.4148e-07 -1.0774e-07 -8.1645e-08 -6.1562e-08 -4.6190e-08 -3.4485e-08 -2.5619e-08 -1.8938e-08 -1.3931e-08 -1.0196e-08 -7.4261e-09 -5.3817e-09 -3.8809e-09 -2.7847e-09 -1.9883e-09 -1.4126e-09 -9.9865e-10 -7.0249e-10 -4.9172e-10 -3.4248e-10 -2.3735e-10 -1.6368e-10 -1.1232e-10 -7.6688e-11 -5.2102e-11 -3.5223e-11 -2.3694e-11 -1.5860e-11 -1.0563e-11 -7.0004e-12 -4.6164e-12 -3.0291e-12 -1.9778e-12 -1.2849e-12 -8.3064e-13 -3.2706e-04 -3.2513e-04 -3.2194e-04 -3.1752e-04 -3.1193e-04 -3.0523e-04 -2.9749e-04 -2.8880e-04 -2.7924e-04 -2.6893e-04 -2.5797e-04 -2.4646e-04 0.0000e+00 -2.2227e-04 -2.0980e-04 -1.9723e-04 -1.8466e-04 -1.7219e-04 -1.5990e-04 -1.4788e-04 -1.3620e-04 -1.2492e-04 -1.1410e-04 -1.0378e-04 -9.4000e-05 -8.4783e-05 -7.6146e-05 -6.8100e-05 -6.0644e-05 -5.3774e-05 -4.7478e-05 -4.1738e-05 -3.6533e-05 -3.1839e-05 -2.7627e-05 -2.3868e-05 -2.0529e-05 -1.7580e-05 -1.4988e-05 -1.2722e-05 -1.0750e-05 -9.0432e-06 -7.5735e-06 -6.3142e-06 -5.2406e-06 -4.3299e-06 -3.5613e-06 -2.9158e-06 -2.3764e-06 -1.9280e-06 -1.5571e-06 -1.2517e-06 -1.0017e-06 -7.9785e-07 -6.3257e-07 -4.9922e-07 -3.9215e-07 -3.0662e-07 -2.3863e-07 -1.8485e-07 -1.4252e-07 -1.0937e-07 -8.3538e-08 -6.3508e-08 -4.8054e-08 -3.6189e-08 -2.7126e-08 -2.0236e-08 -1.5025e-08 -1.1103e-08 -8.1663e-09 -5.9777e-09 -4.3548e-09 -3.1575e-09 -2.2785e-09 -1.6363e-09 -1.1695e-09 -8.3193e-10 -5.8895e-10 -4.1494e-10 -2.9094e-10 -2.0302e-10 -1.4099e-10 -9.7445e-11 -6.7024e-11 -4.5878e-11 -3.1253e-11 -2.1187e-11 -1.4294e-11 -9.5973e-12 -6.4127e-12 -4.2641e-12 -2.8217e-12 -1.8582e-12 -1.2177e-12 -7.9419e-13 -5.1544e-13 -3.3291e-13 -2.1397e-13 -1.3686e-13
-3.0611e-04 -3.0550e-04 -3.0447e-04 -3.0300e-04 -3.0109e-04 -2.9870e-04 -2.9581e-04 -2.9239e-04 -2.8843e-04 -2.8390e-04 -2.7879e-04 -2.7308e-04 -2.6678e-04 1.9672e-02 -2.5240e-04 -2.4436e-04 -2.3580e-04 -2.2676e-04 -2.1729e-04 -2.0745e-04 -1.9730e-04 -1.8692e-04 -1.7637e-04 -1.6574e-04 -1.5510e-04 -1.4452e-04 -1.3409e-04 -1.2386e-04 -1.1391e-04 -1.0429e-04 -9.5044e-05 -8.6225e-05 -7.7863e-05 -6.9986e-05 -6.2612e-05 -5.5751e-05 -4.9408e-05 -4.3578e-05 -3.8254e-05 -3.3419e-05 -2.9055e-05 -2.5140e-05 -2.1647e-05 -1.8549e-05 -1.5818e-05 -1.3423e-05 -1.1335e-05 -9.5255e-06 -7.9658e-06 -6.6289e-06 -5.4893e-06 -4.5235e-06 -3.7093e-06 -3.0267e-06 -2.4576e-06 -1.9857e-06 -1.5965e-06 -1.2773e-06 -1.0169e-06 -8.0559e-07 -6.3505e-07 -4.9814e-07 -3.8882e-07 -3.0200e-07 -2.3340e-07 -1.7950e-07 -1.3736e-07 -1.0460e-07 -7.9255e-08 -5.9756e-08 -4.4832e-08 -3.3469e-08 -2.4862e-08 -1.8377e-08 -1.3517e-08 -9.8928e-09 -7.2045e-09 -5.2208e-09 -3.7646e-09 -2.7011e-09 -1.9284e-09 -1.3700e-09 -9.6844e-10 -6.8120e-10 -4.7678e-10 -3.3205e-10 -2.3011e-10 -1.5868e-10 -1.0888e-10 -7.4334e-11 -5.0500e-11 -3.4138e-11 -2.2963e-11 -1.5369e-11 -1.0236e-11 -6.7831e-12 -4.4728e-12 -2.9348e-12 -1.9161e-12 -1.2448e-12 -3.0574e-04 -3.0401e-04 -3.0115e-04 -2.9720e-04 -2.9218e-04 -2.8617e-04 -2.7921e-04 -2.7139e-04 -2.6278e-04 -2.5347e-04 -2.4355e-04 -2.3312e-04 -2.2227e-04 0.0000e+00 -1.9972e-04 -1.8820e-04 -1.7665e-04 -1.6516e-04 -1.5380e-04 -1.4264e-04 -1.3177e-04 -1.2123e-04 -1.1109e-04 -1.0137e-04 -9.2130e-05 -8.3385e-05 -7.5158e-05 -6.7461e-05 -6.0299e-05 -5.3670e-05 -4.7569e-05 -4.1982e-05 -3.6894e-05 -3.2283e-05 -2.8127e-05 -2.4400e-05 -2.1075e-05 -1.8124e-05 -1.5518e-05 -1.3229e-05 -1.1227e-05 -9.4862e-06 -7.9797e-06 -6.6825e-06 -5.5712e-06 -4.6239e-06 -3.8203e-06 -3.1422e-06 -2.5728e-06 -2.0969e-06 -1.7014e-06 -1.3741e-06 -1.1047e-06 -8.8405e-07 -7.0422e-07 -5.5838e-07 -4.4071e-07 -3.4622e-07 -2.7073e-07 -2.1071e-07 -1.6324e-07 -1.2587e-07 -9.6604e-08 -7.3794e-08 -5.6106e-08 -4.2458e-08 -3.1978e-08 -2.3972e-08 -1.7885e-08 -1.3281e-08 -9.8154e-09 -7.2198e-09 -5.2854e-09 -3.8509e-09 -2.7924e-09 -2.0152e-09 -1.4474e-09 -1.0346e-09 -7.3603e-10 -5.2111e-10 -3.6718e-10 -2.5748e-10 -1.7969e-10 -1.2480e-10 -8.6261e-11 -5.9337e-11 -4.0620e-11 -2.7673e-11 -1.8762e-11 -1.2659e-11 -8.5004e-12 -5.6802e-12 -3.7774e-12 -2.4998e-12 -1.6463e-12 -1.0790e-12 -7.0377e-13 -4.5679e-13 -2.9505e-13 -1.8966e-13
-2.8478e-04 -2.8444e-04 -2.8386e-04 -2.8302e-04 -2.8188e-04 -2.8042e-04 -2.7860e-04 -2.7637e-04 -2.7369e-04 -2.7053e-04 -2.6685e-04 -2.6261e-04 -2.5780e-04 -2.5240e-04 2.2582e-02 -2.3980e-04 -2.3263e-04 -2.2492e-04 -2.1669e-04 -2.0799e-04 -1.9889e-04 -1.8944e-04 -1.7972e-04 -1.6980e-04 -1.5975e-04 -1.4966e-04 -1.3959e-04 -1.2963e-04 -1.1984e-04 -1.1029e-04 -1.0103e-04 -9.2133e-05 -8.3627e-05 -7.5551e-05 -6.7935e-05 -6.0799e-05 -5.4153e-05 -4.8005e-05 -4.2351e-05 -3.7183e-05 -3.2489e-05 -2.8251e-05 -2.4446e-05 -2.1052e-05 -1.8040e-05 -1.5385e-05 -1.3056e-05 -1.1026e-05 -9.2655e-06 -7.7483e-06 -6.4478e-06 -5.3393e-06 -4.3997e-06 -3.6076e-06 -2.9437e-06 -2.3901e-06 -1.9310e-06 -1.5525e-06 -1.2420e-06 -9.8875e-07 -7.8324e-07 -6.1739e-07 -4.8426e-07 -3.7796e-07 -2.9354e-07 -2.2685e-07 -1.7445e-07 -1.3349e-07 -1.0164e-07 -7.7011e-08 -5.8060e-08 -4.3556e-08 -3.2514e-08 -2.4151e-08 -1.7851e-08 -1.3129e-08 -9.6082e-09 -6.9968e-09 -5.0699e-09 -3.6556e-09 -2.6227e-09 -1.8724e-09 -1.3301e-09 -9.4018e-10 -6.6128e-10 -4.6281e-10 -3.2231e-10 -2.2335e-10 -1.5400e-10 -1.0566e-10 -7.2138e-11 -4.9005e-11 -3.3126e-11 -2.2281e-11 -1.4912e-11 -9.9309e-12 -6.5808e-12 -4.3392e-12 -2.8470e-12 -1.8587e-12 -2.8438e-04 -2.8285e-04 -2.8032e-04 -2.7681e-04 -2.7236e-04 -2.6702e-04 -2.6083e-04 -2.5386e-04 -2.4617e-04 -2.3784e-04 -2.2895e-04 -2.1958e-04 -2.0980e-04 -1.9972e-04 0.0000e+00 -1.7893e-04 -1.6840e-04 -1.5789e-04 -1.4746e-04 -1.3718e-04 -1.2712e-04 -1.1734e-04 -1.0788e-04 -9.8786e-05 -9.0098e-05 -8.1842e-05 -7.4041e-05 -6.6710e-05 -5.9858e-05 -5.3488e-05 -4.7597e-05 -4.2177e-05 -3.7218e-05 -3.2702e-05 -2.8613e-05 -2.4927e-05 -2.1624e-05 -1.8677e-05 -1.6062e-05 -1.3752e-05 -1.1724e-05 -9.9503e-06 -8.4080e-06 -7.0733e-06 -5.9240e-06 -4.9393e-06 -4.0998e-06 -3.3878e-06 -2.7868e-06 -2.2820e-06 -1.8602e-06 -1.5095e-06 -1.2193e-06 -9.8039e-07 -7.8468e-07 -6.2515e-07 -4.9576e-07 -3.9134e-07 -3.0748e-07 -2.4047e-07 -1.8719e-07 -1.4504e-07 -1.1185e-07 -8.5858e-08 -6.5595e-08 -4.9880e-08 -3.7751e-08 -2.8437e-08 -2.1320e-08 -1.5909e-08 -1.1815e-08 -8.7333e-09 -6.4247e-09 -4.7039e-09 -3.4277e-09 -2.4858e-09 -1.7942e-09 -1.2888e-09 -9.2138e-10 -6.5555e-10 -4.6418e-10 -3.2711e-10 -2.2941e-10 -1.6012e-10 -1.1122e-10 -7.6882e-11 -5.2891e-11 -3.6211e-11 -2.4672e-11 -1.6729e-11 -1.1289e-11 -7.5809e-12 -5.0663e-12 -3.3694e-12 -2.2300e-12 -1.4688e-12 -9.6275e-13 -6.2799e-13 -4.0765e-13 -2.6333e-13
-2.6362e-04 -2.6353e-04 -2.6337e-04 -2.6310e-04 -2.6270e-04 -2.6211e-04 -2.6128e-04 -2.6017e-04 -2.5870e-04 -2.5684e-04 -2.5452e-04 -2.5169e-04 -2.4831e-04 -2.4436e-04 -2.3980e-04 2.5692e-02 -2.2884e-04 -2.2244e-04 -2.1546e-04 -2.0794e-04 -1.9992e-04 -1.9145e-04 -1.8260e-04 -1.7345e-04 -1.6405e-04 -1.5450e-04 -1.4486e-04 -1.3523e-04 -1.2567e-04 -1.1625e-04 -1.0705e-04 -9.8114e-05 -8.9509e-05 -8.1276e-05 -7.3451e-05 -6.6066e-05 -5.9140e-05 -5.2687e-05 -4.6713e-05 -4.1217e-05 -3.6192e-05 -3.1626e-05 -2.7502e-05 -2.3800e-05 -2.0496e-05 -1.7564e-05 -1.4979e-05 -1.2711e-05 -1.0735e-05 -9.0208e-06 -7.5435e-06 -6.2772e-06 -5.1978e-06 -4.2829e-06 -3.5117e-06 -2.8653e-06 -2.3263e-06 -1.8794e-06 -1.5109e-06 -1.2087e-06 -9.6215e-07 -7.6213e-07 -6.0071e-07 -4.7115e-07 -3.6771e-07 -2.8556e-07 -2.2067e-07 -1.6969e-07 -1.2984e-07 -9.8855e-08 -7.4894e-08 -5.6461e-08 -4.2354e-08 -3.1615e-08 -2.3482e-08 -1.7355e-08 -1.2764e-08 -9.3404e-09 -6.8015e-09 -4.9282e-09 -3.5532e-09 -2.5491e-09 -1.8197e-09 -1.2926e-09 -9.1367e-10 -6.4260e-10 -4.4972e-10 -3.1318e-10 -2.1701e-10 -1.4963e-10 -1.0266e-10 -7.0082e-11 -4.7607e-11 -3.2179e-11 -2.1643e-11 -1.4485e-11 -9.6460e-12 -6.3918e-12 -4.2144e-12 -2.7650e-12 -2.6320e-04 -2.6186e-04 -2.5964e-04 -2.5656e-04 -2.5266e-04 -2.4796e-04 -2.4251e-04 -2.3637e-04 -2.2957e-04 -2.2220e-04 -2.1430e-04 -2.0596e-04 -1.9723e-04 -1.8820e-04 -1.7893e-04 0.0000e+00 -1.5998e-04 -1.5043e-04 -1.4092e-04 -1.3152e-04 -1.2228e-04 -1.1325e-04 -1.0449e-04 -9.6026e-05 -8.7904e-05 -8.0151e-05 -7.2790e-05 -6.5841e-05 -5.9314e-05 -5.3217e-05 -4.7551e-05 -4.2313e-05 -3.7495e-05 -3.3087e-05 -2.9075e-05 -2.5441e-05 -2.2167e-05 -1.9231e-05 -1.6612e-05 -1.4288e-05 -1.2236e-05 -1.0433e-05 -8.8560e-06 -7.4846e-06 -6.2976e-06 -5.2753e-06 -4.3993e-06 -3.6523e-06 -3.0186e-06 -2.4836e-06 -2.0341e-06 -1.6585e-06 -1.3461e-06 -1.0875e-06 -8.7459e-07 -7.0014e-07 -5.5791e-07 -4.4252e-07 -3.4938e-07 -2.7457e-07 -2.1477e-07 -1.6722e-07 -1.2958e-07 -9.9953e-08 -7.6737e-08 -5.8637e-08 -4.4596e-08 -3.3758e-08 -2.5434e-08 -1.9072e-08 -1.4233e-08 -1.0572e-08 -7.8159e-09 -5.7507e-09 -4.2111e-09 -3.0690e-09 -2.2260e-09 -1.6069e-09 -1.1544e-09 -8.2542e-10 -5.8736e-10 -4.1595e-10 -2.9316e-10 -2.0562e-10 -1.4353e-10 -9.9713e-11 -6.8937e-11 -4.7431e-11 -3.2477e-11 -2.2131e-11 -1.5008e-11 -1.0128e-11 -6.8021e-12 -4.5463e-12 -3.0239e-12 -2.0016e-12 -1.3185e-12 -8.6431e-13 -5.6383e-13 -3.6603e-13
