1.1234e-03 -9.9976e-03 -8.0309e-03 -5.9064e-03 -3.9750e-03 -2.4464e-03 -1.3760e-03 -7.0675e-04 -3.3128e-04 -1.4161e-04 -5.5171e-05 -1.9578e-05 -6.3252e-06 -1.8595e-06 -4.9727e-07 -1.2092e-07 -2.6728e-08 -5.3693e-09 -9.8006e-10 -1.6252e-10 -2.4478e-11 -3.3485e-12 -4.1597e-13 -4.6924e-14 -4.8061e-15 -4.4695e-16 -3.7735e-17 -2.8924e-18 -2.0127e-19 -1.2714e-20 -7.2909e-22 -3.7954e-23 -1.7935e-24 -7.6935e-26 -2.9958e-27 -1.0589e-28 -3.3975e-30 -9.8954e-32 -2.6161e-33 -6.2784e-35 -1.3677e-36 -2.7045e-38 -4.8545e-40 -7.9097e-42 -1.1698e-43 -1.5706e-45 -1.9140e-47 -2.1173e-49 -2.1261e-51 -1.9380e-53 0.0000e+00 9.8132e-03 7.7038e-03 5.4897e-03 3.5508e-03 2.0847e-03 1.1109e-03 5.3728e-04 2.3584e-04 9.3946e-05 3.3961e-05 1.1140e-05 3.3154e-06 8.9521e-07 2.1928e-07 4.8719e-08 9.8171e-09 1.7938e-09 2.9716e-10 4.4624e-11 6.0729e-12 7.4880e-13 8.3625e-14 8.4558e-15 7.7381e-16 6.4055e-17 4.7934e-18 3.2401e-19 1.9765e-20 1.0868e-21 5.3772e-23 2.3892e-24 9.5044e-26 3.3709e-27 1.0590e-28 2.9167e-30 6.9115e-32 1.3553e-33 1.9779e-35 1.1900e-37 -4.5633e-39 -2.2094e-40 -6.1332e-42 -1.3256e-43 -2.4066e-45 -3.7843e-47 -5.2350e-49 -6.4283e-51 -7.0462e-53 -6.9206e-55
-9.9976e-03 2.3234e-03 -7.8164e-03 -6.2397e-03 -4.6188e-03 -3.1540e-03 -1.9782e-03 -1.1356e-03 -5.9523e-04 -2.8431e-04 -1.2359e-04 -4.8855e-05 -1.7549e-05 -5.7263e-06 -1.6968e-06 -4.5650e-07 -1.1150e-07 -2.4723e-08 -4.9759e-09 -9.0910e-10 -1.5076e-10 -2.2695e-11 -3.1010e-12 -3.8462e-13 -4.3302e-14 -4.4253e-15 -4.1052e-16 -3.4568e-17 -2.6423e-18 -1.8334e-19 -1.1548e-20 -6.6022e-22 -3.4266e-23 -1.6144e-24 -6.9042e-26 -2.6804e-27 -9.4461e-29 -3.0219e-30 -8.7759e-32 -2.3135e-33 -5.5365e-35 -1.2027e-36 -2.3718e-38 -4.2459e-40 -6.8998e-42 -1.0178e-43 -1.3630e-45 -1.6569e-47 -1.8285e-49 -1.8316e-51 9.8132e-03 0.0000e+00 6.6607e-03 4.7435e-03 3.0641e-03 1.7946e-03 9.5232e-04 4.5757e-04 1.9885e-04 7.8067e-05 2.7638e-05 8.8038e-06 2.5151e-06 6.4147e-07 1.4504e-07 2.8737e-08 4.8853e-09 6.8098e-10 6.8150e-11 1.7231e-12 -1.2316e-12 -3.8035e-13 -7.4719e-14 -1.1677e-14 -1.5464e-15 -1.7824e-16 -1.8133e-17 -1.6415e-18 -1.3291e-19 -9.6594e-21 -6.3163e-22 -3.7228e-23 -1.9804e-24 -9.5183e-26 -4.1365e-27 -1.6265e-28 -5.7893e-30 -1.8662e-31 -5.4497e-33 -1.4421e-34 -3.4590e-36 -7.5217e-38 -1.4830e-39 -2.6518e-41 -4.3005e-43 -6.3261e-45 -8.4420e-47 -1.0220e-48 -1.1227e-50 -1.1189e-52
-8.0309e-03 -7.8164e-03 4.3234e-03 -6.5187e-03 -5.4001e-03 -4.1255e-03 -2.8867e-03 -1.8425e-03 -1.0702e-03 -5.6495e-04 -2.7087e-04 -1.1791e-04 -4.6595e-05 -1.6713e-05 -5.4413e-06 -1.6080e-06 -4.3133e-07 -1.0502e-07 -2.3211e-08 -4.6567e-09 -8.4808e-10 -1.4021e-10 -2.1042e-11 -2.8668e-12 -3.5456e-13 -3.9808e-14 -4.0574e-15 -3.7542e-16 -3.1535e-17 -2.4047e-18 -1.6647e-19 -1.0462e-20 -5.9688e-22 -3.0915e-23 -1.4536e-24 -6.2047e-26 -2.4044e-27 -8.4582e-29 -2.7012e-30 -7.8314e-32 -2.0612e-33 -4.9249e-35 -1.0683e-36 -2.1036e-38 -3.7603e-40 -6.1024e-42 -8.9901e-44 -1.2023e-45 -1.4598e-47 -1.6089e-49 7.7038e-03 6.6607e-03 0.0000e+00 3.7090e-03 2.3813e-03 1.3783e-03 7.1618e-04 3.3202e-04 1.3594e-04 4.8290e-05 1.4354e-05 3.2479e-06 3.5228e-07 -1.3653e-07 -1.1194e-07 -4.8820e-08 -1.6427e-08 -4.6389e-09 -1.1362e-09 -2.4535e-10 -4.7137e-11 -8.1034e-12 -1.2512e-12 -1.7396e-13 -2.1818e-14 -2.4720e-15 -2.5325e-16 -2.3479e-17 -1.9709e-18 -1.4988e-19 -1.0329e-20 -6.4533e-22 -3.6557e-23 -1.8782e-24 -8.7529e-26 -3.7006e-27 -1.4195e-28 -4.9411e-30 -1.5607e-31 -4.4740e-33 -1.1640e-34 -2.7486e-36 -5.8913e-38 -1.1462e-39 -2.0241e-41 -3.2449e-43 -4.7221e-45 -6.2381e-47 -7.4811e-49 -8.1447e-51
-5.9064e-03 -6.2397e-03 -6.5187e-03 7.1234e-03 -5.9985e-03 -5.0911e-03 -3.9405e-03 -2.7734e-03 -1.7729e-03 -1.0288e-03 -5.4187e-04 -2.5904e-04 -1.1240e-04 -4.4270e-05 -1.5828e-05 -5.1369e-06 -1.5135e-06 -4.0481e-07 -9.8299e-08 -2.1670e-08 -4.3370e-09 -7.8805e-10 -1.3000e-10 -1.9470e-11 -2.6474e-12 -3.2683e-13 -3.6630e-14 -3.7273e-15 -3.4433e-16 -2.8880e-17 -2.1991e-18 -1.5203e-19 -9.5418e-21 -5.4370e-22 -2.8127e-23 -1.3210e-24 -5.6325e-26 -2.1804e-27 -7.6625e-29 -2.4447e-30 -7.0813e-32 -1.8621e-33 -4.4454e-35 -9.6346e-37 -1.8957e-38 -3.3862e-40 -5.4911e-42 -8.0839e-44 -1.0804e-45 -1.3109e-47 5.4897e-03 4.7435e-03 3.7090e-03 0.0000e+00 1.6471e-03 9.1743e-04 4.4143e-04 1.7459e-04 4.8834e-05 1.9500e-06 -9.0815e-06 -7.8646e-06 -4.5272e-06 -2.1022e-06 -8.3390e-07 -2.8965e-07 -8.9235e-08 -2.4565e-08 -6.0704e-09 -1.3508e-09 -2.7123e-10 -4.9218e-11 -8.0799e-12 -1.2010e-12 -1.6173e-13 -1.9740e-14 -2.1847e-15 -2.1929e-16 -1.9969e-17 -1.6499e-18 -1.2370e-19 -8.4177e-21 -5.1990e-22 -2.9148e-23 -1.4834e-24 -6.8537e-26 -2.8747e-27 -1.0947e-28 -3.7849e-30 -1.1881e-31 -3.3861e-33 -8.7620e-35 -2.0586e-36 -4.3917e-38 -8.5064e-40 -1.4960e-41 -2.3889e-43 -3.4637e-45 -4.5598e-47 -5.4504e-49
-3.9750e-03 -4.6188e-03 -5.4001e-03 -5.9985e-03 1.0723e-02 -5.7672e-03 -4.9134e-03 -3.8007e-03 -2.6684e-03 -1.7003e-03 -9.8334e-04 -5.1623e-04 -2.4602e-04 -1.0644e-04 -4.1813e-05 -1.4912e-05 -4.8287e-06 -1.4197e-06 -3.7898e-07 -9.1858e-08 -2.0216e-08 -4.0396e-09 -7.3293e-10 -1.2074e-10 -1.8060e-11 -2.4527e-12 -3.0244e-13 -3.3861e-14 -3.4420e-15 -3.1768e-16 -2.6620e-17 -2.0253e-18 -1.3990e-19 -8.7738e-21 -4.9958e-22 -2.5826e-23 -1.2122e-24 -5.1652e-26 -1.9983e-27 -7.0186e-29 -2.2381e-30 -6.4793e-32 -1.7030e-33 -4.0635e-35 -8.8029e-37 -1.7313e-38 -3.0912e-40 -5.0107e-42 -7.3738e-44 -9.8513e-46 3.5508e-03 3.0641e-03 2.3813e-03 1.6471e-03 0.0000e+00 4.9296e-04 1.7369e-04 7.2039e-06 -5.4894e-05 -6.0718e-05 -4.5131e-05 -2.7198e-05 -1.4054e-05 -6.3774e-06 -2.5730e-06 -9.2954e-07 -3.0200e-07 -8.8485e-08 -2.3426e-08 -5.6114e-09 -1.2173e-09 -2.3932e-10 -4.2660e-11 -6.8977e-12 -1.0119e-12 -1.3472e-13 -1.6280e-14 -1.7858e-15 -1.7785e-16 -1.6081e-17 -1.3203e-18 -9.8424e-20 -6.6627e-21 -4.0956e-22 -2.2862e-23 -1.1589e-24 -5.3346e-26 -2.2300e-27 -8.4653e-29 -2.9182e-30 -9.1355e-32 -2.5971e-33 -6.7044e-35 -1.5717e-36 -3.3459e-38 -6.4681e-40 -1.1354e-41 -1.8100e-43 -2.6200e-45 -3.4437e-47
-2.4464e-03 -3.1540e-03 -4.1255e-03 -5.0911e-03 -5.7672e-03 1.5123e-02 -5.5647e-03 -4.7267e-03 -3.6438e-03 -2.5498e-03 -1.6197e-03 -9.3418e-04 -4.8921e-04 -2.3263e-04 -1.0045e-04 -3.9385e-05 -1.4023e-05 -4.5340e-06 -1.3312e-06 -3.5492e-07 -8.5927e-08 -1.8891e-08 -3.7711e-09 -6.8359e-10 -1.1252e-10 -1.6817e-11 -2.2823e-12 -2.8123e-13 -3.1466e-14 -3.1967e-15 -2.9487e-16 -2.4697e-17 -1.8780e-18 -1.2967e-19 -8.1285e-21 -4.6264e-22 -2.3907e-23 -1.1217e-24 -4.7779e-26 -1.8478e-27 -6.4881e-29 -2.0683e-30 -5.9860e-32 -1.5729e-33 -3.7521e-35 -8.1262e-37 -1.5978e-38 -2.8522e-40 -4.6223e-42 -6.8007e-44 2.0847e-03 1.7946e-03 1.3783e-03 9.1743e-04 4.9296e-04 0.0000e+00 -4.5459e-05 -1.4351e-04 -1.6095e-04 -1.3434e-04 -9.3613e-05 -5.6687e-05 -3.0379e-05 -1.4548e-05 -6.2606e-06 -2.4294e-06 -8.5196e-07 -2.7042e-07 -7.7765e-08 -2.0276e-08 -4.7956e-09 -1.0293e-09 -2.0052e-10 -3.5467e-11 -5.6959e-12 -8.3067e-13 -1.1002e-13 -1.3233e-14 -1.4457e-15 -1.4344e-16 -1.2927e-17 -1.0582e-18 -7.8669e-20 -5.3122e-21 -3.2581e-22 -1.8149e-23 -9.1824e-25 -4.2194e-26 -1.7609e-27 -6.6747e-29 -2.2977e-30 -7.1836e-32 -2.0397e-33 -5.2595e-35 -1.2317e-36 -2.6194e-38 -5.0589e-40 -8.8727e-42 -1.4132e-43 -2.0440e-45
-1.3760e-03 -1.9782e-03 -2.8867e-03 -3.9405e-03 -4.9134e-03 -5.5647e-03 2.0323e-02 -5.3343e-03 -4.5164e-03 -3.4718e-03 -2.4234e-03 -1.5362e-03 -8.8432e-04 -4.6234e-04 -2.1953e-04 -9.4672e-05 -3.7078e-05 -1.3188e-05 -4.2603e-06 -1.2498e-06 -3.3297e-07 -8.0558e-08 -1.7699e-08 -3.5313e-09 -6.3979e-10 -1.0526e-10 -1.5725e-11 -2.1332e-12 -2.6277e-13 -2.9390e-14 -2.9848e-15 -2.7524e-16 -2.3046e-17 -1.7520e-18 -1.2094e-19 -7.5795e-21 -4.3130e-22 -2.2283e-23 -1.0453e-24 -4.4517e-26 -1.7213e-27 -6.0429e-29 -1.9261e-30 -5.5736e-32 -1.4643e-33 -3.4926e-35 -7.5632e-37 -1.4869e-38 -2.6540e-40 -4.3006e-42 1.1109e-03 9.5232e-04 7.1618e-04 4.4143e-04 1.7369e-04 -4.5459e-05 0.0000e+00 -2.5330e-04 -2.5102e-04 -2.0801e-04 -1.5011e-04 -9.6069e-05 -5.5045e-05 -2.8388e-05 -1.3219e-05 -5.5700e-06 -2.1263e-06 -7.3606e-07 -2.3119e-07 -6.5916e-08 -1.7064e-08 -4.0118e-09 -8.5666e-10 -1.6616e-10 -2.9278e-11 -4.6866e-12 -6.8151e-13 -9.0031e-14 -1.0805e-14 -1.1780e-15 -1.1668e-16 -1.0498e-17 -8.5808e-19 -6.3711e-20 -4.2970e-21 -2.6325e-22 -1.4650e-23 -7.4053e-25 -3.4000e-26 -1.4179e-27 -5.3704e-29 -1.8475e-30 -5.7726e-32 -1.6381e-33 -4.2218e-35 -9.8818e-37 -2.1006e-38 -4.0552e-40 -7.1094e-42 -1.1319e-43
-7.0675e-04 -1.1356e-03 -1.8425e-03 -2.7734e-03 -3.8007e-03 -4.7267e-03 -5.3343e-03 2.6323e-02 -5.0831e-03 -4.2940e-03 -3.2946e-03 -2.2961e-03 -1.4535e-03 -8.3582e-04 -4.3656e-04 -2.0712e-04 -8.9253e-05 -3.4934e-05 -1.2419e-05 -4.0096e-06 -1.1758e-06 -3.1312e-07 -7.5729e-08 -1.6633e-08 -3.3177e-09 -6.0093e-10 -9.8843e-11 -1.4763e-11 -2.0024e-12 -2.4660e-13 -2.7578e-14 -2.8003e-15 -2.5820e-16 -2.1616e-17 -1.6431e-18 -1.1341e-19 -7.1068e-21 -4.0436e-22 -2.0890e-23 -9.7980e-25 -4.1726e-26 -1.6133e-27 -5.6633e-29 -1.8049e-30 -5.2227e-32 -1.3720e-33 -3.2724e-35 -7.0860e-37 -1.3930e-38 -2.4862e-40 5.3728e-04 4.5757e-04 3.3202e-04 1.7459e-04 7.2039e-06 -1.4351e-04 -2.5330e-04 0.0000e+00 -3.0845e-04 -2.6767e-04 -2.0577e-04 -1.4163e-04 -8.7794e-05 -4.9175e-05 -2.4940e-05 -1.1468e-05 -4.7848e-06 -1.8125e-06 -6.2352e-07 -1.9486e-07 -5.5325e-08 -1.4273e-08 -3.3457e-09 -7.1267e-10 -1.3794e-10 -2.4262e-11 -3.8775e-12 -5.6310e-13 -7.4300e-14 -8.9078e-15 -9.7031e-16 -9.6027e-17 -8.6339e-18 -7.0525e-19 -5.2334e-20 -3.5279e-21 -2.1604e-22 -1.2017e-23 -6.0723e-25 -2.7871e-26 -1.1619e-27 -4.3998e-29 -1.5132e-30 -4.7270e-32 -1.3411e-33 -3.4558e-35 -8.0874e-37 -1.7189e-38 -3.3178e-40 -5.8160e-42
-3.3128e-04 -5.9523e-04 -1.0702e-03 -1.7729e-03 -2.6684e-03 -3.6438e-03 -4.5164e-03 -5.0831e-03 3.3123e-02 -4.8253e-03 -4.0708e-03 -3.1201e-03 -2.1726e-03 -1.3744e-03 -7.8983e-04 -4.1234e-04 -1.9555e-04 -8.4239e-05 -3.2962e-05 -1.1715e-05 -3.7816e-06 -1.1087e-06 -2.9522e-07 -7.1391e-08 -1.5679e-08 -3.1270e-09 -5.6634e-10 -9.3147e-11 -1.3912e-11 -1.8868e-12 -2.3236e-13 -2.5984e-14 -2.6384e-15 -2.4326e-16 -2.0364e-17 -1.5480e-18 -1.0684e-19 -6.6950e-21 -3.8093e-22 -1.9679e-23 -9.2300e-25 -3.9306e-26 -1.5197e-27 -5.3348e-29 -1.7003e-30 -4.9198e-32 -1.2925e-33 -3.0826e-35 -6.6750e-37 -1.3122e-38 2.3584e-04 1.9885e-04 1.3594e-04 4.8834e-05 -5.4894e-05 -1.6095e-04 -2.5102e-04 -3.0845e-04 0.0000e+00 -3.0075e-04 -2.4932e-04 -1.8609e-04 -1.2553e-04 -7.6704e-05 -4.2515e-05 -2.1393e-05 -9.7781e-06 -4.0607e-06 -1.5325e-06 -5.2567e-07 -1.6389e-07 -4.6443e-08 -1.1963e-08 -2.8006e-09 -5.9593e-10 -1.1525e-10 -2.0255e-11 -3.2352e-12 -4.6958e-13 -6.1935e-14 -7.4228e-15 -8.0831e-16 -7.9975e-17 -7.1892e-18 -5.8715e-19 -4.3564e-20 -2.9364e-21 -1.7980e-22 -1.0001e-23 -5.0533e-25 -2.3193e-26 -9.6687e-28 -3.6612e-29 -1.2592e-30 -3.9335e-32 -1.1160e-33 -2.8758e-35 -6.7302e-37 -1.4305e-38 -2.7612e-40
-1.4161e-04 -2.8431e-04 -5.6495e-04 -1.0288e-03 -1.7003e-03 -2.5498e-03 -3.4718e-03 -4.2940e-03 -4.8253e-03 4.0723e-02 -4.5715e-03 -3.8543e-03 -2.9527e-03 -2.0553e-03 -1.2999e-03 -7.4687e-04 -3.8986e-04 -1.8487e-04 -7.9634e-05 -3.1159e-05 -1.1074e-05 -3.5747e-06 -1.0481e-06 -2.7907e-07 -6.7488e-08 -1.4822e-08 -2.9562e-09 -5.3544e-10 -8.8068e-11 -1.3154e-11 -1.7840e-12 -2.1972e-13 -2.4571e-14 -2.4950e-15 -2.3005e-16 -1.9260e-17 -1.4641e-18 -1.0105e-19 -6.3327e-21 -3.6033e-22 -1.8615e-23 -8.7316e-25 -3.7185e-26 -1.4378e-27 -5.0473e-29 -1.6087e-30 -4.6550e-32 -1.2229e-33 -2.9169e-35 -6.3164e-37 9.3946e-05 7.8067e-05 4.8290e-05 1.9500e-06 -6.0718e-05 -1.3434e-04 -2.0801e-04 -2.6767e-04 -3.0075e-04 0.0000e+00 -2.7083e-04 -2.2019e-04 -1.6219e-04 -1.0840e-04 -6.5801e-05 -3.6296e-05 -1.8199e-05 -8.2956e-06 -3.4381e-06 -1.2955e-06 -4.4387e-07 -1.3826e-07 -3.9156e-08 -1.0081e-08 -2.3592e-09 -5.0187e-10 -9.7041e-11 -1.7054e-11 -2.7238e-12 -3.9534e-13 -5.2145e-14 -6.2498e-15 -6.8064e-16 -6.7350e-17 -6.0550e-18 -4.9457e-19 -3.6700e-20 -2.4741e-21 -1.5152e-22 -8.4291e-24 -4.2596e-25 -1.9553e-26 -8.1526e-28 -3.0875e-29 -1.0621e-30 -3.3182e-32 -9.4158e-34 -2.4267e-35 -5.6799e-37 -1.2074e-38
-5.5171e-05 -1.2359e-04 -2.7087e-04 -5.4187e-04 -9.8334e-04 -1.6197e-03 -2.4234e-03 -3.2946e-03 -4.0708e-03 -4.5715e-03 4.9123e-02 -4.3282e-03 -3.6487e-03 -2.7951e-03 -1.9456e-03 -1.2306e-03 -7.0712e-04 -3.6915e-04 -1.7507e-04 -7.5421e-05 -2.9514e-05 -1.0491e-05 -3.3869e-06 -9.9312e-07 -2.6448e-07 -6.3968e-08 -1.4050e-08 -2.8027e-09 -5.0769e-10 -8.3514e-11 -1.2475e-11 -1.6921e-12 -2.0842e-13 -2.3310e-14 -2.3673e-15 -2.1829e-16 -1.8277e-17 -1.3895e-18 -9.5910e-20 -6.0110e-21 -3.4205e-22 -1.7672e-23 -8.2900e-25 -3.5307e-26 -1.3653e-27 -4.7931e-29 -1.5278e-30 -4.4211e-32 -1.1616e-33 -2.7707e-35 3.3961e-05 2.7638e-05 1.4354e-05 -9.0815e-06 -4.5131e-05 -9.3613e-05 -1.5011e-04 -2.0577e-04 -2.4932e-04 -2.7083e-04 0.0000e+00 -2.3583e-04 -1.9008e-04 -1.3919e-04 -9.2661e-05 -5.6091e-05 -3.0881e-05 -1.5463e-05 -7.0426e-06 -2.9172e-06 -1.0989e-06 -3.7644e-07 -1.1726e-07 -3.3209e-08 -8.5510e-09 -2.0016e-09 -4.2590e-10 -8.2373e-11 -1.4480e-11 -2.3134e-12 -3.3588e-13 -4.4316e-14 -5.3132e-15 -5.7881e-16 -5.7292e-17 -5.1523e-18 -4.2097e-19 -3.1248e-20 -2.1072e-21 -1.2908e-22 -7.1831e-24 -3.6309e-25 -1.6672e-26 -6.9531e-28 -2.6339e-29 -9.0626e-31 -2.8321e-32 -8.0384e-34 -2.0721e-35 -4.8513e-37
-1.9578e-05 -4.8855e-05 -1.1791e-04 -2.5904e-04 -5.1623e-04 -9.3418e-04 -1.5362e-03 -2.2961e-03 -3.1201e-03 -3.8543e-03 -4.3282e-03 5.8323e-02 -4.0989e-03 -3.4562e-03 -2.6483e-03 -1.8439e-03 -1.1665e-03 -6.7050e-04 -3.5012e-04 -1.6609e-04 -7.1570e-05 -2.8014e-05 -9.9598e-06 -3.2162e-06 -9.4327e-07 -2.5126e-07 -6.0781e-08 -1.3353e-08 -2.6640e-09 -4.8266e-10 -7.9409e-11 -1.1864e-11 -1.6095e-12 -1.9827e-13 -2.2178e-14 -2.2526e-15 -2.0774e-16 -1.7396e-17 -1.3226e-18 -9.1308e-20 -5.7232e-21 -3.2571e-22 -1.6830e-23 -7.8955e-25 -3.3630e-26 -1.3005e-27 -4.5663e-29 -1.4556e-30 -4.2126e-32 -1.1069e-33 1.1140e-05 8.8038e-06 3.2479e-06 -7.8646e-06 -2.7198e-05 -5.6687e-05 -9.6069e-05 -1.4163e-04 -1.8609e-04 -2.2019e-04 -2.3583e-04 0.0000e+00 -2.0246e-04 -1.6263e-04 -1.1883e-04 -7.9005e-05 -4.7791e-05 -2.6303e-05 -1.3171e-05 -5.9994e-06 -2.4858e-06 -9.3676e-07 -3.2104e-07 -1.0005e-07 -2.8350e-08 -7.3037e-09 -1.7105e-09 -3.6417e-10 -7.0470e-11 -1.2394e-11 -1.9811e-12 -2.8779e-13 -3.7989e-14 -4.5567e-15 -4.9663e-16 -4.9180e-17 -4.4247e-18 -3.6168e-19 -2.6857e-20 -1.8118e-21 -1.1103e-22 -6.1808e-24 -3.1254e-25 -1.4356e-26 -5.9891e-28 -2.2695e-29 -7.8113e-31 -2.4418e-32 -6.9326e-34 -1.7876e-35
-6.3252e-06 -1.7549e-05 -4.6595e-05 -1.1240e-04 -2.4602e-04 -4.8921e-04 -8.8432e-04 -1.4535e-03 -2.1726e-03 -2.9527e-03 -3.6487e-03 -4.0989e-03 6.8323e-02 -3.8852e-03 -3.2774e-03 -2.5123e-03 -1.7500e-03 -1.1076e-03 -6.3684e-04 -3.3267e-04 -1.5786e-04 -6.8049e-05 -2.6644e-05 -9.4756e-06 -3.0607e-06 -8.9790e-07 -2.3923e-07 -5.7886e-08 -1.2720e-08 -2.5383e-09 -4.5998e-10 -7.5693e-11 -1.1311e-11 -1.5347e-12 -1.8909e-13 -2.1155e-14 -2.1490e-15 -1.9822e-16 -1.6601e-17 -1.2624e-18 -8.7160e-20 -5.4640e-21 -3.1100e-22 -1.6071e-23 -7.5406e-25 -3.2122e-26 -1.2424e-27 -4.3624e-29 -1.3907e-30 -4.0253e-32 3.3154e-06 2.5151e-06 3.5228e-07 -4.5272e-06 -1.4054e-05 -3.0379e-05 -5.5045e-05 -8.7794e-05 -1.2553e-04 -1.6219e-04 -1.9008e-04 -2.0246e-04 0.0000e+00 -1.7298e-04 -1.3884e-04 -1.0143e-04 -6.7450e-05 -4.0820e-05 -2.2480e-05 -1.1264e-05 -5.1349e-06 -2.1293e-06 -8.0306e-07 -2.7544e-07 -8.5908e-08 -2.4362e-08 -6.2810e-09 -1.4721e-09 -3.1363e-10 -6.0732e-11 -1.0689e-11 -1.7096e-12 -2.4850e-13 -3.2822e-14 -3.9392e-15 -4.2957e-16 -4.2562e-17 -3.8312e-18 -3.1332e-19 -2.3278e-20 -1.5710e-21 -9.6318e-23 -5.3641e-24 -2.7135e-25 -1.2469e-26 -5.2039e-28 -1.9727e-29 -6.7920e-31 -2.1239e-32 -6.0321e-34
-1.8595e-06 -5.7263e-06 -1.6713e-05 -4.4270e-05 -1.0644e-04 -2.3263e-04 -4.6234e-04 -8.3582e-04 -1.3744e-03 -2.0553e-03 -2.7951e-03 -3.4562e-03 -3.8852e-03 7.9123e-02 -3.6871e-03 -3.1121e-03 -2.3869e-03 -1.6635e-03 -1.0533e-03 -6.0594e-04 -3.1666e-04 -1.5033e-04 -6.4825e-05 -2.5391e-05 -9.0330e-06 -2.9187e-06 -8.5650e-07 -2.2827e-07 -5.5248e-08 -1.2143e-08 -2.4238e-09 -4.3933e-10 -7.2312e-11 -1.0808e-11 -1.4668e-12 -1.8076e-13 -2.0226e-14 -2.0550e-15 -1.8958e-16 -1.5880e-17 -1.2078e-18 -8.3400e-20 -5.2290e-21 -2.9766e-22 -1.5384e-23 -7.2192e-25 -3.0757e-26 -1.1897e-27 -4.1779e-29 -1.3321e-30 8.9521e-07 6.4147e-07 -1.3653e-07 -2.1022e-06 -6.3774e-06 -1.4548e-05 -2.8388e-05 -4.9175e-05 -7.6704e-05 -1.0840e-04 -1.3919e-04 -1.6263e-04 -1.7298e-04 0.0000e+00 -1.4779e-04 -1.1870e-04 -8.6797e-05 -5.7777e-05 -3.5004e-05 -1.9299e-05 -9.6814e-06 -4.4183e-06 -1.8341e-06 -6.9246e-07 -2.3775e-07 -7.4224e-08 -2.1068e-08 -5.4367e-09 -1.2753e-09 -2.7193e-10 -5.2699e-11 -9.2819e-12 -1.4857e-12 -2.1610e-13 -2.8562e-14 -3.4301e-15 -3.7428e-16 -3.7105e-17 -3.3419e-18 -2.7345e-19 -2.0326e-20 -1.3725e-21 -8.4187e-23 -4.6906e-24 -2.3739e-25 -1.0913e-26 -4.5564e-28 -1.7279e-29 -5.9516e-31 -1.8618e-32
-4.9727e-07 -1.6968e-06 -5.4413e-06 -1.5828e-05 -4.1813e-05 -1.0045e-04 -2.1953e-04 -4.3656e-04 -7.8983e-04 -1.2999e-03 -1.9456e-03 -2.6483e-03 -3.2774e-03 -3.6871e-03 9.0723e-02 -3.5042e-03 -2.9596e-03 -2.2714e-03 -1.5839e-03 -1.0034e-03 -5.7754e-04 -3.0196e-04 -1.4341e-04 -6.1868e-05 -2.4242e-05 -8.6274e-06 -2.7886e-06 -8.1859e-07 -2.1823e-07 -5.2834e-08 -1.1616e-08 -2.3192e-09 -4.2047e-10 -6.9223e-11 -1.0348e-11 -1.4047e-12 -1.7315e-13 -1.9378e-14 -1.9692e-15 -1.8170e-16 -1.5223e-17 -1.1579e-18 -7.9973e-20 -5.0149e-21 -2.8551e-22 -1.4759e-23 -6.9264e-25 -2.9513e-26 -1.1417e-27 -4.0100e-29 2.1928e-07 1.4504e-07 -1.1194e-07 -8.3390e-07 -2.5730e-06 -6.2606e-06 -1.3219e-05 -2.4940e-05 -4.2515e-05 -6.5801e-05 -9.2661e-05 -1.1883e-04 -1.3884e-04 -1.4779e-04 0.0000e+00 -1.2658e-04 -1.0181e-04 -7.4561e-05 -4.9707e-05 -3.0159e-05 -1.6651e-05 -8.3646e-06 -3.8223e-06 -1.5887e-06 -6.0053e-07 -2.0642e-07 -6.4513e-08 -1.8331e-08 -4.7349e-09 -1.1117e-09 -2.3726e-10 -4.6019e-11 -8.1119e-12 -1.2994e-12 -1.8914e-13 -2.5017e-14 -3.0064e-15 -3.2825e-16 -3.2562e-17 -2.9345e-18 -2.4025e-19 -1.7868e-20 -1.2071e-21 -7.4081e-23 -4.1296e-24 -2.0909e-25 -9.6161e-27 -4.0168e-28 -1.5239e-29 -5.2510e-31
-1.2092e-07 -4.5650e-07 -1.6080e-06 -5.1369e-06 -1.4912e-05 -3.9385e-05 -9.4672e-05 -2.0712e-04 -4.1234e-04 -7.4687e-04 -1.2306e-03 -1.8439e-03 -2.5123e-03 -3.1121e-03 -3.5042e-03 1.0312e-01 -3.3356e-03 -2.8192e-03 -2.1650e-03 -1.5106e-03 -9.5756e-04 -5.5141e-04 -2.8844e-04 -1.3705e-04 -5.9150e-05 -2.3187e-05 -8.2549e-06 -2.6691e-06 -7.8378e-07 -2.0902e-07 -5.0619e-08 -1.1132e-08 -2.2232e-09 -4.0317e-10 -6.6391e-11 -9.9273e-12 -1.3479e-12 -1.6617e-13 -1.8601e-14 -1.8907e-15 -1.7448e-16 -1.4620e-17 -1.1123e-18 -7.6835e-20 -4.8188e-21 -2.7439e-22 -1.4186e-23 -6.6586e-25 -2.8376e-26 -1.0979e-27 4.8719e-08 2.8737e-08 -4.8820e-08 -2.8965e-07 -9.2954e-07 -2.4294e-06 -5.5700e-06 -1.1468e-05 -2.1393e-05 -3.6296e-05 -5.6091e-05 -7.9005e-05 -1.0143e-04 -1.1870e-04 -1.2658e-04 0.0000e+00 -1.0883e-04 -8.7700e-05 -6.4343e-05 -4.2969e-05 -2.6115e-05 -1.4441e-05 -7.2651e-06 -3.3246e-06 -1.3837e-06 -5.2370e-07 -1.8023e-07 -5.6391e-08 -1.6040e-08 -4.1475e-09 -9.7476e-10 -2.0822e-10 -4.0421e-11 -7.1311e-12 -1.1432e-12 -1.6653e-13 -2.2042e-14 -2.6507e-15 -2.8961e-16 -2.8747e-17 -2.5923e-18 -2.1235e-19 -1.5802e-20 -1.0681e-21 -6.5584e-23 -3.6577e-24 -1.8529e-25 -8.5253e-27 -3.5627e-28 -1.3522e-29
-2.6728e-08 -1.1150e-07 -4.3133e-07 -1.5135e-06 -4.8287e-06 -1.4023e-05 -3.7078e-05 -8.9253e-05 -1.9555e-04 -3.8986e-04 -7.0712e-04 -1.1665e-03 -1.7500e-03 -2.3869e-03 -2.9596e-03 -3.3356e-03 1.1632e-01 -3.1802e-03 -2.6897e-03 -2.0670e-03 -1.4431e-03 -9.1528e-04 -5.2734e-04 -2.7599e-04 -1.3120e-04 -5.6647e-05 -2.2214e-05 -7.9118e-06 -2.5591e-06 -7.5173e-07 -2.0053e-07 -4.8579e-08 -1.0687e-08 -2.1348e-09 -3.8724e-10 -6.3783e-11 -9.5396e-12 -1.2955e-12 -1.5975e-13 -1.7887e-14 -1.8184e-15 -1.6784e-16 -1.4066e-17 -1.0704e-18 -7.3949e-20 -4.6385e-21 -2.6417e-22 -1.3659e-23 -6.4123e-25 -2.7330e-26 9.8171e-09 4.8853e-09 -1.6427e-08 -8.9235e-08 -3.0200e-07 -8.5196e-07 -2.1263e-06 -4.7848e-06 -9.7781e-06 -1.8199e-05 -3.0881e-05 -4.7791e-05 -6.7450e-05 -8.6797e-05 -1.0181e-04 -1.0883e-04 0.0000e+00 -9.3988e-05 -7.5899e-05 -5.5795e-05 -3.7330e-05 -2.2727e-05 -1.2589e-05 -6.3429e-06 -2.9068e-06 -1.2115e-06 -4.5911e-07 -1.5819e-07 -4.9555e-08 -1.4111e-08 -3.6524e-09 -8.5926e-10 -1.8372e-10 -3.5697e-11 -6.3029e-12 -1.0112e-12 -1.4742e-13 -1.9527e-14 -2.3499e-15 -2.5691e-16 -2.5518e-17 -2.3025e-18 -1.8872e-19 -1.4051e-20 -9.5033e-22 -5.8381e-23 -3.2576e-24 -1.6510e-25 -7.5998e-27 -3.1773e-28
-5.3693e-09 -2.4723e-08 -1.0502e-07 -4.0481e-07 -1.4197e-06 -4.5340e-06 -1.3188e-05 -3.4934e-05 -8.4239e-05 -1.8487e-04 -3.6915e-04 -6.7050e-04 -1.1076e-03 -1.6635e-03 -2.2714e-03 -2.8192e-03 -3.1802e-03 1.3032e-01 -3.0369e-03 -2.5704e-03 -1.9765e-03 -1.3808e-03 -8.7625e-04 -5.0512e-04 -2.6449e-04 -1.2579e-04 -5.4336e-05 -2.1316e-05 -7.5949e-06 -2.4575e-06 -7.2213e-07 -1.9270e-07 -4.6695e-08 -1.0275e-08 -2.0532e-09 -3.7253e-10 -6.1375e-11 -9.1817e-12 -1.2472e-12 -1.5383e-13 -1.7226e-14 -1.7516e-15 -1.6171e-16 -1.3555e-17 -1.0316e-18 -7.1284e-20 -4.4721e-21 -2.5473e-22 -1.3173e-23 -6.1850e-25 1.7938e-09 6.8098e-10 -4.6389e-09 -2.4565e-08 -8.8485e-08 -2.7042e-07 -7.3606e-07 -1.8125e-06 -4.0607e-06 -8.2956e-06 -1.5463e-05 -2.6303e-05 -4.0820e-05 -5.7777e-05 -7.4561e-05 -8.7700e-05 -9.3988e-05 0.0000e+00 -8.1559e-05 -6.6004e-05 -4.8619e-05 -3.2591e-05 -1.9877e-05 -1.1028e-05 -5.5654e-06 -2.5543e-06 -1.0660e-06 -4.0451e-07 -1.3955e-07 -4.3765e-08 -1.2476e-08 -3.2326e-09 -7.6123e-10 -1.6291e-10 -3.1681e-11 -5.5986e-12 -8.9898e-13 -1.3115e-13 -1.7385e-14 -2.0936e-15 -2.2904e-16 -2.2764e-17 -2.0552e-18 -1.6856e-19 -1.2557e-20 -8.4972e-22 -5.2227e-23 -2.9157e-24 -1.4784e-25 -6.8086e-27
-9.8006e-10 -4.9759e-09 -2.3211e-08 -9.8299e-08 -3.7898e-07 -1.3312e-06 -4.2603e-06 -1.2419e-05 -3.2962e-05 -7.9634e-05 -1.7507e-04 -3.5012e-04 -6.3684e-04 -1.0533e-03 -1.5839e-03 -2.1650e-03 -2.6897e-03 -3.0369e-03 1.4512e-01 -2.9046e-03 -2.4601e-03 -1.8930e-03 -1.3232e-03 -8.4017e-04 -4.8458e-04 -2.5385e-04 -1.2079e-04 -5.2196e-05 -2.0485e-05 -7.3015e-06 -2.3634e-06 -6.9472e-07 -1.8544e-07 -4.4951e-08 -9.8941e-09 -1.9775e-09 -3.5890e-10 -5.9145e-11 -8.8500e-12 -1.2024e-12 -1.4833e-13 -1.6615e-14 -1.6897e-15 -1.5603e-16 -1.3081e-17 -9.9573e-19 -6.8816e-20 -4.3179e-21 -2.4599e-22 -1.2723e-23 2.9716e-10 6.8150e-11 -1.1362e-09 -6.0704e-09 -2.3426e-08 -7.7765e-08 -2.3119e-07 -6.2352e-07 -1.5325e-06 -3.4381e-06 -7.0426e-06 -1.3171e-05 -2.2480e-05 -3.5004e-05 -4.9707e-05 -6.4343e-05 -7.5899e-05 -8.1559e-05 0.0000e+00 -7.1115e-05 -5.7677e-05 -4.2571e-05 -2.8591e-05 -1.7468e-05 -9.7076e-06 -4.9065e-06 -2.2551e-06 -9.4245e-07 -3.5808e-07 -1.2368e-07 -3.8833e-08 -1.1082e-08 -2.8743e-09 -6.7751e-10 -1.4513e-10 -2.8248e-11 -4.9960e-12 -8.0285e-13 -1.1722e-13 -1.5549e-14 -1.8738e-15 -2.0513e-16 -2.0400e-17 -1.8429e-18 -1.5123e-19 -1.1273e-20 -7.6322e-22 -4.6934e-23 -2.6215e-24 -1.3299e-25
-1.6252e-10 -9.0910e-10 -4.6567e-09 -2.1670e-08 -9.1858e-08 -3.5492e-07 -1.2498e-06 -4.0096e-06 -1.1715e-05 -3.1159e-05 -7.5421e-05 -1.6609e-04 -3.3267e-04 -6.0594e-04 -1.0034e-03 -1.5106e-03 -2.0670e-03 -2.5704e-03 -2.9046e-03 1.6072e-01 -2.7823e-03 -2.3581e-03 -1.8156e-03 -1.2699e-03 -8.0675e-04 -4.6553e-04 -2.4399e-04 -1.1615e-04 -5.0212e-05 -1.9714e-05 -7.0293e-06 -2.2761e-06 -6.6927e-07 -1.7871e-07 -4.3330e-08 -9.5401e-09 -1.9073e-09 -3.4624e-10 -5.7072e-11 -8.5419e-12 -1.1608e-12 -1.4323e-13 -1.6047e-14 -1.6323e-15 -1.5075e-16 -1.2641e-17 -9.6238e-19 -6.6521e-20 -4.1746e-21 -2.3786e-22 4.4624e-11 1.7231e-12 -2.4535e-10 -1.3508e-09 -5.6114e-09 -2.0276e-08 -6.5916e-08 -1.9486e-07 -5.2567e-07 -1.2955e-06 -2.9172e-06 -5.9994e-06 -1.1264e-05 -1.9299e-05 -3.0159e-05 -4.2969e-05 -5.5795e-05 -6.6004e-05 -7.1115e-05 0.0000e+00 -6.2304e-05 -5.0639e-05 -3.7450e-05 -2.5198e-05 -1.5421e-05 -8.5841e-06 -4.3452e-06 -2.0000e-06 -8.3692e-07 -3.1839e-07 -1.1010e-07 -3.4607e-08 -9.8866e-09 -2.5668e-09 -6.0561e-10 -1.2984e-10 -2.5295e-11 -4.4773e-12 -7.2006e-13 -1.0521e-13 -1.3966e-14 -1.6841e-15 -1.8449e-16 -1.8359e-17 -1.6595e-18 -1.3626e-19 -1.0162e-20 -6.8838e-22 -4.2354e-23 -2.3668e-24
-2.4478e-11 -1.5076e-10 -8.4808e-10 -4.3370e-09 -2.0216e-08 -8.5927e-08 -3.3297e-07 -1.1758e-06 -3.7816e-06 -1.1074e-05 -2.9514e-05 -7.1570e-05 -1.5786e-04 -3.1666e-04 -5.7754e-04 -9.5756e-04 -1.4431e-03 -1.9765e-03 -2.4601e-03 -2.7823e-03 1.7712e-01 -2.6690e-03 -2.2636e-03 -1.7439e-03 -1.2204e-03 -7.7572e-04 -4.4785e-04 -2.3483e-04 -1.1183e-04 -4.8367e-05 -1.8997e-05 -6.7761e-06 -2.1948e-06 -6.4559e-07 -1.7243e-07 -4.1822e-08 -9.2106e-09 -1.8419e-09 -3.3445e-10 -5.5142e-11 -8.2549e-12 -1.1221e-12 -1.3848e-13 -1.5517e-14 -1.5787e-15 -1.4583e-16 -1.2230e-17 -9.3129e-19 -6.4383e-20 -4.0411e-21 6.0729e-12 -1.2316e-12 -4.7137e-11 -2.7123e-10 -1.2173e-09 -4.7956e-09 -1.7064e-08 -5.5325e-08 -1.6389e-07 -4.4387e-07 -1.0989e-06 -2.4858e-06 -5.1349e-06 -9.6814e-06 -1.6651e-05 -2.6115e-05 -3.7330e-05 -4.8619e-05 -5.7677e-05 -6.2304e-05 0.0000e+00 -5.4837e-05 -4.4661e-05 -3.3093e-05 -2.2306e-05 -1.3674e-05 -7.6235e-06 -3.8646e-06 -1.7812e-06 -7.4634e-07 -2.8427e-07 -9.8418e-08 -3.0968e-08 -8.8561e-09 -2.3015e-09 -5.4352e-10 -1.1663e-10 -2.2740e-11 -4.0284e-12 -6.4835e-13 -9.4801e-14 -1.2593e-14 -1.5196e-15 -1.6657e-16 -1.6586e-17 -1.5001e-18 -1.2324e-19 -9.1960e-21 -6.2332e-22 -3.8366e-23
-3.3485e-12 -2.2695e-11 -1.4021e-10 -7.8805e-10 -4.0396e-09 -1.8891e-08 -8.0558e-08 -3.1312e-07 -1.1087e-06 -3.5747e-06 -1.0491e-05 -2.8014e-05 -6.8049e-05 -1.5033e-04 -3.0196e-04 -5.5141e-04 -9.1528e-04 -1.3808e-03 -1.8930e-03 -2.3581e-03 -2.6690e-03 1.9432e-01 -2.5640e-03 -2.1759e-03 -1.6773e-03 -1.1744e-03 -7.4687e-04 -4.3140e-04 -2.2630e-04 -1.0782e-04 -4.6648e-05 -1.8329e-05 -6.5400e-06 -2.1191e-06 -6.2349e-07 -1.6658e-07 -4.0414e-08 -8.9029e-09 -1.7808e-09 -3.2344e-10 -5.3339e-11 -7.9868e-12 -1.0858e-12 -1.3404e-13 -1.5022e-14 -1.5287e-15 -1.4123e-16 -1.1847e-17 -9.0223e-19 -6.2384e-20 7.4880e-13 -3.8035e-13 -8.1034e-12 -4.9218e-11 -2.3932e-10 -1.0293e-09 -4.0118e-09 -1.4273e-08 -4.6443e-08 -1.3826e-07 -3.7644e-07 -9.3676e-07 -2.1293e-06 -4.4183e-06 -8.3646e-06 -1.4441e-05 -2.2727e-05 -3.2591e-05 -4.2571e-05 -5.0639e-05 -5.4837e-05 0.0000e+00 -4.8479e-05 -3.9561e-05 -2.9368e-05 -1.9829e-05 -1.2175e-05 -6.7980e-06 -3.4510e-06 -1.5927e-06 -6.6819e-07 -2.5480e-07 -8.8314e-08 -2.7818e-08 -7.9633e-09 -2.0715e-09 -4.8963e-10 -1.0516e-10 -2.0520e-11 -3.6378e-12 -5.8593e-13 -8.5734e-14 -1.1396e-14 -1.3760e-15 -1.5093e-16 -1.5039e-17 -1.3610e-18 -1.1186e-19 -8.3514e-21 -5.6631e-22
-4.1597e-13 -3.1010e-12 -2.1042e-11 -1.3000e-10 -7.3293e-10 -3.7711e-09 -1.7699e-08 -7.5729e-08 -2.9522e-07 -1.0481e-06 -3.3869e-06 -9.9598e-06 -2.6644e-05 -6.4825e-05 -1.4341e-04 -2.8844e-04 -5.2734e-04 -8.7625e-04 -1.3232e-03 -1.8156e-03 -2.2636e-03 -2.5640e-03 2.1232e-01 -2.4664e-03 -2.0943e-03 -1.6153e-03 -1.1316e-03 -7.1998e-04 -4.1605e-04 -2.1835e-04 -1.0407e-04 -4.5044e-05 -1.7705e-05 -6.3194e-06 -2.0483e-06 -6.0284e-07 -1.6111e-07 -3.9097e-08 -8.6151e-09 -1.7237e-09 -3.1314e-10 -5.1652e-11 -7.7358e-12 -1.0519e-12 -1.2988e-13 -1.4559e-14 -1.4818e-15 -1.3693e-16 -1.1488e-17 -8.7501e-19 8.3625e-14 -7.4719e-14 -1.2512e-12 -8.0799e-12 -4.2660e-11 -2.0052e-10 -8.5666e-10 -3.3457e-09 -1.1963e-08 -3.9156e-08 -1.1726e-07 -3.2104e-07 -8.0306e-07 -1.8341e-06 -3.8223e-06 -7.2651e-06 -1.2589e-05 -1.9877e-05 -2.8591e-05 -3.7450e-05 -4.4661e-05 -4.8479e-05 0.0000e+00 -4.3039e-05 -3.5189e-05 -2.6168e-05 -1.7697e-05 -1.0883e-05 -6.0854e-06 -3.0935e-06 -1.4295e-06 -6.0044e-07 -2.2923e-07 -7.9536e-08 -2.5079e-08 -7.1860e-09 -1.8710e-09 -4.4262e-10 -9.5141e-11 -1.8580e-11 -3.2964e-12 -5.3132e-13 -7.7798e-14 -1.0349e-14 -1.2504e-15 -1.3722e-16 -1.3679e-17 -1.2386e-18 -1.0187e-19 -7.6094e-21
-4.6924e-14 -3.8462e-13 -2.8668e-12 -1.9470e-11 -1.2074e-10 -6.8359e-10 -3.5313e-09 -1.6633e-08 -7.1391e-08 -2.7907e-07 -9.9312e-07 -3.2162e-06 -9.4756e-06 -2.5391e-05 -6.1868e-05 -1.3705e-04 -2.7599e-04 -5.0512e-04 -8.4017e-04 -1.2699e-03 -1.7439e-03 -2.1759e-03 -2.4664e-03 2.3112e-01 -2.3755e-03 -2.0182e-03 -1.5574e-03 -1.0916e-03 -6.9487e-04 -4.0172e-04 -2.1091e-04 -1.0056e-04 -4.3543e-05 -1.7121e-05 -6.1129e-06 -1.9819e-06 -5.8349e-07 -1.5598e-07 -3.7863e-08 -8.3453e-09 -1.6701e-09 -3.0348e-10 -5.0069e-11 -7.5004e-12 -1.0201e-12 -1.2597e-13 -1.4124e-14 -1.4378e-15 -1.3288e-16 -1.1150e-17 8.4558e-15 -1.1677e-14 -1.7396e-13 -1.2010e-12 -6.8977e-12 -3.5467e-11 -1.6616e-10 -7.1267e-10 -2.8006e-09 -1.0081e-08 -3.3209e-08 -1.0005e-07 -2.7544e-07 -6.9246e-07 -1.5887e-06 -3.3246e-06 -6.3429e-06 -1.1028e-05 -1.7468e-05 -2.5198e-05 -3.3093e-05 -3.9561e-05 -4.3039e-05 0.0000e+00 -3.8364e-05 -3.1422e-05 -2.3406e-05 -1.5855e-05 -9.7646e-06 -5.4674e-06 -2.7829e-06 -1.2876e-06 -5.4145e-07 -2.0694e-07 -7.1875e-08 -2.2685e-08 -6.5062e-09 -1.6955e-09 -4.0145e-10 -8.6360e-11 -1.6878e-11 -2.9967e-12 -4.8339e-13 -7.0820e-14 -9.4258e-15 -1.1396e-15 -1.2514e-16 -1.2482e-17 -1.1309e-18 -9.3055e-20
-4.8061e-15 -4.3302e-14 -3.5456e-13 -2.6474e-12 -1.8060e-11 -1.1252e-10 -6.3979e-10 -3.3177e-09 -1.5679e-08 -6.7488e-08 -2.6448e-07 -9.4327e-07 -3.0607e-06 -9.0330e-06 -2.4242e-05 -5.9150e-05 -1.3120e-04 -2.6449e-04 -4.8458e-04 -8.0675e-04 -1.2204e-03 -1.6773e-03 -2.0943e-03 -2.3755e-03 2.5072e-01 -2.2907e-03 -1.9472e-03 -1.5034e-03 -1.0542e-03 -6.7138e-04 -3.8830e-04 -2.0395e-04 -9.7279e-05 -4.2135e-05 -1.6573e-05 -5.9192e-06 -1.9197e-06 -5.6534e-07 -1.5117e-07 -3.6705e-08 -8.0919e-09 -1.6198e-09 -2.9440e-10 -4.8582e-11 -7.2790e-12 -9.9022e-13 -1.2230e-13 -1.3715e-14 -1.3964e-15 -1.2908e-16 7.7381e-16 -1.5464e-15 -2.1818e-14 -1.6173e-13 -1.0119e-12 -5.6959e-12 -2.9278e-11 -1.3794e-10 -5.9593e-10 -2.3592e-09 -8.5510e-09 -2.8350e-08 -8.5908e-08 -2.3775e-07 -6.0053e-07 -1.3837e-06 -2.9068e-06 -5.5654e-06 -9.7076e-06 -1.5421e-05 -2.2306e-05 -2.9368e-05 -3.5189e-05 -3.8364e-05 0.0000e+00 -3.4327e-05 -2.8164e-05 -2.1013e-05 -1.4255e-05 -8.7915e-06 -4.9291e-06 -2.5120e-06 -1.1636e-06 -4.8986e-07 -1.8742e-07 -6.5160e-08 -2.0586e-08 -5.9093e-09 -1.5413e-09 -3.6523e-10 -7.8637e-11 -1.5378e-11 -2.7324e-12 -4.4101e-13 -6.4659e-14 -8.6112e-15 -1.0417e-15 -1.1446e-16 -1.1423e-17 -1.0355e-18
-4.4695e-16 -4.4253e-15 -3.9808e-14 -3.2683e-13 -2.4527e-12 -1.6817e-11 -1.0526e-10 -6.0093e-10 -3.1270e-09 -1.4822e-08 -6.3968e-08 -2.5126e-07 -8.9790e-07 -2.9187e-06 -8.6274e-06 -2.3187e-05 -5.6647e-05 -1.2579e-04 -2.5385e-04 -4.6553e-04 -7.7572e-04 -1.1744e-03 -1.6153e-03 -2.0182e-03 -2.2907e-03 2.7112e-01 -2.2114e-03 -1.8808e-03 -1.4529e-03 -1.0192e-03 -6.4937e-04 -3.7572e-04 -1.9742e-04 -9.4197e-05 -4.0814e-05 -1.6058e-05 -5.7372e-06 -1.8612e-06 -5.4826e-07 -1.4664e-07 -3.5614e-08 -7.8534e-09 -1.5724e-09 -2.8585e-10 -4.7180e-11 -7.0705e-12 -9.6204e-13 -1.1885e-13 -1.3330e-14 -1.3574e-15 6.4055e-17 -1.7824e-16 -2.4720e-15 -1.9740e-14 -1.3472e-13 -8.3067e-13 -4.6866e-12 -2.4262e-11 -1.1525e-10 -5.0187e-10 -2.0016e-09 -7.3037e-09 -2.4362e-08 -7.4224e-08 -2.0642e-07 -5.2370e-07 -1.2115e-06 -2.5543e-06 -4.9065e-06 -8.5841e-06 -1.3674e-05 -1.9829e-05 -2.6168e-05 -3.1422e-05 -3.4327e-05 0.0000e+00 -3.0825e-05 -2.5332e-05 -1.8929e-05 -1.2859e-05 -7.9416e-06 -4.4582e-06 -2.2748e-06 -1.0549e-06 -4.4457e-07 -1.7026e-07 -5.9252e-08 -1.8736e-08 -5.3837e-09 -1.4052e-09 -3.3323e-10 -7.1795e-11 -1.4052e-11 -2.4984e-12 -4.0351e-13 -5.9199e-14 -7.8888e-15 -9.5486e-16 -1.0498e-16 -1.0482e-17
-3.7735e-17 -4.1052e-16 -4.0574e-15 -3.6630e-14 -3.0244e-13 -2.2823e-12 -1.5725e-11 -9.8843e-11 -5.6634e-10 -2.9562e-09 -1.4050e-08 -6.0781e-08 -2.3923e-07 -8.5650e-07 -2.7886e-06 -8.2549e-06 -2.2214e-05 -5.4336e-05 -1.2079e-04 -2.4399e-04 -4.4785e-04 -7.4687e-04 -1.1316e-03 -1.5574e-03 -1.9472e-03 -2.2114e-03 2.9232e-01 -2.1372e-03 -1.8186e-03 -1.4054e-03 -9.8641e-04 -6.2871e-04 -3.6391e-04 -1.9128e-04 -9.1299e-05 -3.9571e-05 -1.5574e-05 -5.5658e-06 -1.8061e-06 -5.3218e-07 -1.4238e-07 -3.4586e-08 -7.6285e-09 -1.5277e-09 -2.7778e-10 -4.5859e-11 -6.8738e-12 -9.3544e-13 -1.1558e-13 -1.2966e-14 4.7934e-18 -1.8133e-17 -2.5325e-16 -2.1847e-15 -1.6280e-14 -1.1002e-13 -6.8151e-13 -3.8775e-12 -2.0255e-11 -9.7041e-11 -4.2590e-10 -1.7105e-09 -6.2810e-09 -2.1068e-08 -6.4513e-08 -1.8023e-07 -4.5911e-07 -1.0660e-06 -2.2551e-06 -4.3452e-06 -7.6235e-06 -1.2175e-05 -1.7697e-05 -2.3406e-05 -2.8164e-05 -3.0825e-05 0.0000e+00 -2.7776e-05 -2.2861e-05 -1.7107e-05 -1.1638e-05 -7.1963e-06 -4.0447e-06 -2.0661e-06 -9.5917e-07 -4.0464e-07 -1.5512e-07 -5.4038e-08 -1.7101e-08 -4.9172e-09 -1.2846e-09 -3.0487e-10 -6.5732e-11 -1.2874e-11 -2.2905e-12 -3.7018e-13 -5.4341e-14 -7.2456e-15 -8.7751e-16 -9.6525e-17
-2.8924e-18 -3.4568e-17 -3.7542e-16 -3.7273e-15 -3.3861e-14 -2.8123e-13 -2.1332e-12 -1.4763e-11 -9.3147e-11 -5.3544e-10 -2.8027e-09 -1.3353e-08 -5.7886e-08 -2.2827e-07 -8.1859e-07 -2.6691e-06 -7.9118e-06 -2.1316e-05 -5.2196e-05 -1.1615e-04 -2.3483e-04 -4.3140e-04 -7.1998e-04 -1.0916e-03 -1.5034e-03 -1.8808e-03 -2.1372e-03 3.1432e-01 -2.0676e-03 -1.7602e-03 -1.3609e-03 -9.5555e-04 -6.0928e-04 -3.5279e-04 -1.8550e-04 -8.8570e-05 -3.8401e-05 -1.5118e-05 -5.4043e-06 -1.7542e-06 -5.1700e-07 -1.3835e-07 -3.3616e-08 -7.4162e-09 -1.4855e-09 -2.7016e-10 -4.4610e-11 -6.6878e-12 -9.1030e-13 -1.1249e-13 3.2401e-19 -1.6415e-18 -2.3479e-17 -2.1929e-16 -1.7858e-15 -1.3233e-14 -9.0031e-14 -5.6310e-13 -3.2352e-12 -1.7054e-11 -8.2373e-11 -3.6417e-10 -1.4721e-09 -5.4367e-09 -1.8331e-08 -5.6391e-08 -1.5819e-07 -4.0451e-07 -9.4245e-07 -2.0000e-06 -3.8646e-06 -6.7980e-06 -1.0883e-05 -1.5855e-05 -2.1013e-05 -2.5332e-05 -2.7776e-05 0.0000e+00 -2.5109e-05 -2.0697e-05 -1.5509e-05 -1.0564e-05 -6.5403e-06 -3.6802e-06 -1.8820e-06 -8.7459e-07 -3.6932e-07 -1.4171e-07 -4.9405e-08 -1.5649e-08 -4.5035e-09 -1.1774e-09 -2.7964e-10 -6.0335e-11 -1.1825e-11 -2.1052e-12 -3.4043e-13 -5.0004e-14 -6.6712e-15 -8.0838e-16
-2.0127e-19 -2.6423e-18 -3.1535e-17 -3.4433e-16 -3.4420e-15 -3.1466e-14 -2.6277e-13 -2.0024e-12 -1.3912e-11 -8.8068e-11 -5.0769e-10 -2.6640e-09 -1.2720e-08 -5.5248e-08 -2.1823e-07 -7.8378e-07 -2.5591e-06 -7.5949e-06 -2.0485e-05 -5.0212e-05 -1.1183e-04 -2.2630e-04 -4.1605e-04 -6.9487e-04 -1.0542e-03 -1.4529e-03 -1.8186e-03 -2.0676e-03 3.3712e-01 -2.0023e-03 -1.7053e-03 -1.3190e-03 -9.2650e-04 -5.9098e-04 -3.4231e-04 -1.8005e-04 -8.5995e-05 -3.7295e-05 -1.4687e-05 -5.2517e-06 -1.7051e-06 -5.0265e-07 -1.3454e-07 -3.2699e-08 -7.2153e-09 -1.4456e-09 -2.6295e-10 -4.3427e-11 -6.5117e-12 -8.8649e-13 1.9765e-20 -1.3291e-19 -1.9709e-18 -1.9969e-17 -1.7785e-16 -1.4457e-15 -1.0805e-14 -7.4300e-14 -4.6958e-13 -2.7238e-12 -1.4480e-11 -7.0470e-11 -3.1363e-10 -1.2753e-09 -4.7349e-09 -1.6040e-08 -4.9555e-08 -1.3955e-07 -3.5808e-07 -8.3692e-07 -1.7812e-06 -3.4510e-06 -6.0854e-06 -9.7646e-06 -1.4255e-05 -1.8929e-05 -2.2861e-05 -2.5109e-05 0.0000e+00 -2.2767e-05 -1.8793e-05 -1.4101e-05 -9.6165e-06 -5.9607e-06 -3.3578e-06 -1.7189e-06 -7.9958e-07 -3.3797e-07 -1.2980e-07 -4.5290e-08 -1.4357e-08 -4.1349e-09 -1.0818e-09 -2.5712e-10 -5.5513e-11 -1.0887e-11 -1.9394e-12 -3.1381e-13 -4.6120e-14 -6.1564e-15
-1.2714e-20 -1.8334e-19 -2.4047e-18 -2.8880e-17 -3.1768e-16 -3.1967e-15 -2.9390e-14 -2.4660e-13 -1.8868e-12 -1.3154e-11 -8.3514e-11 -4.8266e-10 -2.5383e-09 -1.2143e-08 -5.2834e-08 -2.0902e-07 -7.5173e-07 -2.4575e-06 -7.3015e-06 -1.9714e-05 -4.8367e-05 -1.0782e-04 -2.1835e-04 -4.0172e-04 -6.7138e-04 -1.0192e-03 -1.4054e-03 -1.7602e-03 -2.0023e-03 3.6072e-01 -1.9408e-03 -1.6537e-03 -1.2796e-03 -8.9912e-04 -5.7372e-04 -3.3243e-04 -1.7491e-04 -8.3563e-05 -3.6251e-05 -1.4280e-05 -5.1073e-06 -1.6586e-06 -4.8908e-07 -1.3094e-07 -3.1830e-08 -7.0250e-09 -1.4077e-09 -2.5612e-10 -4.2307e-11 -6.3448e-12 1.0868e-21 -9.6594e-21 -1.4988e-19 -1.6499e-18 -1.6081e-17 -1.4344e-16 -1.1780e-15 -8.9078e-15 -6.1935e-14 -3.9534e-13 -2.3134e-12 -1.2394e-11 -6.0732e-11 -2.7193e-10 -1.1117e-09 -4.1475e-09 -1.4111e-08 -4.3765e-08 -1.2368e-07 -3.1839e-07 -7.4634e-07 -1.5927e-06 -3.0935e-06 -5.4674e-06 -8.7915e-06 -1.2859e-05 -1.7107e-05 -2.0697e-05 -2.2767e-05 0.0000e+00 -2.0704e-05 -1.7113e-05 -1.2856e-05 -8.7779e-06 -5.4469e-06 -3.0716e-06 -1.5739e-06 -7.3285e-07 -3.1004e-07 -1.1917e-07 -4.1617e-08 -1.3203e-08 -3.8054e-09 -9.9632e-10 -2.3696e-10 -5.1193e-11 -1.0046e-11 -1.7907e-12 -2.8991e-13 -4.2631e-14
-7.2909e-22 -1.1548e-20 -1.6647e-19 -2.1991e-18 -2.6620e-17 -2.9487e-16 -2.9848e-15 -2.7578e-14 -2.3236e-13 -1.7840e-12 -1.2475e-11 -7.9409e-11 -4.5998e-10 -2.4238e-09 -1.1616e-08 -5.0619e-08 -2.0053e-07 -7.2213e-07 -2.3634e-06 -7.0293e-06 -1.8997e-05 -4.6648e-05 -1.0407e-04 -2.1091e-04 -3.8830e-04 -6.4937e-04 -9.8641e-04 -1.3609e-03 -1.7053e-03 -1.9408e-03 3.8512e-01 -1.8828e-03 -1.6049e-03 -1.2423e-03 -8.7326e-04 -5.5740e-04 -3.2308e-04 -1.7004e-04 -8.1262e-05 -3.5263e-05 -1.3894e-05 -4.9706e-06 -1.6146e-06 -4.7621e-07 -1.2752e-07 -3.1006e-08 -6.8445e-09 -1.3718e-09 -2.4963e-10 -4.1243e-11 5.3772e-23 -6.3163e-22 -1.0329e-20 -1.2370e-19 -1.3203e-18 -1.2927e-17 -1.1668e-16 -9.7031e-16 -7.4228e-15 -5.2145e-14 -3.3588e-13 -1.9811e-12 -1.0689e-11 -5.2699e-11 -2.3726e-10 -9.7476e-10 -3.6524e-09 -1.2476e-08 -3.8833e-08 -1.1010e-07 -2.8427e-07 -6.6819e-07 -1.4295e-06 -2.7829e-06 -4.9291e-06 -7.9416e-06 -1.1638e-05 -1.5509e-05 -1.8793e-05 -2.0704e-05 0.0000e+00 -1.8880e-05 -1.5624e-05 -1.1752e-05 -8.0329e-06 -4.9900e-06 -2.8167e-06 -1.4447e-06 -6.7329e-07 -2.8509e-07 -1.0967e-07 -3.8329e-08 -1.2169e-08 -3.5099e-09 -9.1958e-10 -2.1885e-10 -4.7311e-11 -9.2899e-12 -1.6568e-12 -2.6839e-13
-3.7954e-23 -6.6022e-22 -1.0462e-20 -1.5203e-19 -2.0253e-18 -2.4697e-17 -2.7524e-16 -2.8003e-15 -2.5984e-14 -2.1972e-13 -1.6921e-12 -1.1864e-11 -7.5693e-11 -4.3933e-10 -2.3192e-09 -1.1132e-08 -4.8579e-08 -1.9270e-07 -6.9472e-07 -2.2761e-06 -6.7761e-06 -1.8329e-05 -4.5044e-05 -1.0056e-04 -2.0395e-04 -3.7572e-04 -6.2871e-04 -9.5555e-04 -1.3190e-03 -1.6537e-03 -1.8828e-03 4.1032e-01 -1.8281e-03 -1.5589e-03 -1.2071e-03 -8.4881e-04 -5.4197e-04 -3.1423e-04 -1.6543e-04 -7.9082e-05 -3.4326e-05 -1.3528e-05 -4.8410e-06 -1.5729e-06 -4.6400e-07 -1.2428e-07 -3.0223e-08 -6.6731e-09 -1.3377e-09 -2.4347e-10 2.3892e-24 -3.7228e-23 -6.4533e-22 -8.4177e-21 -9.8424e-20 -1.0582e-18 -1.0498e-17 -9.6027e-17 -8.0831e-16 -6.2498e-15 -4.4316e-14 -2.8779e-13 -1.7096e-12 -9.2819e-12 -4.6019e-11 -2.0822e-10 -8.5926e-10 -3.2326e-09 -1.1082e-08 -3.4607e-08 -9.8418e-08 -2.5480e-07 -6.0044e-07 -1.2876e-06 -2.5120e-06 -4.4582e-06 -7.1963e-06 -1.0564e-05 -1.4101e-05 -1.7113e-05 -1.8880e-05 0.0000e+00 -1.7261e-05 -1.4302e-05 -1.0769e-05 -7.3691e-06 -4.5822e-06 -2.5890e-06 -1.3292e-06 -6.1997e-07 -2.6273e-07 -1.0115e-07 -3.5377e-08 -1.1240e-08 -3.2441e-09 -8.5052e-10 -2.0254e-10 -4.3812e-11 -8.6079e-12 -1.5361e-12
-1.7935e-24 -3.4266e-23 -5.9688e-22 -9.5418e-21 -1.3990e-19 -1.8780e-18 -2.3046e-17 -2.5820e-16 -2.6384e-15 -2.4571e-14 -2.0842e-13 -1.6095e-12 -1.1311e-11 -7.2312e-11 -4.2047e-10 -2.2232e-09 -1.0687e-08 -4.6695e-08 -1.8544e-07 -6.6927e-07 -2.1948e-06 -6.5400e-06 -1.7705e-05 -4.3543e-05 -9.7279e-05 -1.9742e-04 -3.6391e-04 -6.0928e-04 -9.2650e-04 -1.2796e-03 -1.6049e-03 -1.8281e-03 4.3632e-01 -1.7764e-03 -1.5153e-03 -1.1738e-03 -8.2565e-04 -5.2735e-04 -3.0585e-04 -1.6106e-04 -7.7014e-05 -3.3436e-05 -1.3181e-05 -4.7178e-06 -1.5332e-06 -4.5239e-07 -1.2120e-07 -2.9479e-08 -6.5113e-09 -1.3055e-09 9.5044e-26 -1.9804e-24 -3.6557e-23 -5.1990e-22 -6.6627e-21 -7.8669e-20 -8.5808e-19 -8.6339e-18 -7.9975e-17 -6.8064e-16 -5.3132e-15 -3.7989e-14 -2.4850e-13 -1.4857e-12 -8.1119e-12 -4.0421e-11 -1.8372e-10 -7.6123e-10 -2.8743e-09 -9.8866e-09 -3.0968e-08 -8.8314e-08 -2.2923e-07 -5.4145e-07 -1.1636e-06 -2.2748e-06 -4.0447e-06 -6.5403e-06 -9.6165e-06 -1.2856e-05 -1.5624e-05 -1.7261e-05 0.0000e+00 -1.5821e-05 -1.3123e-05 -9.8919e-06 -6.7758e-06 -4.2174e-06 -2.3851e-06 -1.2255e-06 -5.7210e-07 -2.4263e-07 -9.3484e-08 -3.2720e-08 -1.0403e-08 -3.0045e-09 -7.8820e-10 -1.8782e-10 -4.0651e-11 -7.9912e-12
