1.0020e-04 -2.3785e-08 -5.0920e-08 -8.4434e-08 -1.2063e-07 -1.5570e-07 -1.8621e-07 -2.0949e-07 -2.2387e-07 -2.2878e-07 -2.2462e-07 -2.1264e-07 -1.9459e-07 -1.7251e-07 -1.4840e-07 -1.2403e-07 -1.0083e-07 -7.9796e-08 -6.1525e-08 -4.6246e-08 -3.3906e-08 -2.4258e-08 -1.6944e-08 -1.1557e-08 -7.7014e-09 -5.0146e-09 -3.1914e-09 -1.9856e-09 -1.2079e-09 -7.1864e-10 -4.1819e-10 -2.3806e-10 -1.3259e-10 -7.2258e-11 -3.8536e-11 -2.0114e-11 -1.0275e-11 -5.1384e-12 -2.5154e-12 -1.2055e-12 -5.6566e-13 -2.5988e-13 -1.1691e-13 -5.1499e-14 -2.2216e-14 -9.3853e-15 -3.8831e-15 -1.5735e-15 -6.2449e-16 -2.4276e-16 -9.2434e-17 -3.4475e-17 -1.2595e-17 -4.5078e-18 -1.5804e-18 -5.4279e-19 -1.8263e-19 -6.0199e-20 -1.9440e-20 -6.1506e-21 -1.9065e-21 -5.7900e-22 -1.7228e-22 -5.0227e-23 -1.4347e-23 -4.0155e-24 -1.1012e-24 -2.9590e-25 -7.7908e-26 -2.0099e-26 -5.0811e-27 -1.2587e-27 -3.0552e-28 -7.2669e-29 -1.6938e-29 -3.8685e-30 -8.6584e-31 -1.8990e-31 -4.0815e-32 -8.5964e-33 -1.7743e-33 -3.5888e-34 -7.1135e-35 -1.3818e-35 -2.6304e-36 -4.9070e-37 -8.9712e-38 -1.6073e-38 -2.8222e-39 -4.8564e-40 -8.1899e-41 -1.3535e-41 -2.1923e-42 -3.4801e-43 -5.4139e-44 -8.2543e-45 -1.2334e-45 -1.8062e-46 -2.5923e-47 -3.6463e-48 0.0000e+00 2.3782e-08 5.0905e-08 8.4389e-08 1.2053e-07 1.5551e-07 1.8590e-07 2.0904e-07 2.2327e-07 2.2802e-07 2.2372e-07 2.1162e-07 1.9350e-07 1.7139e-07 1.4729e-07 1.2298e-07 9.9865e-08 7.8943e-08 6.0793e-08 4.5637e-08 3.3414e-08 2.3872e-08 1.6649e-08 1.1339e-08 7.5439e-09 4.9039e-09 3.1155e-09 1.9349e-09 1.1749e-09 6.9764e-10 4.0517e-10 2.3018e-10 1.2793e-10 6.9567e-11 3.7018e-11 1.9277e-11 9.8251e-12 4.9014e-12 2.3935e-12 1.1442e-12 5.3549e-13 2.4536e-13 1.1008e-13 4.8358e-14 2.0802e-14 8.7628e-15 3.6149e-15 1.4605e-15 5.7787e-16 2.2394e-16 8.5001e-17 3.1601e-17 1.1508e-17 4.1049e-18 1.4343e-18 4.9093e-19 1.6461e-19 5.4068e-20 1.7398e-20 5.4846e-21 1.6938e-21 5.1249e-22 1.5192e-22 4.4121e-23 1.2554e-23 3.4999e-24 9.5600e-25 2.5585e-25 6.7091e-26 1.7238e-26 4.3397e-27 1.0705e-27 2.5874e-28 6.1280e-29 1.4221e-29 3.2339e-30 7.2061e-31 1.5734e-31 3.3666e-32 7.0585e-33 1.4502e-33 2.9197e-34 5.7604e-35 1.1137e-35 2.1100e-36 3.9174e-37 7.1275e-38 1.2708e-38 2.2205e-39 3.8021e-40 6.3801e-41 1.0492e-41 1.6908e-42 2.6704e-43 4.1331e-44 6.2692e-45 9.3192e-46 1.3576e-46 1.9383e-47 2.7121e-48
-2.3785e-08 4.0079e-04 -1.9793e-07 -3.2854e-07 -4.7001e-07 -6.0764e-07 -7.2813e-07 -8.2100e-07 -8.7961e-07 -9.0142e-07 -8.8781e-07 -8.4331e-07 -7.7461e-07 -6.8946e-07 -5.9562e-07 -5.0008e-07 -4.0850e-07 -3.2494e-07 -2.5189e-07 -1.9041e-07 -1.4043e-07 -1.0109e-07 -7.1067e-08 -4.8802e-08 -3.2747e-08 -2.1477e-08 -1.3771e-08 -8.6339e-09 -5.2943e-09 -3.1757e-09 -1.8636e-09 -1.0701e-09 -6.0133e-10 -3.3071e-10 -1.7802e-10 -9.3810e-11 -4.8395e-11 -2.4443e-11 -1.2088e-11 -5.8536e-12 -2.7758e-12 -1.2891e-12 -5.8628e-13 -2.6116e-13 -1.1394e-13 -4.8692e-14 -2.0382e-14 -8.3577e-15 -3.3571e-15 -1.3210e-15 -5.0924e-16 -1.9232e-16 -7.1157e-17 -2.5794e-17 -9.1609e-18 -3.1877e-18 -1.0868e-18 -3.6307e-19 -1.1884e-19 -3.8114e-20 -1.1978e-20 -3.6884e-21 -1.1130e-21 -3.2908e-22 -9.5346e-23 -2.7071e-23 -7.5317e-24 -2.0535e-24 -5.4864e-25 -1.4365e-25 -3.6857e-26 -9.2674e-27 -2.2836e-27 -5.5144e-28 -1.3050e-28 -3.0265e-29 -6.8788e-30 -1.5322e-30 -3.3447e-31 -7.1555e-32 -1.5003e-32 -3.0827e-33 -6.2080e-34 -1.2252e-34 -2.3699e-35 -4.4926e-36 -8.3468e-37 -1.5198e-37 -2.7123e-38 -4.7438e-39 -8.1317e-40 -1.3662e-40 -2.2495e-41 -3.6302e-42 -5.7417e-43 -8.9007e-44 -1.3523e-44 -2.0137e-45 -2.9389e-46 -4.2038e-47 2.3782e-08 0.0000e+00 1.9769e-07 3.2784e-07 4.6844e-07 6.0474e-07 7.2340e-07 8.1405e-07 8.7020e-07 8.8954e-07 8.7369e-07 8.2739e-07 7.5750e-07 6.7185e-07 5.7822e-07 4.8352e-07 3.9328e-07 3.1143e-07 2.4027e-07 1.8072e-07 1.3259e-07 9.4928e-08 6.6354e-08 4.5297e-08 3.0208e-08 1.9687e-08 1.2540e-08 7.8090e-09 4.7551e-09 2.8318e-09 1.6496e-09 9.4003e-10 5.2412e-10 2.8595e-10 1.5268e-10 7.9785e-11 4.0809e-11 2.0433e-11 1.0016e-11 4.8064e-12 2.2583e-12 1.0390e-12 4.6805e-13 2.0648e-13 8.9205e-14 3.7743e-14 1.5640e-14 6.3477e-15 2.5234e-15 9.8256e-16 3.7476e-16 1.4002e-16 5.1244e-17 1.8373e-17 6.4531e-18 2.2204e-18 7.4851e-19 2.4721e-19 7.9988e-20 2.5357e-20 7.8761e-21 2.3969e-21 7.1469e-22 2.0880e-22 5.9773e-23 1.6766e-23 4.6081e-24 1.2410e-24 3.2751e-25 8.4691e-26 2.1460e-26 5.3288e-27 1.2966e-27 3.0917e-28 7.2240e-29 1.6541e-29 3.7117e-30 8.1618e-31 1.7588e-31 3.7143e-32 7.6869e-33 1.5590e-33 3.0988e-34 6.0361e-35 1.1523e-35 2.1558e-36 3.9526e-37 7.1025e-38 1.2508e-38 2.1587e-39 3.6515e-40 6.0532e-41 9.8347e-42 1.5660e-42 2.4439e-43 3.7379e-44 5.6031e-45 8.2319e-46 1.1853e-46 1.6728e-47
-5.0920e-08 -1.9793e-07 9.0176e-04 -7.0598e-07 -1.0122e-06 -1.3122e-06 -1.5775e-06 -1.7853e-06 -1.9207e-06 -1.9775e-06 -1.9576e-06 -1.8699e-06 -1.7280e-06 -1.5480e-06 -1.3465e-06 -1.1389e-06 -9.3752e-07 -7.5185e-07 -5.8782e-07 -4.4833e-07 -3.3374e-07 -2.4259e-07 -1.7226e-07 -1.1952e-07 -8.1065e-08 -5.3756e-08 -3.4861e-08 -2.2113e-08 -1.3723e-08 -8.3325e-09 -4.9514e-09 -2.8797e-09 -1.6393e-09 -9.1361e-10 -4.9848e-10 -2.6630e-10 -1.3931e-10 -7.1362e-11 -3.5800e-11 -1.7590e-11 -8.4647e-12 -3.9899e-12 -1.8421e-12 -8.3313e-13 -3.6911e-13 -1.6020e-13 -6.8116e-14 -2.8374e-14 -1.1580e-14 -4.6301e-15 -1.8139e-15 -6.9623e-16 -2.6185e-16 -9.6490e-17 -3.4840e-17 -1.2327e-17 -4.2734e-18 -1.4517e-18 -4.8326e-19 -1.5764e-19 -5.0390e-20 -1.5784e-20 -4.8450e-21 -1.4574e-21 -4.2962e-22 -1.2411e-22 -3.5135e-23 -9.7475e-24 -2.6502e-24 -7.0614e-25 -1.8439e-25 -4.7186e-26 -1.1834e-26 -2.9087e-27 -7.0064e-28 -1.6540e-28 -3.8268e-29 -8.6771e-30 -1.9283e-30 -4.1996e-31 -8.9642e-32 -1.8753e-32 -3.8449e-33 -7.7261e-34 -1.5216e-34 -2.9370e-35 -5.5560e-36 -1.0301e-36 -1.8719e-37 -3.3339e-38 -5.8196e-39 -9.9563e-40 -1.6695e-40 -2.7436e-41 -4.4193e-42 -6.9767e-43 -1.0795e-43 -1.6371e-44 -2.4334e-45 -3.5451e-46 5.0905e-08 1.9769e-07 0.0000e+00 7.0260e-07 1.0047e-06 1.2982e-06 1.5546e-06 1.7516e-06 1.8750e-06 1.9198e-06 1.8888e-06 1.7922e-06 1.6442e-06 1.4615e-06 1.2609e-06 1.0570e-06 8.6212e-07 6.8466e-07 5.2982e-07 3.9978e-07 2.9429e-07 2.1145e-07 1.4834e-07 1.0165e-07 6.8064e-08 4.4540e-08 2.8493e-08 1.7823e-08 1.0903e-08 6.5236e-09 3.8187e-09 2.1871e-09 1.2258e-09 6.7234e-10 3.6095e-10 1.8968e-10 9.7581e-11 4.9147e-11 2.4236e-11 1.1703e-11 5.5333e-12 2.5621e-12 1.1618e-12 5.1599e-13 2.2445e-13 9.5630e-14 3.9910e-14 1.6315e-14 6.5335e-15 2.5631e-15 9.8504e-16 3.7087e-16 1.3680e-16 4.9439e-17 1.7505e-17 6.0728e-18 2.0642e-18 6.8747e-19 2.2434e-19 7.1736e-20 2.2476e-20 6.9007e-21 2.0761e-21 6.1205e-22 1.7682e-22 5.0056e-23 1.3887e-23 3.7753e-24 1.0058e-24 2.6261e-25 6.7192e-26 1.6848e-26 4.1403e-27 9.9711e-28 2.3534e-28 5.4436e-29 1.2340e-29 2.7416e-30 5.9696e-31 1.2739e-31 2.6643e-32 5.4612e-33 1.0971e-33 2.1602e-34 4.1686e-35 7.8841e-36 1.4615e-36 2.6552e-37 4.7280e-38 8.2515e-39 1.4114e-39 2.3663e-40 3.8883e-41 6.2622e-42 9.8850e-43 1.5294e-43 2.3191e-44 3.4469e-45 5.0212e-46 7.1694e-47
-8.4434e-08 -3.2854e-07 -7.0598e-07 1.6031e-03 -1.6925e-06 -2.2025e-06 -2.6595e-06 -3.0253e-06 -3.2736e-06 -3.3920e-06 -3.3814e-06 -3.2544e-06 -3.0320e-06 -2.7399e-06 -2.4055e-06 -2.0545e-06 -1.7087e-06 -1.3851e-06 -1.0951e-06 -8.4497e-07 -6.3662e-07 -4.6853e-07 -3.3697e-07 -2.3691e-07 -1.6286e-07 -1.0950e-07 -7.2015e-08 -4.6342e-08 -2.9182e-08 -1.7986e-08 -1.0850e-08 -6.4078e-09 -3.7050e-09 -2.0975e-09 -1.1628e-09 -6.3126e-10 -3.3563e-10 -1.7477e-10 -8.9137e-11 -4.4531e-11 -2.1792e-11 -1.0446e-11 -4.9056e-12 -2.2569e-12 -1.0172e-12 -4.4916e-13 -1.9432e-13 -8.2365e-14 -3.4206e-14 -1.3919e-14 -5.5497e-15 -2.1681e-15 -8.2997e-16 -3.1133e-16 -1.1443e-16 -4.1215e-17 -1.4547e-17 -5.0310e-18 -1.7051e-18 -5.6631e-19 -1.8432e-19 -5.8788e-20 -1.8375e-20 -5.6285e-21 -1.6896e-21 -4.9704e-22 -1.4330e-22 -4.0486e-23 -1.1210e-23 -3.0421e-24 -8.0904e-25 -2.1087e-25 -5.3863e-26 -1.3484e-26 -3.3083e-27 -7.9551e-28 -1.8747e-28 -4.3300e-29 -9.8015e-30 -2.1745e-30 -4.7281e-31 -1.0076e-31 -2.1045e-32 -4.3079e-33 -8.6429e-34 -1.6995e-34 -3.2753e-35 -6.1867e-36 -1.1454e-36 -2.0782e-37 -3.6959e-38 -6.4420e-39 -1.1005e-39 -1.8428e-40 -3.0242e-41 -4.8644e-42 -7.6688e-43 -1.1850e-43 -1.7947e-44 -2.6640e-45 8.4389e-08 3.2784e-07 7.0260e-07 0.0000e+00 1.6702e-06 2.1609e-06 2.5916e-06 2.9251e-06 3.1375e-06 3.2194e-06 3.1752e-06 3.0207e-06 2.7792e-06 2.4782e-06 2.1450e-06 1.8047e-06 1.4775e-06 1.1780e-06 9.1544e-07 6.9380e-07 5.1310e-07 3.7044e-07 2.6120e-07 1.7993e-07 1.2113e-07 7.9717e-08 5.1295e-08 3.2280e-08 1.9870e-08 1.1966e-08 7.0508e-09 4.0658e-09 2.2947e-09 1.2677e-09 6.8556e-10 3.6298e-10 1.8817e-10 9.5519e-11 4.7482e-11 2.3115e-11 1.1021e-11 5.1464e-12 2.3540e-12 1.0547e-12 4.6288e-13 1.9901e-13 8.3824e-14 3.4589e-14 1.3984e-14 5.5387e-15 2.1495e-15 8.1731e-16 3.0450e-16 1.1116e-16 3.9764e-17 1.3938e-17 4.7874e-18 1.6114e-18 5.3148e-19 1.7178e-19 5.4411e-20 1.6889e-20 5.1376e-21 1.5316e-21 4.4745e-22 1.2811e-22 3.5949e-23 9.8858e-24 2.6644e-24 7.0376e-25 1.8219e-25 4.6223e-26 1.1494e-26 2.8011e-27 6.6906e-28 1.5663e-28 3.5937e-29 8.0812e-30 1.7811e-30 3.8475e-31 8.1460e-32 1.6904e-32 3.4380e-33 6.8533e-34 1.3390e-34 2.5641e-35 4.8125e-36 8.8531e-37 1.5963e-37 2.8209e-38 4.8861e-39 8.2951e-40 1.3803e-40 2.2511e-41 3.5983e-42 5.6376e-43 8.6571e-44 1.3030e-44 1.9221e-45 2.7792e-46
-1.2063e-07 -4.7001e-07 -1.0122e-06 -1.6925e-06 2.5048e-03 -3.1958e-06 -3.8809e-06 -4.4434e-06 -4.8430e-06 -5.0584e-06 -5.0868e-06 -4.9420e-06 -4.6507e-06 -4.2478e-06 -3.7716e-06 -3.2594e-06 -2.7444e-06 -2.2533e-06 -1.8053e-06 -1.4122e-06 -1.0790e-06 -8.0567e-07 -5.8806e-07 -4.1971e-07 -2.9299e-07 -2.0008e-07 -1.3370e-07 -8.7429e-08 -5.5959e-08 -3.5060e-08 -2.1506e-08 -1.2915e-08 -7.5951e-09 -4.3738e-09 -2.4667e-09 -1.3625e-09 -7.3708e-10 -3.9058e-10 -2.0273e-10 -1.0308e-10 -5.1344e-11 -2.5054e-11 -1.1977e-11 -5.6095e-12 -2.5740e-12 -1.1572e-12 -5.0974e-13 -2.2000e-13 -9.3037e-14 -3.8551e-14 -1.5653e-14 -6.2274e-15 -2.4278e-15 -9.2746e-16 -3.4719e-16 -1.2736e-16 -4.5784e-17 -1.6128e-17 -5.5678e-18 -1.8836e-18 -6.2446e-19 -2.0288e-19 -6.4598e-20 -2.0157e-20 -6.1638e-21 -1.8472e-21 -5.4253e-22 -1.5616e-22 -4.4052e-23 -1.2179e-23 -3.2998e-24 -8.7626e-25 -2.2805e-25 -5.8167e-26 -1.4541e-26 -3.5624e-27 -8.5541e-28 -2.0131e-28 -4.6433e-29 -1.0497e-29 -2.3256e-30 -5.0501e-31 -1.0748e-31 -2.2420e-32 -4.5837e-33 -9.1849e-34 -1.8039e-34 -3.4723e-35 -6.5509e-36 -1.2113e-36 -2.1954e-37 -3.8998e-38 -6.7898e-39 -1.1587e-39 -1.9379e-40 -3.1769e-41 -5.1045e-42 -8.0388e-43 -1.2409e-43 -1.8773e-44 1.2053e-07 4.6844e-07 1.0047e-06 1.6702e-06 0.0000e+00 3.1025e-06 3.7281e-06 4.2172e-06 4.5348e-06 4.6663e-06 4.6166e-06 4.4068e-06 4.0695e-06 3.6431e-06 3.1667e-06 2.6763e-06 2.2015e-06 1.7641e-06 1.3782e-06 1.0504e-06 7.8132e-07 5.6753e-07 4.0270e-07 2.7923e-07 1.8927e-07 1.2543e-07 8.1300e-08 5.1546e-08 3.1974e-08 1.9408e-08 1.1530e-08 6.7041e-09 3.8161e-09 2.1266e-09 1.1604e-09 6.2000e-10 3.2441e-10 1.6624e-10 8.3437e-11 4.1018e-11 1.9752e-11 9.3174e-12 4.3057e-12 1.9493e-12 8.6458e-13 3.7571e-13 1.5997e-13 6.6734e-14 2.7279e-14 1.0926e-14 4.2882e-15 1.6492e-15 6.2155e-16 2.2955e-16 8.3076e-17 2.9464e-17 1.0241e-17 3.4882e-18 1.1644e-18 3.8093e-19 1.2213e-19 3.8375e-20 1.1817e-20 3.5665e-21 1.0549e-21 3.0581e-22 8.6883e-23 2.4193e-23 6.6024e-24 1.7660e-24 4.6294e-25 1.1894e-25 2.9951e-26 7.3918e-27 1.7880e-27 4.2388e-28 9.8488e-29 2.2429e-29 5.0059e-30 1.0951e-30 2.3478e-31 4.9333e-32 1.0160e-32 2.0507e-33 4.0567e-34 7.8653e-35 1.4946e-35 2.7834e-36 5.0803e-37 9.0878e-38 1.5932e-38 2.7375e-39 4.6098e-40 7.6077e-41 1.2305e-41 1.9504e-42 3.0298e-43 4.6125e-44 6.8817e-45 1.0062e-45
-1.5570e-07 -6.0764e-07 -1.3122e-06 -2.2025e-06 -3.1958e-06 3.6068e-03 -5.1394e-06 -5.9300e-06 -6.5194e-06 -6.8742e-06 -6.9841e-06 -6.8604e-06 -6.5319e-06 -6.0400e-06 -5.4326e-06 -4.7584e-06 -4.0629e-06 -3.3842e-06 -2.7518e-06 -2.1854e-06 -1.6960e-06 -1.2865e-06 -9.5424e-07 -6.9226e-07 -4.9131e-07 -3.4118e-07 -2.3187e-07 -1.5424e-07 -1.0043e-07 -6.4026e-08 -3.9964e-08 -2.4426e-08 -1.4620e-08 -8.5697e-09 -4.9199e-09 -2.7665e-09 -1.5237e-09 -8.2208e-10 -4.3448e-10 -2.2495e-10 -1.1410e-10 -5.6698e-11 -2.7603e-11 -1.3166e-11 -6.1530e-12 -2.8174e-12 -1.2640e-12 -5.5568e-13 -2.3936e-13 -1.0103e-13 -4.1785e-14 -1.6935e-14 -6.7255e-15 -2.6174e-15 -9.9817e-16 -3.7304e-16 -1.3662e-16 -4.9032e-17 -1.7245e-17 -5.9441e-18 -2.0078e-18 -6.6466e-19 -2.1563e-19 -6.8556e-20 -2.1361e-20 -6.5232e-21 -1.9522e-21 -5.7260e-22 -1.6460e-22 -4.6372e-23 -1.2804e-23 -3.4649e-24 -9.1894e-25 -2.3887e-25 -6.0853e-26 -1.5194e-26 -3.7183e-27 -8.9182e-28 -2.0964e-28 -4.8301e-29 -1.0907e-29 -2.4140e-30 -5.2365e-31 -1.1133e-31 -2.3200e-32 -4.7384e-33 -9.4854e-34 -1.8611e-34 -3.5789e-35 -6.7457e-36 -1.2462e-36 -2.2565e-37 -4.0047e-38 -6.9661e-39 -1.1877e-39 -1.9848e-40 -3.2509e-41 -5.2190e-42 -8.2123e-43 -1.2666e-43 1.5551e-07 6.0474e-07 1.2982e-06 2.1609e-06 3.1025e-06 0.0000e+00 4.8524e-06 5.5040e-06 5.9367e-06 6.1298e-06 6.0874e-06 5.8347e-06 5.4121e-06 4.8681e-06 4.2532e-06 3.6141e-06 2.9900e-06 2.4105e-06 1.8952e-06 1.4540e-06 1.0891e-06 7.9679e-07 5.6962e-07 3.9805e-07 2.7197e-07 1.8174e-07 1.1880e-07 7.5986e-08 4.7560e-08 2.9136e-08 1.7472e-08 1.0258e-08 5.8965e-09 3.3191e-09 1.8297e-09 9.8780e-10 5.2235e-10 2.7056e-10 1.3728e-10 6.8235e-11 3.3228e-11 1.5852e-11 7.4099e-12 3.3936e-12 1.5229e-12 6.6961e-13 2.8851e-13 1.2181e-13 5.0396e-14 2.0432e-14 8.1177e-15 3.1606e-15 1.2060e-15 4.5094e-16 1.6525e-16 5.9345e-17 2.0887e-17 7.2044e-18 2.4354e-18 8.0683e-19 2.6197e-19 8.3359e-20 2.5996e-20 7.9453e-21 2.3799e-21 6.9865e-22 2.0101e-22 5.6676e-23 1.5662e-23 4.2415e-24 1.1257e-24 2.9282e-25 7.4643e-26 1.8647e-26 4.5654e-27 1.0954e-27 2.5755e-28 5.9346e-29 1.3401e-29 2.9654e-30 6.4303e-31 1.3664e-31 2.8453e-32 5.8058e-33 1.1608e-33 2.2743e-34 4.3661e-35 8.2129e-36 1.5137e-36 2.7336e-37 4.8366e-38 8.3842e-39 1.4239e-39 2.3692e-40 3.8619e-41 6.1667e-42 9.6461e-43 1.4780e-43 2.2182e-44 3.2608e-45
-1.8621e-07 -7.2813e-07 -1.5775e-06 -2.6595e-06 -3.8809e-06 -5.1394e-06 4.9090e-03 -7.3738e-06 -8.1875e-06 -8.7269e-06 -8.9701e-06 -8.9210e-06 -8.6056e-06 -8.0672e-06 -7.3600e-06 -6.5423e-06 -5.6715e-06 -4.7982e-06 -3.9641e-06 -3.1997e-06 -2.5244e-06 -1.9472e-06 -1.4690e-06 -1.0841e-06 -7.8280e-07 -5.5315e-07 -3.8258e-07 -2.5902e-07 -1.7168e-07 -1.1142e-07 -7.0802e-08 -4.4059e-08 -2.6851e-08 -1.6027e-08 -9.3697e-09 -5.3654e-09 -3.0096e-09 -1.6537e-09 -8.9019e-10 -4.6943e-10 -2.4253e-10 -1.2276e-10 -6.0878e-11 -2.9580e-11 -1.4082e-11 -6.5690e-12 -3.0025e-12 -1.3447e-12 -5.9012e-13 -2.5377e-13 -1.0694e-13 -4.4158e-14 -1.7868e-14 -7.0854e-15 -2.7533e-15 -1.0485e-15 -3.9128e-16 -1.4310e-16 -5.1288e-17 -1.8015e-17 -6.2011e-18 -2.0920e-18 -6.9164e-19 -2.2410e-19 -7.1165e-20 -2.2148e-20 -6.7556e-21 -2.0195e-21 -5.9167e-22 -1.6989e-22 -4.7812e-23 -1.3187e-23 -3.5649e-24 -9.4452e-25 -2.4527e-25 -6.2423e-26 -1.5571e-26 -3.8070e-27 -9.1224e-28 -2.1425e-28 -4.9318e-29 -1.1127e-29 -2.4605e-30 -5.3328e-31 -1.1328e-31 -2.3587e-32 -4.8135e-33 -9.6280e-34 -1.8876e-34 -3.6271e-35 -6.8313e-36 -1.2611e-36 -2.2817e-37 -4.0465e-38 -7.0339e-39 -1.1984e-39 -2.0013e-40 -3.2757e-41 -5.2553e-42 -8.2639e-43 1.8590e-07 7.2340e-07 1.5546e-06 2.5916e-06 3.7281e-06 4.8524e-06 0.0000e+00 6.6694e-06 7.2197e-06 7.4844e-06 7.4655e-06 7.1901e-06 6.7040e-06 6.0638e-06 5.3294e-06 4.5571e-06 3.7953e-06 3.0812e-06 2.4403e-06 1.8865e-06 1.4243e-06 1.0507e-06 7.5758e-07 5.3408e-07 3.6825e-07 2.4839e-07 1.6393e-07 1.0589e-07 6.6945e-08 4.1435e-08 2.5110e-08 1.4900e-08 8.6587e-09 4.9281e-09 2.7472e-09 1.5002e-09 8.0246e-10 4.2052e-10 2.1590e-10 1.0860e-10 5.3523e-11 2.5846e-11 1.2230e-11 5.6702e-12 2.5761e-12 1.1469e-12 5.0037e-13 2.1392e-13 8.9625e-14 3.6797e-14 1.4805e-14 5.8378e-15 2.2558e-15 8.5422e-16 3.1701e-16 1.1529e-16 4.1090e-17 1.4351e-17 4.9123e-18 1.6477e-18 5.4163e-19 1.7447e-19 5.5077e-20 1.7037e-20 5.1646e-21 1.5341e-21 4.4655e-22 1.2737e-22 3.5596e-23 9.7481e-24 2.6157e-24 6.8769e-25 1.7715e-25 4.4708e-26 1.1055e-26 2.6780e-27 6.3553e-28 1.4775e-28 3.3648e-29 7.5062e-30 1.6401e-30 3.5101e-31 7.3573e-32 1.5102e-32 3.0357e-33 5.9750e-34 1.1515e-34 2.1724e-35 4.0120e-36 7.2523e-37 1.2830e-37 2.2208e-38 3.7610e-39 6.2301e-40 1.0092e-40 1.5983e-41 2.4738e-42 3.7410e-43 5.5246e-44 7.9632e-45
-2.0949e-07 -8.2100e-07 -1.7853e-06 -3.0253e-06 -4.4434e-06 -5.9300e-06 -7.3738e-06 6.4115e-03 -9.7353e-06 -1.0502e-05 -1.0934e-05 -1.1022e-05 -1.0785e-05 -1.0260e-05 -9.5049e-06 -8.5828e-06 -7.5610e-06 -6.5027e-06 -5.4628e-06 -4.4847e-06 -3.5993e-06 -2.8249e-06 -2.1687e-06 -1.6289e-06 -1.1972e-06 -8.6122e-07 -6.0642e-07 -4.1802e-07 -2.8213e-07 -1.8644e-07 -1.2065e-07 -7.6464e-08 -4.7460e-08 -2.8852e-08 -1.7180e-08 -1.0021e-08 -5.7258e-09 -3.2049e-09 -1.7574e-09 -9.4413e-10 -4.9693e-10 -2.5625e-10 -1.2947e-10 -6.4095e-11 -3.1090e-11 -1.4777e-11 -6.8818e-12 -3.1405e-12 -1.4044e-12 -6.1540e-13 -2.6426e-13 -1.1120e-13 -4.5855e-14 -1.8530e-14 -7.3383e-15 -2.8480e-15 -1.0832e-15 -4.0374e-16 -1.4748e-16 -5.2796e-17 -1.8523e-17 -6.3692e-18 -2.1463e-18 -7.0886e-19 -2.2944e-19 -7.2787e-20 -2.2630e-20 -6.8959e-21 -2.0595e-21 -6.0282e-22 -1.7294e-22 -4.8625e-23 -1.3400e-23 -3.6193e-24 -9.5811e-25 -2.4859e-25 -6.3218e-26 -1.5757e-26 -3.8493e-27 -9.2168e-28 -2.1630e-28 -4.9754e-29 -1.1217e-29 -2.4787e-30 -5.3685e-31 -1.1396e-31 -2.3713e-32 -4.8359e-33 -9.6666e-34 -1.8939e-34 -3.6370e-35 -6.8457e-36 -1.2630e-36 -2.2838e-37 -4.0479e-38 -7.0321e-39 -1.1974e-39 -1.9985e-40 -3.2694e-41 -5.2423e-42 2.0904e-07 8.1405e-07 1.7516e-06 2.9251e-06 4.2172e-06 5.5040e-06 6.6694e-06 0.0000e+00 8.2798e-06 8.6230e-06 8.6446e-06 8.3715e-06 7.8517e-06 7.1469e-06 6.3237e-06 5.4459e-06 4.5696e-06 3.7390e-06 2.9856e-06 2.3279e-06 1.7732e-06 1.3201e-06 9.6089e-07 6.8405e-07 4.7640e-07 3.2465e-07 2.1653e-07 1.4137e-07 9.0361e-08 5.6555e-08 3.4663e-08 2.0807e-08 1.2233e-08 7.0451e-09 3.9746e-09 2.1967e-09 1.1895e-09 6.3102e-10 3.2800e-10 1.6705e-10 8.3367e-11 4.0766e-11 1.9534e-11 9.1719e-12 4.2201e-12 1.9027e-12 8.4066e-13 3.6397e-13 1.5442e-13 6.4201e-14 2.6156e-14 1.0442e-14 4.0851e-15 1.5660e-15 5.8824e-16 2.1651e-16 7.8087e-17 2.7594e-17 9.5545e-18 3.2413e-18 1.0774e-18 3.5083e-19 1.1193e-19 3.4981e-20 1.0710e-20 3.2121e-21 9.4364e-22 2.7153e-22 7.6522e-23 2.1120e-23 5.7084e-24 1.5108e-24 3.9150e-25 9.9322e-26 2.4666e-26 5.9959e-27 1.4264e-27 3.3203e-28 7.5614e-29 1.6843e-29 3.6688e-30 7.8126e-31 1.6259e-31 3.3057e-32 6.5629e-33 1.2716e-33 2.4028e-34 4.4245e-35 7.9305e-36 1.3818e-36 2.3362e-37 3.8233e-38 6.0355e-39 9.1437e-40 1.3189e-40 1.7871e-41 2.2173e-42 2.3745e-43 1.7967e-44 -3.4106e-46
-2.2387e-07 -8.7961e-07 -1.9207e-06 -3.2736e-06 -4.8430e-06 -6.5194e-06 -8.1875e-06 -9.7353e-06 8.1141e-03 -1.2090e-05 -1.2763e-05 -1.3054e-05 -1.2968e-05 -1.2531e-05 -1.1797e-05 -1.0829e-05 -9.7007e-06 -8.4860e-06 -7.2529e-06 -6.0589e-06 -4.9490e-06 -3.9536e-06 -3.0898e-06 -2.3627e-06 -1.7682e-06 -1.2952e-06 -9.2870e-07 -6.5196e-07 -4.4813e-07 -3.0162e-07 -1.9881e-07 -1.2834e-07 -8.1144e-08 -5.0251e-08 -3.0483e-08 -1.8114e-08 -1.0544e-08 -6.0130e-09 -3.3594e-09 -1.8388e-09 -9.8614e-10 -5.1816e-10 -2.6677e-10 -1.3457e-10 -6.6517e-11 -3.2217e-11 -1.5290e-11 -7.1110e-12 -3.2407e-12 -1.4473e-12 -6.3339e-13 -2.7164e-13 -1.1417e-13 -4.7023e-14 -1.8981e-14 -7.5082e-15 -2.9107e-15 -1.1059e-15 -4.1177e-16 -1.5026e-16 -5.3739e-17 -1.8836e-17 -6.4705e-18 -2.1785e-18 -7.1883e-19 -2.3247e-19 -7.3684e-20 -2.2890e-20 -6.9693e-21 -2.0797e-21 -6.0827e-22 -1.7437e-22 -4.8990e-23 -1.3491e-23 -3.6412e-24 -9.6323e-25 -2.4975e-25 -6.3469e-26 -1.5809e-26 -3.8596e-27 -9.2355e-28 -2.1661e-28 -4.9793e-29 -1.1219e-29 -2.4777e-30 -5.3633e-31 -1.1379e-31 -2.3663e-32 -4.8232e-33 -9.6361e-34 -1.8870e-34 -3.6218e-35 -6.8136e-36 -1.2564e-36 -2.2708e-37 -4.0230e-38 -6.9856e-39 -1.1889e-39 -1.9835e-40 -3.2433e-41 2.2327e-07 8.7020e-07 1.8750e-06 3.1375e-06 4.5348e-06 5.9367e-06 7.2197e-06 8.2798e-06 0.0000e+00 9.4656e-06 9.5432e-06 9.2984e-06 8.7787e-06 8.0472e-06 7.1735e-06 6.2266e-06 5.2680e-06 4.3480e-06 3.5033e-06 2.7572e-06 2.1206e-06 1.5946e-06 1.1727e-06 8.4364e-07 5.9391e-07 4.0922e-07 2.7602e-07 1.8228e-07 1.1788e-07 7.4652e-08 4.6305e-08 2.8133e-08 1.6744e-08 9.7624e-09 5.5764e-09 3.1207e-09 1.7111e-09 9.1929e-10 4.8391e-10 2.4960e-10 1.2615e-10 6.2470e-11 3.0313e-11 1.4413e-11 6.7150e-12 3.0654e-12 1.3712e-12 6.0096e-13 2.5807e-13 1.0858e-13 4.4759e-14 1.8076e-14 7.1522e-15 2.7723e-15 1.0527e-15 3.9154e-16 1.4265e-16 5.0903e-17 1.7790e-17 6.0890e-18 2.0408e-18 6.6974e-19 2.1519e-19 6.7686e-20 2.0839e-20 6.2793e-21 1.8515e-21 5.3409e-22 1.5070e-22 4.1584e-23 1.1218e-23 2.9575e-24 7.6175e-25 1.9158e-25 4.7023e-26 1.1256e-26 2.6255e-27 5.9606e-28 1.3153e-28 2.8160e-29 5.8340e-30 1.1654e-30 2.2330e-31 4.0697e-32 6.9549e-33 1.0843e-33 1.4448e-34 1.3004e-35 -6.7645e-37 -7.7195e-37 -2.7065e-37 -7.3928e-38 -1.7872e-38 -3.9962e-39 -8.4370e-40 -1.7010e-40 -3.2972e-41 -6.1726e-42 -1.1195e-42 -1.9714e-43
-2.2878e-07 -9.0142e-07 -1.9775e-06 -3.3920e-06 -5.0584e-06 -6.8742e-06 -8.7269e-06 -1.0502e-05 -1.2090e-05 1.0017e-02 -1.4352e-05 -1.4907e-05 -1.5044e-05 -1.4777e-05 -1.4144e-05 -1.3206e-05 -1.2036e-05 -1.0714e-05 -9.3195e-06 -7.9248e-06 -6.5898e-06 -5.3599e-06 -4.2653e-06 -3.3213e-06 -2.5313e-06 -1.8883e-06 -1.3791e-06 -9.8612e-07 -6.9043e-07 -4.7338e-07 -3.1786e-07 -2.0904e-07 -1.3465e-07 -8.4954e-08 -5.2506e-08 -3.1789e-08 -1.8855e-08 -1.0956e-08 -6.2374e-09 -3.4791e-09 -1.9013e-09 -1.0181e-09 -5.3416e-10 -2.7461e-10 -1.3834e-10 -6.8287e-11 -3.3031e-11 -1.5657e-11 -7.2728e-12 -3.3106e-12 -1.4768e-12 -6.4558e-13 -2.7657e-13 -1.1612e-13 -4.7778e-14 -1.9266e-14 -7.6139e-15 -2.9489e-15 -1.1194e-15 -4.1642e-16 -1.5183e-16 -5.4254e-17 -1.9001e-17 -6.5220e-18 -2.1941e-18 -7.2343e-19 -2.3378e-19 -7.4046e-20 -2.2986e-20 -6.9938e-21 -2.0856e-21 -6.0960e-22 -1.7464e-22 -4.9035e-23 -1.3495e-23 -3.6400e-24 -9.6237e-25 -2.4938e-25 -6.3340e-26 -1.5768e-26 -3.8475e-27 -9.2017e-28 -2.1570e-28 -4.9560e-29 -1.1161e-29 -2.4637e-30 -5.3304e-31 -1.1304e-31 -2.3496e-32 -4.7871e-33 -9.5596e-34 -1.8712e-34 -3.5899e-35 -6.7508e-36 -1.2443e-36 -2.2481e-37 -3.9811e-38 -6.9102e-39 -1.1757e-39 -1.9606e-40 2.2802e-07 8.8954e-07 1.9198e-06 3.2194e-06 4.6663e-06 6.1298e-06 7.4844e-06 8.6230e-06 9.4656e-06 0.0000e+00 1.0110e-05 9.9175e-06 9.4312e-06 8.7121e-06 7.8299e-06 6.8549e-06 5.8520e-06 4.8754e-06 3.9667e-06 3.1534e-06 2.4507e-06 1.8626e-06 1.3848e-06 1.0075e-06 7.1740e-07 5.0009e-07 3.4133e-07 2.2813e-07 1.4933e-07 9.5736e-08 6.0122e-08 3.6986e-08 2.2291e-08 1.3161e-08 7.6134e-09 4.3150e-09 2.3961e-09 1.3036e-09 6.9492e-10 3.6295e-10 1.8573e-10 9.3120e-11 4.5741e-11 2.2013e-11 1.0378e-11 4.7935e-12 2.1688e-12 9.6125e-13 4.1730e-13 1.7744e-13 7.3892e-14 3.0135e-14 1.2034e-14 4.7055e-15 1.8013e-15 6.7500e-16 2.4757e-16 8.8860e-17 3.1206e-17 1.0721e-17 3.6020e-18 1.1833e-18 3.7992e-19 1.1918e-19 3.6513e-20 1.0918e-20 3.1845e-21 9.0521e-22 2.5050e-22 6.7393e-23 1.7596e-23 4.4477e-24 1.0846e-24 2.5390e-25 5.6605e-26 1.1860e-26 2.2774e-27 3.7824e-28 4.4775e-29 -1.0259e-30 -3.0822e-30 -1.3831e-30 -4.6864e-31 -1.3934e-31 -3.8183e-32 -9.8619e-33 -2.4297e-33 -5.7520e-34 -1.3146e-34 -2.9098e-35 -6.2522e-36 -1.3063e-36 -2.6576e-37 -5.2694e-38 -1.0191e-38 -1.9239e-39 -3.5469e-40 -6.3885e-41 -1.1246e-41 -1.9356e-42
-2.2462e-07 -8.8781e-07 -1.9576e-06 -3.3814e-06 -5.0868e-06 -6.9841e-06 -8.9701e-06 -1.0934e-05 -1.2763e-05 -1.4352e-05 1.2120e-02 -1.6476e-05 -1.6903e-05 -1.6885e-05 -1.6441e-05 -1.5619e-05 -1.4487e-05 -1.3126e-05 -1.1624e-05 -1.0064e-05 -8.5212e-06 -7.0580e-06 -5.7199e-06 -4.5364e-06 -3.5214e-06 -2.6758e-06 -1.9907e-06 -1.4500e-06 -1.0343e-06 -7.2246e-07 -4.9424e-07 -3.3116e-07 -2.1734e-07 -1.3973e-07 -8.7997e-08 -5.4290e-08 -3.2814e-08 -1.9431e-08 -1.1273e-08 -6.4083e-09 -3.5692e-09 -1.9479e-09 -1.0416e-09 -5.4580e-10 -2.8024e-10 -1.4100e-10 -6.9523e-11 -3.3592e-11 -1.5905e-11 -7.3803e-12 -3.3561e-12 -1.4956e-12 -6.5318e-13 -2.7957e-13 -1.1727e-13 -4.8210e-14 -1.9424e-14 -7.6698e-15 -2.9682e-15 -1.1258e-15 -4.1850e-16 -1.5247e-16 -5.4445e-17 -1.9054e-17 -6.5359e-18 -2.1973e-18 -7.2403e-19 -2.3383e-19 -7.4015e-20 -2.2963e-20 -6.9826e-21 -2.0811e-21 -6.0794e-22 -1.7406e-22 -4.8848e-23 -1.3436e-23 -3.6225e-24 -9.5725e-25 -2.4793e-25 -6.2943e-26 -1.5662e-26 -3.8199e-27 -9.1316e-28 -2.1397e-28 -4.9140e-29 -1.1062e-29 -2.4408e-30 -5.2787e-31 -1.1190e-31 -2.3251e-32 -4.7352e-33 -9.4526e-34 -1.8495e-34 -3.5472e-35 -6.6682e-36 -1.2287e-36 -2.2191e-37 -3.9284e-38 -6.8165e-39 -1.1594e-39 2.2372e-07 8.7369e-07 1.8888e-06 3.1752e-06 4.6166e-06 6.0874e-06 7.4655e-06 8.6446e-06 9.5432e-06 1.0110e-05 0.0000e+00 1.0205e-05 9.7807e-06 9.1106e-06 8.2604e-06 7.2989e-06 6.2913e-06 5.2942e-06 4.3523e-06 3.4972e-06 2.7478e-06 2.1120e-06 1.5884e-06 1.1693e-06 8.4260e-07 5.9451e-07 4.1077e-07 2.7796e-07 1.8423e-07 1.1960e-07 7.6063e-08 4.7389e-08 2.8924e-08 1.7295e-08 1.0132e-08 5.8146e-09 3.2693e-09 1.8008e-09 9.7176e-10 5.1369e-10 2.6600e-10 1.3492e-10 6.7030e-11 3.2616e-11 1.5542e-11 7.2526e-12 3.3138e-12 1.4824e-12 6.4916e-13 2.7825e-13 1.1671e-13 4.7902e-14 1.9232e-14 7.5515e-15 2.8990e-15 1.0878e-15 3.9875e-16 1.4274e-16 4.9869e-17 1.6991e-17 5.6409e-18 1.8226e-18 5.7235e-19 1.7433e-19 5.1368e-20 1.4587e-20 3.9694e-21 1.0259e-21 2.4795e-22 5.4341e-23 1.0013e-23 1.1437e-24 -1.7603e-25 -1.8901e-25 -8.9968e-26 -3.4391e-26 -1.1741e-26 -3.7224e-27 -1.1167e-27 -3.2029e-28 -8.8400e-29 -2.3578e-29 -6.0951e-30 -1.5304e-30 -3.7379e-31 -8.8922e-32 -2.0623e-32 -4.6665e-33 -1.0308e-33 -2.2241e-34 -4.6890e-35 -9.6629e-36 -1.9470e-36 -3.8369e-37 -7.3967e-38 -1.3951e-38 -2.5750e-39 -4.6517e-40 -8.2254e-41 -1.4238e-41
-2.1264e-07 -8.4331e-07 -1.8699e-06 -3.2544e-06 -4.9420e-06 -6.8604e-06 -8.9210e-06 -1.1022e-05 -1.3054e-05 -1.4907e-05 -1.6476e-05 1.4423e-02 -1.8443e-05 -1.8741e-05 -1.8570e-05 -1.7955e-05 -1.6954e-05 -1.5640e-05 -1.4102e-05 -1.2433e-05 -1.0721e-05 -9.0443e-06 -7.4657e-06 -6.0311e-06 -4.7691e-06 -3.6918e-06 -2.7980e-06 -2.0764e-06 -1.5090e-06 -1.0740e-06 -7.4863e-07 -5.1113e-07 -3.4184e-07 -2.2395e-07 -1.4373e-07 -9.0368e-08 -5.5666e-08 -3.3595e-08 -1.9865e-08 -1.1510e-08 -6.5339e-09 -3.6346e-09 -1.9811e-09 -1.0581e-09 -5.5383e-10 -2.8406e-10 -1.4277e-10 -7.0324e-11 -3.3945e-11 -1.6058e-11 -7.4442e-12 -3.3821e-12 -1.5059e-12 -6.5714e-13 -2.8104e-13 -1.1780e-13 -4.8389e-14 -1.9482e-14 -7.6872e-15 -2.9729e-15 -1.1268e-15 -4.1861e-16 -1.5242e-16 -5.4391e-17 -1.9024e-17 -6.5218e-18 -2.1913e-18 -7.2165e-19 -2.3294e-19 -7.3694e-20 -2.2852e-20 -6.9453e-21 -2.0690e-21 -6.0411e-22 -1.7289e-22 -4.8497e-23 -1.3334e-23 -3.5933e-24 -9.4913e-25 -2.4573e-25 -6.2358e-26 -1.5511e-26 -3.7815e-27 -9.0364e-28 -2.1166e-28 -4.8593e-29 -1.0935e-29 -2.4119e-30 -5.2145e-31 -1.1050e-31 -2.2953e-32 -4.6731e-33 -9.3257e-34 -1.8242e-34 -3.4974e-35 -6.5728e-36 -1.2107e-36 -2.1861e-37 -3.8689e-38 -6.7115e-39 2.1162e-07 8.2739e-07 1.7922e-06 3.0207e-06 4.4068e-06 5.8347e-06 7.1901e-06 8.3715e-06 9.2984e-06 9.9175e-06 1.0205e-05 0.0000e+00 9.8241e-06 9.2331e-06 8.4504e-06 7.5404e-06 6.5663e-06 5.5844e-06 4.6412e-06 3.7714e-06 2.9976e-06 2.3312e-06 1.7744e-06 1.3221e-06 9.6448e-07 6.8901e-07 4.8206e-07 3.3033e-07 2.2172e-07 1.4578e-07 9.3891e-08 5.9238e-08 3.6612e-08 2.2166e-08 1.3146e-08 7.6371e-09 4.3456e-09 2.4219e-09 1.3219e-09 7.0661e-10 3.6984e-10 1.8953e-10 9.5088e-11 4.6696e-11 2.2443e-11 1.0554e-11 4.8558e-12 2.1850e-12 9.6132e-13 4.1340e-13 1.7369e-13 7.1268e-14 2.8539e-14 1.1146e-14 4.2416e-15 1.5710e-15 5.6547e-16 1.9741e-16 6.6662e-17 2.1690e-17 6.7611e-18 2.0004e-18 5.5287e-19 1.3823e-19 2.8854e-20 3.5840e-21 -7.9694e-22 -8.8493e-22 -4.7548e-22 -2.0719e-22 -8.0886e-23 -2.9366e-23 -1.0095e-23 -3.3199e-24 -1.0509e-24 -3.2154e-25 -9.5368e-26 -2.7477e-26 -7.7020e-27 -2.1030e-27 -5.5983e-28 -1.4541e-28 -3.6875e-29 -9.1339e-30 -2.2109e-30 -5.2312e-31 -1.2103e-31 -2.7387e-32 -6.0625e-33 -1.3131e-33 -2.7833e-34 -5.7743e-35 -1.1726e-35 -2.3313e-36 -4.5379e-37 -8.6492e-38 -1.6143e-38 -2.9507e-39 -5.2821e-40 -9.2613e-41
-1.9459e-07 -7.7461e-07 -1.7280e-06 -3.0320e-06 -4.6507e-06 -6.5319e-06 -8.6056e-06 -1.0785e-05 -1.2968e-05 -1.5044e-05 -1.6903e-05 -1.8443e-05 1.6926e-02 -2.0244e-05 -2.0417e-05 -2.0098e-05 -1.9321e-05 -1.8149e-05 -1.6666e-05 -1.4965e-05 -1.3143e-05 -1.1294e-05 -9.4966e-06 -7.8155e-06 -6.2960e-06 -4.9655e-06 -3.8344e-06 -2.8994e-06 -2.1470e-06 -1.5571e-06 -1.1060e-06 -7.6956e-07 -5.2450e-07 -3.5019e-07 -2.2906e-07 -1.4679e-07 -9.2158e-08 -5.6691e-08 -3.4169e-08 -2.0179e-08 -1.1677e-08 -6.6213e-09 -3.6791e-09 -2.0032e-09 -1.0689e-09 -5.5889e-10 -2.8638e-10 -1.4381e-10 -7.0772e-11 -3.4133e-11 -1.6133e-11 -7.4732e-12 -3.3927e-12 -1.5095e-12 -6.5823e-13 -2.8131e-13 -1.1783e-13 -4.8372e-14 -1.9462e-14 -7.6749e-15 -2.9664e-15 -1.1237e-15 -4.1722e-16 -1.5183e-16 -5.4152e-17 -1.8931e-17 -6.4866e-18 -2.1784e-18 -7.1707e-19 -2.3135e-19 -7.3160e-20 -2.2676e-20 -6.8890e-21 -2.0514e-21 -5.9872e-22 -1.7128e-22 -4.8027e-23 -1.3200e-23 -3.5558e-24 -9.3891e-25 -2.4300e-25 -6.1644e-26 -1.5328e-26 -3.7357e-27 -8.9241e-28 -2.0896e-28 -4.7960e-29 -1.0789e-29 -2.3791e-30 -5.1421e-31 -1.0894e-31 -2.2621e-32 -4.6044e-33 -9.1861e-34 -1.7964e-34 -3.4434e-35 -6.4695e-36 -1.1914e-36 -2.1507e-37 -3.8054e-38 1.9350e-07 7.5750e-07 1.6442e-06 2.7792e-06 4.0695e-06 5.4121e-06 6.7040e-06 7.8517e-06 8.7787e-06 9.4312e-06 9.7807e-06 9.8241e-06 0.0000e+00 9.0905e-06 8.4029e-06 7.5761e-06 6.6685e-06 5.7345e-06 4.8206e-06 3.9631e-06 3.1877e-06 2.5092e-06 1.9335e-06 1.4586e-06 1.0775e-06 7.7954e-07 5.5233e-07 3.8331e-07 2.6055e-07 1.7348e-07 1.1313e-07 7.2266e-08 4.5212e-08 2.7703e-08 1.6623e-08 9.7679e-09 5.6199e-09 3.1655e-09 1.7454e-09 9.4192e-10 4.9741e-10 2.5698e-10 1.2986e-10 6.4161e-11 3.0987e-11 1.4622e-11 6.7381e-12 3.0304e-12 1.3292e-12 5.6803e-13 2.3624e-13 9.5470e-14 3.7412e-14 1.4176e-14 5.1732e-15 1.8070e-15 5.9827e-16 1.8452e-16 5.1176e-17 1.1641e-17 1.3984e-18 -5.7407e-19 -5.9843e-19 -3.4963e-19 -1.6895e-19 -7.3616e-20 -2.9919e-20 -1.1532e-20 -4.2563e-21 -1.5131e-21 -5.2016e-22 -1.7340e-22 -5.6164e-23 -1.7702e-23 -5.4358e-24 -1.6276e-24 -4.7558e-25 -1.3568e-25 -3.7813e-26 -1.0299e-26 -2.7421e-27 -7.1395e-28 -1.8182e-28 -4.5300e-29 -1.1044e-29 -2.6349e-30 -6.1532e-31 -1.4066e-31 -3.1482e-32 -6.8989e-33 -1.4804e-33 -3.1107e-34 -6.4017e-35 -1.2903e-35 -2.5473e-36 -4.9259e-37 -9.3309e-38 -1.7315e-38 -3.1476e-39 -5.6056e-40
-1.7251e-07 -6.8946e-07 -1.5480e-06 -2.7399e-06 -4.2478e-06 -6.0400e-06 -8.0672e-06 -1.0260e-05 -1.2531e-05 -1.4777e-05 -1.6885e-05 -1.8741e-05 -2.0244e-05 1.9629e-02 -2.1879e-05 -2.1928e-05 -2.1467e-05 -2.0537e-05 -1.9207e-05 -1.7567e-05 -1.5716e-05 -1.3758e-05 -1.1785e-05 -9.8814e-06 -8.1105e-06 -6.5176e-06 -5.1283e-06 -3.9515e-06 -2.9818e-06 -2.2038e-06 -1.5953e-06 -1.1313e-06 -7.8583e-07 -5.3476e-07 -3.5652e-07 -2.3287e-07 -1.4903e-07 -9.3448e-08 -5.7415e-08 -3.4565e-08 -2.0390e-08 -1.1787e-08 -6.6769e-09 -3.7064e-09 -2.0162e-09 -1.0748e-09 -5.6152e-10 -2.8749e-10 -1.4425e-10 -7.0935e-11 -3.4186e-11 -1.6147e-11 -7.4743e-12 -3.3909e-12 -1.5077e-12 -6.5706e-13 -2.8064e-13 -1.1748e-13 -4.8202e-14 -1.9383e-14 -7.6397e-15 -2.9512e-15 -1.1174e-15 -4.1468e-16 -1.5083e-16 -5.3774e-17 -1.8790e-17 -6.4356e-18 -2.1604e-18 -7.1086e-19 -2.2926e-19 -7.2469e-20 -2.2454e-20 -6.8190e-21 -2.0298e-21 -5.9222e-22 -1.6936e-22 -4.7474e-23 -1.3043e-23 -3.5126e-24 -9.2722e-25 -2.3990e-25 -6.0840e-26 -1.5124e-26 -3.6849e-27 -8.8005e-28 -2.0601e-28 -4.7270e-29 -1.0631e-29 -2.3437e-30 -5.0644e-31 -1.0727e-31 -2.2269e-32 -4.5317e-33 -9.0391e-34 -1.7673e-34 -3.3868e-35 -6.3619e-36 -1.1714e-36 -2.1141e-37 1.7139e-07 6.7185e-07 1.4615e-06 2.4782e-06 3.6431e-06 4.8681e-06 6.0638e-06 7.1469e-06 8.0472e-06 8.7121e-06 9.1106e-06 9.2331e-06 9.0905e-06 0.0000e+00 8.1366e-06 7.4158e-06 6.6008e-06 5.7420e-06 4.8841e-06 4.0640e-06 3.3090e-06 2.6372e-06 2.0576e-06 1.5720e-06 1.1760e-06 8.6164e-07 6.1827e-07 4.3449e-07 2.9904e-07 2.0157e-07 1.3305e-07 8.6004e-08 5.4431e-08 3.3727e-08 2.0456e-08 1.2144e-08 7.0542e-09 4.0089e-09 2.2283e-09 1.2110e-09 6.4325e-10 3.3380e-10 1.6914e-10 8.3627e-11 4.0314e-11 1.8929e-11 8.6452e-12 3.8342e-12 1.6474e-12 6.8354e-13 2.7258e-13 1.0372e-13 3.7202e-14 1.2300e-14 3.5680e-15 7.8067e-16 2.4247e-17 -1.1092e-16 -9.1996e-17 -5.4496e-17 -2.7939e-17 -1.3131e-17 -5.8013e-18 -2.4415e-18 -9.8650e-19 -3.8461e-19 -1.4518e-19 -5.3192e-20 -1.8948e-20 -6.5719e-21 -2.2215e-21 -7.3252e-22 -2.3576e-22 -7.4109e-23 -2.2761e-23 -6.8326e-24 -2.0055e-24 -5.7568e-25 -1.6166e-25 -4.4415e-26 -1.1942e-26 -3.1425e-27 -8.0947e-28 -2.0413e-28 -5.0401e-29 -1.2185e-29 -2.8849e-30 -6.6888e-31 -1.5189e-31 -3.3783e-32 -7.3599e-33 -1.5706e-33 -3.2835e-34 -6.7246e-35 -1.3492e-35 -2.6521e-36 -5.1076e-37 -9.6376e-38 -1.7818e-38 -3.2278e-39
-1.4840e-07 -5.9562e-07 -1.3465e-06 -2.4055e-06 -3.7716e-06 -5.4326e-06 -7.3600e-06 -9.5049e-06 -1.1797e-05 -1.4144e-05 -1.6441e-05 -1.8570e-05 -2.0417e-05 -2.1879e-05 2.2532e-02 -2.3345e-05 -2.3275e-05 -2.2679e-05 -2.1605e-05 -2.0129e-05 -1.8346e-05 -1.6361e-05 -1.4280e-05 -1.2199e-05 -1.0203e-05 -8.3546e-06 -6.6989e-06 -5.2602e-06 -4.0453e-06 -3.0471e-06 -2.2482e-06 -1.6249e-06 -1.1504e-06 -7.9800e-07 -5.4230e-07 -3.6108e-07 -2.3556e-07 -1.5058e-07 -9.4312e-08 -5.7883e-08 -3.4812e-08 -2.0516e-08 -1.1849e-08 -6.7059e-09 -3.7193e-09 -2.0216e-09 -1.0768e-09 -5.6216e-10 -2.8761e-10 -1.4421e-10 -7.0867e-11 -3.4131e-11 -1.6111e-11 -7.4532e-12 -3.3794e-12 -1.5018e-12 -6.5411e-13 -2.7924e-13 -1.1683e-13 -4.7913e-14 -1.9258e-14 -7.5869e-15 -2.9296e-15 -1.1087e-15 -4.1129e-16 -1.4954e-16 -5.3291e-17 -1.8615e-17 -6.3731e-18 -2.1387e-18 -7.0345e-19 -2.2679e-19 -7.1666e-20 -2.2198e-20 -6.7391e-21 -2.0054e-21 -5.8493e-22 -1.6723e-22 -4.6862e-23 -1.2872e-23 -3.4655e-24 -9.1454e-25 -2.3656e-25 -5.9979e-26 -1.4906e-26 -3.6310e-27 -8.6696e-28 -2.0290e-28 -4.6547e-29 -1.0466e-29 -2.3068e-30 -4.9837e-31 -1.0553e-31 -2.1905e-32 -4.4568e-33 -8.8880e-34 -1.7374e-34 -3.3289e-35 -6.2521e-36 -1.1510e-36 1.4729e-07 5.7822e-07 1.2609e-06 2.1450e-06 3.1667e-06 4.2532e-06 5.3294e-06 6.3237e-06 7.1735e-06 7.8299e-06 8.2604e-06 8.4504e-06 8.4029e-06 8.1366e-06 0.0000e+00 7.0813e-06 6.3764e-06 5.6130e-06 4.8325e-06 4.0708e-06 3.3561e-06 2.7086e-06 2.1402e-06 1.6559e-06 1.2546e-06 9.3080e-07 6.7627e-07 4.8113e-07 3.3516e-07 2.2860e-07 1.5263e-07 9.9755e-08 6.3803e-08 3.9929e-08 2.4443e-08 1.4632e-08 8.5625e-09 4.8961e-09 2.7341e-09 1.4902e-09 7.9211e-10 4.1022e-10 2.0673e-10 1.0121e-10 4.8032e-11 2.2030e-11 9.7228e-12 4.1015e-12 1.6359e-12 6.0491e-13 1.9892e-13 5.1767e-14 5.0960e-15 -5.9708e-15 -6.2241e-15 -4.2222e-15 -2.4303e-15 -1.2728e-15 -6.2444e-16 -2.9123e-16 -1.3025e-16 -5.6165e-17 -2.3437e-17 -9.4885e-18 -3.7341e-18 -1.4305e-18 -5.3401e-19 -1.9444e-19 -6.9100e-20 -2.3981e-20 -8.1316e-21 -2.6950e-21 -8.7325e-22 -2.7673e-22 -8.5787e-23 -2.6020e-23 -7.7231e-24 -2.2436e-24 -6.3802e-25 -1.7762e-25 -4.8415e-26 -1.2922e-26 -3.3775e-27 -8.6453e-28 -2.1674e-28 -5.3221e-29 -1.2801e-29 -3.0161e-30 -6.9615e-31 -1.5741e-31 -3.4870e-32 -7.5679e-33 -1.6092e-33 -3.3528e-34 -6.8443e-35 -1.3690e-35 -2.6832e-36 -5.1531e-37 -9.6977e-38 -1.7884e-38
-1.2403e-07 -5.0008e-07 -1.1389e-06 -2.0545e-06 -3.2594e-06 -4.7584e-06 -6.5423e-06 -8.5828e-06 -1.0829e-05 -1.3206e-05 -1.5619e-05 -1.7955e-05 -2.0098e-05 -2.1928e-05 -2.3345e-05 2.5635e-02 -2.4642e-05 -2.4457e-05 -2.3735e-05 -2.2528e-05 -2.0919e-05 -1.9008e-05 -1.6904e-05 -1.4715e-05 -1.2541e-05 -1.0465e-05 -8.5518e-06 -6.8438e-06 -5.3642e-06 -4.1182e-06 -3.0970e-06 -2.2816e-06 -1.6467e-06 -1.1643e-06 -8.0661e-07 -5.4750e-07 -3.6412e-07 -2.3729e-07 -1.5152e-07 -9.4813e-08 -5.8137e-08 -3.4933e-08 -2.0570e-08 -1.1870e-08 -6.7129e-09 -3.7204e-09 -2.0207e-09 -1.0757e-09 -5.6117e-10 -2.8692e-10 -1.4378e-10 -7.0614e-11 -3.3990e-11 -1.6035e-11 -7.4146e-12 -3.3602e-12 -1.4925e-12 -6.4978e-13 -2.7726e-13 -1.1596e-13 -4.7533e-14 -1.9098e-14 -7.5207e-15 -2.9029e-15 -1.0982e-15 -4.0724e-16 -1.4802e-16 -5.2731e-17 -1.8413e-17 -6.3019e-18 -2.1141e-18 -6.9517e-19 -2.2406e-19 -7.0782e-20 -2.1918e-20 -6.6523e-21 -1.9791e-21 -5.7710e-22 -1.6495e-22 -4.6212e-23 -1.2690e-23 -3.4159e-24 -9.0123e-25 -2.3307e-25 -5.9080e-26 -1.4679e-26 -3.5751e-27 -8.5345e-28 -1.9970e-28 -4.5803e-29 -1.0297e-29 -2.2692e-30 -4.9014e-31 -1.0377e-31 -2.1536e-32 -4.3810e-33 -8.7354e-34 -1.7073e-34 -3.2707e-35 -6.1419e-36 1.2298e-07 4.8352e-07 1.0570e-06 1.8047e-06 2.6763e-06 3.6141e-06 4.5571e-06 5.4459e-06 6.2266e-06 6.8549e-06 7.2989e-06 7.5404e-06 7.5761e-06 7.4158e-06 7.0813e-06 0.0000e+00 6.0169e-06 5.3612e-06 4.6731e-06 3.9860e-06 3.3279e-06 2.7200e-06 2.1766e-06 1.7054e-06 1.3083e-06 9.8275e-07 7.2271e-07 5.2029e-07 3.6663e-07 2.5283e-07 1.7059e-07 1.1259e-07 7.2669e-08 4.5846e-08 2.8260e-08 1.7011e-08 9.9925e-09 5.7233e-09 3.1929e-09 1.7326e-09 9.1290e-10 4.6589e-10 2.2952e-10 1.0860e-10 4.8977e-11 2.0778e-11 8.0904e-12 2.7337e-12 6.6674e-13 -1.8667e-14 -1.7631e-13 -1.6261e-13 -1.1221e-13 -6.7800e-14 -3.7729e-14 -1.9784e-14 -9.8957e-15 -4.7565e-15 -2.2074e-15 -9.9235e-16 -4.3314e-16 -1.8388e-16 -7.6018e-17 -3.0637e-17 -1.2046e-17 -4.6241e-18 -1.7338e-18 -6.3523e-19 -2.2752e-19 -7.9683e-20 -2.7296e-20 -9.1479e-21 -2.9999e-21 -9.6277e-22 -3.0244e-22 -9.3009e-23 -2.8004e-23 -8.2557e-24 -2.3833e-24 -6.7380e-25 -1.8657e-25 -5.0598e-26 -1.3441e-26 -3.4976e-27 -8.9158e-28 -2.2265e-28 -5.4471e-29 -1.3056e-29 -3.0662e-30 -7.0551e-31 -1.5906e-31 -3.5136e-32 -7.6055e-33 -1.6132e-33 -3.3528e-34 -6.8286e-35 -1.3629e-35 -2.6656e-36 -5.1090e-37 -9.5962e-38
-1.0083e-07 -4.0850e-07 -9.3752e-07 -1.7087e-06 -2.7444e-06 -4.0629e-06 -5.6715e-06 -7.5610e-06 -9.7007e-06 -1.2036e-05 -1.4487e-05 -1.6954e-05 -1.9321e-05 -2.1467e-05 -2.3275e-05 -2.4642e-05 2.8937e-02 -2.5772e-05 -2.5480e-05 -2.4640e-05 -2.3312e-05 -2.1584e-05 -1.9559e-05 -1.7351e-05 -1.5070e-05 -1.2817e-05 -1.0674e-05 -8.7064e-06 -6.9556e-06 -5.4431e-06 -4.1726e-06 -3.1335e-06 -2.3054e-06 -1.6618e-06 -1.1736e-06 -8.1214e-07 -5.5067e-07 -3.6587e-07 -2.3820e-07 -1.5197e-07 -9.5009e-08 -5.8210e-08 -3.4950e-08 -2.0565e-08 -1.1859e-08 -6.7017e-09 -3.7118e-09 -2.0148e-09 -1.0719e-09 -5.5887e-10 -2.8559e-10 -1.4304e-10 -7.0213e-11 -3.3780e-11 -1.5929e-11 -7.3621e-12 -3.3349e-12 -1.4807e-12 -6.4436e-13 -2.7484e-13 -1.1490e-13 -4.7083e-14 -1.8910e-14 -7.4443e-15 -2.8724e-15 -1.0864e-15 -4.0271e-16 -1.4633e-16 -5.2114e-17 -1.8192e-17 -6.2247e-18 -2.0877e-18 -6.8629e-19 -2.2114e-19 -6.9842e-20 -2.1622e-20 -6.5609e-21 -1.9514e-21 -5.6891e-22 -1.6257e-22 -4.5537e-23 -1.2503e-23 -3.3646e-24 -8.8754e-25 -2.2948e-25 -5.8161e-26 -1.4448e-26 -3.5182e-27 -8.3973e-28 -1.9646e-28 -4.5052e-29 -1.0127e-29 -2.2312e-30 -4.8188e-31 -1.0201e-31 -2.1167e-32 -4.3052e-33 -8.5830e-34 -1.6773e-34 -3.2128e-35 9.9865e-08 3.9328e-07 8.6212e-07 1.4775e-06 2.2015e-06 2.9900e-06 3.7953e-06 4.5696e-06 5.2680e-06 5.8520e-06 6.2913e-06 6.5663e-06 6.6685e-06 6.6008e-06 6.3764e-06 6.0169e-06 0.0000e+00 5.0067e-06 4.4191e-06 3.8172e-06 3.2276e-06 2.6715e-06 2.1649e-06 1.7174e-06 1.3338e-06 1.0139e-06 7.5429e-07 5.4910e-07 3.9105e-07 2.7235e-07 1.8544e-07 1.2338e-07 8.0175e-08 5.0849e-08 3.1450e-08 1.8950e-08 1.1108e-08 6.3239e-09 3.4880e-09 1.8578e-09 9.5085e-10 4.6414e-10 2.1337e-10 9.0226e-11 3.3287e-11 9.0582e-12 3.8936e-14 -2.4707e-12 -2.5376e-12 -1.9119e-12 -1.2550e-12 -7.5721e-13 -4.3009e-13 -2.3291e-13 -1.2117e-13 -6.0849e-14 -2.9597e-14 -1.3977e-14 -6.4190e-15 -2.8709e-15 -1.2517e-15 -5.3241e-16 -2.2109e-16 -8.9679e-17 -3.5546e-17 -1.3774e-17 -5.2188e-18 -1.9342e-18 -7.0131e-19 -2.4882e-19 -8.6403e-20 -2.9368e-20 -9.7720e-21 -3.1835e-21 -1.0155e-21 -3.1724e-22 -9.7053e-23 -2.9080e-23 -8.5345e-24 -2.4534e-24 -6.9089e-25 -1.9059e-25 -5.1510e-26 -1.3638e-26 -3.5380e-27 -8.9923e-28 -2.2394e-28 -5.4643e-29 -1.3065e-29 -3.0609e-30 -7.0270e-31 -1.5808e-31 -3.4850e-32 -7.5288e-33 -1.5939e-33 -3.3069e-34 -6.7235e-35 -1.3397e-35 -2.6161e-36 -5.0066e-37
