1.0199e-04 -2.3785e-07 -5.0920e-07 -8.4434e-07 -1.2063e-06 -1.5570e-06 -1.8621e-06 -2.0949e-06 -2.2387e-06 -2.2878e-06 -2.2462e-06 -2.1264e-06 -1.9459e-06 -1.7251e-06 -1.4840e-06 -1.2403e-06 -1.0083e-06 -7.9796e-07 -6.1525e-07 -4.6246e-07 -3.3906e-07 -2.4258e-07 -1.6944e-07 -1.1557e-07 -7.7014e-08 -5.0146e-08 -3.1914e-08 -1.9856e-08 -1.2079e-08 -7.1864e-09 -4.1819e-09 -2.3806e-09 -1.3259e-09 -7.2258e-10 -3.8536e-10 -2.0114e-10 -1.0275e-10 -5.1384e-11 -2.5154e-11 -1.2055e-11 -5.6566e-12 -2.5988e-12 -1.1691e-12 -5.1499e-13 -2.2216e-13 -9.3853e-14 -3.8831e-14 -1.5735e-14 -6.2449e-15 -2.4276e-15 -9.2434e-16 -3.4475e-16 -1.2595e-16 -4.5078e-17 -1.5804e-17 -5.4279e-18 -1.8263e-18 -6.0199e-19 -1.9440e-19 -6.1506e-20 -1.9065e-20 -5.7900e-21 -1.7228e-21 -5.0227e-22 -1.4347e-22 -4.0155e-23 -1.1012e-23 -2.9590e-24 -7.7908e-25 -2.0099e-25 -5.0811e-26 -1.2587e-26 -3.0552e-27 -7.2669e-28 -1.6938e-28 -3.8685e-29 -8.6584e-30 -1.8990e-30 -4.0815e-31 -8.5964e-32 -1.7743e-32 -3.5888e-33 -7.1135e-34 -1.3818e-34 -2.6304e-35 -4.9070e-36 -8.9712e-37 -1.6073e-37 -2.8222e-38 -4.8564e-39 -8.1899e-40 -1.3535e-40 -2.1923e-41 -3.4801e-42 -5.4139e-43 -8.2543e-44 -1.2334e-44 -1.8062e-45 -2.5923e-46 -3.6463e-47 0.0000e+00 2.3782e-07 5.0905e-07 8.4389e-07 1.2053e-06 1.5551e-06 1.8590e-06 2.0904e-06 2.2327e-06 2.2802e-06 2.2372e-06 2.1162e-06 1.9350e-06 1.7139e-06 1.4729e-06 1.2298e-06 9.9865e-07 7.8943e-07 6.0793e-07 4.5637e-07 3.3414e-07 2.3872e-07 1.6649e-07 1.1339e-07 7.5439e-08 4.9039e-08 3.1155e-08 1.9349e-08 1.1749e-08 6.9764e-09 4.0517e-09 2.3018e-09 1.2793e-09 6.9567e-10 3.7018e-10 1.9277e-10 9.8251e-11 4.9014e-11 2.3935e-11 1.1442e-11 5.3549e-12 2.4536e-12 1.1008e-12 4.8358e-13 2.0802e-13 8.7628e-14 3.6149e-14 1.4605e-14 5.7787e-15 2.2394e-15 8.5001e-16 3.1601e-16 1.1508e-16 4.1049e-17 1.4343e-17 4.9093e-18 1.6461e-18 5.4068e-19 1.7398e-19 5.4846e-20 1.6938e-20 5.1249e-21 1.5192e-21 4.4121e-22 1.2554e-22 3.4999e-23 9.5600e-24 2.5585e-24 6.7091e-25 1.7238e-25 4.3397e-26 1.0705e-26 2.5874e-27 6.1280e-28 1.4221e-28 3.2339e-29 7.2061e-30 1.5734e-30 3.3666e-31 7.0585e-32 1.4502e-32 2.9197e-33 5.7604e-34 1.1137e-34 2.1100e-35 3.9174e-36 7.1275e-37 1.2708e-37 2.2205e-38 3.8021e-39 6.3801e-40 1.0492e-40 1.6908e-41 2.6704e-42 4.1331e-43 6.2692e-44 9.3192e-45 1.3576e-45 1.9383e-46 2.7121e-47
-2.3785e-07 4.0790e-04 -1.9793e-06 -3.2854e-06 -4.7001e-06 -6.0764e-06 -7.2813e-06 -8.2100e-06 -8.7961e-06 -9.0142e-06 -8.8781e-06 -8.4331e-06 -7.7461e-06 -6.8946e-06 -5.9562e-06 -5.0008e-06 -4.0850e-06 -3.2494e-06 -2.5189e-06 -1.9041e-06 -1.4043e-06 -1.0109e-06 -7.1067e-07 -4.8802e-07 -3.2747e-07 -2.1477e-07 -1.3771e-07 -8.6339e-08 -5.2943e-08 -3.1757e-08 -1.8636e-08 -1.0701e-08 -6.0133e-09 -3.3071e-09 -1.7802e-09 -9.3810e-10 -4.8395e-10 -2.4443e-10 -1.2088e-10 -5.8536e-11 -2.7758e-11 -1.2891e-11 -5.8628e-12 -2.6116e-12 -1.1394e-12 -4.8692e-13 -2.0382e-13 -8.3577e-14 -3.3571e-14 -1.3210e-14 -5.0924e-15 -1.9232e-15 -7.1157e-16 -2.5794e-16 -9.1609e-17 -3.1877e-17 -1.0868e-17 -3.6307e-18 -1.1884e-18 -3.8114e-19 -1.1978e-19 -3.6884e-20 -1.1130e-20 -3.2908e-21 -9.5346e-22 -2.7071e-22 -7.5317e-23 -2.0535e-23 -5.4864e-24 -1.4365e-24 -3.6857e-25 -9.2674e-26 -2.2836e-26 -5.5144e-27 -1.3050e-27 -3.0265e-28 -6.8788e-29 -1.5322e-29 -3.3447e-30 -7.1555e-31 -1.5003e-31 -3.0827e-32 -6.2080e-33 -1.2252e-33 -2.3699e-34 -4.4926e-35 -8.3468e-36 -1.5198e-36 -2.7123e-37 -4.7438e-38 -8.1317e-39 -1.3662e-39 -2.2495e-40 -3.6302e-41 -5.7417e-42 -8.9007e-43 -1.3523e-43 -2.0137e-44 -2.9389e-45 -4.2038e-46 2.3782e-07 0.0000e+00 1.9769e-06 3.2784e-06 4.6844e-06 6.0474e-06 7.2340e-06 8.1405e-06 8.7020e-06 8.8954e-06 8.7369e-06 8.2739e-06 7.5750e-06 6.7185e-06 5.7822e-06 4.8352e-06 3.9328e-06 3.1143e-06 2.4027e-06 1.8072e-06 1.3259e-06 9.4928e-07 6.6354e-07 4.5297e-07 3.0208e-07 1.9687e-07 1.2540e-07 7.8090e-08 4.7551e-08 2.8318e-08 1.6496e-08 9.4003e-09 5.2412e-09 2.8595e-09 1.5268e-09 7.9785e-10 4.0809e-10 2.0433e-10 1.0016e-10 4.8064e-11 2.2583e-11 1.0390e-11 4.6805e-12 2.0648e-12 8.9205e-13 3.7743e-13 1.5640e-13 6.3477e-14 2.5234e-14 9.8256e-15 3.7476e-15 1.4002e-15 5.1244e-16 1.8373e-16 6.4531e-17 2.2204e-17 7.4851e-18 2.4721e-18 7.9988e-19 2.5357e-19 7.8761e-20 2.3969e-20 7.1469e-21 2.0880e-21 5.9773e-22 1.6766e-22 4.6081e-23 1.2410e-23 3.2751e-24 8.4691e-25 2.1460e-25 5.3288e-26 1.2966e-26 3.0917e-27 7.2240e-28 1.6541e-28 3.7117e-29 8.1618e-30 1.7588e-30 3.7143e-31 7.6869e-32 1.5590e-32 3.0988e-33 6.0361e-34 1.1523e-34 2.1558e-35 3.9526e-36 7.1025e-37 1.2508e-37 2.1587e-38 3.6515e-39 6.0532e-40 9.8347e-41 1.5660e-41 2.4439e-42 3.7379e-43 5.6031e-44 8.2319e-45 1.1853e-45 1.6728e-46
-5.0920e-07 -1.9793e-06 9.1764e-04 -7.0598e-06 -1.0122e-05 -1.3122e-05 -1.5775e-05 -1.7853e-05 -1.9207e-05 -1.9775e-05 -1.9576e-05 -1.8699e-05 -1.7280e-05 -1.5480e-05 -1.3465e-05 -1.1389e-05 -9.3752e-06 -7.5185e-06 -5.8782e-06 -4.4833e-06 -3.3374e-06 -2.4259e-06 -1.7226e-06 -1.1952e-06 -8.1065e-07 -5.3756e-07 -3.4861e-07 -2.2113e-07 -1.3723e-07 -8.3325e-08 -4.9514e-08 -2.8797e-08 -1.6393e-08 -9.1361e-09 -4.9848e-09 -2.6630e-09 -1.3931e-09 -7.1362e-10 -3.5800e-10 -1.7590e-10 -8.4647e-11 -3.9899e-11 -1.8421e-11 -8.3313e-12 -3.6911e-12 -1.6020e-12 -6.8116e-13 -2.8374e-13 -1.1580e-13 -4.6301e-14 -1.8139e-14 -6.9623e-15 -2.6185e-15 -9.6490e-16 -3.4840e-16 -1.2327e-16 -4.2734e-17 -1.4517e-17 -4.8326e-18 -1.5764e-18 -5.0390e-19 -1.5784e-19 -4.8450e-20 -1.4574e-20 -4.2962e-21 -1.2411e-21 -3.5135e-22 -9.7475e-23 -2.6502e-23 -7.0614e-24 -1.8439e-24 -4.7186e-25 -1.1834e-25 -2.9087e-26 -7.0064e-27 -1.6540e-27 -3.8268e-28 -8.6771e-29 -1.9283e-29 -4.1996e-30 -8.9642e-31 -1.8753e-31 -3.8449e-32 -7.7261e-33 -1.5216e-33 -2.9370e-34 -5.5560e-35 -1.0301e-35 -1.8719e-36 -3.3339e-37 -5.8196e-38 -9.9563e-39 -1.6695e-39 -2.7436e-40 -4.4193e-41 -6.9767e-42 -1.0795e-42 -1.6371e-43 -2.4334e-44 -3.5451e-45 5.0905e-07 1.9769e-06 0.0000e+00 7.0260e-06 1.0047e-05 1.2982e-05 1.5546e-05 1.7516e-05 1.8750e-05 1.9198e-05 1.8888e-05 1.7922e-05 1.6442e-05 1.4615e-05 1.2609e-05 1.0570e-05 8.6212e-06 6.8466e-06 5.2982e-06 3.9978e-06 2.9429e-06 2.1145e-06 1.4834e-06 1.0165e-06 6.8064e-07 4.4540e-07 2.8493e-07 1.7823e-07 1.0903e-07 6.5236e-08 3.8187e-08 2.1871e-08 1.2258e-08 6.7234e-09 3.6095e-09 1.8968e-09 9.7581e-10 4.9147e-10 2.4236e-10 1.1703e-10 5.5333e-11 2.5621e-11 1.1618e-11 5.1599e-12 2.2445e-12 9.5630e-13 3.9910e-13 1.6315e-13 6.5335e-14 2.5631e-14 9.8504e-15 3.7087e-15 1.3680e-15 4.9439e-16 1.7505e-16 6.0728e-17 2.0642e-17 6.8747e-18 2.2434e-18 7.1736e-19 2.2476e-19 6.9007e-20 2.0761e-20 6.1205e-21 1.7682e-21 5.0056e-22 1.3887e-22 3.7753e-23 1.0058e-23 2.6261e-24 6.7192e-25 1.6848e-25 4.1403e-26 9.9711e-27 2.3534e-27 5.4436e-28 1.2340e-28 2.7416e-29 5.9696e-30 1.2739e-30 2.6643e-31 5.4612e-32 1.0971e-32 2.1602e-33 4.1686e-34 7.8841e-35 1.4615e-35 2.6552e-36 4.7280e-37 8.2515e-38 1.4114e-38 2.3663e-39 3.8883e-40 6.2622e-41 9.8850e-42 1.5294e-42 2.3191e-43 3.4469e-44 5.0212e-45 7.1694e-46
-8.4434e-07 -3.2854e-06 -7.0598e-06 1.6310e-03 -1.6925e-05 -2.2025e-05 -2.6595e-05 -3.0253e-05 -3.2736e-05 -3.3920e-05 -3.3814e-05 -3.2544e-05 -3.0320e-05 -2.7399e-05 -2.4055e-05 -2.0545e-05 -1.7087e-05 -1.3851e-05 -1.0951e-05 -8.4497e-06 -6.3662e-06 -4.6853e-06 -3.3697e-06 -2.3691e-06 -1.6286e-06 -1.0950e-06 -7.2015e-07 -4.6342e-07 -2.9182e-07 -1.7986e-07 -1.0850e-07 -6.4078e-08 -3.7050e-08 -2.0975e-08 -1.1628e-08 -6.3126e-09 -3.3563e-09 -1.7477e-09 -8.9137e-10 -4.4531e-10 -2.1792e-10 -1.0446e-10 -4.9056e-11 -2.2569e-11 -1.0172e-11 -4.4916e-12 -1.9432e-12 -8.2365e-13 -3.4206e-13 -1.3919e-13 -5.5497e-14 -2.1681e-14 -8.2997e-15 -3.1133e-15 -1.1443e-15 -4.1215e-16 -1.4547e-16 -5.0310e-17 -1.7051e-17 -5.6631e-18 -1.8432e-18 -5.8788e-19 -1.8375e-19 -5.6285e-20 -1.6896e-20 -4.9704e-21 -1.4330e-21 -4.0486e-22 -1.1210e-22 -3.0421e-23 -8.0904e-24 -2.1087e-24 -5.3863e-25 -1.3484e-25 -3.3083e-26 -7.9551e-27 -1.8747e-27 -4.3300e-28 -9.8015e-29 -2.1745e-29 -4.7281e-30 -1.0076e-30 -2.1045e-31 -4.3079e-32 -8.6429e-33 -1.6995e-33 -3.2753e-34 -6.1867e-35 -1.1454e-35 -2.0782e-36 -3.6959e-37 -6.4420e-38 -1.1005e-38 -1.8428e-39 -3.0242e-40 -4.8644e-41 -7.6688e-42 -1.1850e-42 -1.7947e-43 -2.6640e-44 8.4389e-07 3.2784e-06 7.0260e-06 0.0000e+00 1.6702e-05 2.1609e-05 2.5916e-05 2.9251e-05 3.1375e-05 3.2194e-05 3.1752e-05 3.0207e-05 2.7792e-05 2.4782e-05 2.1450e-05 1.8047e-05 1.4775e-05 1.1780e-05 9.1544e-06 6.9380e-06 5.1310e-06 3.7044e-06 2.6120e-06 1.7993e-06 1.2113e-06 7.9717e-07 5.1295e-07 3.2280e-07 1.9870e-07 1.1966e-07 7.0508e-08 4.0658e-08 2.2947e-08 1.2677e-08 6.8556e-09 3.6298e-09 1.8817e-09 9.5519e-10 4.7482e-10 2.3115e-10 1.1021e-10 5.1464e-11 2.3540e-11 1.0547e-11 4.6288e-12 1.9901e-12 8.3824e-13 3.4589e-13 1.3984e-13 5.5387e-14 2.1495e-14 8.1731e-15 3.0450e-15 1.1116e-15 3.9764e-16 1.3938e-16 4.7874e-17 1.6114e-17 5.3148e-18 1.7178e-18 5.4411e-19 1.6889e-19 5.1376e-20 1.5316e-20 4.4745e-21 1.2811e-21 3.5949e-22 9.8858e-23 2.6644e-23 7.0376e-24 1.8219e-24 4.6223e-25 1.1494e-25 2.8011e-26 6.6906e-27 1.5663e-27 3.5937e-28 8.0812e-29 1.7811e-29 3.8475e-30 8.1460e-31 1.6904e-31 3.4380e-32 6.8533e-33 1.3390e-33 2.5641e-34 4.8125e-35 8.8531e-36 1.5963e-36 2.8209e-37 4.8861e-38 8.2951e-39 1.3803e-39 2.2511e-40 3.5983e-41 5.6376e-42 8.6571e-43 1.3030e-43 1.9221e-44 2.7792e-45
-1.2063e-06 -4.7001e-06 -1.0122e-05 -1.6925e-05 2.5477e-03 -3.1958e-05 -3.8809e-05 -4.4434e-05 -4.8430e-05 -5.0584e-05 -5.0868e-05 -4.9420e-05 -4.6507e-05 -4.2478e-05 -3.7716e-05 -3.2594e-05 -2.7444e-05 -2.2533e-05 -1.8053e-05 -1.4122e-05 -1.0790e-05 -8.0567e-06 -5.8806e-06 -4.1971e-06 -2.9299e-06 -2.0008e-06 -1.3370e-06 -8.7429e-07 -5.5959e-07 -3.5060e-07 -2.1506e-07 -1.2915e-07 -7.5951e-08 -4.3738e-08 -2.4667e-08 -1.3625e-08 -7.3708e-09 -3.9058e-09 -2.0273e-09 -1.0308e-09 -5.1344e-10 -2.5054e-10 -1.1977e-10 -5.6095e-11 -2.5740e-11 -1.1572e-11 -5.0974e-12 -2.2000e-12 -9.3037e-13 -3.8551e-13 -1.5653e-13 -6.2274e-14 -2.4278e-14 -9.2746e-15 -3.4719e-15 -1.2736e-15 -4.5784e-16 -1.6128e-16 -5.5678e-17 -1.8836e-17 -6.2446e-18 -2.0288e-18 -6.4598e-19 -2.0157e-19 -6.1638e-20 -1.8472e-20 -5.4253e-21 -1.5616e-21 -4.4052e-22 -1.2179e-22 -3.2998e-23 -8.7626e-24 -2.2805e-24 -5.8167e-25 -1.4541e-25 -3.5624e-26 -8.5541e-27 -2.0131e-27 -4.6433e-28 -1.0497e-28 -2.3256e-29 -5.0501e-30 -1.0748e-30 -2.2420e-31 -4.5837e-32 -9.1849e-33 -1.8039e-33 -3.4723e-34 -6.5509e-35 -1.2113e-35 -2.1954e-36 -3.8998e-37 -6.7898e-38 -1.1587e-38 -1.9379e-39 -3.1769e-40 -5.1045e-41 -8.0388e-42 -1.2409e-42 -1.8773e-43 1.2053e-06 4.6844e-06 1.0047e-05 1.6702e-05 0.0000e+00 3.1025e-05 3.7281e-05 4.2172e-05 4.5348e-05 4.6663e-05 4.6166e-05 4.4068e-05 4.0695e-05 3.6431e-05 3.1667e-05 2.6763e-05 2.2015e-05 1.7641e-05 1.3782e-05 1.0504e-05 7.8132e-06 5.6753e-06 4.0270e-06 2.7923e-06 1.8927e-06 1.2543e-06 8.1300e-07 5.1546e-07 3.1974e-07 1.9408e-07 1.1530e-07 6.7041e-08 3.8161e-08 2.1266e-08 1.1604e-08 6.2000e-09 3.2441e-09 1.6624e-09 8.3437e-10 4.1018e-10 1.9752e-10 9.3174e-11 4.3057e-11 1.9493e-11 8.6458e-12 3.7571e-12 1.5997e-12 6.6734e-13 2.7279e-13 1.0926e-13 4.2882e-14 1.6492e-14 6.2155e-15 2.2955e-15 8.3076e-16 2.9464e-16 1.0241e-16 3.4882e-17 1.1644e-17 3.8093e-18 1.2213e-18 3.8375e-19 1.1817e-19 3.5665e-20 1.0549e-20 3.0581e-21 8.6883e-22 2.4193e-22 6.6024e-23 1.7660e-23 4.6294e-24 1.1894e-24 2.9951e-25 7.3918e-26 1.7880e-26 4.2388e-27 9.8488e-28 2.2429e-28 5.0059e-29 1.0951e-29 2.3478e-30 4.9333e-31 1.0160e-31 2.0507e-32 4.0567e-33 7.8653e-34 1.4946e-34 2.7834e-35 5.0803e-36 9.0878e-37 1.5932e-37 2.7375e-38 4.6098e-39 7.6077e-40 1.2305e-40 1.9504e-41 3.0298e-42 4.6125e-43 6.8817e-44 1.0062e-44
-1.5570e-06 -6.0764e-06 -1.3122e-05 -2.2025e-05 -3.1958e-05 3.6675e-03 -5.1394e-05 -5.9300e-05 -6.5194e-05 -6.8742e-05 -6.9841e-05 -6.8604e-05 -6.5319e-05 -6.0400e-05 -5.4326e-05 -4.7584e-05 -4.0629e-05 -3.3842e-05 -2.7518e-05 -2.1854e-05 -1.6960e-05 -1.2865e-05 -9.5424e-06 -6.9226e-06 -4.9131e-06 -3.4118e-06 -2.3187e-06 -1.5424e-06 -1.0043e-06 -6.4026e-07 -3.9964e-07 -2.4426e-07 -1.4620e-07 -8.5697e-08 -4.9199e-08 -2.7665e-08 -1.5237e-08 -8.2208e-09 -4.3448e-09 -2.2495e-09 -1.1410e-09 -5.6698e-10 -2.7603e-10 -1.3166e-10 -6.1530e-11 -2.8174e-11 -1.2640e-11 -5.5568e-12 -2.3936e-12 -1.0103e-12 -4.1785e-13 -1.6935e-13 -6.7255e-14 -2.6174e-14 -9.9817e-15 -3.7304e-15 -1.3662e-15 -4.9032e-16 -1.7245e-16 -5.9441e-17 -2.0078e-17 -6.6466e-18 -2.1563e-18 -6.8556e-19 -2.1361e-19 -6.5232e-20 -1.9522e-20 -5.7260e-21 -1.6460e-21 -4.6372e-22 -1.2804e-22 -3.4649e-23 -9.1894e-24 -2.3887e-24 -6.0853e-25 -1.5194e-25 -3.7183e-26 -8.9182e-27 -2.0964e-27 -4.8301e-28 -1.0907e-28 -2.4140e-29 -5.2365e-30 -1.1133e-30 -2.3200e-31 -4.7384e-32 -9.4854e-33 -1.8611e-33 -3.5789e-34 -6.7457e-35 -1.2462e-35 -2.2565e-36 -4.0047e-37 -6.9661e-38 -1.1877e-38 -1.9848e-39 -3.2509e-40 -5.2190e-41 -8.2123e-42 -1.2666e-42 1.5551e-06 6.0474e-06 1.2982e-05 2.1609e-05 3.1025e-05 0.0000e+00 4.8524e-05 5.5040e-05 5.9367e-05 6.1298e-05 6.0874e-05 5.8347e-05 5.4121e-05 4.8681e-05 4.2532e-05 3.6141e-05 2.9900e-05 2.4105e-05 1.8952e-05 1.4540e-05 1.0891e-05 7.9679e-06 5.6962e-06 3.9805e-06 2.7197e-06 1.8174e-06 1.1880e-06 7.5986e-07 4.7560e-07 2.9136e-07 1.7472e-07 1.0258e-07 5.8965e-08 3.3191e-08 1.8297e-08 9.8780e-09 5.2235e-09 2.7056e-09 1.3728e-09 6.8235e-10 3.3228e-10 1.5852e-10 7.4099e-11 3.3936e-11 1.5229e-11 6.6961e-12 2.8851e-12 1.2181e-12 5.0396e-13 2.0432e-13 8.1177e-14 3.1606e-14 1.2060e-14 4.5094e-15 1.6525e-15 5.9345e-16 2.0887e-16 7.2044e-17 2.4354e-17 8.0683e-18 2.6197e-18 8.3359e-19 2.5996e-19 7.9453e-20 2.3799e-20 6.9865e-21 2.0101e-21 5.6676e-22 1.5662e-22 4.2415e-23 1.1257e-23 2.9282e-24 7.4643e-25 1.8647e-25 4.5654e-26 1.0954e-26 2.5755e-27 5.9346e-28 1.3401e-28 2.9654e-29 6.4303e-30 1.3664e-30 2.8453e-31 5.8058e-32 1.1608e-32 2.2743e-33 4.3661e-34 8.2129e-35 1.5137e-35 2.7336e-36 4.8366e-37 8.3842e-38 1.4239e-38 2.3692e-39 3.8619e-40 6.1667e-41 9.6461e-42 1.4780e-42 2.2182e-43 3.2608e-44
-1.8621e-06 -7.2813e-06 -1.5775e-05 -2.6595e-05 -3.8809e-05 -5.1394e-05 4.9900e-03 -7.3738e-05 -8.1875e-05 -8.7269e-05 -8.9701e-05 -8.9210e-05 -8.6056e-05 -8.0672e-05 -7.3600e-05 -6.5423e-05 -5.6715e-05 -4.7982e-05 -3.9641e-05 -3.1997e-05 -2.5244e-05 -1.9472e-05 -1.4690e-05 -1.0841e-05 -7.8280e-06 -5.5315e-06 -3.8258e-06 -2.5902e-06 -1.7168e-06 -1.1142e-06 -7.0802e-07 -4.4059e-07 -2.6851e-07 -1.6027e-07 -9.3697e-08 -5.3654e-08 -3.0096e-08 -1.6537e-08 -8.9019e-09 -4.6943e-09 -2.4253e-09 -1.2276e-09 -6.0878e-10 -2.9580e-10 -1.4082e-10 -6.5690e-11 -3.0025e-11 -1.3447e-11 -5.9012e-12 -2.5377e-12 -1.0694e-12 -4.4158e-13 -1.7868e-13 -7.0854e-14 -2.7533e-14 -1.0485e-14 -3.9128e-15 -1.4310e-15 -5.1288e-16 -1.8015e-16 -6.2011e-17 -2.0920e-17 -6.9164e-18 -2.2410e-18 -7.1165e-19 -2.2148e-19 -6.7556e-20 -2.0195e-20 -5.9167e-21 -1.6989e-21 -4.7812e-22 -1.3187e-22 -3.5649e-23 -9.4452e-24 -2.4527e-24 -6.2423e-25 -1.5571e-25 -3.8070e-26 -9.1224e-27 -2.1425e-27 -4.9318e-28 -1.1127e-28 -2.4605e-29 -5.3328e-30 -1.1328e-30 -2.3587e-31 -4.8135e-32 -9.6280e-33 -1.8876e-33 -3.6271e-34 -6.8313e-35 -1.2611e-35 -2.2817e-36 -4.0465e-37 -7.0339e-38 -1.1984e-38 -2.0013e-39 -3.2757e-40 -5.2553e-41 -8.2639e-42 1.8590e-06 7.2340e-06 1.5546e-05 2.5916e-05 3.7281e-05 4.8524e-05 0.0000e+00 6.6694e-05 7.2197e-05 7.4844e-05 7.4655e-05 7.1901e-05 6.7040e-05 6.0638e-05 5.3294e-05 4.5571e-05 3.7953e-05 3.0812e-05 2.4403e-05 1.8865e-05 1.4243e-05 1.0507e-05 7.5758e-06 5.3408e-06 3.6825e-06 2.4839e-06 1.6393e-06 1.0589e-06 6.6945e-07 4.1435e-07 2.5110e-07 1.4900e-07 8.6587e-08 4.9281e-08 2.7472e-08 1.5002e-08 8.0246e-09 4.2052e-09 2.1590e-09 1.0860e-09 5.3523e-10 2.5846e-10 1.2230e-10 5.6702e-11 2.5761e-11 1.1469e-11 5.0037e-12 2.1392e-12 8.9625e-13 3.6797e-13 1.4805e-13 5.8378e-14 2.2558e-14 8.5422e-15 3.1701e-15 1.1529e-15 4.1090e-16 1.4351e-16 4.9123e-17 1.6477e-17 5.4163e-18 1.7447e-18 5.5077e-19 1.7037e-19 5.1646e-20 1.5341e-20 4.4655e-21 1.2737e-21 3.5596e-22 9.7481e-23 2.6157e-23 6.8769e-24 1.7715e-24 4.4708e-25 1.1055e-25 2.6780e-26 6.3553e-27 1.4775e-27 3.3648e-28 7.5062e-29 1.6401e-29 3.5101e-30 7.3573e-31 1.5102e-31 3.0357e-32 5.9750e-33 1.1515e-33 2.1724e-34 4.0120e-35 7.2523e-36 1.2830e-36 2.2208e-37 3.7610e-38 6.2301e-39 1.0092e-39 1.5983e-40 2.4738e-41 3.7410e-42 5.5246e-43 7.9632e-44
-2.0949e-06 -8.2100e-06 -1.7853e-05 -3.0253e-05 -4.4434e-05 -5.9300e-05 -7.3738e-05 6.5148e-03 -9.7353e-05 -1.0502e-04 -1.0934e-04 -1.1022e-04 -1.0785e-04 -1.0260e-04 -9.5049e-05 -8.5828e-05 -7.5610e-05 -6.5027e-05 -5.4628e-05 -4.4847e-05 -3.5993e-05 -2.8249e-05 -2.1687e-05 -1.6289e-05 -1.1972e-05 -8.6122e-06 -6.0642e-06 -4.1802e-06 -2.8213e-06 -1.8644e-06 -1.2065e-06 -7.6464e-07 -4.7460e-07 -2.8852e-07 -1.7180e-07 -1.0021e-07 -5.7258e-08 -3.2049e-08 -1.7574e-08 -9.4413e-09 -4.9693e-09 -2.5625e-09 -1.2947e-09 -6.4095e-10 -3.1090e-10 -1.4777e-10 -6.8818e-11 -3.1405e-11 -1.4044e-11 -6.1540e-12 -2.6426e-12 -1.1120e-12 -4.5855e-13 -1.8530e-13 -7.3383e-14 -2.8480e-14 -1.0832e-14 -4.0374e-15 -1.4748e-15 -5.2796e-16 -1.8523e-16 -6.3692e-17 -2.1463e-17 -7.0886e-18 -2.2944e-18 -7.2787e-19 -2.2630e-19 -6.8959e-20 -2.0595e-20 -6.0282e-21 -1.7294e-21 -4.8625e-22 -1.3400e-22 -3.6193e-23 -9.5811e-24 -2.4859e-24 -6.3218e-25 -1.5757e-25 -3.8493e-26 -9.2168e-27 -2.1630e-27 -4.9754e-28 -1.1217e-28 -2.4787e-29 -5.3685e-30 -1.1396e-30 -2.3713e-31 -4.8359e-32 -9.6666e-33 -1.8939e-33 -3.6370e-34 -6.8457e-35 -1.2630e-35 -2.2838e-36 -4.0479e-37 -7.0321e-38 -1.1974e-38 -1.9985e-39 -3.2694e-40 -5.2423e-41 2.0904e-06 8.1405e-06 1.7516e-05 2.9251e-05 4.2172e-05 5.5040e-05 6.6694e-05 0.0000e+00 8.2798e-05 8.6230e-05 8.6446e-05 8.3715e-05 7.8517e-05 7.1469e-05 6.3237e-05 5.4459e-05 4.5696e-05 3.7390e-05 2.9856e-05 2.3279e-05 1.7732e-05 1.3201e-05 9.6089e-06 6.8405e-06 4.7640e-06 3.2465e-06 2.1653e-06 1.4137e-06 9.0361e-07 5.6555e-07 3.4663e-07 2.0807e-07 1.2233e-07 7.0451e-08 3.9746e-08 2.1967e-08 1.1895e-08 6.3102e-09 3.2800e-09 1.6705e-09 8.3367e-10 4.0766e-10 1.9534e-10 9.1719e-11 4.2201e-11 1.9027e-11 8.4066e-12 3.6397e-12 1.5442e-12 6.4201e-13 2.6156e-13 1.0442e-13 4.0851e-14 1.5660e-14 5.8824e-15 2.1651e-15 7.8087e-16 2.7594e-16 9.5545e-17 3.2413e-17 1.0774e-17 3.5083e-18 1.1193e-18 3.4981e-19 1.0710e-19 3.2121e-20 9.4364e-21 2.7153e-21 7.6522e-22 2.1120e-22 5.7084e-23 1.5108e-23 3.9150e-24 9.9322e-25 2.4666e-25 5.9959e-26 1.4264e-26 3.3203e-27 7.5614e-28 1.6843e-28 3.6688e-29 7.8126e-30 1.6259e-30 3.3057e-31 6.5629e-32 1.2716e-32 2.4028e-33 4.4245e-34 7.9305e-35 1.3818e-35 2.3362e-36 3.8233e-37 6.0355e-38 9.1437e-39 1.3189e-39 1.7871e-40 2.2173e-41 2.3745e-42 1.7967e-43 -3.4106e-45
-2.2387e-06 -8.7961e-06 -1.9207e-05 -3.2736e-05 -4.8430e-05 -6.5194e-05 -8.1875e-05 -9.7353e-05 8.2414e-03 -1.2090e-04 -1.2763e-04 -1.3054e-04 -1.2968e-04 -1.2531e-04 -1.1797e-04 -1.0829e-04 -9.7007e-05 -8.4860e-05 -7.2529e-05 -6.0589e-05 -4.9490e-05 -3.9536e-05 -3.0898e-05 -2.3627e-05 -1.7682e-05 -1.2952e-05 -9.2870e-06 -6.5196e-06 -4.4813e-06 -3.0162e-06 -1.9881e-06 -1.2834e-06 -8.1144e-07 -5.0251e-07 -3.0483e-07 -1.8114e-07 -1.0544e-07 -6.0130e-08 -3.3594e-08 -1.8388e-08 -9.8614e-09 -5.1816e-09 -2.6677e-09 -1.3457e-09 -6.6517e-10 -3.2217e-10 -1.5290e-10 -7.1110e-11 -3.2407e-11 -1.4473e-11 -6.3339e-12 -2.7164e-12 -1.1417e-12 -4.7023e-13 -1.8981e-13 -7.5082e-14 -2.9107e-14 -1.1059e-14 -4.1177e-15 -1.5026e-15 -5.3739e-16 -1.8836e-16 -6.4705e-17 -2.1785e-17 -7.1883e-18 -2.3247e-18 -7.3684e-19 -2.2890e-19 -6.9693e-20 -2.0797e-20 -6.0827e-21 -1.7437e-21 -4.8990e-22 -1.3491e-22 -3.6412e-23 -9.6323e-24 -2.4975e-24 -6.3469e-25 -1.5809e-25 -3.8596e-26 -9.2355e-27 -2.1661e-27 -4.9793e-28 -1.1219e-28 -2.4777e-29 -5.3633e-30 -1.1379e-30 -2.3663e-31 -4.8232e-32 -9.6361e-33 -1.8870e-33 -3.6218e-34 -6.8136e-35 -1.2564e-35 -2.2708e-36 -4.0230e-37 -6.9856e-38 -1.1889e-38 -1.9835e-39 -3.2433e-40 2.2327e-06 8.7020e-06 1.8750e-05 3.1375e-05 4.5348e-05 5.9367e-05 7.2197e-05 8.2798e-05 0.0000e+00 9.4656e-05 9.5432e-05 9.2984e-05 8.7787e-05 8.0472e-05 7.1735e-05 6.2266e-05 5.2680e-05 4.3480e-05 3.5033e-05 2.7572e-05 2.1206e-05 1.5946e-05 1.1727e-05 8.4364e-06 5.9391e-06 4.0922e-06 2.7602e-06 1.8228e-06 1.1788e-06 7.4652e-07 4.6305e-07 2.8133e-07 1.6744e-07 9.7624e-08 5.5764e-08 3.1207e-08 1.7111e-08 9.1929e-09 4.8391e-09 2.4960e-09 1.2615e-09 6.2470e-10 3.0313e-10 1.4413e-10 6.7150e-11 3.0654e-11 1.3712e-11 6.0096e-12 2.5807e-12 1.0858e-12 4.4759e-13 1.8076e-13 7.1522e-14 2.7723e-14 1.0527e-14 3.9154e-15 1.4265e-15 5.0903e-16 1.7790e-16 6.0890e-17 2.0408e-17 6.6974e-18 2.1519e-18 6.7686e-19 2.0839e-19 6.2793e-20 1.8515e-20 5.3409e-21 1.5070e-21 4.1584e-22 1.1218e-22 2.9575e-23 7.6175e-24 1.9158e-24 4.7023e-25 1.1256e-25 2.6255e-26 5.9606e-27 1.3153e-27 2.8160e-28 5.8340e-29 1.1654e-29 2.2330e-30 4.0697e-31 6.9549e-32 1.0843e-32 1.4448e-33 1.3004e-34 -6.7645e-36 -7.7195e-36 -2.7065e-36 -7.3928e-37 -1.7872e-37 -3.9962e-38 -8.4370e-39 -1.7010e-39 -3.2972e-40 -6.1726e-41 -1.1195e-41 -1.9714e-42
-2.2878e-06 -9.0142e-06 -1.9775e-05 -3.3920e-05 -5.0584e-05 -6.8742e-05 -8.7269e-05 -1.0502e-04 -1.2090e-04 1.0170e-02 -1.4352e-04 -1.4907e-04 -1.5044e-04 -1.4777e-04 -1.4144e-04 -1.3206e-04 -1.2036e-04 -1.0714e-04 -9.3195e-05 -7.9248e-05 -6.5898e-05 -5.3599e-05 -4.2653e-05 -3.3213e-05 -2.5313e-05 -1.8883e-05 -1.3791e-05 -9.8612e-06 -6.9043e-06 -4.7338e-06 -3.1786e-06 -2.0904e-06 -1.3465e-06 -8.4954e-07 -5.2506e-07 -3.1789e-07 -1.8855e-07 -1.0956e-07 -6.2374e-08 -3.4791e-08 -1.9013e-08 -1.0181e-08 -5.3416e-09 -2.7461e-09 -1.3834e-09 -6.8287e-10 -3.3031e-10 -1.5657e-10 -7.2728e-11 -3.3106e-11 -1.4768e-11 -6.4558e-12 -2.7657e-12 -1.1612e-12 -4.7778e-13 -1.9266e-13 -7.6139e-14 -2.9489e-14 -1.1194e-14 -4.1642e-15 -1.5183e-15 -5.4254e-16 -1.9001e-16 -6.5220e-17 -2.1941e-17 -7.2343e-18 -2.3378e-18 -7.4046e-19 -2.2986e-19 -6.9938e-20 -2.0856e-20 -6.0960e-21 -1.7464e-21 -4.9035e-22 -1.3495e-22 -3.6400e-23 -9.6237e-24 -2.4938e-24 -6.3340e-25 -1.5768e-25 -3.8475e-26 -9.2017e-27 -2.1570e-27 -4.9560e-28 -1.1161e-28 -2.4637e-29 -5.3304e-30 -1.1304e-30 -2.3496e-31 -4.7871e-32 -9.5596e-33 -1.8712e-33 -3.5899e-34 -6.7508e-35 -1.2443e-35 -2.2481e-36 -3.9811e-37 -6.9102e-38 -1.1757e-38 -1.9606e-39 2.2802e-06 8.8954e-06 1.9198e-05 3.2194e-05 4.6663e-05 6.1298e-05 7.4844e-05 8.6230e-05 9.4656e-05 0.0000e+00 1.0110e-04 9.9175e-05 9.4312e-05 8.7121e-05 7.8299e-05 6.8549e-05 5.8520e-05 4.8754e-05 3.9667e-05 3.1534e-05 2.4507e-05 1.8626e-05 1.3848e-05 1.0075e-05 7.1740e-06 5.0009e-06 3.4133e-06 2.2813e-06 1.4933e-06 9.5736e-07 6.0122e-07 3.6986e-07 2.2291e-07 1.3161e-07 7.6134e-08 4.3150e-08 2.3961e-08 1.3036e-08 6.9492e-09 3.6295e-09 1.8573e-09 9.3120e-10 4.5741e-10 2.2013e-10 1.0378e-10 4.7935e-11 2.1688e-11 9.6125e-12 4.1730e-12 1.7744e-12 7.3892e-13 3.0135e-13 1.2034e-13 4.7055e-14 1.8013e-14 6.7500e-15 2.4757e-15 8.8860e-16 3.1206e-16 1.0721e-16 3.6020e-17 1.1833e-17 3.7992e-18 1.1918e-18 3.6513e-19 1.0918e-19 3.1845e-20 9.0521e-21 2.5050e-21 6.7393e-22 1.7596e-22 4.4477e-23 1.0846e-23 2.5390e-24 5.6605e-25 1.1860e-25 2.2774e-26 3.7824e-27 4.4775e-28 -1.0259e-29 -3.0822e-29 -1.3831e-29 -4.6864e-30 -1.3934e-30 -3.8183e-31 -9.8619e-32 -2.4297e-32 -5.7520e-33 -1.3146e-33 -2.9098e-34 -6.2522e-35 -1.3063e-35 -2.6576e-36 -5.2694e-37 -1.0191e-37 -1.9239e-38 -3.5469e-39 -6.3885e-40 -1.1246e-40 -1.9356e-41
-2.2462e-06 -8.8781e-06 -1.9576e-05 -3.3814e-05 -5.0868e-05 -6.9841e-05 -8.9701e-05 -1.0934e-04 -1.2763e-04 -1.4352e-04 1.2299e-02 -1.6476e-04 -1.6903e-04 -1.6885e-04 -1.6441e-04 -1.5619e-04 -1.4487e-04 -1.3126e-04 -1.1624e-04 -1.0064e-04 -8.5212e-05 -7.0580e-05 -5.7199e-05 -4.5364e-05 -3.5214e-05 -2.6758e-05 -1.9907e-05 -1.4500e-05 -1.0343e-05 -7.2246e-06 -4.9424e-06 -3.3116e-06 -2.1734e-06 -1.3973e-06 -8.7997e-07 -5.4290e-07 -3.2814e-07 -1.9431e-07 -1.1273e-07 -6.4083e-08 -3.5692e-08 -1.9479e-08 -1.0416e-08 -5.4580e-09 -2.8024e-09 -1.4100e-09 -6.9523e-10 -3.3592e-10 -1.5905e-10 -7.3803e-11 -3.3561e-11 -1.4956e-11 -6.5318e-12 -2.7957e-12 -1.1727e-12 -4.8210e-13 -1.9424e-13 -7.6698e-14 -2.9682e-14 -1.1258e-14 -4.1850e-15 -1.5247e-15 -5.4445e-16 -1.9054e-16 -6.5359e-17 -2.1973e-17 -7.2403e-18 -2.3383e-18 -7.4015e-19 -2.2963e-19 -6.9826e-20 -2.0811e-20 -6.0794e-21 -1.7406e-21 -4.8848e-22 -1.3436e-22 -3.6225e-23 -9.5725e-24 -2.4793e-24 -6.2943e-25 -1.5662e-25 -3.8199e-26 -9.1316e-27 -2.1397e-27 -4.9140e-28 -1.1062e-28 -2.4408e-29 -5.2787e-30 -1.1190e-30 -2.3251e-31 -4.7352e-32 -9.4526e-33 -1.8495e-33 -3.5472e-34 -6.6682e-35 -1.2287e-35 -2.2191e-36 -3.9284e-37 -6.8165e-38 -1.1594e-38 2.2372e-06 8.7369e-06 1.8888e-05 3.1752e-05 4.6166e-05 6.0874e-05 7.4655e-05 8.6446e-05 9.5432e-05 1.0110e-04 0.0000e+00 1.0205e-04 9.7807e-05 9.1106e-05 8.2604e-05 7.2989e-05 6.2913e-05 5.2942e-05 4.3523e-05 3.4972e-05 2.7478e-05 2.1120e-05 1.5884e-05 1.1693e-05 8.4260e-06 5.9451e-06 4.1077e-06 2.7796e-06 1.8423e-06 1.1960e-06 7.6063e-07 4.7389e-07 2.8924e-07 1.7295e-07 1.0132e-07 5.8146e-08 3.2693e-08 1.8008e-08 9.7176e-09 5.1369e-09 2.6600e-09 1.3492e-09 6.7030e-10 3.2616e-10 1.5542e-10 7.2526e-11 3.3138e-11 1.4824e-11 6.4916e-12 2.7825e-12 1.1671e-12 4.7902e-13 1.9232e-13 7.5515e-14 2.8990e-14 1.0878e-14 3.9875e-15 1.4274e-15 4.9869e-16 1.6991e-16 5.6409e-17 1.8226e-17 5.7235e-18 1.7433e-18 5.1368e-19 1.4587e-19 3.9694e-20 1.0259e-20 2.4795e-21 5.4341e-22 1.0013e-22 1.1437e-23 -1.7603e-24 -1.8901e-24 -8.9968e-25 -3.4391e-25 -1.1741e-25 -3.7224e-26 -1.1167e-26 -3.2029e-27 -8.8400e-28 -2.3578e-28 -6.0951e-29 -1.5304e-29 -3.7379e-30 -8.8922e-31 -2.0623e-31 -4.6665e-32 -1.0308e-32 -2.2241e-33 -4.6890e-34 -9.6629e-35 -1.9470e-35 -3.8369e-36 -7.3967e-37 -1.3951e-37 -2.5750e-38 -4.6517e-39 -8.2254e-40 -1.4238e-40
-2.1264e-06 -8.4331e-06 -1.8699e-05 -3.2544e-05 -4.9420e-05 -6.8604e-05 -8.9210e-05 -1.1022e-04 -1.3054e-04 -1.4907e-04 -1.6476e-04 1.4629e-02 -1.8443e-04 -1.8741e-04 -1.8570e-04 -1.7955e-04 -1.6954e-04 -1.5640e-04 -1.4102e-04 -1.2433e-04 -1.0721e-04 -9.0443e-05 -7.4657e-05 -6.0311e-05 -4.7691e-05 -3.6918e-05 -2.7980e-05 -2.0764e-05 -1.5090e-05 -1.0740e-05 -7.4863e-06 -5.1113e-06 -3.4184e-06 -2.2395e-06 -1.4373e-06 -9.0368e-07 -5.5666e-07 -3.3595e-07 -1.9865e-07 -1.1510e-07 -6.5339e-08 -3.6346e-08 -1.9811e-08 -1.0581e-08 -5.5383e-09 -2.8406e-09 -1.4277e-09 -7.0324e-10 -3.3945e-10 -1.6058e-10 -7.4442e-11 -3.3821e-11 -1.5059e-11 -6.5714e-12 -2.8104e-12 -1.1780e-12 -4.8389e-13 -1.9482e-13 -7.6872e-14 -2.9729e-14 -1.1268e-14 -4.1861e-15 -1.5242e-15 -5.4391e-16 -1.9024e-16 -6.5218e-17 -2.1913e-17 -7.2165e-18 -2.3294e-18 -7.3694e-19 -2.2852e-19 -6.9453e-20 -2.0690e-20 -6.0411e-21 -1.7289e-21 -4.8497e-22 -1.3334e-22 -3.5933e-23 -9.4913e-24 -2.4573e-24 -6.2358e-25 -1.5511e-25 -3.7815e-26 -9.0364e-27 -2.1166e-27 -4.8593e-28 -1.0935e-28 -2.4119e-29 -5.2145e-30 -1.1050e-30 -2.2953e-31 -4.6731e-32 -9.3257e-33 -1.8242e-33 -3.4974e-34 -6.5728e-35 -1.2107e-35 -2.1861e-36 -3.8689e-37 -6.7115e-38 2.1162e-06 8.2739e-06 1.7922e-05 3.0207e-05 4.4068e-05 5.8347e-05 7.1901e-05 8.3715e-05 9.2984e-05 9.9175e-05 1.0205e-04 0.0000e+00 9.8241e-05 9.2331e-05 8.4504e-05 7.5404e-05 6.5663e-05 5.5844e-05 4.6412e-05 3.7714e-05 2.9976e-05 2.3312e-05 1.7744e-05 1.3221e-05 9.6448e-06 6.8901e-06 4.8206e-06 3.3033e-06 2.2172e-06 1.4578e-06 9.3891e-07 5.9238e-07 3.6612e-07 2.2166e-07 1.3146e-07 7.6371e-08 4.3456e-08 2.4219e-08 1.3219e-08 7.0661e-09 3.6984e-09 1.8953e-09 9.5088e-10 4.6696e-10 2.2443e-10 1.0554e-10 4.8558e-11 2.1850e-11 9.6132e-12 4.1340e-12 1.7369e-12 7.1268e-13 2.8539e-13 1.1146e-13 4.2416e-14 1.5710e-14 5.6547e-15 1.9741e-15 6.6662e-16 2.1690e-16 6.7611e-17 2.0004e-17 5.5287e-18 1.3823e-18 2.8854e-19 3.5840e-20 -7.9694e-21 -8.8493e-21 -4.7548e-21 -2.0719e-21 -8.0886e-22 -2.9366e-22 -1.0095e-22 -3.3199e-23 -1.0509e-23 -3.2154e-24 -9.5368e-25 -2.7477e-25 -7.7020e-26 -2.1030e-26 -5.5983e-27 -1.4541e-27 -3.6875e-28 -9.1339e-29 -2.2109e-29 -5.2312e-30 -1.2103e-30 -2.7387e-31 -6.0625e-32 -1.3131e-32 -2.7833e-33 -5.7743e-34 -1.1726e-34 -2.3313e-35 -4.5379e-36 -8.6492e-37 -1.6143e-37 -2.9507e-38 -5.2821e-39 -9.2613e-40
-1.9459e-06 -7.7461e-06 -1.7280e-05 -3.0320e-05 -4.6507e-05 -6.5319e-05 -8.6056e-05 -1.0785e-04 -1.2968e-04 -1.5044e-04 -1.6903e-04 -1.8443e-04 1.7159e-02 -2.0244e-04 -2.0417e-04 -2.0098e-04 -1.9321e-04 -1.8149e-04 -1.6666e-04 -1.4965e-04 -1.3143e-04 -1.1294e-04 -9.4966e-05 -7.8155e-05 -6.2960e-05 -4.9655e-05 -3.8344e-05 -2.8994e-05 -2.1470e-05 -1.5571e-05 -1.1060e-05 -7.6956e-06 -5.2450e-06 -3.5019e-06 -2.2906e-06 -1.4679e-06 -9.2158e-07 -5.6691e-07 -3.4169e-07 -2.0179e-07 -1.1677e-07 -6.6213e-08 -3.6791e-08 -2.0032e-08 -1.0689e-08 -5.5889e-09 -2.8638e-09 -1.4381e-09 -7.0772e-10 -3.4133e-10 -1.6133e-10 -7.4732e-11 -3.3927e-11 -1.5095e-11 -6.5823e-12 -2.8131e-12 -1.1783e-12 -4.8372e-13 -1.9462e-13 -7.6749e-14 -2.9664e-14 -1.1237e-14 -4.1722e-15 -1.5183e-15 -5.4152e-16 -1.8931e-16 -6.4866e-17 -2.1784e-17 -7.1707e-18 -2.3135e-18 -7.3160e-19 -2.2676e-19 -6.8890e-20 -2.0514e-20 -5.9872e-21 -1.7128e-21 -4.8027e-22 -1.3200e-22 -3.5558e-23 -9.3891e-24 -2.4300e-24 -6.1644e-25 -1.5328e-25 -3.7357e-26 -8.9241e-27 -2.0896e-27 -4.7960e-28 -1.0789e-28 -2.3791e-29 -5.1421e-30 -1.0894e-30 -2.2621e-31 -4.6044e-32 -9.1861e-33 -1.7964e-33 -3.4434e-34 -6.4695e-35 -1.1914e-35 -2.1507e-36 -3.8054e-37 1.9350e-06 7.5750e-06 1.6442e-05 2.7792e-05 4.0695e-05 5.4121e-05 6.7040e-05 7.8517e-05 8.7787e-05 9.4312e-05 9.7807e-05 9.8241e-05 0.0000e+00 9.0905e-05 8.4029e-05 7.5761e-05 6.6685e-05 5.7345e-05 4.8206e-05 3.9631e-05 3.1877e-05 2.5092e-05 1.9335e-05 1.4586e-05 1.0775e-05 7.7954e-06 5.5233e-06 3.8331e-06 2.6055e-06 1.7348e-06 1.1313e-06 7.2266e-07 4.5212e-07 2.7703e-07 1.6623e-07 9.7679e-08 5.6199e-08 3.1655e-08 1.7454e-08 9.4192e-09 4.9741e-09 2.5698e-09 1.2986e-09 6.4161e-10 3.0987e-10 1.4622e-10 6.7381e-11 3.0304e-11 1.3292e-11 5.6803e-12 2.3624e-12 9.5470e-13 3.7412e-13 1.4176e-13 5.1732e-14 1.8070e-14 5.9827e-15 1.8452e-15 5.1176e-16 1.1641e-16 1.3984e-17 -5.7407e-18 -5.9843e-18 -3.4963e-18 -1.6895e-18 -7.3616e-19 -2.9919e-19 -1.1532e-19 -4.2563e-20 -1.5131e-20 -5.2016e-21 -1.7340e-21 -5.6164e-22 -1.7702e-22 -5.4358e-23 -1.6276e-23 -4.7558e-24 -1.3568e-24 -3.7813e-25 -1.0299e-25 -2.7421e-26 -7.1395e-27 -1.8182e-27 -4.5300e-28 -1.1044e-28 -2.6349e-29 -6.1532e-30 -1.4066e-30 -3.1482e-31 -6.8989e-32 -1.4804e-32 -3.1107e-33 -6.4017e-34 -1.2903e-34 -2.5473e-35 -4.9259e-36 -9.3309e-37 -1.7315e-37 -3.1476e-38 -5.6056e-39
-1.7251e-06 -6.8946e-06 -1.5480e-05 -2.7399e-05 -4.2478e-05 -6.0400e-05 -8.0672e-05 -1.0260e-04 -1.2531e-04 -1.4777e-04 -1.6885e-04 -1.8741e-04 -2.0244e-04 1.9889e-02 -2.1879e-04 -2.1928e-04 -2.1467e-04 -2.0537e-04 -1.9207e-04 -1.7567e-04 -1.5716e-04 -1.3758e-04 -1.1785e-04 -9.8814e-05 -8.1105e-05 -6.5176e-05 -5.1283e-05 -3.9515e-05 -2.9818e-05 -2.2038e-05 -1.5953e-05 -1.1313e-05 -7.8583e-06 -5.3476e-06 -3.5652e-06 -2.3287e-06 -1.4903e-06 -9.3448e-07 -5.7415e-07 -3.4565e-07 -2.0390e-07 -1.1787e-07 -6.6769e-08 -3.7064e-08 -2.0162e-08 -1.0748e-08 -5.6152e-09 -2.8749e-09 -1.4425e-09 -7.0935e-10 -3.4186e-10 -1.6147e-10 -7.4743e-11 -3.3909e-11 -1.5077e-11 -6.5706e-12 -2.8064e-12 -1.1748e-12 -4.8202e-13 -1.9383e-13 -7.6397e-14 -2.9512e-14 -1.1174e-14 -4.1468e-15 -1.5083e-15 -5.3774e-16 -1.8790e-16 -6.4356e-17 -2.1604e-17 -7.1086e-18 -2.2926e-18 -7.2469e-19 -2.2454e-19 -6.8190e-20 -2.0298e-20 -5.9222e-21 -1.6936e-21 -4.7474e-22 -1.3043e-22 -3.5126e-23 -9.2722e-24 -2.3990e-24 -6.0840e-25 -1.5124e-25 -3.6849e-26 -8.8005e-27 -2.0601e-27 -4.7270e-28 -1.0631e-28 -2.3437e-29 -5.0644e-30 -1.0727e-30 -2.2269e-31 -4.5317e-32 -9.0391e-33 -1.7673e-33 -3.3868e-34 -6.3619e-35 -1.1714e-35 -2.1141e-36 1.7139e-06 6.7185e-06 1.4615e-05 2.4782e-05 3.6431e-05 4.8681e-05 6.0638e-05 7.1469e-05 8.0472e-05 8.7121e-05 9.1106e-05 9.2331e-05 9.0905e-05 0.0000e+00 8.1366e-05 7.4158e-05 6.6008e-05 5.7420e-05 4.8841e-05 4.0640e-05 3.3090e-05 2.6372e-05 2.0576e-05 1.5720e-05 1.1760e-05 8.6164e-06 6.1827e-06 4.3449e-06 2.9904e-06 2.0157e-06 1.3305e-06 8.6004e-07 5.4431e-07 3.3727e-07 2.0456e-07 1.2144e-07 7.0542e-08 4.0089e-08 2.2283e-08 1.2110e-08 6.4325e-09 3.3380e-09 1.6914e-09 8.3627e-10 4.0314e-10 1.8929e-10 8.6452e-11 3.8342e-11 1.6474e-11 6.8354e-12 2.7258e-12 1.0372e-12 3.7202e-13 1.2300e-13 3.5680e-14 7.8067e-15 2.4247e-16 -1.1092e-15 -9.1996e-16 -5.4496e-16 -2.7939e-16 -1.3131e-16 -5.8013e-17 -2.4415e-17 -9.8650e-18 -3.8461e-18 -1.4518e-18 -5.3192e-19 -1.8948e-19 -6.5719e-20 -2.2215e-20 -7.3252e-21 -2.3576e-21 -7.4109e-22 -2.2761e-22 -6.8326e-23 -2.0055e-23 -5.7568e-24 -1.6166e-24 -4.4415e-25 -1.1942e-25 -3.1425e-26 -8.0947e-27 -2.0413e-27 -5.0401e-28 -1.2185e-28 -2.8849e-29 -6.6888e-30 -1.5189e-30 -3.3783e-31 -7.3599e-32 -1.5706e-32 -3.2835e-33 -6.7246e-34 -1.3492e-34 -2.6521e-35 -5.1076e-36 -9.6376e-37 -1.7818e-37 -3.2278e-38
-1.4840e-06 -5.9562e-06 -1.3465e-05 -2.4055e-05 -3.7716e-05 -5.4326e-05 -7.3600e-05 -9.5049e-05 -1.1797e-04 -1.4144e-04 -1.6441e-04 -1.8570e-04 -2.0417e-04 -2.1879e-04 2.2818e-02 -2.3345e-04 -2.3275e-04 -2.2679e-04 -2.1605e-04 -2.0129e-04 -1.8346e-04 -1.6361e-04 -1.4280e-04 -1.2199e-04 -1.0203e-04 -8.3546e-05 -6.6989e-05 -5.2602e-05 -4.0453e-05 -3.0471e-05 -2.2482e-05 -1.6249e-05 -1.1504e-05 -7.9800e-06 -5.4230e-06 -3.6108e-06 -2.3556e-06 -1.5058e-06 -9.4312e-07 -5.7883e-07 -3.4812e-07 -2.0516e-07 -1.1849e-07 -6.7059e-08 -3.7193e-08 -2.0216e-08 -1.0768e-08 -5.6216e-09 -2.8761e-09 -1.4421e-09 -7.0867e-10 -3.4131e-10 -1.6111e-10 -7.4532e-11 -3.3794e-11 -1.5018e-11 -6.5411e-12 -2.7924e-12 -1.1683e-12 -4.7913e-13 -1.9258e-13 -7.5869e-14 -2.9296e-14 -1.1087e-14 -4.1129e-15 -1.4954e-15 -5.3291e-16 -1.8615e-16 -6.3731e-17 -2.1387e-17 -7.0345e-18 -2.2679e-18 -7.1666e-19 -2.2198e-19 -6.7391e-20 -2.0054e-20 -5.8493e-21 -1.6723e-21 -4.6862e-22 -1.2872e-22 -3.4655e-23 -9.1454e-24 -2.3656e-24 -5.9979e-25 -1.4906e-25 -3.6310e-26 -8.6696e-27 -2.0290e-27 -4.6547e-28 -1.0466e-28 -2.3068e-29 -4.9837e-30 -1.0553e-30 -2.1905e-31 -4.4568e-32 -8.8880e-33 -1.7374e-33 -3.3289e-34 -6.2521e-35 -1.1510e-35 1.4729e-06 5.7822e-06 1.2609e-05 2.1450e-05 3.1667e-05 4.2532e-05 5.3294e-05 6.3237e-05 7.1735e-05 7.8299e-05 8.2604e-05 8.4504e-05 8.4029e-05 8.1366e-05 0.0000e+00 7.0813e-05 6.3764e-05 5.6130e-05 4.8325e-05 4.0708e-05 3.3561e-05 2.7086e-05 2.1402e-05 1.6559e-05 1.2546e-05 9.3080e-06 6.7627e-06 4.8113e-06 3.3516e-06 2.2860e-06 1.5263e-06 9.9755e-07 6.3803e-07 3.9929e-07 2.4443e-07 1.4632e-07 8.5625e-08 4.8961e-08 2.7341e-08 1.4902e-08 7.9211e-09 4.1022e-09 2.0673e-09 1.0121e-09 4.8032e-10 2.2030e-10 9.7228e-11 4.1015e-11 1.6359e-11 6.0491e-12 1.9892e-12 5.1767e-13 5.0960e-14 -5.9708e-14 -6.2241e-14 -4.2222e-14 -2.4303e-14 -1.2728e-14 -6.2444e-15 -2.9123e-15 -1.3025e-15 -5.6165e-16 -2.3437e-16 -9.4885e-17 -3.7341e-17 -1.4305e-17 -5.3401e-18 -1.9444e-18 -6.9100e-19 -2.3981e-19 -8.1316e-20 -2.6950e-20 -8.7325e-21 -2.7673e-21 -8.5787e-22 -2.6020e-22 -7.7231e-23 -2.2436e-23 -6.3802e-24 -1.7762e-24 -4.8415e-25 -1.2922e-25 -3.3775e-26 -8.6453e-27 -2.1674e-27 -5.3221e-28 -1.2801e-28 -3.0161e-29 -6.9615e-30 -1.5741e-30 -3.4870e-31 -7.5679e-32 -1.6092e-32 -3.3528e-33 -6.8443e-34 -1.3690e-34 -2.6832e-35 -5.1531e-36 -9.6977e-37 -1.7884e-37
-1.2403e-06 -5.0008e-06 -1.1389e-05 -2.0545e-05 -3.2594e-05 -4.7584e-05 -6.5423e-05 -8.5828e-05 -1.0829e-04 -1.3206e-04 -1.5619e-04 -1.7955e-04 -2.0098e-04 -2.1928e-04 -2.3345e-04 2.5947e-02 -2.4642e-04 -2.4457e-04 -2.3735e-04 -2.2528e-04 -2.0919e-04 -1.9008e-04 -1.6904e-04 -1.4715e-04 -1.2541e-04 -1.0465e-04 -8.5518e-05 -6.8438e-05 -5.3642e-05 -4.1182e-05 -3.0970e-05 -2.2816e-05 -1.6467e-05 -1.1643e-05 -8.0661e-06 -5.4750e-06 -3.6412e-06 -2.3729e-06 -1.5152e-06 -9.4813e-07 -5.8137e-07 -3.4933e-07 -2.0570e-07 -1.1870e-07 -6.7129e-08 -3.7204e-08 -2.0207e-08 -1.0757e-08 -5.6117e-09 -2.8692e-09 -1.4378e-09 -7.0614e-10 -3.3990e-10 -1.6035e-10 -7.4146e-11 -3.3602e-11 -1.4925e-11 -6.4978e-12 -2.7726e-12 -1.1596e-12 -4.7533e-13 -1.9098e-13 -7.5207e-14 -2.9029e-14 -1.0982e-14 -4.0724e-15 -1.4802e-15 -5.2731e-16 -1.8413e-16 -6.3019e-17 -2.1141e-17 -6.9517e-18 -2.2406e-18 -7.0782e-19 -2.1918e-19 -6.6523e-20 -1.9791e-20 -5.7710e-21 -1.6495e-21 -4.6212e-22 -1.2690e-22 -3.4159e-23 -9.0123e-24 -2.3307e-24 -5.9080e-25 -1.4679e-25 -3.5751e-26 -8.5345e-27 -1.9970e-27 -4.5803e-28 -1.0297e-28 -2.2692e-29 -4.9014e-30 -1.0377e-30 -2.1536e-31 -4.3810e-32 -8.7354e-33 -1.7073e-33 -3.2707e-34 -6.1419e-35 1.2298e-06 4.8352e-06 1.0570e-05 1.8047e-05 2.6763e-05 3.6141e-05 4.5571e-05 5.4459e-05 6.2266e-05 6.8549e-05 7.2989e-05 7.5404e-05 7.5761e-05 7.4158e-05 7.0813e-05 0.0000e+00 6.0169e-05 5.3612e-05 4.6731e-05 3.9860e-05 3.3279e-05 2.7200e-05 2.1766e-05 1.7054e-05 1.3083e-05 9.8275e-06 7.2271e-06 5.2029e-06 3.6663e-06 2.5283e-06 1.7059e-06 1.1259e-06 7.2669e-07 4.5846e-07 2.8260e-07 1.7011e-07 9.9925e-08 5.7233e-08 3.1929e-08 1.7326e-08 9.1290e-09 4.6589e-09 2.2952e-09 1.0860e-09 4.8977e-10 2.0778e-10 8.0904e-11 2.7337e-11 6.6674e-12 -1.8667e-13 -1.7631e-12 -1.6261e-12 -1.1221e-12 -6.7800e-13 -3.7729e-13 -1.9784e-13 -9.8957e-14 -4.7565e-14 -2.2074e-14 -9.9235e-15 -4.3314e-15 -1.8388e-15 -7.6018e-16 -3.0637e-16 -1.2046e-16 -4.6241e-17 -1.7338e-17 -6.3523e-18 -2.2752e-18 -7.9683e-19 -2.7296e-19 -9.1479e-20 -2.9999e-20 -9.6277e-21 -3.0244e-21 -9.3009e-22 -2.8004e-22 -8.2557e-23 -2.3833e-23 -6.7380e-24 -1.8657e-24 -5.0598e-25 -1.3441e-25 -3.4976e-26 -8.9158e-27 -2.2265e-27 -5.4471e-28 -1.3056e-28 -3.0662e-29 -7.0551e-30 -1.5906e-30 -3.5136e-31 -7.6055e-32 -1.6132e-32 -3.3528e-33 -6.8286e-34 -1.3629e-34 -2.6656e-35 -5.1090e-36 -9.5962e-37
-1.0083e-06 -4.0850e-06 -9.3752e-06 -1.7087e-05 -2.7444e-05 -4.0629e-05 -5.6715e-05 -7.5610e-05 -9.7007e-05 -1.2036e-04 -1.4487e-04 -1.6954e-04 -1.9321e-04 -2.1467e-04 -2.3275e-04 -2.4642e-04 2.9275e-02 -2.5772e-04 -2.5480e-04 -2.4640e-04 -2.3312e-04 -2.1584e-04 -1.9559e-04 -1.7351e-04 -1.5070e-04 -1.2817e-04 -1.0674e-04 -8.7064e-05 -6.9556e-05 -5.4431e-05 -4.1726e-05 -3.1335e-05 -2.3054e-05 -1.6618e-05 -1.1736e-05 -8.1214e-06 -5.5067e-06 -3.6587e-06 -2.3820e-06 -1.5197e-06 -9.5009e-07 -5.8210e-07 -3.4950e-07 -2.0565e-07 -1.1859e-07 -6.7017e-08 -3.7118e-08 -2.0148e-08 -1.0719e-08 -5.5887e-09 -2.8559e-09 -1.4304e-09 -7.0213e-10 -3.3780e-10 -1.5929e-10 -7.3621e-11 -3.3349e-11 -1.4807e-11 -6.4436e-12 -2.7484e-12 -1.1490e-12 -4.7083e-13 -1.8910e-13 -7.4443e-14 -2.8724e-14 -1.0864e-14 -4.0271e-15 -1.4633e-15 -5.2114e-16 -1.8192e-16 -6.2247e-17 -2.0877e-17 -6.8629e-18 -2.2114e-18 -6.9842e-19 -2.1622e-19 -6.5609e-20 -1.9514e-20 -5.6891e-21 -1.6257e-21 -4.5537e-22 -1.2503e-22 -3.3646e-23 -8.8754e-24 -2.2948e-24 -5.8161e-25 -1.4448e-25 -3.5182e-26 -8.3973e-27 -1.9646e-27 -4.5052e-28 -1.0127e-28 -2.2312e-29 -4.8188e-30 -1.0201e-30 -2.1167e-31 -4.3052e-32 -8.5830e-33 -1.6773e-33 -3.2128e-34 9.9865e-07 3.9328e-06 8.6212e-06 1.4775e-05 2.2015e-05 2.9900e-05 3.7953e-05 4.5696e-05 5.2680e-05 5.8520e-05 6.2913e-05 6.5663e-05 6.6685e-05 6.6008e-05 6.3764e-05 6.0169e-05 0.0000e+00 5.0067e-05 4.4191e-05 3.8172e-05 3.2276e-05 2.6715e-05 2.1649e-05 1.7174e-05 1.3338e-05 1.0139e-05 7.5429e-06 5.4910e-06 3.9105e-06 2.7235e-06 1.8544e-06 1.2338e-06 8.0175e-07 5.0849e-07 3.1450e-07 1.8950e-07 1.1108e-07 6.3239e-08 3.4880e-08 1.8578e-08 9.5085e-09 4.6414e-09 2.1337e-09 9.0226e-10 3.3287e-10 9.0582e-11 3.8936e-13 -2.4707e-11 -2.5376e-11 -1.9119e-11 -1.2550e-11 -7.5721e-12 -4.3009e-12 -2.3291e-12 -1.2117e-12 -6.0849e-13 -2.9597e-13 -1.3977e-13 -6.4190e-14 -2.8709e-14 -1.2517e-14 -5.3241e-15 -2.2109e-15 -8.9679e-16 -3.5546e-16 -1.3774e-16 -5.2188e-17 -1.9342e-17 -7.0131e-18 -2.4882e-18 -8.6403e-19 -2.9368e-19 -9.7720e-20 -3.1835e-20 -1.0155e-20 -3.1724e-21 -9.7053e-22 -2.9080e-22 -8.5345e-23 -2.4534e-23 -6.9089e-24 -1.9059e-24 -5.1510e-25 -1.3638e-25 -3.5380e-26 -8.9923e-27 -2.2394e-27 -5.4643e-28 -1.3065e-28 -3.0609e-29 -7.0270e-30 -1.5808e-30 -3.4850e-31 -7.5288e-32 -1.5939e-32 -3.3069e-33 -6.7235e-34 -1.3397e-34 -2.6161e-35 -5.0066e-36
