1.0170e-04 -2.1530e-04 -1.0070e-05 -6.3822e-08 -5.4956e-11 -6.4327e-15 -1.0233e-19 -2.2115e-25 -6.4899e-32 -2.5852e-39 -1.3973e-47 -1.0244e-56 -1.0185e-66 -1.3730e-77 -2.5089e-89 -6.2137e-102 -2.0854e-115 -9.4838e-130 -5.8432e-145 -4.8772e-161 -5.5144e-178 -8.4451e-196 -1.7517e-214 -4.9210e-234 -1.8721e-254 -9.6452e-276 -6.7290e-298 -6.3586e-321 0.0000e+00 0.0000e+00 0.0000e+00 0.0000e+00 0.0000e+00 0.0000e+00 0.0000e+00 0.0000e+00 0.0000e+00 0.0000e+00 0.0000e+00 0.0000e+00 0.0000e+00 0.0000e+00 0.0000e+00 0.0000e+00 0.0000e+00 0.0000e+00 0.0000e+00 0.0000e+00 0.0000e+00 0.0000e+00 0.0000e+00 0.0000e+00 0.0000e+00 0.0000e+00 0.0000e+00 0.0000e+00 0.0000e+00 0.0000e+00 0.0000e+00 0.0000e+00 0.0000e+00 0.0000e+00 0.0000e+00 0.0000e+00 0.0000e+00 0.0000e+00 0.0000e+00 0.0000e+00 0.0000e+00 0.0000e+00 0.0000e+00 0.0000e+00 0.0000e+00 0.0000e+00 0.0000e+00 0.0000e+00 0.0000e+00 0.0000e+00 0.0000e+00 0.0000e+00 0.0000e+00 0.0000e+00 0.0000e+00 0.0000e+00 0.0000e+00 0.0000e+00 0.0000e+00 0.0000e+00 0.0000e+00 0.0000e+00 0.0000e+00 0.0000e+00 0.0000e+00 0.0000e+00 0.0000e+00 0.0000e+00 0.0000e+00 0.0000e+00 0.0000e+00 0.0000e+00 0.0000e+00 -1.0628e-06 -5.5066e-07 -3.9893e-09 -3.3262e-12 -3.6190e-16 -5.2956e-21 -1.0520e-26 -2.8457e-33 -1.0490e-40 -5.2693e-49 -3.6051e-58 -3.3578e-68 -4.2556e-79 -7.3349e-91 -1.7186e-103 -5.4720e-117 -2.3666e-131 -1.3899e-146 -1.1082e-162 -1.1992e-179 -1.7609e-197 -3.5079e-216 -9.4785e-236 -3.4734e-256 -1.7260e-277 -1.1628e-299 -1.0869e-322 0.0000e+00 0.0000e+00 0.0000e+00 0.0000e+00 0.0000e+00 0.0000e+00 0.0000e+00 0.0000e+00 0.0000e+00 0.0000e+00 0.0000e+00 0.0000e+00 0.0000e+00 0.0000e+00 0.0000e+00 0.0000e+00 0.0000e+00 0.0000e+00 0.0000e+00 0.0000e+00 0.0000e+00 0.0000e+00 0.0000e+00 0.0000e+00 0.0000e+00 0.0000e+00 0.0000e+00 0.0000e+00 0.0000e+00 0.0000e+00 0.0000e+00 0.0000e+00 0.0000e+00 0.0000e+00 0.0000e+00 0.0000e+00 0.0000e+00 0.0000e+00 0.0000e+00 0.0000e+00 0.0000e+00 0.0000e+00 0.0000e+00 0.0000e+00 0.0000e+00 0.0000e+00 0.0000e+00 0.0000e+00 0.0000e+00 0.0000e+00 0.0000e+00 0.0000e+00 0.0000e+00 0.0000e+00 0.0000e+00 0.0000e+00 0.0000e+00 0.0000e+00 0.0000e+00 0.0000e+00 0.0000e+00 0.0000e+00 0.0000e+00 0.0000e+00 0.0000e+00 0.0000e+00 0.0000e+00 0.0000e+00 0.0000e+00 0.0000e+00 0.0000e+00 0.0000e+00
-2.1530e-04 4.0452e-04 -1.7040e-04 -7.7258e-06 -4.8049e-08 -4.0869e-11 -4.7432e-15 -7.4990e-20 -1.6131e-25 -4.7166e-32 -1.8734e-39 -1.0101e-47 -7.3915e-57 -7.3369e-67 -9.8764e-78 -1.8026e-89 -4.4596e-102 -1.4954e-115 -6.7947e-130 -4.1834e-145 -3.4895e-161 -3.9430e-178 -6.0354e-196 -1.2513e-214 -3.5136e-234 -1.3362e-254 -6.8813e-276 -4.7991e-298 -4.5306e-321 0.0000e+00 0.0000e+00 0.0000e+00 0.0000e+00 0.0000e+00 0.0000e+00 0.0000e+00 0.0000e+00 0.0000e+00 0.0000e+00 0.0000e+00 0.0000e+00 0.0000e+00 0.0000e+00 0.0000e+00 0.0000e+00 0.0000e+00 0.0000e+00 0.0000e+00 0.0000e+00 0.0000e+00 0.0000e+00 0.0000e+00 0.0000e+00 0.0000e+00 0.0000e+00 0.0000e+00 0.0000e+00 0.0000e+00 0.0000e+00 0.0000e+00 0.0000e+00 0.0000e+00 0.0000e+00 0.0000e+00 0.0000e+00 0.0000e+00 0.0000e+00 0.0000e+00 0.0000e+00 0.0000e+00 0.0000e+00 0.0000e+00 0.0000e+00 0.0000e+00 0.0000e+00 0.0000e+00 0.0000e+00 0.0000e+00 0.0000e+00 0.0000e+00 0.0000e+00 0.0000e+00 0.0000e+00 0.0000e+00 0.0000e+00 0.0000e+00 0.0000e+00 0.0000e+00 0.0000e+00 0.0000e+00 0.0000e+00 0.0000e+00 0.0000e+00 0.0000e+00 0.0000e+00 0.0000e+00 0.0000e+00 0.0000e+00 0.0000e+00 0.0000e+00 -1.0628e-06 0.0000e+00 -9.5863e-06 -3.6751e-07 -1.9498e-09 -1.4383e-12 -1.4702e-16 -2.0742e-21 -4.0254e-27 -1.0717e-33 -3.9062e-41 -1.9457e-49 -1.3227e-58 -1.2258e-68 -1.5474e-79 -2.6584e-91 -6.2123e-104 -1.9735e-117 -8.5195e-132 -4.9956e-147 -3.9775e-163 -4.2991e-180 -6.3060e-198 -1.2550e-216 -3.3888e-236 -1.2408e-256 -6.1618e-278 -4.1490e-300 -3.9525e-323 0.0000e+00 0.0000e+00 0.0000e+00 0.0000e+00 0.0000e+00 0.0000e+00 0.0000e+00 0.0000e+00 0.0000e+00 0.0000e+00 0.0000e+00 0.0000e+00 0.0000e+00 0.0000e+00 0.0000e+00 0.0000e+00 0.0000e+00 0.0000e+00 0.0000e+00 0.0000e+00 0.0000e+00 0.0000e+00 0.0000e+00 0.0000e+00 0.0000e+00 0.0000e+00 0.0000e+00 0.0000e+00 0.0000e+00 0.0000e+00 0.0000e+00 0.0000e+00 0.0000e+00 0.0000e+00 0.0000e+00 0.0000e+00 0.0000e+00 0.0000e+00 0.0000e+00 0.0000e+00 0.0000e+00 0.0000e+00 0.0000e+00 0.0000e+00 0.0000e+00 0.0000e+00 0.0000e+00 0.0000e+00 0.0000e+00 0.0000e+00 0.0000e+00 0.0000e+00 0.0000e+00 0.0000e+00 0.0000e+00 0.0000e+00 0.0000e+00 0.0000e+00 0.0000e+00 0.0000e+00 0.0000e+00 0.0000e+00 0.0000e+00 0.0000e+00 0.0000e+00 0.0000e+00 0.0000e+00 0.0000e+00 0.0000e+00 0.0000e+00 0.0000e+00
-1.0070e-05 -1.7040e-04 9.0621e-04 -1.3360e-04 -6.0817e-06 -3.7970e-08 -3.2403e-11 -3.7711e-15 -5.9761e-20 -1.2881e-25 -3.7727e-32 -1.5006e-39 -8.1021e-48 -5.9352e-57 -5.8972e-67 -7.9454e-78 -1.4513e-89 -3.5931e-102 -1.2056e-115 -5.4812e-130 -3.3764e-145 -2.8178e-161 -3.1854e-178 -4.8778e-196 -1.0117e-214 -2.8418e-234 -1.0813e-254 -5.5706e-276 -3.8862e-298 -3.6709e-321 0.0000e+00 0.0000e+00 0.0000e+00 0.0000e+00 0.0000e+00 0.0000e+00 0.0000e+00 0.0000e+00 0.0000e+00 0.0000e+00 0.0000e+00 0.0000e+00 0.0000e+00 0.0000e+00 0.0000e+00 0.0000e+00 0.0000e+00 0.0000e+00 0.0000e+00 0.0000e+00 0.0000e+00 0.0000e+00 0.0000e+00 0.0000e+00 0.0000e+00 0.0000e+00 0.0000e+00 0.0000e+00 0.0000e+00 0.0000e+00 0.0000e+00 0.0000e+00 0.0000e+00 0.0000e+00 0.0000e+00 0.0000e+00 0.0000e+00 0.0000e+00 0.0000e+00 0.0000e+00 0.0000e+00 0.0000e+00 0.0000e+00 0.0000e+00 0.0000e+00 0.0000e+00 0.0000e+00 0.0000e+00 0.0000e+00 0.0000e+00 0.0000e+00 0.0000e+00 0.0000e+00 0.0000e+00 0.0000e+00 0.0000e+00 0.0000e+00 0.0000e+00 0.0000e+00 0.0000e+00 0.0000e+00 0.0000e+00 0.0000e+00 0.0000e+00 0.0000e+00 0.0000e+00 0.0000e+00 0.0000e+00 0.0000e+00 0.0000e+00 -5.5066e-07 -9.5863e-06 0.0000e+00 -4.7017e-06 -1.7780e-07 -9.4751e-10 -7.0467e-13 -7.2637e-17 -1.0327e-21 -2.0180e-27 -5.4053e-34 -1.9805e-41 -9.9110e-50 -6.7653e-59 -6.2928e-69 -7.9693e-80 -1.3732e-91 -3.2174e-104 -1.0246e-117 -4.4325e-132 -2.6043e-147 -2.0773e-163 -2.2490e-180 -3.3041e-198 -6.5853e-217 -1.7803e-236 -6.5274e-257 -3.2452e-278 -2.1875e-300 -1.9763e-323 0.0000e+00 0.0000e+00 0.0000e+00 0.0000e+00 0.0000e+00 0.0000e+00 0.0000e+00 0.0000e+00 0.0000e+00 0.0000e+00 0.0000e+00 0.0000e+00 0.0000e+00 0.0000e+00 0.0000e+00 0.0000e+00 0.0000e+00 0.0000e+00 0.0000e+00 0.0000e+00 0.0000e+00 0.0000e+00 0.0000e+00 0.0000e+00 0.0000e+00 0.0000e+00 0.0000e+00 0.0000e+00 0.0000e+00 0.0000e+00 0.0000e+00 0.0000e+00 0.0000e+00 0.0000e+00 0.0000e+00 0.0000e+00 0.0000e+00 0.0000e+00 0.0000e+00 0.0000e+00 0.0000e+00 0.0000e+00 0.0000e+00 0.0000e+00 0.0000e+00 0.0000e+00 0.0000e+00 0.0000e+00 0.0000e+00 0.0000e+00 0.0000e+00 0.0000e+00 0.0000e+00 0.0000e+00 0.0000e+00 0.0000e+00 0.0000e+00 0.0000e+00 0.0000e+00 0.0000e+00 0.0000e+00 0.0000e+00 0.0000e+00 0.0000e+00 0.0000e+00 0.0000e+00 0.0000e+00 0.0000e+00 0.0000e+00 0.0000e+00
-6.3822e-08 -7.7258e-06 -1.3360e-04 1.6070e-03 -1.0819e-04 -4.9734e-06 -3.1280e-08 -2.6847e-11 -3.1388e-15 -4.9927e-20 -1.0794e-25 -3.1698e-32 -1.2637e-39 -6.8357e-48 -5.0159e-57 -4.9911e-67 -6.7334e-78 -1.2313e-89 -3.0517e-102 -1.0251e-115 -4.6650e-130 -2.8751e-145 -2.4011e-161 -2.7162e-178 -4.1619e-196 -8.6367e-215 -2.4273e-234 -9.2382e-255 -4.7613e-276 -3.3230e-298 -3.1423e-321 0.0000e+00 0.0000e+00 0.0000e+00 0.0000e+00 0.0000e+00 0.0000e+00 0.0000e+00 0.0000e+00 0.0000e+00 0.0000e+00 0.0000e+00 0.0000e+00 0.0000e+00 0.0000e+00 0.0000e+00 0.0000e+00 0.0000e+00 0.0000e+00 0.0000e+00 0.0000e+00 0.0000e+00 0.0000e+00 0.0000e+00 0.0000e+00 0.0000e+00 0.0000e+00 0.0000e+00 0.0000e+00 0.0000e+00 0.0000e+00 0.0000e+00 0.0000e+00 0.0000e+00 0.0000e+00 0.0000e+00 0.0000e+00 0.0000e+00 0.0000e+00 0.0000e+00 0.0000e+00 0.0000e+00 0.0000e+00 0.0000e+00 0.0000e+00 0.0000e+00 0.0000e+00 0.0000e+00 0.0000e+00 0.0000e+00 0.0000e+00 0.0000e+00 0.0000e+00 0.0000e+00 0.0000e+00 0.0000e+00 0.0000e+00 0.0000e+00 0.0000e+00 0.0000e+00 0.0000e+00 0.0000e+00 0.0000e+00 0.0000e+00 0.0000e+00 0.0000e+00 0.0000e+00 0.0000e+00 0.0000e+00 0.0000e+00 -3.9893e-09 -3.6751e-07 -4.7017e-06 0.0000e+00 -2.4583e-06 -9.5795e-08 -5.2262e-10 -3.9594e-13 -4.1426e-17 -5.9620e-22 -1.1769e-27 -3.1794e-34 -1.1735e-41 -5.9096e-50 -4.0562e-59 -3.7912e-69 -4.8220e-80 -8.3406e-92 -1.9610e-104 -6.2640e-118 -2.7176e-132 -1.6008e-147 -1.2799e-163 -1.3887e-180 -2.0442e-198 -4.0817e-217 -1.1054e-236 -4.0592e-257 -2.0211e-278 -1.3642e-300 -1.4822e-323 0.0000e+00 0.0000e+00 0.0000e+00 0.0000e+00 0.0000e+00 0.0000e+00 0.0000e+00 0.0000e+00 0.0000e+00 0.0000e+00 0.0000e+00 0.0000e+00 0.0000e+00 0.0000e+00 0.0000e+00 0.0000e+00 0.0000e+00 0.0000e+00 0.0000e+00 0.0000e+00 0.0000e+00 0.0000e+00 0.0000e+00 0.0000e+00 0.0000e+00 0.0000e+00 0.0000e+00 0.0000e+00 0.0000e+00 0.0000e+00 0.0000e+00 0.0000e+00 0.0000e+00 0.0000e+00 0.0000e+00 0.0000e+00 0.0000e+00 0.0000e+00 0.0000e+00 0.0000e+00 0.0000e+00 0.0000e+00 0.0000e+00 0.0000e+00 0.0000e+00 0.0000e+00 0.0000e+00 0.0000e+00 0.0000e+00 0.0000e+00 0.0000e+00 0.0000e+00 0.0000e+00 0.0000e+00 0.0000e+00 0.0000e+00 0.0000e+00 0.0000e+00 0.0000e+00 0.0000e+00 0.0000e+00 0.0000e+00 0.0000e+00 0.0000e+00 0.0000e+00 0.0000e+00 0.0000e+00 0.0000e+00 0.0000e+00
-5.4956e-11 -4.8049e-08 -6.0817e-06 -1.0819e-04 2.5073e-03 -9.0380e-05 -4.1936e-06 -2.6564e-08 -2.2927e-11 -2.6926e-15 -4.2987e-20 -9.3228e-26 -2.7450e-32 -1.0968e-39 -5.9446e-48 -4.3705e-57 -4.3558e-67 -5.8828e-78 -1.0771e-89 -2.6724e-102 -8.9840e-116 -4.0918e-130 -2.5246e-145 -2.1100e-161 -2.3886e-178 -3.6622e-196 -7.6044e-215 -2.1384e-234 -8.1427e-255 -4.1988e-276 -2.9317e-298 -2.7717e-321 0.0000e+00 0.0000e+00 0.0000e+00 0.0000e+00 0.0000e+00 0.0000e+00 0.0000e+00 0.0000e+00 0.0000e+00 0.0000e+00 0.0000e+00 0.0000e+00 0.0000e+00 0.0000e+00 0.0000e+00 0.0000e+00 0.0000e+00 0.0000e+00 0.0000e+00 0.0000e+00 0.0000e+00 0.0000e+00 0.0000e+00 0.0000e+00 0.0000e+00 0.0000e+00 0.0000e+00 0.0000e+00 0.0000e+00 0.0000e+00 0.0000e+00 0.0000e+00 0.0000e+00 0.0000e+00 0.0000e+00 0.0000e+00 0.0000e+00 0.0000e+00 0.0000e+00 0.0000e+00 0.0000e+00 0.0000e+00 0.0000e+00 0.0000e+00 0.0000e+00 0.0000e+00 0.0000e+00 0.0000e+00 0.0000e+00 0.0000e+00 0.0000e+00 0.0000e+00 0.0000e+00 0.0000e+00 0.0000e+00 0.0000e+00 0.0000e+00 0.0000e+00 0.0000e+00 0.0000e+00 0.0000e+00 0.0000e+00 0.0000e+00 0.0000e+00 0.0000e+00 0.0000e+00 0.0000e+00 0.0000e+00 -3.3262e-12 -1.9498e-09 -1.7780e-07 -2.4583e-06 0.0000e+00 -1.4160e-06 -5.6841e-08 -3.1721e-10 -2.4465e-13 -2.5969e-17 -3.7817e-22 -7.5392e-28 -2.0539e-34 -7.6358e-42 -3.8695e-50 -2.6706e-59 -2.5083e-69 -3.2040e-80 -5.5635e-92 -1.3126e-104 -4.2061e-118 -1.8301e-132 -1.0808e-147 -8.6624e-164 -9.4195e-181 -1.3894e-198 -2.7797e-217 -7.5411e-237 -2.7739e-257 -1.3833e-278 -9.3507e-301 -9.8813e-324 0.0000e+00 0.0000e+00 0.0000e+00 0.0000e+00 0.0000e+00 0.0000e+00 0.0000e+00 0.0000e+00 0.0000e+00 0.0000e+00 0.0000e+00 0.0000e+00 0.0000e+00 0.0000e+00 0.0000e+00 0.0000e+00 0.0000e+00 0.0000e+00 0.0000e+00 0.0000e+00 0.0000e+00 0.0000e+00 0.0000e+00 0.0000e+00 0.0000e+00 0.0000e+00 0.0000e+00 0.0000e+00 0.0000e+00 0.0000e+00 0.0000e+00 0.0000e+00 0.0000e+00 0.0000e+00 0.0000e+00 0.0000e+00 0.0000e+00 0.0000e+00 0.0000e+00 0.0000e+00 0.0000e+00 0.0000e+00 0.0000e+00 0.0000e+00 0.0000e+00 0.0000e+00 0.0000e+00 0.0000e+00 0.0000e+00 0.0000e+00 0.0000e+00 0.0000e+00 0.0000e+00 0.0000e+00 0.0000e+00 0.0000e+00 0.0000e+00 0.0000e+00 0.0000e+00 0.0000e+00 0.0000e+00 0.0000e+00 0.0000e+00 0.0000e+00 0.0000e+00 0.0000e+00 0.0000e+00 0.0000e+00
-6.4327e-15 -4.0869e-11 -3.7970e-08 -4.9734e-06 -9.0380e-05 3.6075e-03 -7.7405e-05 -3.6200e-06 -2.3071e-08 -2.0011e-11 -2.3597e-15 -3.7800e-20 -8.2213e-26 -2.4272e-32 -9.7162e-40 -5.2761e-48 -3.8846e-57 -3.8770e-67 -5.2444e-78 -9.6134e-90 -2.3877e-102 -8.0349e-116 -3.6628e-130 -2.2618e-145 -1.8918e-161 -2.1430e-178 -3.2877e-196 -6.8308e-215 -1.9219e-234 -7.3222e-255 -3.7775e-276 -2.6387e-298 -2.4950e-321 0.0000e+00 0.0000e+00 0.0000e+00 0.0000e+00 0.0000e+00 0.0000e+00 0.0000e+00 0.0000e+00 0.0000e+00 0.0000e+00 0.0000e+00 0.0000e+00 0.0000e+00 0.0000e+00 0.0000e+00 0.0000e+00 0.0000e+00 0.0000e+00 0.0000e+00 0.0000e+00 0.0000e+00 0.0000e+00 0.0000e+00 0.0000e+00 0.0000e+00 0.0000e+00 0.0000e+00 0.0000e+00 0.0000e+00 0.0000e+00 0.0000e+00 0.0000e+00 0.0000e+00 0.0000e+00 0.0000e+00 0.0000e+00 0.0000e+00 0.0000e+00 0.0000e+00 0.0000e+00 0.0000e+00 0.0000e+00 0.0000e+00 0.0000e+00 0.0000e+00 0.0000e+00 0.0000e+00 0.0000e+00 0.0000e+00 0.0000e+00 0.0000e+00 0.0000e+00 0.0000e+00 0.0000e+00 0.0000e+00 0.0000e+00 0.0000e+00 0.0000e+00 0.0000e+00 0.0000e+00 0.0000e+00 0.0000e+00 0.0000e+00 0.0000e+00 0.0000e+00 0.0000e+00 0.0000e+00 -3.6190e-16 -1.4383e-12 -9.4751e-10 -9.5795e-08 -1.4160e-06 0.0000e+00 -8.8232e-07 -3.6309e-08 -2.0659e-10 -1.6182e-13 -1.7396e-17 -2.5604e-22 -5.1505e-28 -1.4140e-34 -5.2919e-42 -2.6974e-50 -1.8712e-59 -1.7656e-69 -2.2645e-80 -3.9466e-92 -9.3425e-105 -3.0029e-118 -1.3102e-132 -7.7578e-148 -6.2324e-164 -6.7919e-181 -1.0039e-198 -2.0121e-217 -5.4681e-237 -2.0146e-257 -1.0061e-278 -6.8104e-301 -4.9407e-324 0.0000e+00 0.0000e+00 0.0000e+00 0.0000e+00 0.0000e+00 0.0000e+00 0.0000e+00 0.0000e+00 0.0000e+00 0.0000e+00 0.0000e+00 0.0000e+00 0.0000e+00 0.0000e+00 0.0000e+00 0.0000e+00 0.0000e+00 0.0000e+00 0.0000e+00 0.0000e+00 0.0000e+00 0.0000e+00 0.0000e+00 0.0000e+00 0.0000e+00 0.0000e+00 0.0000e+00 0.0000e+00 0.0000e+00 0.0000e+00 0.0000e+00 0.0000e+00 0.0000e+00 0.0000e+00 0.0000e+00 0.0000e+00 0.0000e+00 0.0000e+00 0.0000e+00 0.0000e+00 0.0000e+00 0.0000e+00 0.0000e+00 0.0000e+00 0.0000e+00 0.0000e+00 0.0000e+00 0.0000e+00 0.0000e+00 0.0000e+00 0.0000e+00 0.0000e+00 0.0000e+00 0.0000e+00 0.0000e+00 0.0000e+00 0.0000e+00 0.0000e+00 0.0000e+00 0.0000e+00 0.0000e+00 0.0000e+00 0.0000e+00 0.0000e+00 0.0000e+00 0.0000e+00 0.0000e+00
-1.0233e-19 -4.7432e-15 -3.2403e-11 -3.1280e-08 -4.1936e-06 -7.7405e-05 4.9076e-03 -6.7598e-05 -3.1819e-06 -2.0385e-08 -1.7756e-11 -2.1018e-15 -3.3762e-20 -7.3618e-26 -2.1778e-32 -8.7369e-40 -4.7525e-48 -3.5044e-57 -3.5024e-67 -4.7434e-78 -8.7048e-90 -2.1642e-102 -7.2895e-116 -3.3258e-130 -2.0553e-145 -1.7203e-161 -1.9500e-178 -2.9935e-196 -6.2231e-215 -1.7518e-234 -6.6777e-255 -3.4466e-276 -2.4087e-298 -2.2776e-321 0.0000e+00 0.0000e+00 0.0000e+00 0.0000e+00 0.0000e+00 0.0000e+00 0.0000e+00 0.0000e+00 0.0000e+00 0.0000e+00 0.0000e+00 0.0000e+00 0.0000e+00 0.0000e+00 0.0000e+00 0.0000e+00 0.0000e+00 0.0000e+00 0.0000e+00 0.0000e+00 0.0000e+00 0.0000e+00 0.0000e+00 0.0000e+00 0.0000e+00 0.0000e+00 0.0000e+00 0.0000e+00 0.0000e+00 0.0000e+00 0.0000e+00 0.0000e+00 0.0000e+00 0.0000e+00 0.0000e+00 0.0000e+00 0.0000e+00 0.0000e+00 0.0000e+00 0.0000e+00 0.0000e+00 0.0000e+00 0.0000e+00 0.0000e+00 0.0000e+00 0.0000e+00 0.0000e+00 0.0000e+00 0.0000e+00 0.0000e+00 0.0000e+00 0.0000e+00 0.0000e+00 0.0000e+00 0.0000e+00 0.0000e+00 0.0000e+00 0.0000e+00 0.0000e+00 0.0000e+00 0.0000e+00 0.0000e+00 0.0000e+00 0.0000e+00 0.0000e+00 0.0000e+00 -5.2956e-21 -1.4702e-16 -7.0467e-13 -5.2262e-10 -5.6841e-08 -8.8232e-07 0.0000e+00 -5.8441e-07 -2.4542e-08 -1.4192e-10 -1.1265e-13 -1.2244e-17 -1.8190e-22 -3.6884e-28 -1.0196e-34 -3.8389e-42 -1.9672e-50 -1.3712e-59 -1.2992e-69 -1.6728e-80 -2.9255e-92 -6.9472e-105 -2.2394e-118 -9.7966e-133 -5.8146e-148 -4.6815e-164 -5.1121e-181 -7.5697e-199 -1.5198e-217 -4.1365e-237 -1.5262e-257 -7.6319e-279 -5.1724e-301 -4.9407e-324 0.0000e+00 0.0000e+00 0.0000e+00 0.0000e+00 0.0000e+00 0.0000e+00 0.0000e+00 0.0000e+00 0.0000e+00 0.0000e+00 0.0000e+00 0.0000e+00 0.0000e+00 0.0000e+00 0.0000e+00 0.0000e+00 0.0000e+00 0.0000e+00 0.0000e+00 0.0000e+00 0.0000e+00 0.0000e+00 0.0000e+00 0.0000e+00 0.0000e+00 0.0000e+00 0.0000e+00 0.0000e+00 0.0000e+00 0.0000e+00 0.0000e+00 0.0000e+00 0.0000e+00 0.0000e+00 0.0000e+00 0.0000e+00 0.0000e+00 0.0000e+00 0.0000e+00 0.0000e+00 0.0000e+00 0.0000e+00 0.0000e+00 0.0000e+00 0.0000e+00 0.0000e+00 0.0000e+00 0.0000e+00 0.0000e+00 0.0000e+00 0.0000e+00 0.0000e+00 0.0000e+00 0.0000e+00 0.0000e+00 0.0000e+00 0.0000e+00 0.0000e+00 0.0000e+00 0.0000e+00 0.0000e+00 0.0000e+00 0.0000e+00 0.0000e+00 0.0000e+00 0.0000e+00
-2.2115e-25 -7.4990e-20 -3.7711e-15 -2.6847e-11 -2.6564e-08 -3.6200e-06 -6.7598e-05 6.4077e-03 -5.9951e-05 -2.8372e-06 -1.8257e-08 -1.5961e-11 -1.8946e-15 -3.0522e-20 -6.6706e-26 -1.9772e-32 -7.9464e-40 -4.3293e-48 -3.1968e-57 -3.1990e-67 -4.3375e-78 -7.9680e-90 -1.9829e-102 -6.6846e-116 -3.0522e-130 -1.8876e-145 -1.5810e-161 -1.7933e-178 -2.7546e-196 -5.7296e-215 -1.6138e-234 -6.1545e-255 -3.1781e-276 -2.2220e-298 -2.1047e-321 0.0000e+00 0.0000e+00 0.0000e+00 0.0000e+00 0.0000e+00 0.0000e+00 0.0000e+00 0.0000e+00 0.0000e+00 0.0000e+00 0.0000e+00 0.0000e+00 0.0000e+00 0.0000e+00 0.0000e+00 0.0000e+00 0.0000e+00 0.0000e+00 0.0000e+00 0.0000e+00 0.0000e+00 0.0000e+00 0.0000e+00 0.0000e+00 0.0000e+00 0.0000e+00 0.0000e+00 0.0000e+00 0.0000e+00 0.0000e+00 0.0000e+00 0.0000e+00 0.0000e+00 0.0000e+00 0.0000e+00 0.0000e+00 0.0000e+00 0.0000e+00 0.0000e+00 0.0000e+00 0.0000e+00 0.0000e+00 0.0000e+00 0.0000e+00 0.0000e+00 0.0000e+00 0.0000e+00 0.0000e+00 0.0000e+00 0.0000e+00 0.0000e+00 0.0000e+00 0.0000e+00 0.0000e+00 0.0000e+00 0.0000e+00 0.0000e+00 0.0000e+00 0.0000e+00 0.0000e+00 0.0000e+00 0.0000e+00 0.0000e+00 0.0000e+00 0.0000e+00 -1.0520e-26 -2.0742e-21 -7.2637e-17 -3.9594e-13 -3.1721e-10 -3.6309e-08 -5.8441e-07 0.0000e+00 -4.0609e-07 -1.7340e-08 -1.0165e-10 -8.1599e-14 -8.9539e-18 -1.3411e-22 -2.7385e-28 -7.6171e-35 -2.8837e-42 -1.4849e-50 -1.0395e-59 -9.8883e-70 -1.2777e-80 -2.2415e-92 -5.3383e-105 -1.7253e-118 -7.5650e-133 -4.4997e-148 -3.6300e-164 -3.9709e-181 -5.8897e-199 -1.1843e-217 -3.2281e-237 -1.1926e-257 -5.9718e-279 -4.0524e-301 -4.9407e-324 0.0000e+00 0.0000e+00 0.0000e+00 0.0000e+00 0.0000e+00 0.0000e+00 0.0000e+00 0.0000e+00 0.0000e+00 0.0000e+00 0.0000e+00 0.0000e+00 0.0000e+00 0.0000e+00 0.0000e+00 0.0000e+00 0.0000e+00 0.0000e+00 0.0000e+00 0.0000e+00 0.0000e+00 0.0000e+00 0.0000e+00 0.0000e+00 0.0000e+00 0.0000e+00 0.0000e+00 0.0000e+00 0.0000e+00 0.0000e+00 0.0000e+00 0.0000e+00 0.0000e+00 0.0000e+00 0.0000e+00 0.0000e+00 0.0000e+00 0.0000e+00 0.0000e+00 0.0000e+00 0.0000e+00 0.0000e+00 0.0000e+00 0.0000e+00 0.0000e+00 0.0000e+00 0.0000e+00 0.0000e+00 0.0000e+00 0.0000e+00 0.0000e+00 0.0000e+00 0.0000e+00 0.0000e+00 0.0000e+00 0.0000e+00 0.0000e+00 0.0000e+00 0.0000e+00 0.0000e+00 0.0000e+00 0.0000e+00 0.0000e+00 0.0000e+00 0.0000e+00
-6.4899e-32 -1.6131e-25 -5.9761e-20 -3.1388e-15 -2.2927e-11 -2.3071e-08 -3.1819e-06 -5.9951e-05 8.1078e-03 -5.3834e-05 -2.5592e-06 -1.6529e-08 -1.4496e-11 -1.7254e-15 -2.7861e-20 -6.1015e-26 -1.8118e-32 -7.2931e-40 -3.9790e-48 -2.9419e-57 -2.9473e-67 -4.0004e-78 -7.3560e-90 -1.8322e-102 -6.1817e-116 -2.8247e-130 -1.7482e-145 -1.4652e-161 -1.6629e-178 -2.5558e-196 -5.3190e-215 -1.4989e-234 -5.7190e-255 -2.9545e-276 -2.0665e-298 -1.9565e-321 0.0000e+00 0.0000e+00 0.0000e+00 0.0000e+00 0.0000e+00 0.0000e+00 0.0000e+00 0.0000e+00 0.0000e+00 0.0000e+00 0.0000e+00 0.0000e+00 0.0000e+00 0.0000e+00 0.0000e+00 0.0000e+00 0.0000e+00 0.0000e+00 0.0000e+00 0.0000e+00 0.0000e+00 0.0000e+00 0.0000e+00 0.0000e+00 0.0000e+00 0.0000e+00 0.0000e+00 0.0000e+00 0.0000e+00 0.0000e+00 0.0000e+00 0.0000e+00 0.0000e+00 0.0000e+00 0.0000e+00 0.0000e+00 0.0000e+00 0.0000e+00 0.0000e+00 0.0000e+00 0.0000e+00 0.0000e+00 0.0000e+00 0.0000e+00 0.0000e+00 0.0000e+00 0.0000e+00 0.0000e+00 0.0000e+00 0.0000e+00 0.0000e+00 0.0000e+00 0.0000e+00 0.0000e+00 0.0000e+00 0.0000e+00 0.0000e+00 0.0000e+00 0.0000e+00 0.0000e+00 0.0000e+00 0.0000e+00 0.0000e+00 0.0000e+00 -2.8457e-33 -4.0254e-27 -1.0327e-21 -4.1426e-17 -2.4465e-13 -2.0659e-10 -2.4542e-08 -4.0609e-07 0.0000e+00 -2.9320e-07 -1.2695e-08 -7.5273e-11 -6.1014e-14 -6.7509e-18 -1.0184e-22 -2.0928e-28 -5.8534e-35 -2.2269e-42 -1.1517e-50 -8.0942e-60 -7.7265e-70 -1.0015e-80 -1.7619e-92 -4.2068e-105 -1.3627e-118 -5.8437e-133 -3.5688e-148 -2.8843e-164 -3.1607e-181 -4.6957e-199 -9.4571e-218 -2.5817e-237 -9.5523e-258 -4.7900e-279 -3.2551e-301 -4.9407e-324 0.0000e+00 0.0000e+00 0.0000e+00 0.0000e+00 0.0000e+00 0.0000e+00 0.0000e+00 0.0000e+00 0.0000e+00 0.0000e+00 0.0000e+00 0.0000e+00 0.0000e+00 0.0000e+00 0.0000e+00 0.0000e+00 0.0000e+00 0.0000e+00 0.0000e+00 0.0000e+00 0.0000e+00 0.0000e+00 0.0000e+00 0.0000e+00 0.0000e+00 0.0000e+00 0.0000e+00 0.0000e+00 0.0000e+00 0.0000e+00 0.0000e+00 0.0000e+00 0.0000e+00 0.0000e+00 0.0000e+00 0.0000e+00 0.0000e+00 0.0000e+00 0.0000e+00 0.0000e+00 0.0000e+00 0.0000e+00 0.0000e+00 0.0000e+00 0.0000e+00 0.0000e+00 0.0000e+00 0.0000e+00 0.0000e+00 0.0000e+00 0.0000e+00 0.0000e+00 0.0000e+00 0.0000e+00 0.0000e+00 0.0000e+00 0.0000e+00 0.0000e+00 0.0000e+00 0.0000e+00 0.0000e+00 0.0000e+00 0.0000e+00 0.0000e+00
-2.5852e-39 -4.7166e-32 -1.2881e-25 -4.9927e-20 -2.6926e-15 -2.0011e-11 -2.0385e-08 -2.8372e-06 -5.3834e-05 1.0008e-02 -4.8834e-05 -2.3303e-06 -1.5099e-08 -1.3278e-11 -1.5842e-15 -2.5634e-20 -5.6240e-26 -1.6727e-32 -6.7429e-40 -3.6836e-48 -2.7267e-57 -2.7347e-67 -3.7155e-78 -6.8381e-90 -1.7047e-102 -5.7557e-116 -2.6320e-130 -1.6300e-145 -1.3669e-161 -1.5524e-178 -2.3871e-196 -4.9705e-215 -1.4013e-234 -5.3491e-255 -2.7645e-276 -1.9344e-298 -1.8330e-321 0.0000e+00 0.0000e+00 0.0000e+00 0.0000e+00 0.0000e+00 0.0000e+00 0.0000e+00 0.0000e+00 0.0000e+00 0.0000e+00 0.0000e+00 0.0000e+00 0.0000e+00 0.0000e+00 0.0000e+00 0.0000e+00 0.0000e+00 0.0000e+00 0.0000e+00 0.0000e+00 0.0000e+00 0.0000e+00 0.0000e+00 0.0000e+00 0.0000e+00 0.0000e+00 0.0000e+00 0.0000e+00 0.0000e+00 0.0000e+00 0.0000e+00 0.0000e+00 0.0000e+00 0.0000e+00 0.0000e+00 0.0000e+00 0.0000e+00 0.0000e+00 0.0000e+00 0.0000e+00 0.0000e+00 0.0000e+00 0.0000e+00 0.0000e+00 0.0000e+00 0.0000e+00 0.0000e+00 0.0000e+00 0.0000e+00 0.0000e+00 0.0000e+00 0.0000e+00 0.0000e+00 0.0000e+00 0.0000e+00 0.0000e+00 0.0000e+00 0.0000e+00 0.0000e+00 0.0000e+00 0.0000e+00 0.0000e+00 0.0000e+00 -1.0490e-40 -1.0717e-33 -2.0180e-27 -5.9620e-22 -2.5969e-17 -1.6182e-13 -1.4192e-10 -1.7340e-08 -2.9320e-07 0.0000e+00 -2.1842e-07 -9.5671e-09 -5.7287e-11 -4.6828e-14 -5.2191e-18 -7.9237e-23 -1.6374e-28 -4.6021e-35 -1.7585e-42 -9.1300e-51 -6.4385e-60 -6.1651e-70 -8.0131e-81 -1.4134e-92 -3.3827e-105 -1.0982e-118 -4.8357e-133 -2.8877e-148 -2.3382e-164 -2.5670e-181 -3.8205e-199 -7.7076e-218 -2.1076e-237 -7.8111e-258 -3.9231e-279 -2.6701e-301 -0.0000e+00 0.0000e+00 0.0000e+00 0.0000e+00 0.0000e+00 0.0000e+00 0.0000e+00 0.0000e+00 0.0000e+00 0.0000e+00 0.0000e+00 0.0000e+00 0.0000e+00 0.0000e+00 0.0000e+00 0.0000e+00 0.0000e+00 0.0000e+00 0.0000e+00 0.0000e+00 0.0000e+00 0.0000e+00 0.0000e+00 0.0000e+00 0.0000e+00 0.0000e+00 0.0000e+00 0.0000e+00 0.0000e+00 0.0000e+00 0.0000e+00 0.0000e+00 0.0000e+00 0.0000e+00 0.0000e+00 0.0000e+00 0.0000e+00 0.0000e+00 0.0000e+00 0.0000e+00 0.0000e+00 0.0000e+00 0.0000e+00 0.0000e+00 0.0000e+00 0.0000e+00 0.0000e+00 0.0000e+00 0.0000e+00 0.0000e+00 0.0000e+00 0.0000e+00 0.0000e+00 0.0000e+00 0.0000e+00 0.0000e+00 0.0000e+00 0.0000e+00 0.0000e+00 0.0000e+00 0.0000e+00 0.0000e+00 0.0000e+00 0.0000e+00
-1.3973e-47 -1.8734e-39 -3.7727e-32 -1.0794e-25 -4.2987e-20 -2.3597e-15 -1.7756e-11 -1.8257e-08 -2.5592e-06 -4.8834e-05 1.2108e-02 -4.4676e-05 -2.1388e-06 -1.3897e-08 -1.2250e-11 -1.4646e-15 -2.3741e-20 -5.2173e-26 -1.5540e-32 -6.2727e-40 -3.4309e-48 -2.5424e-57 -2.5523e-67 -3.4709e-78 -6.3935e-90 -1.5951e-102 -5.3895e-116 -2.4662e-130 -1.5282e-145 -1.2824e-161 -1.4571e-178 -2.2417e-196 -4.6698e-215 -1.3171e-234 -5.0296e-255 -2.6003e-276 -1.8201e-298 -1.7243e-321 0.0000e+00 0.0000e+00 0.0000e+00 0.0000e+00 0.0000e+00 0.0000e+00 0.0000e+00 0.0000e+00 0.0000e+00 0.0000e+00 0.0000e+00 0.0000e+00 0.0000e+00 0.0000e+00 0.0000e+00 0.0000e+00 0.0000e+00 0.0000e+00 0.0000e+00 0.0000e+00 0.0000e+00 0.0000e+00 0.0000e+00 0.0000e+00 0.0000e+00 0.0000e+00 0.0000e+00 0.0000e+00 0.0000e+00 0.0000e+00 0.0000e+00 0.0000e+00 0.0000e+00 0.0000e+00 0.0000e+00 0.0000e+00 0.0000e+00 0.0000e+00 0.0000e+00 0.0000e+00 0.0000e+00 0.0000e+00 0.0000e+00 0.0000e+00 0.0000e+00 0.0000e+00 0.0000e+00 0.0000e+00 0.0000e+00 0.0000e+00 0.0000e+00 0.0000e+00 0.0000e+00 0.0000e+00 0.0000e+00 0.0000e+00 0.0000e+00 0.0000e+00 0.0000e+00 0.0000e+00 0.0000e+00 0.0000e+00 -5.2693e-49 -3.9062e-41 -5.4053e-34 -1.1769e-27 -3.7817e-22 -1.7396e-17 -1.1265e-13 -1.0165e-10 -1.2695e-08 -2.1842e-07 0.0000e+00 -1.6697e-07 -7.3862e-09 -4.4609e-11 -3.6732e-14 -4.1201e-18 -6.2899e-23 -1.3061e-28 -3.6868e-35 -1.4141e-42 -7.3674e-51 -5.2117e-60 -5.0046e-70 -6.5221e-81 -1.1533e-92 -2.7666e-105 -9.0021e-119 -3.9725e-133 -2.3772e-148 -1.9287e-164 -2.1215e-181 -3.1634e-199 -6.3936e-218 -1.7514e-237 -6.5015e-258 -3.2706e-279 -2.2293e-301 -0.0000e+00 0.0000e+00 0.0000e+00 0.0000e+00 0.0000e+00 0.0000e+00 0.0000e+00 0.0000e+00 0.0000e+00 0.0000e+00 0.0000e+00 0.0000e+00 0.0000e+00 0.0000e+00 0.0000e+00 0.0000e+00 0.0000e+00 0.0000e+00 0.0000e+00 0.0000e+00 0.0000e+00 0.0000e+00 0.0000e+00 0.0000e+00 0.0000e+00 0.0000e+00 0.0000e+00 0.0000e+00 0.0000e+00 0.0000e+00 0.0000e+00 0.0000e+00 0.0000e+00 0.0000e+00 0.0000e+00 0.0000e+00 0.0000e+00 0.0000e+00 0.0000e+00 0.0000e+00 0.0000e+00 0.0000e+00 0.0000e+00 0.0000e+00 0.0000e+00 0.0000e+00 0.0000e+00 0.0000e+00 0.0000e+00 0.0000e+00 0.0000e+00 0.0000e+00 0.0000e+00 0.0000e+00 0.0000e+00 0.0000e+00 0.0000e+00 0.0000e+00 0.0000e+00 0.0000e+00 0.0000e+00 0.0000e+00 0.0000e+00
-1.0244e-56 -1.0101e-47 -1.5006e-39 -3.1698e-32 -9.3228e-26 -3.7800e-20 -2.1018e-15 -1.5961e-11 -1.6529e-08 -2.3303e-06 -4.4676e-05 1.4408e-02 -4.1164e-05 -1.9762e-06 -1.2871e-08 -1.1370e-11 -1.3618e-15 -2.2113e-20 -4.8666e-26 -1.4515e-32 -5.8660e-40 -3.2119e-48 -2.3826e-57 -2.3941e-67 -3.2585e-78 -6.0068e-90 -1.4997e-102 -5.0706e-116 -2.3217e-130 -1.4395e-145 -1.2085e-161 -1.3738e-178 -2.1145e-196 -4.4067e-215 -1.2434e-234 -4.7497e-255 -2.4564e-276 -1.7199e-298 -1.6304e-321 0.0000e+00 0.0000e+00 0.0000e+00 0.0000e+00 0.0000e+00 0.0000e+00 0.0000e+00 0.0000e+00 0.0000e+00 0.0000e+00 0.0000e+00 0.0000e+00 0.0000e+00 0.0000e+00 0.0000e+00 0.0000e+00 0.0000e+00 0.0000e+00 0.0000e+00 0.0000e+00 0.0000e+00 0.0000e+00 0.0000e+00 0.0000e+00 0.0000e+00 0.0000e+00 0.0000e+00 0.0000e+00 0.0000e+00 0.0000e+00 0.0000e+00 0.0000e+00 0.0000e+00 0.0000e+00 0.0000e+00 0.0000e+00 0.0000e+00 0.0000e+00 0.0000e+00 0.0000e+00 0.0000e+00 0.0000e+00 0.0000e+00 0.0000e+00 0.0000e+00 0.0000e+00 0.0000e+00 0.0000e+00 0.0000e+00 0.0000e+00 0.0000e+00 0.0000e+00 0.0000e+00 0.0000e+00 0.0000e+00 0.0000e+00 0.0000e+00 0.0000e+00 0.0000e+00 0.0000e+00 0.0000e+00 -3.6051e-58 -1.9457e-49 -1.9805e-41 -3.1794e-34 -7.5392e-28 -2.5604e-22 -1.2244e-17 -8.1599e-14 -7.5273e-11 -9.5671e-09 -1.6697e-07 0.0000e+00 -1.3045e-07 -5.8199e-09 -3.5412e-11 -2.9345e-14 -3.3096e-18 -5.0770e-23 -1.0588e-28 -3.0002e-35 -1.1548e-42 -6.0354e-51 -4.2822e-60 -4.1236e-70 -5.3883e-81 -9.5522e-93 -2.2970e-105 -7.4916e-119 -3.3133e-133 -1.9869e-148 -1.6154e-164 -1.7803e-181 -2.6595e-199 -5.3845e-218 -1.4773e-237 -5.4925e-258 -2.7668e-279 -1.8883e-301 -0.0000e+00 0.0000e+00 0.0000e+00 0.0000e+00 0.0000e+00 0.0000e+00 0.0000e+00 0.0000e+00 0.0000e+00 0.0000e+00 0.0000e+00 0.0000e+00 0.0000e+00 0.0000e+00 0.0000e+00 0.0000e+00 0.0000e+00 0.0000e+00 0.0000e+00 0.0000e+00 0.0000e+00 0.0000e+00 0.0000e+00 0.0000e+00 0.0000e+00 0.0000e+00 0.0000e+00 0.0000e+00 0.0000e+00 0.0000e+00 0.0000e+00 0.0000e+00 0.0000e+00 0.0000e+00 0.0000e+00 0.0000e+00 0.0000e+00 0.0000e+00 0.0000e+00 0.0000e+00 0.0000e+00 0.0000e+00 0.0000e+00 0.0000e+00 0.0000e+00 0.0000e+00 0.0000e+00 0.0000e+00 0.0000e+00 0.0000e+00 0.0000e+00 0.0000e+00 0.0000e+00 0.0000e+00 0.0000e+00 0.0000e+00 0.0000e+00 0.0000e+00 0.0000e+00 0.0000e+00 0.0000e+00 0.0000e+00
-1.0185e-66 -7.3915e-57 -8.1021e-48 -1.2637e-39 -2.7450e-32 -8.2213e-26 -3.3762e-20 -1.8946e-15 -1.4496e-11 -1.5099e-08 -2.1388e-06 -4.1164e-05 1.6908e-02 -3.8161e-05 -1.8364e-06 -1.1986e-08 -1.0608e-11 -1.2727e-15 -2.0696e-20 -4.5610e-26 -1.3620e-32 -5.5104e-40 -3.0203e-48 -2.2425e-57 -2.2552e-67 -3.0719e-78 -5.6668e-90 -1.4157e-102 -4.7895e-116 -2.1942e-130 -1.3611e-145 -1.1432e-161 -1.3002e-178 -2.0020e-196 -4.1737e-215 -1.1780e-234 -4.5015e-255 -2.3288e-276 -1.6310e-298 -1.5464e-321 0.0000e+00 0.0000e+00 0.0000e+00 0.0000e+00 0.0000e+00 0.0000e+00 0.0000e+00 0.0000e+00 0.0000e+00 0.0000e+00 0.0000e+00 0.0000e+00 0.0000e+00 0.0000e+00 0.0000e+00 0.0000e+00 0.0000e+00 0.0000e+00 0.0000e+00 0.0000e+00 0.0000e+00 0.0000e+00 0.0000e+00 0.0000e+00 0.0000e+00 0.0000e+00 0.0000e+00 0.0000e+00 0.0000e+00 0.0000e+00 0.0000e+00 0.0000e+00 0.0000e+00 0.0000e+00 0.0000e+00 0.0000e+00 0.0000e+00 0.0000e+00 0.0000e+00 0.0000e+00 0.0000e+00 0.0000e+00 0.0000e+00 0.0000e+00 0.0000e+00 0.0000e+00 0.0000e+00 0.0000e+00 0.0000e+00 0.0000e+00 0.0000e+00 0.0000e+00 0.0000e+00 0.0000e+00 0.0000e+00 0.0000e+00 0.0000e+00 0.0000e+00 0.0000e+00 0.0000e+00 -3.3578e-68 -1.3227e-58 -9.9110e-50 -1.1735e-41 -2.0539e-34 -5.1505e-28 -1.8190e-22 -8.9539e-18 -6.1014e-14 -5.7287e-11 -7.3862e-09 -1.3045e-07 0.0000e+00 -1.0382e-07 -4.6664e-09 -2.8572e-11 -2.3807e-14 -2.6329e-18 -4.1567e-23 -8.7023e-29 -2.4749e-35 -9.5577e-43 -5.0111e-51 -3.5661e-60 -3.4437e-70 -4.5120e-81 -8.0192e-93 -1.9331e-105 -6.3192e-119 -2.8009e-133 -1.6831e-148 -1.3710e-164 -1.5136e-181 -2.2648e-199 -4.5920e-218 -1.2616e-237 -4.6960e-258 -2.3681e-279 -1.6177e-301 -0.0000e+00 0.0000e+00 0.0000e+00 0.0000e+00 0.0000e+00 0.0000e+00 0.0000e+00 0.0000e+00 0.0000e+00 0.0000e+00 0.0000e+00 0.0000e+00 0.0000e+00 0.0000e+00 0.0000e+00 0.0000e+00 0.0000e+00 0.0000e+00 0.0000e+00 0.0000e+00 0.0000e+00 0.0000e+00 0.0000e+00 0.0000e+00 0.0000e+00 0.0000e+00 0.0000e+00 0.0000e+00 0.0000e+00 0.0000e+00 0.0000e+00 0.0000e+00 0.0000e+00 0.0000e+00 0.0000e+00 0.0000e+00 0.0000e+00 0.0000e+00 0.0000e+00 0.0000e+00 0.0000e+00 0.0000e+00 0.0000e+00 0.0000e+00 0.0000e+00 0.0000e+00 0.0000e+00 0.0000e+00 0.0000e+00 0.0000e+00 0.0000e+00 0.0000e+00 0.0000e+00 0.0000e+00 0.0000e+00 0.0000e+00 0.0000e+00 0.0000e+00 0.0000e+00 0.0000e+00 0.0000e+00
-1.3730e-77 -7.3369e-67 -5.9352e-57 -6.8357e-48 -1.0968e-39 -2.4272e-32 -7.3618e-26 -3.0522e-20 -1.7254e-15 -1.3278e-11 -1.3897e-08 -1.9762e-06 -3.8161e-05 1.9608e-02 -3.5563e-05 -1.7151e-06 -1.1215e-08 -9.9422e-12 -1.1946e-15 -1.9453e-20 -4.2923e-26 -1.2832e-32 -5.1968e-40 -2.8510e-48 -2.1186e-57 -2.1322e-67 -2.9063e-78 -5.3648e-90 -1.3410e-102 -4.5393e-116 -2.0806e-130 -1.2912e-145 -1.0850e-161 -1.2344e-178 -1.9014e-196 -3.9654e-215 -1.1196e-234 -4.2795e-255 -2.2146e-276 -1.5515e-298 -1.4723e-321 0.0000e+00 0.0000e+00 0.0000e+00 0.0000e+00 0.0000e+00 0.0000e+00 0.0000e+00 0.0000e+00 0.0000e+00 0.0000e+00 0.0000e+00 0.0000e+00 0.0000e+00 0.0000e+00 0.0000e+00 0.0000e+00 0.0000e+00 0.0000e+00 0.0000e+00 0.0000e+00 0.0000e+00 0.0000e+00 0.0000e+00 0.0000e+00 0.0000e+00 0.0000e+00 0.0000e+00 0.0000e+00 0.0000e+00 0.0000e+00 0.0000e+00 0.0000e+00 0.0000e+00 0.0000e+00 0.0000e+00 0.0000e+00 0.0000e+00 0.0000e+00 0.0000e+00 0.0000e+00 0.0000e+00 0.0000e+00 0.0000e+00 0.0000e+00 0.0000e+00 0.0000e+00 0.0000e+00 0.0000e+00 0.0000e+00 0.0000e+00 0.0000e+00 0.0000e+00 0.0000e+00 0.0000e+00 0.0000e+00 0.0000e+00 0.0000e+00 0.0000e+00 0.0000e+00 -4.2556e-79 -1.2258e-68 -6.7653e-59 -5.9096e-50 -7.6358e-42 -1.4140e-34 -3.6884e-28 -1.3411e-22 -6.7509e-18 -4.6828e-14 -4.4609e-11 -5.8199e-09 -1.0382e-07 0.0000e+00 -8.3965e-08 -3.7983e-09 -2.3376e-11 -1.9572e-14 -2.2279e-18 -3.4464e-23 -7.2424e-29 -2.0669e-35 -8.0088e-43 -4.2122e-51 -3.0064e-60 -2.9114e-70 -3.8246e-81 -6.8144e-93 -1.6464e-105 -5.3935e-119 -2.3953e-133 -1.4419e-148 -1.1764e-164 -1.3007e-181 -1.9487e-199 -3.9555e-218 -1.0878e-237 -4.0525e-258 -2.0450e-279 -1.3978e-301 -0.0000e+00 0.0000e+00 0.0000e+00 0.0000e+00 0.0000e+00 0.0000e+00 0.0000e+00 0.0000e+00 0.0000e+00 0.0000e+00 0.0000e+00 0.0000e+00 0.0000e+00 0.0000e+00 0.0000e+00 0.0000e+00 0.0000e+00 0.0000e+00 0.0000e+00 0.0000e+00 0.0000e+00 0.0000e+00 0.0000e+00 0.0000e+00 0.0000e+00 0.0000e+00 0.0000e+00 0.0000e+00 0.0000e+00 0.0000e+00 0.0000e+00 0.0000e+00 0.0000e+00 0.0000e+00 0.0000e+00 0.0000e+00 0.0000e+00 0.0000e+00 0.0000e+00 0.0000e+00 0.0000e+00 0.0000e+00 0.0000e+00 0.0000e+00 0.0000e+00 0.0000e+00 0.0000e+00 0.0000e+00 0.0000e+00 0.0000e+00 0.0000e+00 0.0000e+00 0.0000e+00 0.0000e+00 0.0000e+00 0.0000e+00 0.0000e+00 0.0000e+00 0.0000e+00 0.0000e+00
-2.5089e-89 -9.8764e-78 -5.8972e-67 -5.0159e-57 -5.9446e-48 -9.7162e-40 -2.1778e-32 -6.6706e-26 -2.7861e-20 -1.5842e-15 -1.2250e-11 -1.2871e-08 -1.8364e-06 -3.5563e-05 2.2508e-02 -3.3294e-05 -1.6087e-06 -1.0537e-08 -9.3558e-12 -1.1257e-15 -1.8353e-20 -4.0540e-26 -1.2132e-32 -4.9177e-40 -2.7001e-48 -2.0079e-57 -2.0222e-67 -2.7581e-78 -5.0941e-90 -1.2740e-102 -4.3146e-116 -1.9785e-130 -1.2284e-145 -1.0326e-161 -1.1752e-178 -1.8109e-196 -3.7778e-215 -1.0670e-234 -4.0797e-255 -2.1118e-276 -1.4799e-298 -1.4031e-321 0.0000e+00 0.0000e+00 0.0000e+00 0.0000e+00 0.0000e+00 0.0000e+00 0.0000e+00 0.0000e+00 0.0000e+00 0.0000e+00 0.0000e+00 0.0000e+00 0.0000e+00 0.0000e+00 0.0000e+00 0.0000e+00 0.0000e+00 0.0000e+00 0.0000e+00 0.0000e+00 0.0000e+00 0.0000e+00 0.0000e+00 0.0000e+00 0.0000e+00 0.0000e+00 0.0000e+00 0.0000e+00 0.0000e+00 0.0000e+00 0.0000e+00 0.0000e+00 0.0000e+00 0.0000e+00 0.0000e+00 0.0000e+00 0.0000e+00 0.0000e+00 0.0000e+00 0.0000e+00 0.0000e+00 0.0000e+00 0.0000e+00 0.0000e+00 0.0000e+00 0.0000e+00 0.0000e+00 0.0000e+00 0.0000e+00 0.0000e+00 0.0000e+00 0.0000e+00 0.0000e+00 0.0000e+00 0.0000e+00 0.0000e+00 0.0000e+00 0.0000e+00 -7.3349e-91 -1.5474e-79 -6.2928e-69 -4.0562e-59 -3.8695e-50 -5.2919e-42 -1.0196e-34 -2.7385e-28 -1.0184e-22 -5.2191e-18 -3.6732e-14 -3.5412e-11 -4.6664e-09 -8.3965e-08 0.0000e+00 -6.8855e-08 -3.1326e-09 -1.9361e-11 -1.6284e-14 -1.8615e-18 -2.8909e-23 -6.0975e-29 -1.7462e-35 -6.7880e-43 -3.5810e-51 -2.5631e-60 -2.4886e-70 -3.2771e-81 -5.8517e-93 -1.4167e-105 -4.6492e-119 -2.0680e-133 -1.2467e-148 -1.0184e-164 -1.1272e-181 -1.6902e-199 -3.4336e-218 -9.4485e-238 -3.5218e-258 -1.7779e-279 -1.2156e-301 -0.0000e+00 0.0000e+00 0.0000e+00 0.0000e+00 0.0000e+00 0.0000e+00 0.0000e+00 0.0000e+00 0.0000e+00 0.0000e+00 0.0000e+00 0.0000e+00 0.0000e+00 0.0000e+00 0.0000e+00 0.0000e+00 0.0000e+00 0.0000e+00 0.0000e+00 0.0000e+00 0.0000e+00 0.0000e+00 0.0000e+00 0.0000e+00 0.0000e+00 0.0000e+00 0.0000e+00 0.0000e+00 0.0000e+00 0.0000e+00 0.0000e+00 0.0000e+00 0.0000e+00 0.0000e+00 0.0000e+00 0.0000e+00 0.0000e+00 0.0000e+00 0.0000e+00 0.0000e+00 0.0000e+00 0.0000e+00 0.0000e+00 0.0000e+00 0.0000e+00 0.0000e+00 0.0000e+00 0.0000e+00 0.0000e+00 0.0000e+00 0.0000e+00 0.0000e+00 0.0000e+00 0.0000e+00 0.0000e+00 0.0000e+00 0.0000e+00 0.0000e+00 0.0000e+00
-6.2137e-102 -1.8026e-89 -7.9454e-78 -4.9911e-67 -4.3705e-57 -5.2761e-48 -8.7369e-40 -1.9772e-32 -6.1015e-26 -2.5634e-20 -1.4646e-15 -1.1370e-11 -1.1986e-08 -1.7151e-06 -3.3294e-05 2.5608e-02 -3.1296e-05 -1.5147e-06 -9.9364e-09 -8.8352e-12 -1.0643e-15 -1.7372e-20 -3.8411e-26 -1.1505e-32 -4.6672e-40 -2.5645e-48 -1.9083e-57 -1.9231e-67 -2.6244e-78 -4.8497e-90 -1.2135e-102 -4.1114e-116 -1.8861e-130 -1.1715e-145 -9.8515e-162 -1.1216e-178 -1.7290e-196 -3.6081e-215 -1.0194e-234 -3.9368e-255 -2.0359e-276 -1.4152e-298 -1.3439e-321 0.0000e+00 0.0000e+00 0.0000e+00 0.0000e+00 0.0000e+00 0.0000e+00 0.0000e+00 0.0000e+00 0.0000e+00 0.0000e+00 0.0000e+00 0.0000e+00 0.0000e+00 0.0000e+00 0.0000e+00 0.0000e+00 0.0000e+00 0.0000e+00 0.0000e+00 0.0000e+00 0.0000e+00 0.0000e+00 0.0000e+00 0.0000e+00 0.0000e+00 0.0000e+00 0.0000e+00 0.0000e+00 0.0000e+00 0.0000e+00 0.0000e+00 0.0000e+00 0.0000e+00 0.0000e+00 0.0000e+00 0.0000e+00 0.0000e+00 0.0000e+00 0.0000e+00 0.0000e+00 0.0000e+00 0.0000e+00 0.0000e+00 0.0000e+00 0.0000e+00 0.0000e+00 0.0000e+00 0.0000e+00 0.0000e+00 0.0000e+00 0.0000e+00 0.0000e+00 0.0000e+00 0.0000e+00 0.0000e+00 0.0000e+00 0.0000e+00 -1.7186e-103 -2.6584e-91 -7.9693e-80 -3.7912e-69 -2.6706e-59 -2.6974e-50 -3.8389e-42 -7.6171e-35 -2.0928e-28 -7.9237e-23 -4.1201e-18 -2.9345e-14 -2.8572e-11 -3.7983e-09 -6.8855e-08 0.0000e+00 -5.7159e-08 -2.6137e-09 -1.6218e-11 -1.3701e-14 -1.5725e-18 -2.4514e-23 -5.1890e-29 -1.4909e-35 -5.8133e-43 -3.0753e-51 -2.2068e-60 -2.1476e-70 -2.8338e-81 -5.0693e-93 -1.2292e-105 -4.0397e-119 -1.7991e-133 -1.0856e-148 -8.8760e-165 -9.8311e-182 -1.4751e-199 -2.9979e-218 -8.2525e-238 -3.0768e-258 -1.5536e-279 -1.0624e-301 -0.0000e+00 0.0000e+00 0.0000e+00 0.0000e+00 0.0000e+00 0.0000e+00 0.0000e+00 0.0000e+00 0.0000e+00 0.0000e+00 0.0000e+00 0.0000e+00 0.0000e+00 0.0000e+00 0.0000e+00 0.0000e+00 0.0000e+00 0.0000e+00 0.0000e+00 0.0000e+00 0.0000e+00 0.0000e+00 0.0000e+00 0.0000e+00 0.0000e+00 0.0000e+00 0.0000e+00 0.0000e+00 0.0000e+00 0.0000e+00 0.0000e+00 0.0000e+00 0.0000e+00 0.0000e+00 0.0000e+00 0.0000e+00 0.0000e+00 0.0000e+00 0.0000e+00 0.0000e+00 0.0000e+00 0.0000e+00 0.0000e+00 0.0000e+00 0.0000e+00 0.0000e+00 0.0000e+00 0.0000e+00 0.0000e+00 0.0000e+00 0.0000e+00 0.0000e+00 0.0000e+00 0.0000e+00 0.0000e+00 0.0000e+00 0.0000e+00 0.0000e+00
-2.0854e-115 -4.4596e-102 -1.4513e-89 -6.7334e-78 -4.3558e-67 -3.8846e-57 -4.7525e-48 -7.9464e-40 -1.8118e-32 -5.6240e-26 -2.3741e-20 -1.3618e-15 -1.0608e-11 -1.1215e-08 -1.6087e-06 -3.1296e-05 2.8908e-02 -2.9524e-05 -1.4311e-06 -9.4003e-09 -8.3695e-12 -1.0093e-15 -1.6490e-20 -3.6493e-26 -1.0939e-32 -4.4409e-40 -2.4417e-48 -1.8181e-57 -1.8332e-67 -2.5030e-78 -4.6277e-90 -1.1585e-102 -3.9268e-116 -1.8021e-130 -1.1198e-145 -9.4204e-162 -1.0730e-178 -1.6697e-196 -3.4809e-215 -9.7619e-235 -3.7351e-255 -1.9347e-276 -1.3566e-298 -1.2895e-321 0.0000e+00 0.0000e+00 0.0000e+00 0.0000e+00 0.0000e+00 0.0000e+00 0.0000e+00 0.0000e+00 0.0000e+00 0.0000e+00 0.0000e+00 0.0000e+00 0.0000e+00 0.0000e+00 0.0000e+00 0.0000e+00 0.0000e+00 0.0000e+00 0.0000e+00 0.0000e+00 0.0000e+00 0.0000e+00 0.0000e+00 0.0000e+00 0.0000e+00 0.0000e+00 0.0000e+00 0.0000e+00 0.0000e+00 0.0000e+00 0.0000e+00 0.0000e+00 0.0000e+00 0.0000e+00 0.0000e+00 0.0000e+00 0.0000e+00 0.0000e+00 0.0000e+00 0.0000e+00 0.0000e+00 0.0000e+00 0.0000e+00 0.0000e+00 0.0000e+00 0.0000e+00 0.0000e+00 0.0000e+00 0.0000e+00 0.0000e+00 0.0000e+00 0.0000e+00 0.0000e+00 0.0000e+00 0.0000e+00 0.0000e+00 -5.4720e-117 -6.2123e-104 -1.3732e-91 -4.8220e-80 -2.5083e-69 -1.8712e-59 -1.9672e-50 -2.8837e-42 -5.8534e-35 -1.6374e-28 -6.2899e-23 -3.3096e-18 -2.3807e-14 -2.3376e-11 -3.1326e-09 -5.7159e-08 0.0000e+00 -4.7965e-08 -2.2032e-09 -1.3730e-11 -1.1648e-14 -1.3421e-18 -2.0998e-23 -4.4591e-29 -1.2850e-35 -5.0238e-43 -2.6641e-51 -1.9157e-60 -1.8678e-70 -2.4686e-81 -4.4222e-93 -1.0736e-105 -3.5318e-119 -1.5742e-133 -9.5058e-149 -7.7761e-165 -8.6166e-182 -1.2933e-199 -2.6291e-218 -7.2389e-238 -2.6993e-258 -1.3631e-279 -9.3223e-302 -0.0000e+00 0.0000e+00 0.0000e+00 0.0000e+00 0.0000e+00 0.0000e+00 0.0000e+00 0.0000e+00 0.0000e+00 0.0000e+00 0.0000e+00 0.0000e+00 0.0000e+00 0.0000e+00 0.0000e+00 0.0000e+00 0.0000e+00 0.0000e+00 0.0000e+00 0.0000e+00 0.0000e+00 0.0000e+00 0.0000e+00 0.0000e+00 0.0000e+00 0.0000e+00 0.0000e+00 0.0000e+00 0.0000e+00 0.0000e+00 0.0000e+00 0.0000e+00 0.0000e+00 0.0000e+00 0.0000e+00 0.0000e+00 0.0000e+00 0.0000e+00 0.0000e+00 0.0000e+00 0.0000e+00 0.0000e+00 0.0000e+00 0.0000e+00 0.0000e+00 0.0000e+00 0.0000e+00 0.0000e+00 0.0000e+00 0.0000e+00 0.0000e+00 0.0000e+00 0.0000e+00 0.0000e+00 0.0000e+00 0.0000e+00 0.0000e+00
