1.0199e-04 -1.2494e-03 -1.2488e-03 -1.2479e-03 -1.2468e-03 -1.2454e-03 -1.2438e-03 -1.2419e-03 -1.2398e-03 -1.2374e-03 -1.2348e-03 -1.2320e-03 -1.2289e-03 -1.2256e-03 -1.2221e-03 -1.2183e-03 -1.2143e-03 -1.2100e-03 -1.2056e-03 -1.2009e-03 -1.1960e-03 -1.1908e-03 -1.1855e-03 -1.1799e-03 -1.1742e-03 -1.1682e-03 -1.1620e-03 -1.1556e-03 -1.1491e-03 -1.1423e-03 -1.1354e-03 -1.1282e-03 -1.1209e-03 -1.1135e-03 -1.1058e-03 -1.0980e-03 -1.0900e-03 -1.0818e-03 -1.0736e-03 -1.0651e-03 -1.0565e-03 -1.0478e-03 -1.0389e-03 -1.0299e-03 -1.0208e-03 -1.0116e-03 -1.0022e-03 -9.9272e-04 -9.8314e-04 -9.7345e-04 -9.6367e-04 -9.5380e-04 -9.4384e-04 -9.3380e-04 -9.2367e-04 -9.1348e-04 -9.0322e-04 -8.9289e-04 -8.8251e-04 -8.7207e-04 -8.6158e-04 -8.5105e-04 -8.4048e-04 -8.2988e-04 -8.1925e-04 -8.0859e-04 -7.9790e-04 -7.8721e-04 -7.7650e-04 -7.6578e-04 -7.5506e-04 -7.4434e-04 -7.3363e-04 -7.2293e-04 -7.1224e-04 -7.0157e-04 -6.9092e-04 -6.8029e-04 -6.6970e-04 -6.5913e-04 -6.4861e-04 -6.3812e-04 -6.2768e-04 -6.1729e-04 -6.0695e-04 -5.9666e-04 -5.8643e-04 -5.7626e-04 -5.6615e-04 -5.5611e-04 -5.4613e-04 -5.3623e-04 -5.2641e-04 -5.1666e-04 -5.0698e-04 -4.9739e-04 -4.8789e-04 -4.7847e-04 -4.6914e-04 -4.5990e-04 0.0000e+00 1.2494e-03 1.2488e-03 1.2479e-03 1.2468e-03 1.2454e-03 1.2438e-03 1.2419e-03 1.2398e-03 1.2374e-03 1.2348e-03 1.2320e-03 1.2289e-03 1.2256e-03 1.2221e-03 1.2183e-03 1.2143e-03 1.2100e-03 1.2056e-03 1.2009e-03 1.1960e-03 1.1908e-03 1.1855e-03 1.1799e-03 1.1741e-03 1.1682e-03 1.1620e-03 1.1556e-03 1.1491e-03 1.1423e-03 1.1354e-03 1.1282e-03 1.1209e-03 1.1134e-03 1.1058e-03 1.0979e-03 1.0900e-03 1.0818e-03 1.0735e-03 1.0651e-03 1.0565e-03 1.0477e-03 1.0389e-03 1.0299e-03 1.0208e-03 1.0115e-03 1.0021e-03 9.9267e-04 9.8309e-04 9.7340e-04 9.6362e-04 9.5375e-04 9.4379e-04 9.3374e-04 9.2362e-04 9.1342e-04 9.0316e-04 8.9283e-04 8.8245e-04 8.7201e-04 8.6152e-04 8.5099e-04 8.4042e-04 8.2981e-04 8.1918e-04 8.0851e-04 7.9783e-04 7.8713e-04 7.7642e-04 7.6571e-04 7.5499e-04 7.4427e-04 7.3355e-04 7.2285e-04 7.1216e-04 7.0148e-04 6.9083e-04 6.8021e-04 6.6961e-04 6.5905e-04 6.4852e-04 6.3804e-04 6.2760e-04 6.1720e-04 6.0686e-04 5.9657e-04 5.8634e-04 5.7617e-04 5.6606e-04 5.5602e-04 5.4604e-04 5.3614e-04 5.2631e-04 5.1656e-04 5.0689e-04 4.9730e-04 4.8780e-04 4.7838e-04 4.6905e-04 4.5980e-04
-1.2494e-03 4.0796e-04 -1.2484e-03 -1.2475e-03 -1.2464e-03 -1.2450e-03 -1.2434e-03 -1.2415e-03 -1.2394e-03 -1.2371e-03 -1.2345e-03 -1.2317e-03 -1.2286e-03 -1.2253e-03 -1.2217e-03 -1.2179e-03 -1.2139e-03 -1.2097e-03 -1.2052e-03 -1.2005e-03 -1.1956e-03 -1.1905e-03 -1.1852e-03 -1.1796e-03 -1.1739e-03 -1.1679e-03 -1.1617e-03 -1.1554e-03 -1.1488e-03 -1.1420e-03 -1.1351e-03 -1.1280e-03 -1.1207e-03 -1.1132e-03 -1.1055e-03 -1.0977e-03 -1.0898e-03 -1.0816e-03 -1.0733e-03 -1.0649e-03 -1.0563e-03 -1.0476e-03 -1.0387e-03 -1.0297e-03 -1.0206e-03 -1.0114e-03 -1.0020e-03 -9.9256e-04 -9.8298e-04 -9.7331e-04 -9.6353e-04 -9.5367e-04 -9.4371e-04 -9.3368e-04 -9.2356e-04 -9.1338e-04 -9.0312e-04 -8.9280e-04 -8.8243e-04 -8.7200e-04 -8.6152e-04 -8.5100e-04 -8.4043e-04 -8.2983e-04 -8.1921e-04 -8.0855e-04 -7.9788e-04 -7.8719e-04 -7.7649e-04 -7.6578e-04 -7.5506e-04 -7.4435e-04 -7.3364e-04 -7.2295e-04 -7.1226e-04 -7.0160e-04 -6.9095e-04 -6.8034e-04 -6.6975e-04 -6.5919e-04 -6.4867e-04 -6.3819e-04 -6.2775e-04 -6.1737e-04 -6.0703e-04 -5.9675e-04 -5.8652e-04 -5.7635e-04 -5.6625e-04 -5.5621e-04 -5.4624e-04 -5.3634e-04 -5.2652e-04 -5.1677e-04 -5.0711e-04 -4.9752e-04 -4.8802e-04 -4.7860e-04 -4.6927e-04 -4.6003e-04 1.2494e-03 0.0000e+00 1.2484e-03 1.2475e-03 1.2464e-03 1.2450e-03 1.2434e-03 1.2415e-03 1.2394e-03 1.2371e-03 1.2345e-03 1.2316e-03 1.2286e-03 1.2252e-03 1.2217e-03 1.2179e-03 1.2139e-03 1.2097e-03 1.2052e-03 1.2005e-03 1.1956e-03 1.1905e-03 1.1851e-03 1.1796e-03 1.1738e-03 1.1678e-03 1.1617e-03 1.1553e-03 1.1487e-03 1.1420e-03 1.1350e-03 1.1279e-03 1.1206e-03 1.1131e-03 1.1054e-03 1.0976e-03 1.0896e-03 1.0815e-03 1.0732e-03 1.0648e-03 1.0562e-03 1.0474e-03 1.0386e-03 1.0296e-03 1.0204e-03 1.0112e-03 1.0018e-03 9.9237e-04 9.8279e-04 9.7311e-04 9.6333e-04 9.5346e-04 9.4350e-04 9.3346e-04 9.2334e-04 9.1315e-04 9.0289e-04 8.9256e-04 8.8218e-04 8.7175e-04 8.6126e-04 8.5073e-04 8.4017e-04 8.2956e-04 8.1893e-04 8.0827e-04 7.9759e-04 7.8690e-04 7.7619e-04 7.6548e-04 7.5476e-04 7.4404e-04 7.3333e-04 7.2263e-04 7.1194e-04 7.0127e-04 6.9063e-04 6.8000e-04 6.6941e-04 6.5885e-04 6.4833e-04 6.3785e-04 6.2741e-04 6.1702e-04 6.0668e-04 5.9639e-04 5.8616e-04 5.7599e-04 5.6589e-04 5.5585e-04 5.4588e-04 5.3598e-04 5.2616e-04 5.1641e-04 5.0674e-04 4.9715e-04 4.8765e-04 4.7823e-04 4.6890e-04 4.5967e-04
-1.2488e-03 -1.2484e-03 9.1790e-04 -1.2469e-03 -1.2458e-03 -1.2444e-03 -1.2428e-03 -1.2409e-03 -1.2388e-03 -1.2365e-03 -1.2339e-03 -1.2311e-03 -1.2280e-03 -1.2247e-03 -1.2211e-03 -1.2174e-03 -1.2134e-03 -1.2091e-03 -1.2047e-03 -1.2000e-03 -1.1951e-03 -1.1900e-03 -1.1846e-03 -1.1791e-03 -1.1733e-03 -1.1674e-03 -1.1612e-03 -1.1549e-03 -1.1483e-03 -1.1416e-03 -1.1346e-03 -1.1275e-03 -1.1202e-03 -1.1128e-03 -1.1051e-03 -1.0973e-03 -1.0894e-03 -1.0812e-03 -1.0730e-03 -1.0645e-03 -1.0560e-03 -1.0472e-03 -1.0384e-03 -1.0294e-03 -1.0203e-03 -1.0111e-03 -1.0017e-03 -9.9229e-04 -9.8273e-04 -9.7306e-04 -9.6330e-04 -9.5345e-04 -9.4351e-04 -9.3348e-04 -9.2338e-04 -9.1321e-04 -9.0296e-04 -8.9266e-04 -8.8229e-04 -8.7188e-04 -8.6141e-04 -8.5090e-04 -8.4035e-04 -8.2976e-04 -8.1914e-04 -8.0850e-04 -7.9784e-04 -7.8716e-04 -7.7647e-04 -7.6577e-04 -7.5507e-04 -7.4437e-04 -7.3367e-04 -7.2298e-04 -7.1231e-04 -7.0165e-04 -6.9102e-04 -6.8041e-04 -6.6983e-04 -6.5928e-04 -6.4877e-04 -6.3830e-04 -6.2787e-04 -6.1749e-04 -6.0716e-04 -5.9689e-04 -5.8667e-04 -5.7651e-04 -5.6641e-04 -5.5638e-04 -5.4642e-04 -5.3653e-04 -5.2671e-04 -5.1697e-04 -5.0731e-04 -4.9773e-04 -4.8823e-04 -4.7882e-04 -4.6950e-04 -4.6026e-04 1.2488e-03 1.2484e-03 0.0000e+00 1.2469e-03 1.2458e-03 1.2444e-03 1.2428e-03 1.2409e-03 1.2388e-03 1.2364e-03 1.2339e-03 1.2310e-03 1.2279e-03 1.2246e-03 1.2211e-03 1.2173e-03 1.2133e-03 1.2091e-03 1.2046e-03 1.1999e-03 1.1950e-03 1.1899e-03 1.1845e-03 1.1790e-03 1.1732e-03 1.1672e-03 1.1611e-03 1.1547e-03 1.1481e-03 1.1414e-03 1.1344e-03 1.1273e-03 1.1200e-03 1.1125e-03 1.1049e-03 1.0971e-03 1.0891e-03 1.0810e-03 1.0727e-03 1.0642e-03 1.0556e-03 1.0469e-03 1.0380e-03 1.0291e-03 1.0199e-03 1.0107e-03 1.0013e-03 9.9188e-04 9.8230e-04 9.7263e-04 9.6285e-04 9.5298e-04 9.4303e-04 9.3299e-04 9.2288e-04 9.1269e-04 9.0244e-04 8.9212e-04 8.8174e-04 8.7131e-04 8.6083e-04 8.5031e-04 8.3975e-04 8.2915e-04 8.1852e-04 8.0787e-04 7.9719e-04 7.8650e-04 7.7580e-04 7.6509e-04 7.5438e-04 7.4367e-04 7.3297e-04 7.2227e-04 7.1159e-04 7.0092e-04 6.9028e-04 6.7966e-04 6.6908e-04 6.5852e-04 6.4801e-04 6.3753e-04 6.2710e-04 6.1671e-04 6.0638e-04 5.9609e-04 5.8587e-04 5.7571e-04 5.6561e-04 5.5557e-04 5.4561e-04 5.3571e-04 5.2589e-04 5.1615e-04 5.0649e-04 4.9690e-04 4.8741e-04 4.7799e-04 4.6867e-04 4.5944e-04
-1.2479e-03 -1.2475e-03 -1.2469e-03 1.6318e-03 -1.2449e-03 -1.2435e-03 -1.2419e-03 -1.2401e-03 -1.2380e-03 -1.2356e-03 -1.2330e-03 -1.2302e-03 -1.2272e-03 -1.2239e-03 -1.2203e-03 -1.2166e-03 -1.2126e-03 -1.2083e-03 -1.2039e-03 -1.1992e-03 -1.1943e-03 -1.1892e-03 -1.1839e-03 -1.1784e-03 -1.1726e-03 -1.1667e-03 -1.1605e-03 -1.1542e-03 -1.1476e-03 -1.1409e-03 -1.1340e-03 -1.1269e-03 -1.1196e-03 -1.1122e-03 -1.1045e-03 -1.0968e-03 -1.0888e-03 -1.0807e-03 -1.0724e-03 -1.0640e-03 -1.0555e-03 -1.0468e-03 -1.0379e-03 -1.0290e-03 -1.0199e-03 -1.0107e-03 -1.0014e-03 -9.9191e-04 -9.8237e-04 -9.7272e-04 -9.6298e-04 -9.5314e-04 -9.4322e-04 -9.3321e-04 -9.2313e-04 -9.1297e-04 -9.0274e-04 -8.9245e-04 -8.8211e-04 -8.7170e-04 -8.6125e-04 -8.5076e-04 -8.4022e-04 -8.2965e-04 -8.1905e-04 -8.0843e-04 -7.9778e-04 -7.8712e-04 -7.7644e-04 -7.6576e-04 -7.5507e-04 -7.4438e-04 -7.3370e-04 -7.2303e-04 -7.1237e-04 -7.0173e-04 -6.9111e-04 -6.8051e-04 -6.6994e-04 -6.5941e-04 -6.4891e-04 -6.3845e-04 -6.2804e-04 -6.1767e-04 -6.0735e-04 -5.9709e-04 -5.8688e-04 -5.7673e-04 -5.6664e-04 -5.5662e-04 -5.4667e-04 -5.3679e-04 -5.2698e-04 -5.1725e-04 -5.0760e-04 -4.9802e-04 -4.8853e-04 -4.7913e-04 -4.6981e-04 -4.6058e-04 1.2479e-03 1.2475e-03 1.2469e-03 0.0000e+00 1.2449e-03 1.2435e-03 1.2419e-03 1.2400e-03 1.2379e-03 1.2356e-03 1.2330e-03 1.2302e-03 1.2271e-03 1.2238e-03 1.2202e-03 1.2165e-03 1.2125e-03 1.2082e-03 1.2038e-03 1.1991e-03 1.1942e-03 1.1890e-03 1.1837e-03 1.1781e-03 1.1724e-03 1.1664e-03 1.1603e-03 1.1539e-03 1.1473e-03 1.1406e-03 1.1337e-03 1.1265e-03 1.1192e-03 1.1118e-03 1.1041e-03 1.0963e-03 1.0883e-03 1.0802e-03 1.0719e-03 1.0635e-03 1.0549e-03 1.0462e-03 1.0373e-03 1.0283e-03 1.0192e-03 1.0100e-03 1.0006e-03 9.9118e-04 9.8161e-04 9.7194e-04 9.6218e-04 9.5232e-04 9.4237e-04 9.3234e-04 9.2223e-04 9.1205e-04 9.0181e-04 8.9149e-04 8.8112e-04 8.7070e-04 8.6023e-04 8.4971e-04 8.3916e-04 8.2857e-04 8.1795e-04 8.0730e-04 7.9664e-04 7.8595e-04 7.7526e-04 7.6456e-04 7.5385e-04 7.4315e-04 7.3245e-04 7.2176e-04 7.1109e-04 7.0043e-04 6.8980e-04 6.7919e-04 6.6861e-04 6.5806e-04 6.4755e-04 6.3708e-04 6.2666e-04 6.1628e-04 6.0595e-04 5.9568e-04 5.8546e-04 5.7530e-04 5.6521e-04 5.5518e-04 5.4523e-04 5.3534e-04 5.2553e-04 5.1579e-04 5.0613e-04 4.9656e-04 4.8707e-04 4.7766e-04 4.6834e-04 4.5911e-04
-1.2468e-03 -1.2464e-03 -1.2458e-03 -1.2449e-03 2.5497e-03 -1.2424e-03 -1.2408e-03 -1.2390e-03 -1.2369e-03 -1.2345e-03 -1.2320e-03 -1.2291e-03 -1.2261e-03 -1.2228e-03 -1.2193e-03 -1.2155e-03 -1.2115e-03 -1.2073e-03 -1.2029e-03 -1.1982e-03 -1.1933e-03 -1.1883e-03 -1.1829e-03 -1.1774e-03 -1.1717e-03 -1.1658e-03 -1.1596e-03 -1.1533e-03 -1.1468e-03 -1.1401e-03 -1.1332e-03 -1.1261e-03 -1.1188e-03 -1.1114e-03 -1.1038e-03 -1.0960e-03 -1.0881e-03 -1.0800e-03 -1.0718e-03 -1.0634e-03 -1.0548e-03 -1.0462e-03 -1.0373e-03 -1.0284e-03 -1.0193e-03 -1.0102e-03 -1.0008e-03 -9.9143e-04 -9.8191e-04 -9.7228e-04 -9.6256e-04 -9.5275e-04 -9.4285e-04 -9.3286e-04 -9.2280e-04 -9.1266e-04 -9.0246e-04 -8.9219e-04 -8.8186e-04 -8.7148e-04 -8.6105e-04 -8.5058e-04 -8.4007e-04 -8.2952e-04 -8.1894e-04 -8.0833e-04 -7.9771e-04 -7.8706e-04 -7.7641e-04 -7.6574e-04 -7.5508e-04 -7.4441e-04 -7.3374e-04 -7.2309e-04 -7.1245e-04 -7.0182e-04 -6.9122e-04 -6.8064e-04 -6.7009e-04 -6.5957e-04 -6.4909e-04 -6.3865e-04 -6.2825e-04 -6.1790e-04 -6.0759e-04 -5.9734e-04 -5.8715e-04 -5.7701e-04 -5.6694e-04 -5.5693e-04 -5.4699e-04 -5.3712e-04 -5.2732e-04 -5.1760e-04 -5.0796e-04 -4.9840e-04 -4.8892e-04 -4.7952e-04 -4.7022e-04 -4.6100e-04 1.2468e-03 1.2464e-03 1.2458e-03 1.2449e-03 0.0000e+00 1.2424e-03 1.2408e-03 1.2389e-03 1.2368e-03 1.2345e-03 1.2319e-03 1.2291e-03 1.2260e-03 1.2227e-03 1.2191e-03 1.2154e-03 1.2114e-03 1.2071e-03 1.2027e-03 1.1980e-03 1.1931e-03 1.1880e-03 1.1826e-03 1.1771e-03 1.1713e-03 1.1654e-03 1.1592e-03 1.1529e-03 1.1463e-03 1.1396e-03 1.1326e-03 1.1255e-03 1.1182e-03 1.1108e-03 1.1031e-03 1.0953e-03 1.0874e-03 1.0792e-03 1.0709e-03 1.0625e-03 1.0539e-03 1.0452e-03 1.0364e-03 1.0274e-03 1.0183e-03 1.0091e-03 9.9974e-04 9.9029e-04 9.8073e-04 9.7107e-04 9.6131e-04 9.5146e-04 9.4152e-04 9.3150e-04 9.2140e-04 9.1123e-04 9.0099e-04 8.9069e-04 8.8033e-04 8.6992e-04 8.5946e-04 8.4895e-04 8.3840e-04 8.2782e-04 8.1721e-04 8.0658e-04 7.9592e-04 7.8525e-04 7.7456e-04 7.6387e-04 7.5318e-04 7.4248e-04 7.3179e-04 7.2112e-04 7.1045e-04 6.9980e-04 6.8918e-04 6.7858e-04 6.6801e-04 6.5747e-04 6.4697e-04 6.3651e-04 6.2609e-04 6.1572e-04 6.0541e-04 5.9514e-04 5.8493e-04 5.7479e-04 5.6470e-04 5.5468e-04 5.4473e-04 5.3486e-04 5.2505e-04 5.1533e-04 5.0568e-04 4.9611e-04 4.8663e-04 4.7723e-04 4.6792e-04 4.5870e-04
-1.2454e-03 -1.2450e-03 -1.2444e-03 -1.2435e-03 -1.2424e-03 3.6716e-03 -1.2395e-03 -1.2376e-03 -1.2355e-03 -1.2332e-03 -1.2306e-03 -1.2278e-03 -1.2248e-03 -1.2215e-03 -1.2180e-03 -1.2143e-03 -1.2103e-03 -1.2061e-03 -1.2017e-03 -1.1970e-03 -1.1922e-03 -1.1871e-03 -1.1818e-03 -1.1763e-03 -1.1706e-03 -1.1647e-03 -1.1585e-03 -1.1522e-03 -1.1457e-03 -1.1390e-03 -1.1322e-03 -1.1251e-03 -1.1179e-03 -1.1105e-03 -1.1029e-03 -1.0951e-03 -1.0872e-03 -1.0792e-03 -1.0709e-03 -1.0626e-03 -1.0541e-03 -1.0454e-03 -1.0366e-03 -1.0277e-03 -1.0187e-03 -1.0095e-03 -1.0002e-03 -9.9084e-04 -9.8135e-04 -9.7175e-04 -9.6205e-04 -9.5227e-04 -9.4239e-04 -9.3243e-04 -9.2240e-04 -9.1229e-04 -9.0211e-04 -8.9187e-04 -8.8157e-04 -8.7121e-04 -8.6081e-04 -8.5036e-04 -8.3988e-04 -8.2935e-04 -8.1880e-04 -8.0822e-04 -7.9762e-04 -7.8700e-04 -7.7636e-04 -7.6572e-04 -7.5508e-04 -7.4444e-04 -7.3380e-04 -7.2316e-04 -7.1255e-04 -7.0194e-04 -6.9136e-04 -6.8080e-04 -6.7027e-04 -6.5978e-04 -6.4931e-04 -6.3889e-04 -6.2851e-04 -6.1817e-04 -6.0789e-04 -5.9766e-04 -5.8748e-04 -5.7736e-04 -5.6730e-04 -5.5731e-04 -5.4738e-04 -5.3753e-04 -5.2774e-04 -5.1804e-04 -5.0841e-04 -4.9886e-04 -4.8939e-04 -4.8001e-04 -4.7071e-04 -4.6150e-04 1.2454e-03 1.2450e-03 1.2444e-03 1.2435e-03 1.2424e-03 0.0000e+00 1.2394e-03 1.2376e-03 1.2355e-03 1.2331e-03 1.2305e-03 1.2277e-03 1.2246e-03 1.2213e-03 1.2178e-03 1.2140e-03 1.2100e-03 1.2058e-03 1.2013e-03 1.1967e-03 1.1918e-03 1.1867e-03 1.1813e-03 1.1758e-03 1.1700e-03 1.1641e-03 1.1579e-03 1.1516e-03 1.1450e-03 1.1383e-03 1.1314e-03 1.1243e-03 1.1170e-03 1.1095e-03 1.1019e-03 1.0941e-03 1.0862e-03 1.0780e-03 1.0698e-03 1.0614e-03 1.0528e-03 1.0441e-03 1.0353e-03 1.0263e-03 1.0172e-03 1.0080e-03 9.9864e-04 9.8920e-04 9.7965e-04 9.7000e-04 9.6025e-04 9.5042e-04 9.4049e-04 9.3048e-04 9.2039e-04 9.1023e-04 9.0000e-04 8.8971e-04 8.7936e-04 8.6896e-04 8.5851e-04 8.4802e-04 8.3748e-04 8.2691e-04 8.1631e-04 8.0569e-04 7.9505e-04 7.8438e-04 7.7371e-04 7.6303e-04 7.5235e-04 7.4167e-04 7.3099e-04 7.2032e-04 7.0967e-04 6.9903e-04 6.8842e-04 6.7783e-04 6.6727e-04 6.5675e-04 6.4626e-04 6.3581e-04 6.2540e-04 6.1505e-04 6.0474e-04 5.9449e-04 5.8429e-04 5.7415e-04 5.6408e-04 5.5407e-04 5.4414e-04 5.3427e-04 5.2448e-04 5.1476e-04 5.0512e-04 4.9556e-04 4.8609e-04 4.7671e-04 4.6741e-04 4.5820e-04
-1.2438e-03 -1.2434e-03 -1.2428e-03 -1.2419e-03 -1.2408e-03 -1.2395e-03 4.9974e-03 -1.2360e-03 -1.2340e-03 -1.2316e-03 -1.2291e-03 -1.2263e-03 -1.2232e-03 -1.2200e-03 -1.2165e-03 -1.2128e-03 -1.2088e-03 -1.2046e-03 -1.2002e-03 -1.1956e-03 -1.1907e-03 -1.1857e-03 -1.1804e-03 -1.1749e-03 -1.1692e-03 -1.1634e-03 -1.1573e-03 -1.1510e-03 -1.1445e-03 -1.1378e-03 -1.1310e-03 -1.1239e-03 -1.1167e-03 -1.1094e-03 -1.1018e-03 -1.0941e-03 -1.0862e-03 -1.0782e-03 -1.0700e-03 -1.0616e-03 -1.0532e-03 -1.0445e-03 -1.0358e-03 -1.0269e-03 -1.0179e-03 -1.0088e-03 -9.9951e-04 -9.9015e-04 -9.8068e-04 -9.7112e-04 -9.6145e-04 -9.5170e-04 -9.4185e-04 -9.3193e-04 -9.2192e-04 -9.1184e-04 -9.0170e-04 -8.9149e-04 -8.8122e-04 -8.7090e-04 -8.6052e-04 -8.5011e-04 -8.3965e-04 -8.2916e-04 -8.1863e-04 -8.0808e-04 -7.9751e-04 -7.8692e-04 -7.7631e-04 -7.6570e-04 -7.5509e-04 -7.4447e-04 -7.3386e-04 -7.2325e-04 -7.1266e-04 -7.0208e-04 -6.9152e-04 -6.8099e-04 -6.7049e-04 -6.6001e-04 -6.4957e-04 -6.3917e-04 -6.2881e-04 -6.1850e-04 -6.0824e-04 -5.9802e-04 -5.8787e-04 -5.7777e-04 -5.6773e-04 -5.5775e-04 -5.4784e-04 -5.3801e-04 -5.2824e-04 -5.1855e-04 -5.0893e-04 -4.9940e-04 -4.8994e-04 -4.8057e-04 -4.7129e-04 -4.6209e-04 1.2438e-03 1.2434e-03 1.2428e-03 1.2419e-03 1.2408e-03 1.2394e-03 0.0000e+00 1.2360e-03 1.2339e-03 1.2315e-03 1.2289e-03 1.2261e-03 1.2230e-03 1.2197e-03 1.2162e-03 1.2125e-03 1.2085e-03 1.2042e-03 1.1998e-03 1.1951e-03 1.1902e-03 1.1851e-03 1.1798e-03 1.1743e-03 1.1685e-03 1.1626e-03 1.1564e-03 1.1501e-03 1.1436e-03 1.1368e-03 1.1299e-03 1.1228e-03 1.1155e-03 1.1081e-03 1.1005e-03 1.0927e-03 1.0847e-03 1.0766e-03 1.0684e-03 1.0600e-03 1.0514e-03 1.0427e-03 1.0339e-03 1.0249e-03 1.0159e-03 1.0067e-03 9.9735e-04 9.8792e-04 9.7838e-04 9.6874e-04 9.5901e-04 9.4918e-04 9.3927e-04 9.2927e-04 9.1920e-04 9.0905e-04 8.9883e-04 8.8856e-04 8.7822e-04 8.6783e-04 8.5739e-04 8.4691e-04 8.3639e-04 8.2584e-04 8.1525e-04 8.0464e-04 7.9401e-04 7.8336e-04 7.7271e-04 7.6204e-04 7.5137e-04 7.4070e-04 7.3004e-04 7.1939e-04 7.0875e-04 6.9813e-04 6.8753e-04 6.7695e-04 6.6641e-04 6.5589e-04 6.4542e-04 6.3498e-04 6.2459e-04 6.1425e-04 6.0395e-04 5.9371e-04 5.8353e-04 5.7341e-04 5.6335e-04 5.5335e-04 5.4343e-04 5.3357e-04 5.2379e-04 5.1409e-04 5.0446e-04 4.9492e-04 4.8546e-04 4.7609e-04 4.6680e-04 4.5760e-04
-1.2419e-03 -1.2415e-03 -1.2409e-03 -1.2401e-03 -1.2390e-03 -1.2376e-03 -1.2360e-03 6.5272e-03 -1.2321e-03 -1.2298e-03 -1.2273e-03 -1.2245e-03 -1.2215e-03 -1.2182e-03 -1.2147e-03 -1.2110e-03 -1.2071e-03 -1.2029e-03 -1.1985e-03 -1.1939e-03 -1.1891e-03 -1.1841e-03 -1.1788e-03 -1.1734e-03 -1.1677e-03 -1.1618e-03 -1.1558e-03 -1.1495e-03 -1.1431e-03 -1.1364e-03 -1.1296e-03 -1.1226e-03 -1.1154e-03 -1.1081e-03 -1.1006e-03 -1.0929e-03 -1.0850e-03 -1.0770e-03 -1.0689e-03 -1.0606e-03 -1.0521e-03 -1.0435e-03 -1.0348e-03 -1.0260e-03 -1.0170e-03 -1.0079e-03 -9.9867e-04 -9.8935e-04 -9.7992e-04 -9.7039e-04 -9.6076e-04 -9.5104e-04 -9.4123e-04 -9.3134e-04 -9.2137e-04 -9.1133e-04 -9.0122e-04 -8.9105e-04 -8.8082e-04 -8.7053e-04 -8.6019e-04 -8.4981e-04 -8.3939e-04 -8.2893e-04 -8.1844e-04 -8.0792e-04 -7.9738e-04 -7.8682e-04 -7.7625e-04 -7.6567e-04 -7.5509e-04 -7.4450e-04 -7.3392e-04 -7.2335e-04 -7.1279e-04 -7.0224e-04 -6.9171e-04 -6.8121e-04 -6.7073e-04 -6.6028e-04 -6.4987e-04 -6.3950e-04 -6.2916e-04 -6.1887e-04 -6.0863e-04 -5.9845e-04 -5.8831e-04 -5.7823e-04 -5.6822e-04 -5.5826e-04 -5.4838e-04 -5.3856e-04 -5.2881e-04 -5.1914e-04 -5.0954e-04 -5.0002e-04 -4.9058e-04 -4.8123e-04 -4.7196e-04 -4.6278e-04 1.2419e-03 1.2415e-03 1.2409e-03 1.2400e-03 1.2389e-03 1.2376e-03 1.2360e-03 0.0000e+00 1.2320e-03 1.2297e-03 1.2271e-03 1.2243e-03 1.2212e-03 1.2179e-03 1.2144e-03 1.2106e-03 1.2066e-03 1.2024e-03 1.1980e-03 1.1933e-03 1.1884e-03 1.1833e-03 1.1780e-03 1.1725e-03 1.1668e-03 1.1608e-03 1.1547e-03 1.1484e-03 1.1418e-03 1.1351e-03 1.1282e-03 1.1211e-03 1.1139e-03 1.1064e-03 1.0988e-03 1.0911e-03 1.0831e-03 1.0750e-03 1.0668e-03 1.0584e-03 1.0498e-03 1.0412e-03 1.0324e-03 1.0234e-03 1.0143e-03 1.0052e-03 9.9585e-04 9.8644e-04 9.7691e-04 9.6729e-04 9.5757e-04 9.4776e-04 9.3786e-04 9.2788e-04 9.1782e-04 9.0769e-04 8.9749e-04 8.8723e-04 8.7690e-04 8.6653e-04 8.5611e-04 8.4564e-04 8.3514e-04 8.2460e-04 8.1403e-04 8.0344e-04 7.9282e-04 7.8219e-04 7.7155e-04 7.6090e-04 7.5024e-04 7.3959e-04 7.2895e-04 7.1831e-04 7.0768e-04 6.9708e-04 6.8649e-04 6.7594e-04 6.6541e-04 6.5491e-04 6.4445e-04 6.3403e-04 6.2366e-04 6.1333e-04 6.0305e-04 5.9282e-04 5.8266e-04 5.7255e-04 5.6250e-04 5.5252e-04 5.4261e-04 5.3277e-04 5.2301e-04 5.1332e-04 5.0371e-04 4.9418e-04 4.8473e-04 4.7537e-04 4.6610e-04 4.5691e-04
-1.2398e-03 -1.2394e-03 -1.2388e-03 -1.2380e-03 -1.2369e-03 -1.2355e-03 -1.2340e-03 -1.2321e-03 8.2609e-03 -1.2278e-03 -1.2252e-03 -1.2225e-03 -1.2195e-03 -1.2162e-03 -1.2128e-03 -1.2091e-03 -1.2052e-03 -1.2010e-03 -1.1967e-03 -1.1921e-03 -1.1873e-03 -1.1823e-03 -1.1770e-03 -1.1716e-03 -1.1660e-03 -1.1601e-03 -1.1541e-03 -1.1479e-03 -1.1415e-03 -1.1349e-03 -1.1281e-03 -1.1211e-03 -1.1139e-03 -1.1066e-03 -1.0991e-03 -1.0915e-03 -1.0837e-03 -1.0757e-03 -1.0676e-03 -1.0593e-03 -1.0509e-03 -1.0424e-03 -1.0337e-03 -1.0249e-03 -1.0159e-03 -1.0069e-03 -9.9772e-04 -9.8844e-04 -9.7905e-04 -9.6956e-04 -9.5997e-04 -9.5030e-04 -9.4053e-04 -9.3068e-04 -9.2075e-04 -9.1075e-04 -9.0068e-04 -8.9055e-04 -8.8036e-04 -8.7011e-04 -8.5981e-04 -8.4947e-04 -8.3909e-04 -8.2867e-04 -8.1822e-04 -8.0774e-04 -7.9724e-04 -7.8672e-04 -7.7619e-04 -7.6564e-04 -7.5509e-04 -7.4454e-04 -7.3400e-04 -7.2346e-04 -7.1293e-04 -7.0242e-04 -6.9192e-04 -6.8145e-04 -6.7100e-04 -6.6059e-04 -6.5021e-04 -6.3986e-04 -6.2956e-04 -6.1930e-04 -6.0908e-04 -5.9892e-04 -5.8881e-04 -5.7876e-04 -5.6877e-04 -5.5884e-04 -5.4897e-04 -5.3918e-04 -5.2945e-04 -5.1980e-04 -5.1022e-04 -5.0072e-04 -4.9130e-04 -4.8197e-04 -4.7271e-04 -4.6355e-04 1.2398e-03 1.2394e-03 1.2388e-03 1.2379e-03 1.2368e-03 1.2355e-03 1.2339e-03 1.2320e-03 0.0000e+00 1.2276e-03 1.2250e-03 1.2222e-03 1.2191e-03 1.2159e-03 1.2123e-03 1.2086e-03 1.2046e-03 1.2004e-03 1.1960e-03 1.1913e-03 1.1864e-03 1.1813e-03 1.1760e-03 1.1705e-03 1.1648e-03 1.1589e-03 1.1527e-03 1.1464e-03 1.1399e-03 1.1332e-03 1.1263e-03 1.1192e-03 1.1120e-03 1.1046e-03 1.0970e-03 1.0892e-03 1.0813e-03 1.0732e-03 1.0650e-03 1.0566e-03 1.0481e-03 1.0394e-03 1.0306e-03 1.0217e-03 1.0126e-03 1.0034e-03 9.9416e-04 9.8476e-04 9.7525e-04 9.6565e-04 9.5594e-04 9.4615e-04 9.3627e-04 9.2630e-04 9.1626e-04 9.0614e-04 8.9596e-04 8.8572e-04 8.7542e-04 8.6506e-04 8.5466e-04 8.4421e-04 8.3372e-04 8.2320e-04 8.1265e-04 8.0207e-04 7.9147e-04 7.8086e-04 7.7024e-04 7.5960e-04 7.4897e-04 7.3834e-04 7.2771e-04 7.1709e-04 7.0648e-04 6.9589e-04 6.8533e-04 6.7479e-04 6.6428e-04 6.5380e-04 6.4336e-04 6.3295e-04 6.2260e-04 6.1228e-04 6.0202e-04 5.9182e-04 5.8167e-04 5.7158e-04 5.6155e-04 5.5159e-04 5.4169e-04 5.3187e-04 5.2212e-04 5.1245e-04 5.0285e-04 4.9334e-04 4.8391e-04 4.7456e-04 4.6531e-04 4.5614e-04
-1.2374e-03 -1.2371e-03 -1.2365e-03 -1.2356e-03 -1.2345e-03 -1.2332e-03 -1.2316e-03 -1.2298e-03 -1.2278e-03 1.0199e-02 -1.2230e-03 -1.2202e-03 -1.2172e-03 -1.2140e-03 -1.2106e-03 -1.2069e-03 -1.2030e-03 -1.1989e-03 -1.1945e-03 -1.1900e-03 -1.1852e-03 -1.1802e-03 -1.1750e-03 -1.1696e-03 -1.1640e-03 -1.1582e-03 -1.1522e-03 -1.1460e-03 -1.1397e-03 -1.1331e-03 -1.1263e-03 -1.1194e-03 -1.1123e-03 -1.1050e-03 -1.0976e-03 -1.0900e-03 -1.0822e-03 -1.0743e-03 -1.0662e-03 -1.0580e-03 -1.0496e-03 -1.0411e-03 -1.0325e-03 -1.0237e-03 -1.0148e-03 -1.0058e-03 -9.9666e-04 -9.8742e-04 -9.7808e-04 -9.6864e-04 -9.5910e-04 -9.4946e-04 -9.3974e-04 -9.2994e-04 -9.2006e-04 -9.1010e-04 -9.0008e-04 -8.8999e-04 -8.7984e-04 -8.6964e-04 -8.5939e-04 -8.4909e-04 -8.3875e-04 -8.2838e-04 -8.1797e-04 -8.0753e-04 -7.9708e-04 -7.8660e-04 -7.7611e-04 -7.6560e-04 -7.5510e-04 -7.4459e-04 -7.3408e-04 -7.2358e-04 -7.1309e-04 -7.0261e-04 -6.9215e-04 -6.8172e-04 -6.7131e-04 -6.6093e-04 -6.5058e-04 -6.4027e-04 -6.3000e-04 -6.1977e-04 -6.0958e-04 -5.9945e-04 -5.8937e-04 -5.7935e-04 -5.6938e-04 -5.5948e-04 -5.4964e-04 -5.3987e-04 -5.3017e-04 -5.2054e-04 -5.1098e-04 -5.0151e-04 -4.9211e-04 -4.8279e-04 -4.7356e-04 -4.6441e-04 1.2374e-03 1.2371e-03 1.2364e-03 1.2356e-03 1.2345e-03 1.2331e-03 1.2315e-03 1.2297e-03 1.2276e-03 0.0000e+00 1.2227e-03 1.2199e-03 1.2168e-03 1.2135e-03 1.2100e-03 1.2063e-03 1.2023e-03 1.1981e-03 1.1937e-03 1.1890e-03 1.1842e-03 1.1791e-03 1.1738e-03 1.1683e-03 1.1626e-03 1.1567e-03 1.1506e-03 1.1442e-03 1.1377e-03 1.1310e-03 1.1242e-03 1.1171e-03 1.1099e-03 1.1025e-03 1.0949e-03 1.0871e-03 1.0792e-03 1.0712e-03 1.0629e-03 1.0546e-03 1.0461e-03 1.0374e-03 1.0286e-03 1.0197e-03 1.0107e-03 1.0015e-03 9.9227e-04 9.8289e-04 9.7340e-04 9.6381e-04 9.5413e-04 9.4435e-04 9.3449e-04 9.2454e-04 9.1452e-04 9.0442e-04 8.9426e-04 8.8404e-04 8.7375e-04 8.6342e-04 8.5303e-04 8.4260e-04 8.3214e-04 8.2164e-04 8.1111e-04 8.0055e-04 7.8997e-04 7.7938e-04 7.6877e-04 7.5816e-04 7.4755e-04 7.3693e-04 7.2633e-04 7.1573e-04 7.0514e-04 6.9457e-04 6.8403e-04 6.7351e-04 6.6301e-04 6.5256e-04 6.4213e-04 6.3175e-04 6.2141e-04 6.1112e-04 6.0088e-04 5.9069e-04 5.8056e-04 5.7049e-04 5.6048e-04 5.5054e-04 5.4066e-04 5.3086e-04 5.2113e-04 5.1147e-04 5.0190e-04 4.9240e-04 4.8299e-04 4.7366e-04 4.6442e-04 4.5527e-04
-1.2348e-03 -1.2345e-03 -1.2339e-03 -1.2330e-03 -1.2320e-03 -1.2306e-03 -1.2291e-03 -1.2273e-03 -1.2252e-03 -1.2230e-03 1.2340e-02 -1.2177e-03 -1.2148e-03 -1.2116e-03 -1.2081e-03 -1.2045e-03 -1.2006e-03 -1.1965e-03 -1.1922e-03 -1.1877e-03 -1.1829e-03 -1.1780e-03 -1.1728e-03 -1.1675e-03 -1.1619e-03 -1.1561e-03 -1.1502e-03 -1.1440e-03 -1.1377e-03 -1.1311e-03 -1.1244e-03 -1.1175e-03 -1.1105e-03 -1.1032e-03 -1.0958e-03 -1.0883e-03 -1.0805e-03 -1.0727e-03 -1.0646e-03 -1.0564e-03 -1.0481e-03 -1.0397e-03 -1.0311e-03 -1.0224e-03 -1.0135e-03 -1.0046e-03 -9.9549e-04 -9.8630e-04 -9.7701e-04 -9.6762e-04 -9.5813e-04 -9.4854e-04 -9.3887e-04 -9.2912e-04 -9.1929e-04 -9.0938e-04 -8.9941e-04 -8.8937e-04 -8.7928e-04 -8.6912e-04 -8.5892e-04 -8.4867e-04 -8.3838e-04 -8.2805e-04 -8.1769e-04 -8.0731e-04 -7.9689e-04 -7.8646e-04 -7.7602e-04 -7.6556e-04 -7.5510e-04 -7.4463e-04 -7.3417e-04 -7.2371e-04 -7.1326e-04 -7.0283e-04 -6.9241e-04 -6.8201e-04 -6.7164e-04 -6.6130e-04 -6.5099e-04 -6.4071e-04 -6.3048e-04 -6.2028e-04 -6.1013e-04 -6.0004e-04 -5.8999e-04 -5.8000e-04 -5.7006e-04 -5.6019e-04 -5.5038e-04 -5.4063e-04 -5.3096e-04 -5.2135e-04 -5.1182e-04 -5.0237e-04 -4.9299e-04 -4.8370e-04 -4.7448e-04 -4.6535e-04 1.2348e-03 1.2345e-03 1.2339e-03 1.2330e-03 1.2319e-03 1.2305e-03 1.2289e-03 1.2271e-03 1.2250e-03 1.2227e-03 0.0000e+00 1.2173e-03 1.2143e-03 1.2110e-03 1.2075e-03 1.2038e-03 1.1998e-03 1.1956e-03 1.1912e-03 1.1865e-03 1.1817e-03 1.1766e-03 1.1713e-03 1.1658e-03 1.1601e-03 1.1542e-03 1.1481e-03 1.1418e-03 1.1354e-03 1.1287e-03 1.1218e-03 1.1148e-03 1.1075e-03 1.1001e-03 1.0926e-03 1.0849e-03 1.0770e-03 1.0689e-03 1.0607e-03 1.0524e-03 1.0439e-03 1.0353e-03 1.0265e-03 1.0176e-03 1.0086e-03 9.9944e-04 9.9019e-04 9.8083e-04 9.7136e-04 9.6179e-04 9.5213e-04 9.4237e-04 9.3253e-04 9.2260e-04 9.1260e-04 9.0253e-04 8.9239e-04 8.8218e-04 8.7192e-04 8.6161e-04 8.5124e-04 8.4084e-04 8.3039e-04 8.1991e-04 8.0940e-04 7.9887e-04 7.8831e-04 7.7774e-04 7.6716e-04 7.5657e-04 7.4598e-04 7.3539e-04 7.2480e-04 7.1422e-04 7.0366e-04 6.9312e-04 6.8259e-04 6.7209e-04 6.6162e-04 6.5119e-04 6.4079e-04 6.3043e-04 6.2011e-04 6.0984e-04 5.9962e-04 5.8945e-04 5.7934e-04 5.6929e-04 5.5931e-04 5.4938e-04 5.3953e-04 5.2974e-04 5.2003e-04 5.1040e-04 5.0084e-04 4.9137e-04 4.8198e-04 4.7267e-04 4.6345e-04 4.5432e-04
-1.2320e-03 -1.2317e-03 -1.2311e-03 -1.2302e-03 -1.2291e-03 -1.2278e-03 -1.2263e-03 -1.2245e-03 -1.2225e-03 -1.2202e-03 -1.2177e-03 1.4686e-02 -1.2121e-03 -1.2089e-03 -1.2055e-03 -1.2019e-03 -1.1980e-03 -1.1940e-03 -1.1897e-03 -1.1852e-03 -1.1805e-03 -1.1756e-03 -1.1704e-03 -1.1651e-03 -1.1596e-03 -1.1538e-03 -1.1479e-03 -1.1418e-03 -1.1355e-03 -1.1290e-03 -1.1223e-03 -1.1155e-03 -1.1085e-03 -1.1013e-03 -1.0939e-03 -1.0864e-03 -1.0787e-03 -1.0709e-03 -1.0629e-03 -1.0548e-03 -1.0465e-03 -1.0381e-03 -1.0296e-03 -1.0209e-03 -1.0121e-03 -1.0032e-03 -9.9421e-04 -9.8508e-04 -9.7584e-04 -9.6650e-04 -9.5706e-04 -9.4754e-04 -9.3792e-04 -9.2822e-04 -9.1845e-04 -9.0860e-04 -8.9868e-04 -8.8870e-04 -8.7865e-04 -8.6855e-04 -8.5841e-04 -8.4821e-04 -8.3797e-04 -8.2770e-04 -8.1739e-04 -8.0705e-04 -7.9669e-04 -7.8631e-04 -7.7592e-04 -7.6551e-04 -7.5510e-04 -7.4468e-04 -7.3426e-04 -7.2385e-04 -7.1345e-04 -7.0306e-04 -6.9268e-04 -6.8233e-04 -6.7200e-04 -6.6170e-04 -6.5143e-04 -6.4120e-04 -6.3100e-04 -6.2084e-04 -6.1073e-04 -6.0067e-04 -5.9066e-04 -5.8070e-04 -5.7080e-04 -5.6096e-04 -5.5118e-04 -5.4146e-04 -5.3182e-04 -5.2224e-04 -5.1274e-04 -5.0331e-04 -4.9396e-04 -4.8469e-04 -4.7549e-04 -4.6639e-04 1.2320e-03 1.2316e-03 1.2310e-03 1.2302e-03 1.2291e-03 1.2277e-03 1.2261e-03 1.2243e-03 1.2222e-03 1.2199e-03 1.2173e-03 0.0000e+00 1.2115e-03 1.2082e-03 1.2047e-03 1.2010e-03 1.1970e-03 1.1928e-03 1.1884e-03 1.1838e-03 1.1790e-03 1.1739e-03 1.1686e-03 1.1632e-03 1.1575e-03 1.1516e-03 1.1455e-03 1.1392e-03 1.1327e-03 1.1261e-03 1.1192e-03 1.1122e-03 1.1050e-03 1.0976e-03 1.0901e-03 1.0824e-03 1.0745e-03 1.0665e-03 1.0583e-03 1.0500e-03 1.0415e-03 1.0329e-03 1.0241e-03 1.0153e-03 1.0063e-03 9.9715e-04 9.8792e-04 9.7858e-04 9.6913e-04 9.5958e-04 9.4994e-04 9.4021e-04 9.3038e-04 9.2048e-04 9.1050e-04 9.0045e-04 8.9034e-04 8.8015e-04 8.6992e-04 8.5963e-04 8.4929e-04 8.3891e-04 8.2848e-04 8.1803e-04 8.0754e-04 7.9703e-04 7.8650e-04 7.7596e-04 7.6540e-04 7.5483e-04 7.4426e-04 7.3370e-04 7.2314e-04 7.1258e-04 7.0204e-04 6.9152e-04 6.8102e-04 6.7055e-04 6.6010e-04 6.4969e-04 6.3931e-04 6.2898e-04 6.1868e-04 6.0844e-04 5.9824e-04 5.8810e-04 5.7801e-04 5.6798e-04 5.5802e-04 5.4812e-04 5.3829e-04 5.2853e-04 5.1884e-04 5.0923e-04 4.9969e-04 4.9024e-04 4.8087e-04 4.7158e-04 4.6238e-04 4.5327e-04
-1.2289e-03 -1.2286e-03 -1.2280e-03 -1.2272e-03 -1.2261e-03 -1.2248e-03 -1.2232e-03 -1.2215e-03 -1.2195e-03 -1.2172e-03 -1.2148e-03 -1.2121e-03 1.7235e-02 -1.2060e-03 -1.2026e-03 -1.1990e-03 -1.1952e-03 -1.1912e-03 -1.1869e-03 -1.1825e-03 -1.1778e-03 -1.1729e-03 -1.1678e-03 -1.1625e-03 -1.1570e-03 -1.1513e-03 -1.1455e-03 -1.1394e-03 -1.1331e-03 -1.1267e-03 -1.1201e-03 -1.1133e-03 -1.1063e-03 -1.0992e-03 -1.0919e-03 -1.0844e-03 -1.0768e-03 -1.0690e-03 -1.0611e-03 -1.0530e-03 -1.0448e-03 -1.0364e-03 -1.0280e-03 -1.0194e-03 -1.0106e-03 -1.0018e-03 -9.9282e-04 -9.8374e-04 -9.7457e-04 -9.6529e-04 -9.5591e-04 -9.4644e-04 -9.3689e-04 -9.2725e-04 -9.1753e-04 -9.0774e-04 -8.9788e-04 -8.8796e-04 -8.7797e-04 -8.6793e-04 -8.5784e-04 -8.4771e-04 -8.3753e-04 -8.2731e-04 -8.1706e-04 -8.0678e-04 -7.9647e-04 -7.8615e-04 -7.7581e-04 -7.6545e-04 -7.5509e-04 -7.4473e-04 -7.3436e-04 -7.2400e-04 -7.1365e-04 -7.0331e-04 -6.9298e-04 -6.8268e-04 -6.7239e-04 -6.6214e-04 -6.5191e-04 -6.4172e-04 -6.3156e-04 -6.2145e-04 -6.1138e-04 -6.0135e-04 -5.9138e-04 -5.8146e-04 -5.7159e-04 -5.6179e-04 -5.5204e-04 -5.4236e-04 -5.3275e-04 -5.2320e-04 -5.1373e-04 -5.0432e-04 -4.9500e-04 -4.8576e-04 -4.7659e-04 -4.6751e-04 1.2289e-03 1.2286e-03 1.2279e-03 1.2271e-03 1.2260e-03 1.2246e-03 1.2230e-03 1.2212e-03 1.2191e-03 1.2168e-03 1.2143e-03 1.2115e-03 0.0000e+00 1.2052e-03 1.2017e-03 1.1980e-03 1.1940e-03 1.1899e-03 1.1855e-03 1.1809e-03 1.1760e-03 1.1710e-03 1.1657e-03 1.1603e-03 1.1546e-03 1.1487e-03 1.1426e-03 1.1364e-03 1.1299e-03 1.1233e-03 1.1164e-03 1.1094e-03 1.1022e-03 1.0949e-03 1.0873e-03 1.0797e-03 1.0718e-03 1.0638e-03 1.0556e-03 1.0473e-03 1.0389e-03 1.0303e-03 1.0216e-03 1.0127e-03 1.0038e-03 9.9466e-04 9.8545e-04 9.7613e-04 9.6671e-04 9.5719e-04 9.4757e-04 9.3786e-04 9.2806e-04 9.1818e-04 9.0823e-04 8.9820e-04 8.8811e-04 8.7796e-04 8.6774e-04 8.5748e-04 8.4717e-04 8.3681e-04 8.2641e-04 8.1599e-04 8.0553e-04 7.9504e-04 7.8454e-04 7.7402e-04 7.6349e-04 7.5295e-04 7.4241e-04 7.3186e-04 7.2133e-04 7.1080e-04 7.0029e-04 6.8980e-04 6.7932e-04 6.6887e-04 6.5845e-04 6.4807e-04 6.3772e-04 6.2741e-04 6.1714e-04 6.0692e-04 5.9675e-04 5.8663e-04 5.7657e-04 5.6656e-04 5.5662e-04 5.4675e-04 5.3694e-04 5.2721e-04 5.1754e-04 5.0795e-04 4.9844e-04 4.8901e-04 4.7967e-04 4.7040e-04 4.6123e-04 4.5214e-04
-1.2256e-03 -1.2253e-03 -1.2247e-03 -1.2239e-03 -1.2228e-03 -1.2215e-03 -1.2200e-03 -1.2182e-03 -1.2162e-03 -1.2140e-03 -1.2116e-03 -1.2089e-03 -1.2060e-03 1.9989e-02 -1.1995e-03 -1.1960e-03 -1.1922e-03 -1.1882e-03 -1.1840e-03 -1.1795e-03 -1.1749e-03 -1.1700e-03 -1.1650e-03 -1.1597e-03 -1.1543e-03 -1.1487e-03 -1.1428e-03 -1.1368e-03 -1.1306e-03 -1.1242e-03 -1.1176e-03 -1.1109e-03 -1.1040e-03 -1.0969e-03 -1.0896e-03 -1.0822e-03 -1.0747e-03 -1.0669e-03 -1.0591e-03 -1.0511e-03 -1.0429e-03 -1.0346e-03 -1.0262e-03 -1.0177e-03 -1.0090e-03 -1.0002e-03 -9.9132e-04 -9.8231e-04 -9.7319e-04 -9.6398e-04 -9.5466e-04 -9.4526e-04 -9.3577e-04 -9.2620e-04 -9.1654e-04 -9.0682e-04 -8.9702e-04 -8.8716e-04 -8.7724e-04 -8.6726e-04 -8.5724e-04 -8.4716e-04 -8.3704e-04 -8.2689e-04 -8.1670e-04 -8.0648e-04 -7.9623e-04 -7.8597e-04 -7.7568e-04 -7.6539e-04 -7.5508e-04 -7.4477e-04 -7.3446e-04 -7.2416e-04 -7.1386e-04 -7.0357e-04 -6.9330e-04 -6.8304e-04 -6.7281e-04 -6.6260e-04 -6.5242e-04 -6.4228e-04 -6.3217e-04 -6.2210e-04 -6.1207e-04 -6.0209e-04 -5.9216e-04 -5.8228e-04 -5.7245e-04 -5.6268e-04 -5.5297e-04 -5.4332e-04 -5.3374e-04 -5.2423e-04 -5.1479e-04 -5.0542e-04 -4.9612e-04 -4.8691e-04 -4.7777e-04 -4.6871e-04 1.2256e-03 1.2252e-03 1.2246e-03 1.2238e-03 1.2227e-03 1.2213e-03 1.2197e-03 1.2179e-03 1.2159e-03 1.2135e-03 1.2110e-03 1.2082e-03 1.2052e-03 0.0000e+00 1.1985e-03 1.1948e-03 1.1908e-03 1.1867e-03 1.1823e-03 1.1777e-03 1.1729e-03 1.1678e-03 1.1626e-03 1.1571e-03 1.1515e-03 1.1456e-03 1.1396e-03 1.1333e-03 1.1269e-03 1.1202e-03 1.1134e-03 1.1064e-03 1.0993e-03 1.0919e-03 1.0844e-03 1.0767e-03 1.0689e-03 1.0609e-03 1.0528e-03 1.0445e-03 1.0361e-03 1.0275e-03 1.0188e-03 1.0100e-03 1.0010e-03 9.9198e-04 9.8279e-04 9.7350e-04 9.6410e-04 9.5461e-04 9.4501e-04 9.3533e-04 9.2556e-04 9.1571e-04 9.0578e-04 8.9578e-04 8.8572e-04 8.7559e-04 8.6540e-04 8.5517e-04 8.4488e-04 8.3455e-04 8.2419e-04 8.1378e-04 8.0335e-04 7.9290e-04 7.8242e-04 7.7193e-04 7.6143e-04 7.5092e-04 7.4040e-04 7.2989e-04 7.1938e-04 7.0889e-04 6.9840e-04 6.8793e-04 6.7749e-04 6.6707e-04 6.5668e-04 6.4632e-04 6.3600e-04 6.2571e-04 6.1547e-04 6.0528e-04 5.9514e-04 5.8505e-04 5.7501e-04 5.6504e-04 5.5512e-04 5.4527e-04 5.3549e-04 5.2578e-04 5.1614e-04 5.0658e-04 4.9710e-04 4.8769e-04 4.7837e-04 4.6913e-04 4.5998e-04 4.5092e-04
-1.2221e-03 -1.2217e-03 -1.2211e-03 -1.2203e-03 -1.2193e-03 -1.2180e-03 -1.2165e-03 -1.2147e-03 -1.2128e-03 -1.2106e-03 -1.2081e-03 -1.2055e-03 -1.2026e-03 -1.1995e-03 2.2946e-02 -1.1927e-03 -1.1889e-03 -1.1850e-03 -1.1808e-03 -1.1764e-03 -1.1718e-03 -1.1670e-03 -1.1620e-03 -1.1568e-03 -1.1514e-03 -1.1458e-03 -1.1400e-03 -1.1340e-03 -1.1279e-03 -1.1215e-03 -1.1150e-03 -1.1083e-03 -1.1015e-03 -1.0944e-03 -1.0872e-03 -1.0799e-03 -1.0724e-03 -1.0647e-03 -1.0569e-03 -1.0490e-03 -1.0409e-03 -1.0327e-03 -1.0243e-03 -1.0159e-03 -1.0073e-03 -9.9854e-04 -9.8970e-04 -9.8076e-04 -9.7172e-04 -9.6257e-04 -9.5333e-04 -9.4399e-04 -9.3457e-04 -9.2506e-04 -9.1548e-04 -9.0582e-04 -8.9609e-04 -8.8630e-04 -8.7645e-04 -8.6654e-04 -8.5658e-04 -8.4657e-04 -8.3652e-04 -8.2643e-04 -8.1631e-04 -8.0615e-04 -7.9597e-04 -7.8577e-04 -7.7555e-04 -7.6531e-04 -7.5507e-04 -7.4482e-04 -7.3457e-04 -7.2432e-04 -7.1408e-04 -7.0385e-04 -6.9363e-04 -6.8343e-04 -6.7325e-04 -6.6309e-04 -6.5297e-04 -6.4287e-04 -6.3281e-04 -6.2279e-04 -6.1281e-04 -6.0287e-04 -5.9298e-04 -5.8315e-04 -5.7336e-04 -5.6363e-04 -5.5396e-04 -5.4435e-04 -5.3481e-04 -5.2533e-04 -5.1592e-04 -5.0659e-04 -4.9732e-04 -4.8813e-04 -4.7902e-04 -4.6999e-04 1.2221e-03 1.2217e-03 1.2211e-03 1.2202e-03 1.2191e-03 1.2178e-03 1.2162e-03 1.2144e-03 1.2123e-03 1.2100e-03 1.2075e-03 1.2047e-03 1.2017e-03 1.1985e-03 0.0000e+00 1.1913e-03 1.1874e-03 1.1832e-03 1.1789e-03 1.1743e-03 1.1695e-03 1.1644e-03 1.1592e-03 1.1538e-03 1.1481e-03 1.1423e-03 1.1363e-03 1.1300e-03 1.1236e-03 1.1170e-03 1.1102e-03 1.1032e-03 1.0961e-03 1.0888e-03 1.0813e-03 1.0736e-03 1.0658e-03 1.0579e-03 1.0497e-03 1.0415e-03 1.0331e-03 1.0245e-03 1.0159e-03 1.0071e-03 9.9814e-04 9.8910e-04 9.7995e-04 9.7068e-04 9.6131e-04 9.5184e-04 9.4228e-04 9.3262e-04 9.2288e-04 9.1306e-04 9.0316e-04 8.9319e-04 8.8315e-04 8.7305e-04 8.6290e-04 8.5269e-04 8.4243e-04 8.3214e-04 8.2180e-04 8.1143e-04 8.0103e-04 7.9060e-04 7.8016e-04 7.6969e-04 7.5922e-04 7.4874e-04 7.3826e-04 7.2778e-04 7.1730e-04 7.0683e-04 6.9638e-04 6.8594e-04 6.7553e-04 6.6514e-04 6.5477e-04 6.4445e-04 6.3415e-04 6.2390e-04 6.1369e-04 6.0353e-04 5.9341e-04 5.8335e-04 5.7334e-04 5.6340e-04 5.5351e-04 5.4369e-04 5.3394e-04 5.2426e-04 5.1465e-04 5.0511e-04 4.9566e-04 4.8628e-04 4.7698e-04 4.6777e-04 4.5865e-04 4.4961e-04
-1.2183e-03 -1.2179e-03 -1.2174e-03 -1.2166e-03 -1.2155e-03 -1.2143e-03 -1.2128e-03 -1.2110e-03 -1.2091e-03 -1.2069e-03 -1.2045e-03 -1.2019e-03 -1.1990e-03 -1.1960e-03 -1.1927e-03 2.6107e-02 -1.1855e-03 -1.1815e-03 -1.1774e-03 -1.1730e-03 -1.1685e-03 -1.1637e-03 -1.1588e-03 -1.1536e-03 -1.1483e-03 -1.1427e-03 -1.1370e-03 -1.1311e-03 -1.1250e-03 -1.1187e-03 -1.1122e-03 -1.1056e-03 -1.0988e-03 -1.0918e-03 -1.0847e-03 -1.0774e-03 -1.0700e-03 -1.0624e-03 -1.0547e-03 -1.0468e-03 -1.0388e-03 -1.0306e-03 -1.0223e-03 -1.0139e-03 -1.0054e-03 -9.9674e-04 -9.8798e-04 -9.7911e-04 -9.7014e-04 -9.6107e-04 -9.5190e-04 -9.4263e-04 -9.3328e-04 -9.2385e-04 -9.1434e-04 -9.0476e-04 -8.9510e-04 -8.8538e-04 -8.7560e-04 -8.6577e-04 -8.5588e-04 -8.4594e-04 -8.3596e-04 -8.2594e-04 -8.1588e-04 -8.0580e-04 -7.9568e-04 -7.8555e-04 -7.7540e-04 -7.6523e-04 -7.5505e-04 -7.4486e-04 -7.3468e-04 -7.2449e-04 -7.1431e-04 -7.0414e-04 -6.9398e-04 -6.8384e-04 -6.7372e-04 -6.6362e-04 -6.5354e-04 -6.4350e-04 -6.3349e-04 -6.2352e-04 -6.1359e-04 -6.0370e-04 -5.9386e-04 -5.8407e-04 -5.7433e-04 -5.6464e-04 -5.5501e-04 -5.4545e-04 -5.3594e-04 -5.2650e-04 -5.1713e-04 -5.0783e-04 -4.9860e-04 -4.8944e-04 -4.8036e-04 -4.7136e-04 1.2183e-03 1.2179e-03 1.2173e-03 1.2165e-03 1.2154e-03 1.2140e-03 1.2125e-03 1.2106e-03 1.2086e-03 1.2063e-03 1.2038e-03 1.2010e-03 1.1980e-03 1.1948e-03 1.1913e-03 0.0000e+00 1.1837e-03 1.1796e-03 1.1752e-03 1.1706e-03 1.1658e-03 1.1608e-03 1.1556e-03 1.1502e-03 1.1446e-03 1.1388e-03 1.1327e-03 1.1265e-03 1.1201e-03 1.1135e-03 1.1068e-03 1.0998e-03 1.0927e-03 1.0854e-03 1.0779e-03 1.0703e-03 1.0625e-03 1.0546e-03 1.0465e-03 1.0383e-03 1.0299e-03 1.0214e-03 1.0127e-03 1.0040e-03 9.9505e-04 9.8604e-04 9.7691e-04 9.6768e-04 9.5833e-04 9.4889e-04 9.3936e-04 9.2973e-04 9.2002e-04 9.1023e-04 9.0036e-04 8.9042e-04 8.8042e-04 8.7035e-04 8.6023e-04 8.5005e-04 8.3983e-04 8.2956e-04 8.1925e-04 8.0892e-04 7.9855e-04 7.8815e-04 7.7774e-04 7.6731e-04 7.5687e-04 7.4642e-04 7.3597e-04 7.2552e-04 7.1508e-04 7.0464e-04 6.9422e-04 6.8382e-04 6.7343e-04 6.6308e-04 6.5275e-04 6.4245e-04 6.3219e-04 6.2197e-04 6.1179e-04 6.0166e-04 5.9157e-04 5.8154e-04 5.7157e-04 5.6165e-04 5.5180e-04 5.4201e-04 5.3229e-04 5.2263e-04 5.1305e-04 5.0355e-04 4.9412e-04 4.8477e-04 4.7550e-04 4.6632e-04 4.5722e-04 4.4821e-04
-1.2143e-03 -1.2139e-03 -1.2134e-03 -1.2126e-03 -1.2115e-03 -1.2103e-03 -1.2088e-03 -1.2071e-03 -1.2052e-03 -1.2030e-03 -1.2006e-03 -1.1980e-03 -1.1952e-03 -1.1922e-03 -1.1889e-03 -1.1855e-03 2.9472e-02 -1.1779e-03 -1.1738e-03 -1.1695e-03 -1.1650e-03 -1.1603e-03 -1.1553e-03 -1.1502e-03 -1.1449e-03 -1.1394e-03 -1.1338e-03 -1.1279e-03 -1.1219e-03 -1.1156e-03 -1.1093e-03 -1.1027e-03 -1.0960e-03 -1.0891e-03 -1.0820e-03 -1.0748e-03 -1.0674e-03 -1.0599e-03 -1.0522e-03 -1.0444e-03 -1.0365e-03 -1.0284e-03 -1.0202e-03 -1.0119e-03 -1.0034e-03 -9.9484e-04 -9.8615e-04 -9.7736e-04 -9.6846e-04 -9.5947e-04 -9.5037e-04 -9.4119e-04 -9.3192e-04 -9.2256e-04 -9.1313e-04 -9.0362e-04 -8.9405e-04 -8.8440e-04 -8.7470e-04 -8.6494e-04 -8.5513e-04 -8.4526e-04 -8.3536e-04 -8.2541e-04 -8.1543e-04 -8.0542e-04 -7.9538e-04 -7.8531e-04 -7.7523e-04 -7.6513e-04 -7.5502e-04 -7.4491e-04 -7.3479e-04 -7.2467e-04 -7.1455e-04 -7.0444e-04 -6.9435e-04 -6.8427e-04 -6.7420e-04 -6.6416e-04 -6.5415e-04 -6.4417e-04 -6.3421e-04 -6.2430e-04 -6.1442e-04 -6.0458e-04 -5.9479e-04 -5.8504e-04 -5.7535e-04 -5.6571e-04 -5.5613e-04 -5.4660e-04 -5.3714e-04 -5.2774e-04 -5.1840e-04 -5.0914e-04 -4.9994e-04 -4.9082e-04 -4.8178e-04 -4.7281e-04 1.2143e-03 1.2139e-03 1.2133e-03 1.2125e-03 1.2114e-03 1.2100e-03 1.2085e-03 1.2066e-03 1.2046e-03 1.2023e-03 1.1998e-03 1.1970e-03 1.1940e-03 1.1908e-03 1.1874e-03 1.1837e-03 0.0000e+00 1.1757e-03 1.1713e-03 1.1668e-03 1.1620e-03 1.1570e-03 1.1518e-03 1.1464e-03 1.1408e-03 1.1350e-03 1.1290e-03 1.1228e-03 1.1164e-03 1.1099e-03 1.1031e-03 1.0962e-03 1.0891e-03 1.0818e-03 1.0744e-03 1.0668e-03 1.0590e-03 1.0511e-03 1.0430e-03 1.0348e-03 1.0265e-03 1.0180e-03 1.0094e-03 1.0006e-03 9.9178e-04 9.8279e-04 9.7369e-04 9.6449e-04 9.5518e-04 9.4577e-04 9.3626e-04 9.2667e-04 9.1699e-04 9.0723e-04 8.9739e-04 8.8749e-04 8.7752e-04 8.6748e-04 8.5739e-04 8.4725e-04 8.3706e-04 8.2683e-04 8.1655e-04 8.0625e-04 7.9592e-04 7.8556e-04 7.7518e-04 7.6478e-04 7.5438e-04 7.4396e-04 7.3355e-04 7.2313e-04 7.1272e-04 7.0232e-04 6.9193e-04 6.8156e-04 6.7121e-04 6.6089e-04 6.5059e-04 6.4033e-04 6.3010e-04 6.1992e-04 6.0977e-04 5.9967e-04 5.8962e-04 5.7962e-04 5.6968e-04 5.5980e-04 5.4998e-04 5.4022e-04 5.3053e-04 5.2091e-04 5.1136e-04 5.0189e-04 4.9249e-04 4.8317e-04 4.7393e-04 4.6478e-04 4.5571e-04 4.4673e-04
