1.0199e-04 -2.4988e-11 -5.6194e-11 -9.9830e-11 -1.5584e-10 -2.2417e-10 -3.0472e-10 -3.9741e-10 -5.0212e-10 -6.1872e-10 -7.4708e-10 -8.8704e-10 -1.0384e-09 -1.2011e-09 -1.3748e-09 -1.5594e-09 -1.7546e-09 -1.9602e-09 -2.1760e-09 -2.4017e-09 -2.6371e-09 -2.8818e-09 -3.1356e-09 -3.3982e-09 -3.6692e-09 -3.9484e-09 -4.2355e-09 -4.5301e-09 -4.8318e-09 -5.1404e-09 -5.4554e-09 -5.7765e-09 -6.1034e-09 -6.4357e-09 -6.7729e-09 -7.1148e-09 -7.4608e-09 -7.8108e-09 -8.1642e-09 -8.5207e-09 -8.8798e-09 -9.2412e-09 -9.6045e-09 -9.9693e-09 -1.0335e-08 -1.0702e-08 -1.1069e-08 -1.1436e-08 -1.1802e-08 -1.2168e-08 -1.2532e-08 -1.2895e-08 -1.3256e-08 -1.3614e-08 -1.3970e-08 -1.4323e-08 -1.4672e-08 -1.5018e-08 -1.5359e-08 -1.5696e-08 -1.6029e-08 -1.6356e-08 -1.6678e-08 -1.6995e-08 -1.7305e-08 -1.7610e-08 -1.7908e-08 -1.8199e-08 -1.8483e-08 -1.8760e-08 -1.9030e-08 -1.9292e-08 -1.9546e-08 -1.9792e-08 -2.0030e-08 -2.0259e-08 -2.0480e-08 -2.0693e-08 -2.0896e-08 -2.1090e-08 -2.1276e-08 -2.1452e-08 -2.1618e-08 -2.1776e-08 -2.1924e-08 -2.2062e-08 -2.2191e-08 -2.2310e-08 -2.2420e-08 -2.2520e-08 -2.2610e-08 -2.2690e-08 -2.2761e-08 -2.2823e-08 -2.2875e-08 -2.2917e-08 -2.2949e-08 -2.2973e-08 -2.2987e-08 -2.2991e-08 0.0000e+00 2.4988e-11 5.6194e-11 9.9830e-11 1.5584e-10 2.2417e-10 3.0472e-10 3.9741e-10 5.0212e-10 6.1872e-10 7.4708e-10 8.8704e-10 1.0384e-09 1.2011e-09 1.3748e-09 1.5594e-09 1.7546e-09 1.9602e-09 2.1760e-09 2.4017e-09 2.6371e-09 2.8818e-09 3.1356e-09 3.3982e-09 3.6692e-09 3.9484e-09 4.2355e-09 4.5301e-09 4.8318e-09 5.1404e-09 5.4554e-09 5.7765e-09 6.1034e-09 6.4356e-09 6.7729e-09 7.1147e-09 7.4608e-09 7.8107e-09 8.1641e-09 8.5206e-09 8.8797e-09 9.2412e-09 9.6045e-09 9.9693e-09 1.0335e-08 1.0702e-08 1.1069e-08 1.1436e-08 1.1802e-08 1.2168e-08 1.2532e-08 1.2895e-08 1.3256e-08 1.3614e-08 1.3970e-08 1.4323e-08 1.4672e-08 1.5018e-08 1.5359e-08 1.5696e-08 1.6029e-08 1.6356e-08 1.6678e-08 1.6995e-08 1.7305e-08 1.7610e-08 1.7907e-08 1.8199e-08 1.8483e-08 1.8760e-08 1.9030e-08 1.9292e-08 1.9546e-08 1.9792e-08 2.0030e-08 2.0259e-08 2.0480e-08 2.0692e-08 2.0895e-08 2.1090e-08 2.1275e-08 2.1451e-08 2.1618e-08 2.1775e-08 2.1923e-08 2.2061e-08 2.2190e-08 2.2310e-08 2.2419e-08 2.2519e-08 2.2609e-08 2.2690e-08 2.2761e-08 2.2822e-08 2.2874e-08 2.2916e-08 2.2949e-08 2.2972e-08 2.2986e-08 2.2991e-08
-2.4988e-11 4.0796e-04 -2.2471e-10 -3.9920e-10 -6.2319e-10 -8.9641e-10 -1.2185e-09 -1.5892e-09 -2.0079e-09 -2.4741e-09 -2.9874e-09 -3.5471e-09 -4.1526e-09 -4.8030e-09 -5.4977e-09 -6.2358e-09 -7.0164e-09 -7.8387e-09 -8.7016e-09 -9.6041e-09 -1.0545e-08 -1.1524e-08 -1.2539e-08 -1.3589e-08 -1.4673e-08 -1.5789e-08 -1.6937e-08 -1.8115e-08 -1.9322e-08 -2.0556e-08 -2.1815e-08 -2.3100e-08 -2.4407e-08 -2.5735e-08 -2.7084e-08 -2.8451e-08 -2.9835e-08 -3.1234e-08 -3.2648e-08 -3.4073e-08 -3.5509e-08 -3.6955e-08 -3.8408e-08 -3.9867e-08 -4.1330e-08 -4.2796e-08 -4.4263e-08 -4.5731e-08 -4.7196e-08 -4.8658e-08 -5.0115e-08 -5.1566e-08 -5.3009e-08 -5.4443e-08 -5.5866e-08 -5.7276e-08 -5.8673e-08 -6.0056e-08 -6.1422e-08 -6.2770e-08 -6.4100e-08 -6.5409e-08 -6.6698e-08 -6.7963e-08 -6.9205e-08 -7.0423e-08 -7.1614e-08 -7.2779e-08 -7.3916e-08 -7.5024e-08 -7.6103e-08 -7.7150e-08 -7.8167e-08 -7.9151e-08 -8.0103e-08 -8.1021e-08 -8.1904e-08 -8.2753e-08 -8.3566e-08 -8.4344e-08 -8.5085e-08 -8.5789e-08 -8.6456e-08 -8.7086e-08 -8.7678e-08 -8.8231e-08 -8.8747e-08 -8.9224e-08 -8.9662e-08 -9.0062e-08 -9.0424e-08 -9.0746e-08 -9.1030e-08 -9.1276e-08 -9.1483e-08 -9.1652e-08 -9.1783e-08 -9.1877e-08 -9.1933e-08 -9.1951e-08 2.4988e-11 0.0000e+00 2.2471e-10 3.9920e-10 6.2319e-10 8.9641e-10 1.2185e-09 1.5892e-09 2.0079e-09 2.4741e-09 2.9874e-09 3.5471e-09 4.1525e-09 4.8030e-09 5.4977e-09 6.2358e-09 7.0164e-09 7.8386e-09 8.7015e-09 9.6041e-09 1.0545e-08 1.1524e-08 1.2539e-08 1.3589e-08 1.4673e-08 1.5789e-08 1.6937e-08 1.8115e-08 1.9321e-08 2.0555e-08 2.1815e-08 2.3099e-08 2.4406e-08 2.5735e-08 2.7084e-08 2.8451e-08 2.9835e-08 3.1234e-08 3.2647e-08 3.4072e-08 3.5509e-08 3.6954e-08 3.8407e-08 3.9866e-08 4.1329e-08 4.2795e-08 4.4262e-08 4.5729e-08 4.7194e-08 4.8656e-08 5.0113e-08 5.1564e-08 5.3007e-08 5.4440e-08 5.5863e-08 5.7274e-08 5.8671e-08 6.0053e-08 6.1419e-08 6.2767e-08 6.4097e-08 6.5406e-08 6.6694e-08 6.7960e-08 6.9202e-08 7.0419e-08 7.1610e-08 7.2775e-08 7.3911e-08 7.5019e-08 7.6097e-08 7.7145e-08 7.8161e-08 7.9145e-08 8.0097e-08 8.1014e-08 8.1898e-08 8.2746e-08 8.3559e-08 8.4337e-08 8.5077e-08 8.5782e-08 8.6448e-08 8.7078e-08 8.7669e-08 8.8223e-08 8.8738e-08 8.9215e-08 8.9653e-08 9.0053e-08 9.0414e-08 9.0736e-08 9.1020e-08 9.1265e-08 9.1472e-08 9.1641e-08 9.1772e-08 9.1865e-08 9.1921e-08 9.1939e-08
-5.6194e-11 -2.2471e-10 9.1790e-04 -8.9775e-10 -1.4015e-09 -2.0159e-09 -2.7403e-09 -3.5738e-09 -4.5154e-09 -5.5640e-09 -6.7184e-09 -7.9771e-09 -9.3386e-09 -1.0801e-08 -1.2364e-08 -1.4024e-08 -1.5779e-08 -1.7628e-08 -1.9569e-08 -2.1599e-08 -2.3715e-08 -2.5916e-08 -2.8198e-08 -3.0560e-08 -3.2997e-08 -3.5509e-08 -3.8090e-08 -4.0739e-08 -4.3453e-08 -4.6228e-08 -4.9061e-08 -5.1949e-08 -5.4889e-08 -5.7877e-08 -6.0910e-08 -6.3985e-08 -6.7098e-08 -7.0245e-08 -7.3423e-08 -7.6629e-08 -7.9860e-08 -8.3110e-08 -8.6378e-08 -8.9659e-08 -9.2950e-08 -9.6248e-08 -9.9549e-08 -1.0285e-07 -1.0614e-07 -1.0943e-07 -1.1271e-07 -1.1597e-07 -1.1922e-07 -1.2244e-07 -1.2564e-07 -1.2882e-07 -1.3196e-07 -1.3507e-07 -1.3814e-07 -1.4118e-07 -1.4417e-07 -1.4711e-07 -1.5001e-07 -1.5286e-07 -1.5565e-07 -1.5839e-07 -1.6107e-07 -1.6369e-07 -1.6625e-07 -1.6874e-07 -1.7117e-07 -1.7352e-07 -1.7581e-07 -1.7803e-07 -1.8017e-07 -1.8223e-07 -1.8422e-07 -1.8613e-07 -1.8796e-07 -1.8971e-07 -1.9138e-07 -1.9296e-07 -1.9446e-07 -1.9588e-07 -1.9721e-07 -1.9846e-07 -1.9962e-07 -2.0069e-07 -2.0168e-07 -2.0258e-07 -2.0339e-07 -2.0412e-07 -2.0476e-07 -2.0531e-07 -2.0578e-07 -2.0616e-07 -2.0646e-07 -2.0667e-07 -2.0680e-07 -2.0684e-07 5.6194e-11 2.2471e-10 0.0000e+00 8.9775e-10 1.4015e-09 2.0159e-09 2.7403e-09 3.5738e-09 4.5154e-09 5.5640e-09 6.7184e-09 7.9770e-09 9.3386e-09 1.0801e-08 1.2364e-08 1.4023e-08 1.5779e-08 1.7628e-08 1.9569e-08 2.1598e-08 2.3715e-08 2.5916e-08 2.8198e-08 3.0559e-08 3.2997e-08 3.5508e-08 3.8089e-08 4.0738e-08 4.3452e-08 4.6227e-08 4.9060e-08 5.1948e-08 5.4887e-08 5.7875e-08 6.0908e-08 6.3982e-08 6.7095e-08 7.0242e-08 7.3420e-08 7.6626e-08 7.9856e-08 8.3106e-08 8.6373e-08 8.9654e-08 9.2945e-08 9.6242e-08 9.9542e-08 1.0284e-07 1.0614e-07 1.0942e-07 1.1270e-07 1.1596e-07 1.1921e-07 1.2243e-07 1.2563e-07 1.2881e-07 1.3195e-07 1.3506e-07 1.3813e-07 1.4116e-07 1.4415e-07 1.4709e-07 1.4999e-07 1.5284e-07 1.5563e-07 1.5837e-07 1.6105e-07 1.6367e-07 1.6622e-07 1.6872e-07 1.7114e-07 1.7350e-07 1.7578e-07 1.7800e-07 1.8014e-07 1.8220e-07 1.8419e-07 1.8610e-07 1.8792e-07 1.8967e-07 1.9134e-07 1.9292e-07 1.9442e-07 1.9584e-07 1.9717e-07 1.9841e-07 1.9957e-07 2.0065e-07 2.0163e-07 2.0253e-07 2.0334e-07 2.0407e-07 2.0471e-07 2.0526e-07 2.0572e-07 2.0610e-07 2.0640e-07 2.0661e-07 2.0673e-07 2.0678e-07
-9.9830e-11 -3.9920e-10 -8.9775e-10 1.6318e-03 -2.4898e-09 -3.5813e-09 -4.8683e-09 -6.3490e-09 -8.0219e-09 -9.8847e-09 -1.1935e-08 -1.4172e-08 -1.6590e-08 -1.9189e-08 -2.1965e-08 -2.4914e-08 -2.8033e-08 -3.1318e-08 -3.4765e-08 -3.8371e-08 -4.2131e-08 -4.6041e-08 -5.0096e-08 -5.4292e-08 -5.8622e-08 -6.3084e-08 -6.7670e-08 -7.2377e-08 -7.7198e-08 -8.2128e-08 -8.7162e-08 -9.2293e-08 -9.7516e-08 -1.0282e-07 -1.0821e-07 -1.1368e-07 -1.1921e-07 -1.2480e-07 -1.3045e-07 -1.3614e-07 -1.4188e-07 -1.4766e-07 -1.5346e-07 -1.5929e-07 -1.6514e-07 -1.7100e-07 -1.7687e-07 -1.8273e-07 -1.8858e-07 -1.9443e-07 -2.0025e-07 -2.0605e-07 -2.1182e-07 -2.1755e-07 -2.2323e-07 -2.2887e-07 -2.3446e-07 -2.3998e-07 -2.4544e-07 -2.5083e-07 -2.5615e-07 -2.6138e-07 -2.6653e-07 -2.7159e-07 -2.7656e-07 -2.8143e-07 -2.8619e-07 -2.9085e-07 -2.9539e-07 -2.9982e-07 -3.0414e-07 -3.0833e-07 -3.1239e-07 -3.1633e-07 -3.2013e-07 -3.2381e-07 -3.2734e-07 -3.3074e-07 -3.3399e-07 -3.3710e-07 -3.4007e-07 -3.4288e-07 -3.4555e-07 -3.4807e-07 -3.5044e-07 -3.5266e-07 -3.5472e-07 -3.5663e-07 -3.5839e-07 -3.5999e-07 -3.6144e-07 -3.6273e-07 -3.6387e-07 -3.6486e-07 -3.6569e-07 -3.6637e-07 -3.6690e-07 -3.6728e-07 -3.6751e-07 -3.6759e-07 9.9830e-11 3.9920e-10 8.9775e-10 0.0000e+00 2.4898e-09 3.5813e-09 4.8683e-09 6.3490e-09 8.0218e-09 9.8847e-09 1.1935e-08 1.4171e-08 1.6590e-08 1.9189e-08 2.1964e-08 2.4913e-08 2.8032e-08 3.1317e-08 3.4765e-08 3.8371e-08 4.2130e-08 4.6040e-08 5.0095e-08 5.4290e-08 5.8620e-08 6.3081e-08 6.7668e-08 7.2374e-08 7.7195e-08 8.2124e-08 8.7157e-08 9.2288e-08 9.7510e-08 1.0282e-07 1.0821e-07 1.1367e-07 1.1920e-07 1.2479e-07 1.3044e-07 1.3613e-07 1.4187e-07 1.4764e-07 1.5345e-07 1.5928e-07 1.6512e-07 1.7098e-07 1.7684e-07 1.8271e-07 1.8856e-07 1.9440e-07 2.0022e-07 2.0602e-07 2.1179e-07 2.1751e-07 2.2320e-07 2.2884e-07 2.3442e-07 2.3994e-07 2.4540e-07 2.5079e-07 2.5610e-07 2.6133e-07 2.6648e-07 2.7153e-07 2.7650e-07 2.8136e-07 2.8612e-07 2.9078e-07 2.9532e-07 2.9975e-07 3.0406e-07 3.0824e-07 3.1230e-07 3.1624e-07 3.2004e-07 3.2371e-07 3.2724e-07 3.3063e-07 3.3388e-07 3.3699e-07 3.3995e-07 3.4276e-07 3.4543e-07 3.4794e-07 3.5031e-07 3.5252e-07 3.5458e-07 3.5649e-07 3.5824e-07 3.5984e-07 3.6128e-07 3.6257e-07 3.6371e-07 3.6469e-07 3.6552e-07 3.6619e-07 3.6672e-07 3.6709e-07 3.6731e-07 3.6739e-07
-1.5584e-10 -6.2319e-10 -1.4015e-09 -2.4898e-09 2.5497e-03 -5.5908e-09 -7.5998e-09 -9.9115e-09 -1.2523e-08 -1.5431e-08 -1.8633e-08 -2.2123e-08 -2.5899e-08 -2.9956e-08 -3.4289e-08 -3.8893e-08 -4.3762e-08 -4.8891e-08 -5.4273e-08 -5.9902e-08 -6.5773e-08 -7.1876e-08 -7.8207e-08 -8.4756e-08 -9.1518e-08 -9.8483e-08 -1.0564e-07 -1.1299e-07 -1.2052e-07 -1.2822e-07 -1.3607e-07 -1.4408e-07 -1.5224e-07 -1.6053e-07 -1.6894e-07 -1.7747e-07 -1.8610e-07 -1.9484e-07 -2.0365e-07 -2.1255e-07 -2.2151e-07 -2.3053e-07 -2.3959e-07 -2.4869e-07 -2.5782e-07 -2.6697e-07 -2.7613e-07 -2.8529e-07 -2.9443e-07 -3.0355e-07 -3.1265e-07 -3.2170e-07 -3.3071e-07 -3.3966e-07 -3.4854e-07 -3.5734e-07 -3.6606e-07 -3.7469e-07 -3.8322e-07 -3.9164e-07 -3.9994e-07 -4.0812e-07 -4.1616e-07 -4.2406e-07 -4.3182e-07 -4.3942e-07 -4.4686e-07 -4.5414e-07 -4.6124e-07 -4.6816e-07 -4.7489e-07 -4.8144e-07 -4.8779e-07 -4.9394e-07 -4.9989e-07 -5.0562e-07 -5.1115e-07 -5.1645e-07 -5.2154e-07 -5.2640e-07 -5.3103e-07 -5.3544e-07 -5.3961e-07 -5.4355e-07 -5.4725e-07 -5.5072e-07 -5.5394e-07 -5.5693e-07 -5.5968e-07 -5.6219e-07 -5.6445e-07 -5.6648e-07 -5.6826e-07 -5.6981e-07 -5.7111e-07 -5.7218e-07 -5.7301e-07 -5.7360e-07 -5.7396e-07 -5.7409e-07 1.5584e-10 6.2319e-10 1.4015e-09 2.4898e-09 0.0000e+00 5.5908e-09 7.5998e-09 9.9114e-09 1.2523e-08 1.5431e-08 1.8632e-08 2.2123e-08 2.5899e-08 2.9956e-08 3.4289e-08 3.8892e-08 4.3761e-08 4.8889e-08 5.4271e-08 5.9900e-08 6.5770e-08 7.1873e-08 7.8203e-08 8.4752e-08 9.1513e-08 9.8477e-08 1.0564e-07 1.1298e-07 1.2051e-07 1.2821e-07 1.3606e-07 1.4407e-07 1.5223e-07 1.6051e-07 1.6892e-07 1.7745e-07 1.8608e-07 1.9481e-07 2.0363e-07 2.1252e-07 2.2148e-07 2.3049e-07 2.3955e-07 2.4865e-07 2.5778e-07 2.6693e-07 2.7608e-07 2.8523e-07 2.9437e-07 3.0349e-07 3.1258e-07 3.2163e-07 3.3063e-07 3.3957e-07 3.4845e-07 3.5725e-07 3.6597e-07 3.7459e-07 3.8311e-07 3.9152e-07 3.9982e-07 4.0799e-07 4.1602e-07 4.2392e-07 4.3167e-07 4.3926e-07 4.4669e-07 4.5396e-07 4.6105e-07 4.6797e-07 4.7469e-07 4.8123e-07 4.8757e-07 4.9372e-07 4.9965e-07 5.0538e-07 5.1089e-07 5.1619e-07 5.2126e-07 5.2612e-07 5.3074e-07 5.3514e-07 5.3930e-07 5.4323e-07 5.4692e-07 5.5038e-07 5.5360e-07 5.5657e-07 5.5931e-07 5.6181e-07 5.6406e-07 5.6608e-07 5.6785e-07 5.6939e-07 5.7068e-07 5.7174e-07 5.7256e-07 5.7314e-07 5.7350e-07 5.7362e-07
-2.2417e-10 -8.9641e-10 -2.0159e-09 -3.5813e-09 -5.5908e-09 3.6716e-03 -1.0932e-08 -1.4257e-08 -1.8013e-08 -2.2196e-08 -2.6801e-08 -3.1823e-08 -3.7255e-08 -4.3090e-08 -4.9323e-08 -5.5945e-08 -6.2949e-08 -7.0326e-08 -7.8069e-08 -8.6167e-08 -9.4611e-08 -1.0339e-07 -1.1250e-07 -1.2192e-07 -1.3165e-07 -1.4166e-07 -1.5196e-07 -1.6254e-07 -1.7336e-07 -1.8444e-07 -1.9574e-07 -2.0727e-07 -2.1900e-07 -2.3092e-07 -2.4302e-07 -2.5529e-07 -2.6772e-07 -2.8028e-07 -2.9296e-07 -3.0576e-07 -3.1865e-07 -3.3162e-07 -3.4467e-07 -3.5776e-07 -3.7090e-07 -3.8406e-07 -3.9724e-07 -4.1041e-07 -4.2357e-07 -4.3670e-07 -4.4978e-07 -4.6281e-07 -4.7577e-07 -4.8865e-07 -5.0143e-07 -5.1410e-07 -5.2665e-07 -5.3907e-07 -5.5134e-07 -5.6345e-07 -5.7540e-07 -5.8716e-07 -5.9874e-07 -6.1012e-07 -6.2128e-07 -6.3222e-07 -6.4293e-07 -6.5340e-07 -6.6362e-07 -6.7359e-07 -6.8329e-07 -6.9271e-07 -7.0185e-07 -7.1071e-07 -7.1927e-07 -7.2753e-07 -7.3548e-07 -7.4312e-07 -7.5044e-07 -7.5744e-07 -7.6412e-07 -7.7046e-07 -7.7648e-07 -7.8215e-07 -7.8749e-07 -7.9248e-07 -7.9713e-07 -8.0144e-07 -8.0540e-07 -8.0902e-07 -8.1229e-07 -8.1521e-07 -8.1779e-07 -8.2002e-07 -8.2190e-07 -8.2345e-07 -8.2465e-07 -8.2552e-07 -8.2604e-07 -8.2624e-07 2.2417e-10 8.9641e-10 2.0159e-09 3.5813e-09 5.5908e-09 0.0000e+00 1.0932e-08 1.4257e-08 1.8013e-08 2.2196e-08 2.6801e-08 3.1822e-08 3.7254e-08 4.3089e-08 4.9321e-08 5.5943e-08 6.2947e-08 7.0324e-08 7.8065e-08 8.6162e-08 9.4606e-08 1.0338e-07 1.1249e-07 1.2191e-07 1.3164e-07 1.4165e-07 1.5195e-07 1.6252e-07 1.7335e-07 1.8442e-07 1.9572e-07 2.0724e-07 2.1897e-07 2.3089e-07 2.4299e-07 2.5525e-07 2.6767e-07 2.8023e-07 2.9291e-07 3.0570e-07 3.1859e-07 3.3155e-07 3.4459e-07 3.5768e-07 3.7081e-07 3.8397e-07 3.9713e-07 4.1030e-07 4.2345e-07 4.3657e-07 4.4964e-07 4.6266e-07 4.7561e-07 4.8847e-07 5.0124e-07 5.1390e-07 5.2644e-07 5.3885e-07 5.5111e-07 5.6321e-07 5.7514e-07 5.8689e-07 5.9846e-07 6.0982e-07 6.2096e-07 6.3189e-07 6.4259e-07 6.5304e-07 6.6324e-07 6.7319e-07 6.8287e-07 6.9228e-07 7.0140e-07 7.1024e-07 7.1878e-07 7.2702e-07 7.3496e-07 7.4258e-07 7.4988e-07 7.5686e-07 7.6352e-07 7.6984e-07 7.7583e-07 7.8149e-07 7.8681e-07 7.9178e-07 7.9641e-07 8.0070e-07 8.0464e-07 8.0823e-07 8.1148e-07 8.1438e-07 8.1694e-07 8.1915e-07 8.2101e-07 8.2254e-07 8.2372e-07 8.2457e-07 8.2507e-07 8.2525e-07
-3.0472e-10 -1.2185e-09 -2.7403e-09 -4.8683e-09 -7.5998e-09 -1.0932e-08 4.9974e-03 -1.9380e-08 -2.4486e-08 -3.0173e-08 -3.6433e-08 -4.3259e-08 -5.0642e-08 -5.8575e-08 -6.7048e-08 -7.6050e-08 -8.5571e-08 -9.5600e-08 -1.0612e-07 -1.1713e-07 -1.2861e-07 -1.4055e-07 -1.5293e-07 -1.6574e-07 -1.7896e-07 -1.9258e-07 -2.0658e-07 -2.2095e-07 -2.3567e-07 -2.5073e-07 -2.6610e-07 -2.8176e-07 -2.9771e-07 -3.1392e-07 -3.3038e-07 -3.4706e-07 -3.6395e-07 -3.8103e-07 -3.9827e-07 -4.1567e-07 -4.3320e-07 -4.5084e-07 -4.6858e-07 -4.8638e-07 -5.0425e-07 -5.2215e-07 -5.4006e-07 -5.5797e-07 -5.7587e-07 -5.9372e-07 -6.1151e-07 -6.2923e-07 -6.4685e-07 -6.6436e-07 -6.8174e-07 -6.9898e-07 -7.1605e-07 -7.3293e-07 -7.4963e-07 -7.6610e-07 -7.8235e-07 -7.9836e-07 -8.1410e-07 -8.2958e-07 -8.4476e-07 -8.5965e-07 -8.7422e-07 -8.8846e-07 -9.0237e-07 -9.1593e-07 -9.2912e-07 -9.4195e-07 -9.5439e-07 -9.6644e-07 -9.7809e-07 -9.8933e-07 -1.0002e-06 -1.0106e-06 -1.0205e-06 -1.0301e-06 -1.0391e-06 -1.0478e-06 -1.0560e-06 -1.0637e-06 -1.0710e-06 -1.0778e-06 -1.0841e-06 -1.0900e-06 -1.0954e-06 -1.1003e-06 -1.1048e-06 -1.1088e-06 -1.1123e-06 -1.1153e-06 -1.1179e-06 -1.1200e-06 -1.1217e-06 -1.1229e-06 -1.1236e-06 -1.1239e-06 3.0472e-10 1.2185e-09 2.7403e-09 4.8683e-09 7.5998e-09 1.0932e-08 0.0000e+00 1.9380e-08 2.4486e-08 3.0172e-08 3.6432e-08 4.3258e-08 5.0641e-08 5.8573e-08 6.7045e-08 7.6046e-08 8.5567e-08 9.5595e-08 1.0612e-07 1.1713e-07 1.2860e-07 1.4054e-07 1.5291e-07 1.6572e-07 1.7894e-07 1.9256e-07 2.0656e-07 2.2092e-07 2.3564e-07 2.5069e-07 2.6605e-07 2.8172e-07 2.9766e-07 3.1386e-07 3.3031e-07 3.4699e-07 3.6387e-07 3.8094e-07 3.9818e-07 4.1556e-07 4.3308e-07 4.5071e-07 4.6844e-07 4.8623e-07 5.0408e-07 5.2197e-07 5.3987e-07 5.5776e-07 5.7564e-07 5.9348e-07 6.1125e-07 6.2895e-07 6.4656e-07 6.6405e-07 6.8141e-07 6.9862e-07 7.1567e-07 7.3253e-07 7.4920e-07 7.6565e-07 7.8188e-07 7.9786e-07 8.1358e-07 8.2902e-07 8.4418e-07 8.5904e-07 8.7358e-07 8.8779e-07 9.0167e-07 9.1519e-07 9.2836e-07 9.4115e-07 9.5356e-07 9.6558e-07 9.7719e-07 9.8840e-07 9.9919e-07 1.0096e-06 1.0195e-06 1.0290e-06 1.0380e-06 1.0466e-06 1.0548e-06 1.0625e-06 1.0697e-06 1.0765e-06 1.0828e-06 1.0886e-06 1.0940e-06 1.0989e-06 1.1033e-06 1.1072e-06 1.1107e-06 1.1137e-06 1.1163e-06 1.1183e-06 1.1199e-06 1.1211e-06 1.1218e-06 1.1220e-06
-3.9741e-10 -1.5892e-09 -3.5738e-09 -6.3490e-09 -9.9115e-09 -1.4257e-08 -1.9380e-08 6.5272e-03 -3.1934e-08 -3.9351e-08 -4.7515e-08 -5.6417e-08 -6.6047e-08 -7.6393e-08 -8.7443e-08 -9.9183e-08 -1.1160e-07 -1.2468e-07 -1.3841e-07 -1.5277e-07 -1.6774e-07 -1.8330e-07 -1.9945e-07 -2.1616e-07 -2.3340e-07 -2.5117e-07 -2.6943e-07 -2.8818e-07 -3.0738e-07 -3.2701e-07 -3.4706e-07 -3.6749e-07 -3.8830e-07 -4.0944e-07 -4.3091e-07 -4.5267e-07 -4.7470e-07 -4.9698e-07 -5.1948e-07 -5.4217e-07 -5.6504e-07 -5.8805e-07 -6.1119e-07 -6.3442e-07 -6.5772e-07 -6.8107e-07 -7.0445e-07 -7.2782e-07 -7.5116e-07 -7.7445e-07 -7.9767e-07 -8.2079e-07 -8.4378e-07 -8.6663e-07 -8.8931e-07 -9.1180e-07 -9.3407e-07 -9.5611e-07 -9.7789e-07 -9.9940e-07 -1.0206e-06 -1.0415e-06 -1.0620e-06 -1.0822e-06 -1.1021e-06 -1.1215e-06 -1.1405e-06 -1.1591e-06 -1.1773e-06 -1.1950e-06 -1.2122e-06 -1.2289e-06 -1.2452e-06 -1.2609e-06 -1.2761e-06 -1.2908e-06 -1.3049e-06 -1.3185e-06 -1.3316e-06 -1.3440e-06 -1.3559e-06 -1.3672e-06 -1.3779e-06 -1.3880e-06 -1.3975e-06 -1.4064e-06 -1.4147e-06 -1.4223e-06 -1.4294e-06 -1.4359e-06 -1.4417e-06 -1.4469e-06 -1.4515e-06 -1.4555e-06 -1.4589e-06 -1.4617e-06 -1.4639e-06 -1.4654e-06 -1.4664e-06 -1.4668e-06 3.9741e-10 1.5892e-09 3.5738e-09 6.3490e-09 9.9114e-09 1.4257e-08 1.9380e-08 0.0000e+00 3.1934e-08 3.9350e-08 4.7513e-08 5.6415e-08 6.6044e-08 7.6389e-08 8.7438e-08 9.9178e-08 1.1159e-07 1.2467e-07 1.3840e-07 1.5275e-07 1.6772e-07 1.8329e-07 1.9943e-07 2.1613e-07 2.3337e-07 2.5113e-07 2.6939e-07 2.8813e-07 3.0732e-07 3.2695e-07 3.4699e-07 3.6741e-07 3.8821e-07 4.0934e-07 4.3080e-07 4.5254e-07 4.7456e-07 4.9682e-07 5.1931e-07 5.4199e-07 5.6483e-07 5.8783e-07 6.1094e-07 6.3416e-07 6.5744e-07 6.8077e-07 7.0411e-07 7.2746e-07 7.5077e-07 7.7404e-07 7.9723e-07 8.2031e-07 8.4327e-07 8.6609e-07 8.8873e-07 9.1119e-07 9.3342e-07 9.5542e-07 9.7716e-07 9.9863e-07 1.0198e-06 1.0406e-06 1.0611e-06 1.0813e-06 1.1011e-06 1.1204e-06 1.1394e-06 1.1580e-06 1.1761e-06 1.1937e-06 1.2109e-06 1.2276e-06 1.2438e-06 1.2594e-06 1.2746e-06 1.2892e-06 1.3033e-06 1.3168e-06 1.3298e-06 1.3422e-06 1.3540e-06 1.3652e-06 1.3758e-06 1.3859e-06 1.3953e-06 1.4042e-06 1.4124e-06 1.4200e-06 1.4270e-06 1.4334e-06 1.4392e-06 1.4443e-06 1.4489e-06 1.4528e-06 1.4561e-06 1.4588e-06 1.4609e-06 1.4625e-06 1.4634e-06 1.4637e-06
-5.0212e-10 -2.0079e-09 -4.5154e-09 -8.0219e-09 -1.2523e-08 -1.8013e-08 -2.4486e-08 -3.1934e-08 8.2609e-03 -4.9719e-08 -6.0034e-08 -7.1282e-08 -8.3450e-08 -9.6522e-08 -1.1048e-07 -1.2532e-07 -1.4101e-07 -1.5754e-07 -1.7488e-07 -1.9302e-07 -2.1194e-07 -2.3161e-07 -2.5201e-07 -2.7312e-07 -2.9491e-07 -3.1736e-07 -3.4044e-07 -3.6413e-07 -3.8839e-07 -4.1320e-07 -4.3853e-07 -4.6436e-07 -4.9065e-07 -5.1737e-07 -5.4450e-07 -5.7200e-07 -5.9984e-07 -6.2800e-07 -6.5643e-07 -6.8511e-07 -7.1401e-07 -7.4310e-07 -7.7234e-07 -8.0170e-07 -8.3116e-07 -8.6067e-07 -8.9022e-07 -9.1976e-07 -9.4927e-07 -9.7871e-07 -1.0081e-06 -1.0373e-06 -1.0663e-06 -1.0952e-06 -1.1239e-06 -1.1523e-06 -1.1805e-06 -1.2084e-06 -1.2359e-06 -1.2631e-06 -1.2899e-06 -1.3163e-06 -1.3423e-06 -1.3679e-06 -1.3929e-06 -1.4175e-06 -1.4416e-06 -1.4651e-06 -1.4880e-06 -1.5104e-06 -1.5322e-06 -1.5534e-06 -1.5740e-06 -1.5939e-06 -1.6131e-06 -1.6317e-06 -1.6496e-06 -1.6668e-06 -1.6833e-06 -1.6990e-06 -1.7141e-06 -1.7284e-06 -1.7419e-06 -1.7547e-06 -1.7668e-06 -1.7780e-06 -1.7885e-06 -1.7983e-06 -1.8072e-06 -1.8154e-06 -1.8228e-06 -1.8295e-06 -1.8353e-06 -1.8404e-06 -1.8447e-06 -1.8483e-06 -1.8510e-06 -1.8531e-06 -1.8543e-06 -1.8549e-06 5.0212e-10 2.0079e-09 4.5154e-09 8.0218e-09 1.2523e-08 1.8013e-08 2.4486e-08 3.1934e-08 0.0000e+00 4.9718e-08 6.0032e-08 7.1279e-08 8.3446e-08 9.6517e-08 1.1048e-07 1.2531e-07 1.4100e-07 1.5752e-07 1.7486e-07 1.9300e-07 2.1191e-07 2.3158e-07 2.5198e-07 2.7308e-07 2.9486e-07 3.1730e-07 3.4037e-07 3.6405e-07 3.8830e-07 4.1310e-07 4.3842e-07 4.6423e-07 4.9051e-07 5.1721e-07 5.4432e-07 5.7180e-07 5.9962e-07 6.2775e-07 6.5616e-07 6.8482e-07 7.1369e-07 7.4274e-07 7.7195e-07 8.0128e-07 8.3070e-07 8.6018e-07 8.8969e-07 9.1919e-07 9.4865e-07 9.7805e-07 1.0073e-06 1.0365e-06 1.0655e-06 1.0944e-06 1.1230e-06 1.1514e-06 1.1795e-06 1.2073e-06 1.2347e-06 1.2619e-06 1.2886e-06 1.3150e-06 1.3409e-06 1.3663e-06 1.3913e-06 1.4158e-06 1.4398e-06 1.4632e-06 1.4861e-06 1.5084e-06 1.5301e-06 1.5512e-06 1.5717e-06 1.5915e-06 1.6107e-06 1.6292e-06 1.6470e-06 1.6641e-06 1.6804e-06 1.6961e-06 1.7110e-06 1.7252e-06 1.7387e-06 1.7514e-06 1.7633e-06 1.7745e-06 1.7849e-06 1.7945e-06 1.8034e-06 1.8115e-06 1.8188e-06 1.8253e-06 1.8310e-06 1.8360e-06 1.8402e-06 1.8437e-06 1.8464e-06 1.8483e-06 1.8494e-06 1.8499e-06
-6.1872e-10 -2.4741e-09 -5.5640e-09 -9.8847e-09 -1.5431e-08 -2.2196e-08 -3.0173e-08 -3.9351e-08 -4.9719e-08 1.0199e-02 -7.3976e-08 -8.7837e-08 -1.0283e-07 -1.1894e-07 -1.3614e-07 -1.5442e-07 -1.7376e-07 -1.9412e-07 -2.1550e-07 -2.3785e-07 -2.6117e-07 -2.8541e-07 -3.1055e-07 -3.3657e-07 -3.6342e-07 -3.9109e-07 -4.1953e-07 -4.4872e-07 -4.7862e-07 -5.0920e-07 -5.4042e-07 -5.7225e-07 -6.0465e-07 -6.3759e-07 -6.7102e-07 -7.0492e-07 -7.3924e-07 -7.7394e-07 -8.0898e-07 -8.4434e-07 -8.7996e-07 -9.1582e-07 -9.5186e-07 -9.8806e-07 -1.0244e-06 -1.0608e-06 -1.0972e-06 -1.1336e-06 -1.1700e-06 -1.2063e-06 -1.2425e-06 -1.2785e-06 -1.3143e-06 -1.3499e-06 -1.3853e-06 -1.4204e-06 -1.4551e-06 -1.4895e-06 -1.5234e-06 -1.5570e-06 -1.5900e-06 -1.6226e-06 -1.6547e-06 -1.6862e-06 -1.7171e-06 -1.7474e-06 -1.7771e-06 -1.8061e-06 -1.8344e-06 -1.8621e-06 -1.8889e-06 -1.9151e-06 -1.9405e-06 -1.9650e-06 -1.9888e-06 -2.0117e-06 -2.0338e-06 -2.0550e-06 -2.0754e-06 -2.0949e-06 -2.1134e-06 -2.1311e-06 -2.1478e-06 -2.1637e-06 -2.1785e-06 -2.1925e-06 -2.2055e-06 -2.2175e-06 -2.2286e-06 -2.2387e-06 -2.2479e-06 -2.2561e-06 -2.2634e-06 -2.2697e-06 -2.2751e-06 -2.2795e-06 -2.2829e-06 -2.2855e-06 -2.2871e-06 -2.2878e-06 6.1872e-10 2.4741e-09 5.5640e-09 9.8847e-09 1.5431e-08 2.2196e-08 3.0172e-08 3.9350e-08 4.9718e-08 0.0000e+00 7.3974e-08 8.7833e-08 1.0282e-07 1.1893e-07 1.3613e-07 1.5441e-07 1.7374e-07 1.9410e-07 2.1547e-07 2.3782e-07 2.6113e-07 2.8536e-07 3.1050e-07 3.3650e-07 3.6334e-07 3.9100e-07 4.1943e-07 4.4860e-07 4.7849e-07 5.0905e-07 5.4025e-07 5.7206e-07 6.0443e-07 6.3734e-07 6.7075e-07 7.0461e-07 7.3890e-07 7.7356e-07 8.0857e-07 8.4389e-07 8.7947e-07 9.1528e-07 9.5128e-07 9.8742e-07 1.0237e-06 1.0600e-06 1.0964e-06 1.1327e-06 1.1690e-06 1.2053e-06 1.2414e-06 1.2773e-06 1.3131e-06 1.3486e-06 1.3839e-06 1.4189e-06 1.4535e-06 1.4878e-06 1.5217e-06 1.5551e-06 1.5881e-06 1.6205e-06 1.6525e-06 1.6839e-06 1.7147e-06 1.7449e-06 1.7744e-06 1.8033e-06 1.8315e-06 1.8590e-06 1.8858e-06 1.9118e-06 1.9370e-06 1.9614e-06 1.9851e-06 2.0079e-06 2.0298e-06 2.0509e-06 2.0711e-06 2.0904e-06 2.1088e-06 2.1263e-06 2.1429e-06 2.1586e-06 2.1733e-06 2.1871e-06 2.1999e-06 2.2118e-06 2.2227e-06 2.2327e-06 2.2417e-06 2.2498e-06 2.2569e-06 2.2630e-06 2.2682e-06 2.2725e-06 2.2758e-06 2.2782e-06 2.2796e-06 2.2802e-06
-7.4708e-10 -2.9874e-09 -6.7184e-09 -1.1935e-08 -1.8633e-08 -2.6801e-08 -3.6433e-08 -4.7515e-08 -6.0034e-08 -7.3976e-08 1.2340e-02 -1.0606e-07 -1.2417e-07 -1.4362e-07 -1.6439e-07 -1.8647e-07 -2.0981e-07 -2.3441e-07 -2.6022e-07 -2.8721e-07 -3.1536e-07 -3.4464e-07 -3.7500e-07 -4.0641e-07 -4.3885e-07 -4.7225e-07 -5.0660e-07 -5.4186e-07 -5.7797e-07 -6.1490e-07 -6.5261e-07 -6.9105e-07 -7.3018e-07 -7.6996e-07 -8.1034e-07 -8.5128e-07 -8.9273e-07 -9.3464e-07 -9.7697e-07 -1.0197e-06 -1.0627e-06 -1.1060e-06 -1.1496e-06 -1.1933e-06 -1.2372e-06 -1.2811e-06 -1.3251e-06 -1.3691e-06 -1.4131e-06 -1.4569e-06 -1.5006e-06 -1.5442e-06 -1.5875e-06 -1.6305e-06 -1.6732e-06 -1.7156e-06 -1.7576e-06 -1.7991e-06 -1.8401e-06 -1.8807e-06 -1.9206e-06 -1.9600e-06 -1.9988e-06 -2.0369e-06 -2.0742e-06 -2.1109e-06 -2.1468e-06 -2.1818e-06 -2.2161e-06 -2.2495e-06 -2.2820e-06 -2.3137e-06 -2.3443e-06 -2.3741e-06 -2.4028e-06 -2.4306e-06 -2.4573e-06 -2.4830e-06 -2.5076e-06 -2.5312e-06 -2.5537e-06 -2.5750e-06 -2.5953e-06 -2.6145e-06 -2.6325e-06 -2.6494e-06 -2.6651e-06 -2.6797e-06 -2.6932e-06 -2.7055e-06 -2.7166e-06 -2.7266e-06 -2.7354e-06 -2.7431e-06 -2.7496e-06 -2.7550e-06 -2.7593e-06 -2.7624e-06 -2.7644e-06 -2.7653e-06 7.4708e-10 2.9874e-09 6.7184e-09 1.1935e-08 1.8632e-08 2.6801e-08 3.6432e-08 4.7513e-08 6.0032e-08 7.3974e-08 0.0000e+00 1.0606e-07 1.2416e-07 1.4361e-07 1.6438e-07 1.8645e-07 2.0979e-07 2.3438e-07 2.6018e-07 2.8717e-07 3.1531e-07 3.4457e-07 3.7492e-07 4.0632e-07 4.3873e-07 4.7213e-07 5.0646e-07 5.4168e-07 5.7777e-07 6.1467e-07 6.5235e-07 6.9076e-07 7.2986e-07 7.6960e-07 8.0994e-07 8.5083e-07 8.9223e-07 9.3410e-07 9.7638e-07 1.0190e-06 1.0620e-06 1.1052e-06 1.1487e-06 1.1924e-06 1.2361e-06 1.2800e-06 1.3239e-06 1.3678e-06 1.4117e-06 1.4554e-06 1.4991e-06 1.5425e-06 1.5857e-06 1.6286e-06 1.6712e-06 1.7134e-06 1.7553e-06 1.7967e-06 1.8376e-06 1.8779e-06 1.9178e-06 1.9570e-06 1.9956e-06 2.0335e-06 2.0707e-06 2.1072e-06 2.1429e-06 2.1778e-06 2.2119e-06 2.2451e-06 2.2774e-06 2.3088e-06 2.3393e-06 2.3688e-06 2.3974e-06 2.4249e-06 2.4514e-06 2.4769e-06 2.5013e-06 2.5247e-06 2.5469e-06 2.5681e-06 2.5881e-06 2.6070e-06 2.6248e-06 2.6415e-06 2.6570e-06 2.6714e-06 2.6846e-06 2.6967e-06 2.7076e-06 2.7173e-06 2.7259e-06 2.7334e-06 2.7397e-06 2.7448e-06 2.7488e-06 2.7517e-06 2.7535e-06 2.7542e-06
-8.8704e-10 -3.5471e-09 -7.9771e-09 -1.4172e-08 -2.2123e-08 -3.1823e-08 -4.3259e-08 -5.6417e-08 -7.1282e-08 -8.7837e-08 -1.0606e-07 1.4686e-02 -1.4743e-07 -1.7053e-07 -1.9520e-07 -2.2141e-07 -2.4913e-07 -2.7833e-07 -3.0898e-07 -3.4104e-07 -3.7447e-07 -4.0923e-07 -4.4528e-07 -4.8259e-07 -5.2110e-07 -5.6077e-07 -6.0157e-07 -6.4343e-07 -6.8631e-07 -7.3017e-07 -7.7496e-07 -8.2061e-07 -8.6709e-07 -9.1433e-07 -9.6229e-07 -1.0109e-06 -1.0601e-06 -1.1099e-06 -1.1602e-06 -1.2109e-06 -1.2621e-06 -1.3135e-06 -1.3652e-06 -1.4172e-06 -1.4693e-06 -1.5215e-06 -1.5738e-06 -1.6260e-06 -1.6783e-06 -1.7304e-06 -1.7823e-06 -1.8340e-06 -1.8855e-06 -1.9366e-06 -1.9874e-06 -2.0377e-06 -2.0876e-06 -2.1370e-06 -2.1858e-06 -2.2339e-06 -2.2814e-06 -2.3283e-06 -2.3743e-06 -2.4196e-06 -2.4640e-06 -2.5076e-06 -2.5503e-06 -2.5920e-06 -2.6327e-06 -2.6725e-06 -2.7111e-06 -2.7488e-06 -2.7852e-06 -2.8206e-06 -2.8548e-06 -2.8878e-06 -2.9196e-06 -2.9502e-06 -2.9795e-06 -3.0076e-06 -3.0344e-06 -3.0598e-06 -3.0840e-06 -3.1068e-06 -3.1283e-06 -3.1484e-06 -3.1672e-06 -3.1846e-06 -3.2007e-06 -3.2153e-06 -3.2286e-06 -3.2406e-06 -3.2511e-06 -3.2603e-06 -3.2682e-06 -3.2746e-06 -3.2798e-06 -3.2835e-06 -3.2860e-06 -3.2871e-06 8.8704e-10 3.5471e-09 7.9770e-09 1.4171e-08 2.2123e-08 3.1822e-08 4.3258e-08 5.6415e-08 7.1279e-08 8.7833e-08 1.0606e-07 0.0000e+00 1.4742e-07 1.7051e-07 1.9517e-07 2.2138e-07 2.4910e-07 2.7829e-07 3.0893e-07 3.4097e-07 3.7439e-07 4.0913e-07 4.4517e-07 4.8245e-07 5.2094e-07 5.6059e-07 6.0136e-07 6.4319e-07 6.8604e-07 7.2986e-07 7.7460e-07 8.2021e-07 8.6663e-07 9.1382e-07 9.6173e-07 1.0103e-06 1.0594e-06 1.1092e-06 1.1594e-06 1.2100e-06 1.2610e-06 1.3124e-06 1.3640e-06 1.4158e-06 1.4678e-06 1.5199e-06 1.5721e-06 1.6242e-06 1.6763e-06 1.7283e-06 1.7801e-06 1.8317e-06 1.8830e-06 1.9339e-06 1.9845e-06 2.0347e-06 2.0844e-06 2.1335e-06 2.1821e-06 2.2301e-06 2.2774e-06 2.3240e-06 2.3698e-06 2.4148e-06 2.4590e-06 2.5024e-06 2.5448e-06 2.5863e-06 2.6267e-06 2.6662e-06 2.7046e-06 2.7419e-06 2.7781e-06 2.8132e-06 2.8471e-06 2.8798e-06 2.9114e-06 2.9416e-06 2.9706e-06 2.9984e-06 3.0248e-06 3.0500e-06 3.0738e-06 3.0963e-06 3.1175e-06 3.1373e-06 3.1557e-06 3.1728e-06 3.1885e-06 3.2029e-06 3.2158e-06 3.2274e-06 3.2377e-06 3.2466e-06 3.2541e-06 3.2602e-06 3.2650e-06 3.2685e-06 3.2706e-06 3.2714e-06
-1.0384e-09 -4.1526e-09 -9.3386e-09 -1.6590e-08 -2.5899e-08 -3.7255e-08 -5.0642e-08 -6.6047e-08 -8.3450e-08 -1.0283e-07 -1.2417e-07 -1.4743e-07 1.7235e-02 -1.9964e-07 -2.2852e-07 -2.5920e-07 -2.9166e-07 -3.2585e-07 -3.6173e-07 -3.9927e-07 -4.3840e-07 -4.7910e-07 -5.2132e-07 -5.6500e-07 -6.1009e-07 -6.5654e-07 -7.0431e-07 -7.5332e-07 -8.0354e-07 -8.5490e-07 -9.0733e-07 -9.6080e-07 -1.0152e-06 -1.0705e-06 -1.1267e-06 -1.1836e-06 -1.2413e-06 -1.2996e-06 -1.3585e-06 -1.4179e-06 -1.4778e-06 -1.5380e-06 -1.5986e-06 -1.6594e-06 -1.7205e-06 -1.7816e-06 -1.8429e-06 -1.9041e-06 -1.9653e-06 -2.0263e-06 -2.0872e-06 -2.1478e-06 -2.2081e-06 -2.2680e-06 -2.3275e-06 -2.3865e-06 -2.4449e-06 -2.5028e-06 -2.5599e-06 -2.6164e-06 -2.6721e-06 -2.7270e-06 -2.7809e-06 -2.8340e-06 -2.8861e-06 -2.9372e-06 -2.9872e-06 -3.0361e-06 -3.0839e-06 -3.1305e-06 -3.1759e-06 -3.2200e-06 -3.2628e-06 -3.3043e-06 -3.3444e-06 -3.3832e-06 -3.4205e-06 -3.4564e-06 -3.4908e-06 -3.5237e-06 -3.5552e-06 -3.5851e-06 -3.6135e-06 -3.6403e-06 -3.6655e-06 -3.6892e-06 -3.7113e-06 -3.7318e-06 -3.7506e-06 -3.7679e-06 -3.7836e-06 -3.7977e-06 -3.8101e-06 -3.8210e-06 -3.8303e-06 -3.8380e-06 -3.8441e-06 -3.8486e-06 -3.8516e-06 -3.8530e-06 1.0384e-09 4.1525e-09 9.3386e-09 1.6590e-08 2.5899e-08 3.7254e-08 5.0641e-08 6.6044e-08 8.3446e-08 1.0282e-07 1.2416e-07 1.4742e-07 0.0000e+00 1.9962e-07 2.2849e-07 2.5917e-07 2.9161e-07 3.2579e-07 3.6166e-07 3.9918e-07 4.3830e-07 4.7897e-07 5.2116e-07 5.6481e-07 6.0987e-07 6.5629e-07 7.0402e-07 7.5299e-07 8.0316e-07 8.5446e-07 9.0684e-07 9.6024e-07 1.0146e-06 1.0698e-06 1.1259e-06 1.1828e-06 1.2403e-06 1.2986e-06 1.3573e-06 1.4166e-06 1.4764e-06 1.5365e-06 1.5969e-06 1.6576e-06 1.7185e-06 1.7795e-06 1.8406e-06 1.9016e-06 1.9626e-06 2.0235e-06 2.0841e-06 2.1445e-06 2.2046e-06 2.2643e-06 2.3235e-06 2.3823e-06 2.4405e-06 2.4980e-06 2.5549e-06 2.6111e-06 2.6665e-06 2.7211e-06 2.7747e-06 2.8275e-06 2.8793e-06 2.9300e-06 2.9797e-06 3.0283e-06 3.0757e-06 3.1219e-06 3.1669e-06 3.2106e-06 3.2530e-06 3.2941e-06 3.3339e-06 3.3722e-06 3.4091e-06 3.4446e-06 3.4786e-06 3.5111e-06 3.5421e-06 3.5716e-06 3.5995e-06 3.6259e-06 3.6507e-06 3.6739e-06 3.6955e-06 3.7155e-06 3.7340e-06 3.7508e-06 3.7660e-06 3.7796e-06 3.7917e-06 3.8021e-06 3.8109e-06 3.8181e-06 3.8238e-06 3.8279e-06 3.8304e-06 3.8314e-06
-1.2011e-09 -4.8030e-09 -1.0801e-08 -1.9189e-08 -2.9956e-08 -4.3090e-08 -5.8575e-08 -7.6393e-08 -9.6522e-08 -1.1894e-07 -1.4362e-07 -1.7053e-07 -1.9964e-07 1.9989e-02 -2.6432e-07 -2.9982e-07 -3.3736e-07 -3.7691e-07 -4.1841e-07 -4.6183e-07 -5.0710e-07 -5.5419e-07 -6.0302e-07 -6.5355e-07 -7.0571e-07 -7.5945e-07 -8.1471e-07 -8.7141e-07 -9.2951e-07 -9.8892e-07 -1.0496e-06 -1.1114e-06 -1.1744e-06 -1.2384e-06 -1.3034e-06 -1.3693e-06 -1.4360e-06 -1.5035e-06 -1.5716e-06 -1.6404e-06 -1.7096e-06 -1.7794e-06 -1.8495e-06 -1.9199e-06 -1.9905e-06 -2.0613e-06 -2.1322e-06 -2.2031e-06 -2.2739e-06 -2.3445e-06 -2.4150e-06 -2.4851e-06 -2.5549e-06 -2.6243e-06 -2.6932e-06 -2.7615e-06 -2.8291e-06 -2.8961e-06 -2.9623e-06 -3.0277e-06 -3.0922e-06 -3.1557e-06 -3.2183e-06 -3.2797e-06 -3.3401e-06 -3.3993e-06 -3.4572e-06 -3.5139e-06 -3.5693e-06 -3.6233e-06 -3.6758e-06 -3.7270e-06 -3.7766e-06 -3.8247e-06 -3.8712e-06 -3.9161e-06 -3.9594e-06 -4.0011e-06 -4.0410e-06 -4.0792e-06 -4.1157e-06 -4.1504e-06 -4.1833e-06 -4.2145e-06 -4.2438e-06 -4.2713e-06 -4.2970e-06 -4.3208e-06 -4.3428e-06 -4.3629e-06 -4.3811e-06 -4.3975e-06 -4.4121e-06 -4.4248e-06 -4.4356e-06 -4.4446e-06 -4.4518e-06 -4.4572e-06 -4.4607e-06 -4.4625e-06 1.2011e-09 4.8030e-09 1.0801e-08 1.9189e-08 2.9956e-08 4.3089e-08 5.8573e-08 7.6389e-08 9.6517e-08 1.1893e-07 1.4361e-07 1.7051e-07 1.9962e-07 0.0000e+00 2.6428e-07 2.9977e-07 3.3730e-07 3.7683e-07 4.1832e-07 4.6171e-07 5.0696e-07 5.5401e-07 6.0281e-07 6.5330e-07 7.0542e-07 7.5912e-07 8.1432e-07 8.7097e-07 9.2900e-07 9.8834e-07 1.0489e-06 1.1107e-06 1.1736e-06 1.2375e-06 1.3024e-06 1.3681e-06 1.4347e-06 1.5020e-06 1.5700e-06 1.6386e-06 1.7078e-06 1.7773e-06 1.8472e-06 1.9175e-06 1.9879e-06 2.0585e-06 2.1291e-06 2.1997e-06 2.2703e-06 2.3407e-06 2.4109e-06 2.4807e-06 2.5502e-06 2.6193e-06 2.6878e-06 2.7558e-06 2.8231e-06 2.8898e-06 2.9556e-06 3.0206e-06 3.0847e-06 3.1478e-06 3.2099e-06 3.2710e-06 3.3309e-06 3.3896e-06 3.4471e-06 3.5033e-06 3.5582e-06 3.6117e-06 3.6638e-06 3.7144e-06 3.7635e-06 3.8110e-06 3.8570e-06 3.9014e-06 3.9441e-06 3.9852e-06 4.0246e-06 4.0622e-06 4.0981e-06 4.1322e-06 4.1646e-06 4.1951e-06 4.2239e-06 4.2508e-06 4.2758e-06 4.2990e-06 4.3204e-06 4.3399e-06 4.3575e-06 4.3733e-06 4.3873e-06 4.3994e-06 4.4096e-06 4.4180e-06 4.4246e-06 4.4294e-06 4.4323e-06 4.4335e-06
-1.3748e-09 -5.4977e-09 -1.2364e-08 -2.1965e-08 -3.4289e-08 -4.9323e-08 -6.7048e-08 -8.7443e-08 -1.1048e-07 -1.3614e-07 -1.6439e-07 -1.9520e-07 -2.2852e-07 -2.6432e-07 2.2946e-02 -3.4319e-07 -3.8617e-07 -4.3144e-07 -4.7896e-07 -5.2866e-07 -5.8049e-07 -6.3438e-07 -6.9029e-07 -7.4813e-07 -8.0785e-07 -8.6938e-07 -9.3264e-07 -9.9757e-07 -1.0641e-06 -1.1321e-06 -1.2016e-06 -1.2724e-06 -1.3445e-06 -1.4178e-06 -1.4922e-06 -1.5676e-06 -1.6440e-06 -1.7213e-06 -1.7993e-06 -1.8780e-06 -1.9574e-06 -2.0372e-06 -2.1175e-06 -2.1982e-06 -2.2791e-06 -2.3602e-06 -2.4413e-06 -2.5225e-06 -2.6036e-06 -2.6846e-06 -2.7653e-06 -2.8457e-06 -2.9256e-06 -3.0051e-06 -3.0840e-06 -3.1623e-06 -3.2398e-06 -3.3166e-06 -3.3925e-06 -3.4674e-06 -3.5413e-06 -3.6142e-06 -3.6859e-06 -3.7563e-06 -3.8255e-06 -3.8934e-06 -3.9598e-06 -4.0248e-06 -4.0883e-06 -4.1502e-06 -4.2106e-06 -4.2692e-06 -4.3262e-06 -4.3813e-06 -4.4347e-06 -4.4863e-06 -4.5360e-06 -4.5838e-06 -4.6296e-06 -4.6735e-06 -4.7154e-06 -4.7553e-06 -4.7932e-06 -4.8290e-06 -4.8627e-06 -4.8943e-06 -4.9238e-06 -4.9513e-06 -4.9766e-06 -4.9997e-06 -5.0208e-06 -5.0397e-06 -5.0565e-06 -5.0712e-06 -5.0838e-06 -5.0943e-06 -5.1026e-06 -5.1089e-06 -5.1131e-06 -5.1153e-06 1.3748e-09 5.4977e-09 1.2364e-08 2.1964e-08 3.4289e-08 4.9321e-08 6.7045e-08 8.7438e-08 1.1048e-07 1.3613e-07 1.6438e-07 1.9517e-07 2.2849e-07 2.6428e-07 0.0000e+00 3.4313e-07 3.8609e-07 4.3134e-07 4.7883e-07 5.2850e-07 5.8030e-07 6.3415e-07 6.9002e-07 7.4781e-07 8.0748e-07 8.6894e-07 9.3213e-07 9.9698e-07 1.0634e-06 1.1313e-06 1.2007e-06 1.2714e-06 1.3434e-06 1.4166e-06 1.4908e-06 1.5661e-06 1.6423e-06 1.7194e-06 1.7973e-06 1.8758e-06 1.9549e-06 2.0345e-06 2.1146e-06 2.1950e-06 2.2756e-06 2.3564e-06 2.4373e-06 2.5182e-06 2.5990e-06 2.6796e-06 2.7599e-06 2.8399e-06 2.9195e-06 2.9986e-06 3.0771e-06 3.1549e-06 3.2320e-06 3.3082e-06 3.3836e-06 3.4581e-06 3.5315e-06 3.6038e-06 3.6749e-06 3.7448e-06 3.8134e-06 3.8807e-06 3.9465e-06 4.0109e-06 4.0738e-06 4.1350e-06 4.1947e-06 4.2527e-06 4.3089e-06 4.3634e-06 4.4161e-06 4.4669e-06 4.5159e-06 4.5630e-06 4.6081e-06 4.6512e-06 4.6923e-06 4.7314e-06 4.7685e-06 4.8035e-06 4.8365e-06 4.8673e-06 4.8960e-06 4.9227e-06 4.9472e-06 4.9695e-06 4.9898e-06 5.0079e-06 5.0239e-06 5.0378e-06 5.0496e-06 5.0593e-06 5.0669e-06 5.0724e-06 5.0758e-06 5.0772e-06
-1.5594e-09 -6.2358e-09 -1.4024e-08 -2.4914e-08 -3.8893e-08 -5.5945e-08 -7.6050e-08 -9.9183e-08 -1.2532e-07 -1.5442e-07 -1.8647e-07 -2.2141e-07 -2.5920e-07 -2.9982e-07 -3.4319e-07 2.6107e-02 -4.3804e-07 -4.8939e-07 -5.4329e-07 -5.9967e-07 -6.5847e-07 -7.1961e-07 -7.8303e-07 -8.4865e-07 -9.1640e-07 -9.8620e-07 -1.0580e-06 -1.1316e-06 -1.2071e-06 -1.2843e-06 -1.3631e-06 -1.4434e-06 -1.5252e-06 -1.6084e-06 -1.6928e-06 -1.7785e-06 -1.8651e-06 -1.9528e-06 -2.0414e-06 -2.1307e-06 -2.2207e-06 -2.3114e-06 -2.4025e-06 -2.4940e-06 -2.5859e-06 -2.6779e-06 -2.7701e-06 -2.8622e-06 -2.9543e-06 -3.0462e-06 -3.1378e-06 -3.2291e-06 -3.3199e-06 -3.4101e-06 -3.4997e-06 -3.5886e-06 -3.6767e-06 -3.7638e-06 -3.8500e-06 -3.9351e-06 -4.0191e-06 -4.1018e-06 -4.1833e-06 -4.2633e-06 -4.3420e-06 -4.4191e-06 -4.4946e-06 -4.5685e-06 -4.6406e-06 -4.7110e-06 -4.7796e-06 -4.8463e-06 -4.9110e-06 -4.9738e-06 -5.0345e-06 -5.0932e-06 -5.1497e-06 -5.2041e-06 -5.2563e-06 -5.3062e-06 -5.3539e-06 -5.3994e-06 -5.4425e-06 -5.4833e-06 -5.5217e-06 -5.5577e-06 -5.5914e-06 -5.6227e-06 -5.6516e-06 -5.6781e-06 -5.7022e-06 -5.7238e-06 -5.7431e-06 -5.7599e-06 -5.7744e-06 -5.7864e-06 -5.7961e-06 -5.8034e-06 -5.8084e-06 -5.8110e-06 1.5594e-09 6.2358e-09 1.4023e-08 2.4913e-08 3.8892e-08 5.5943e-08 7.6046e-08 9.9178e-08 1.2531e-07 1.5441e-07 1.8645e-07 2.2138e-07 2.5917e-07 2.9977e-07 3.4313e-07 0.0000e+00 4.3793e-07 4.8926e-07 5.4312e-07 5.9947e-07 6.5822e-07 7.1931e-07 7.8268e-07 8.4823e-07 9.1591e-07 9.8563e-07 1.0573e-06 1.1309e-06 1.2062e-06 1.2833e-06 1.3620e-06 1.4422e-06 1.5238e-06 1.6068e-06 1.6911e-06 1.7765e-06 1.8630e-06 1.9504e-06 2.0387e-06 2.1278e-06 2.2176e-06 2.3079e-06 2.3987e-06 2.4899e-06 2.5814e-06 2.6731e-06 2.7648e-06 2.8566e-06 2.9483e-06 3.0397e-06 3.1309e-06 3.2216e-06 3.3119e-06 3.4016e-06 3.4907e-06 3.5790e-06 3.6665e-06 3.7531e-06 3.8386e-06 3.9231e-06 4.0064e-06 4.0884e-06 4.1691e-06 4.2485e-06 4.3264e-06 4.4027e-06 4.4774e-06 4.5505e-06 4.6218e-06 4.6914e-06 4.7591e-06 4.8249e-06 4.8888e-06 4.9506e-06 5.0104e-06 5.0682e-06 5.1238e-06 5.1772e-06 5.2284e-06 5.2774e-06 5.3241e-06 5.3685e-06 5.4106e-06 5.4504e-06 5.4878e-06 5.5229e-06 5.5555e-06 5.5858e-06 5.6136e-06 5.6391e-06 5.6621e-06 5.6828e-06 5.7010e-06 5.7168e-06 5.7302e-06 5.7412e-06 5.7499e-06 5.7562e-06 5.7602e-06 5.7618e-06
-1.7546e-09 -7.0164e-09 -1.5779e-08 -2.8033e-08 -4.3762e-08 -6.2949e-08 -8.5571e-08 -1.1160e-07 -1.4101e-07 -1.7376e-07 -2.0981e-07 -2.4913e-07 -2.9166e-07 -3.3736e-07 -3.8617e-07 -4.3804e-07 2.9472e-02 -5.5069e-07 -6.1134e-07 -6.7479e-07 -7.4095e-07 -8.0976e-07 -8.8113e-07 -9.5498e-07 -1.0312e-06 -1.1098e-06 -1.1906e-06 -1.2735e-06 -1.3584e-06 -1.4453e-06 -1.5340e-06 -1.6244e-06 -1.7165e-06 -1.8101e-06 -1.9052e-06 -2.0015e-06 -2.0991e-06 -2.1978e-06 -2.2975e-06 -2.3981e-06 -2.4994e-06 -2.6015e-06 -2.7041e-06 -2.8072e-06 -2.9106e-06 -3.0142e-06 -3.1180e-06 -3.2218e-06 -3.3255e-06 -3.4289e-06 -3.5321e-06 -3.6349e-06 -3.7372e-06 -3.8389e-06 -3.9398e-06 -4.0399e-06 -4.1392e-06 -4.2374e-06 -4.3345e-06 -4.4304e-06 -4.5250e-06 -4.6182e-06 -4.7100e-06 -4.8003e-06 -4.8889e-06 -4.9758e-06 -5.0610e-06 -5.1443e-06 -5.2257e-06 -5.3050e-06 -5.3824e-06 -5.4576e-06 -5.5307e-06 -5.6015e-06 -5.6700e-06 -5.7362e-06 -5.8000e-06 -5.8614e-06 -5.9204e-06 -5.9768e-06 -6.0307e-06 -6.0820e-06 -6.1307e-06 -6.1768e-06 -6.2203e-06 -6.2611e-06 -6.2992e-06 -6.3347e-06 -6.3674e-06 -6.3974e-06 -6.4247e-06 -6.4493e-06 -6.4712e-06 -6.4904e-06 -6.5069e-06 -6.5207e-06 -6.5318e-06 -6.5402e-06 -6.5461e-06 -6.5492e-06 1.7546e-09 7.0164e-09 1.5779e-08 2.8032e-08 4.3761e-08 6.2947e-08 8.5567e-08 1.1159e-07 1.4100e-07 1.7374e-07 2.0979e-07 2.4910e-07 2.9161e-07 3.3730e-07 3.8609e-07 4.3793e-07 0.0000e+00 5.5051e-07 6.1113e-07 6.7453e-07 7.4064e-07 8.0938e-07 8.8068e-07 9.5445e-07 1.0306e-06 1.1091e-06 1.1897e-06 1.2725e-06 1.3573e-06 1.4440e-06 1.5326e-06 1.6228e-06 1.7147e-06 1.8081e-06 1.9029e-06 1.9990e-06 2.0963e-06 2.1947e-06 2.2941e-06 2.3944e-06 2.4954e-06 2.5971e-06 2.6993e-06 2.8019e-06 2.9049e-06 3.0081e-06 3.1113e-06 3.2146e-06 3.3178e-06 3.4207e-06 3.5233e-06 3.6255e-06 3.7271e-06 3.8281e-06 3.9284e-06 4.0278e-06 4.1262e-06 4.2237e-06 4.3200e-06 4.4151e-06 4.5088e-06 4.6012e-06 4.6921e-06 4.7814e-06 4.8691e-06 4.9550e-06 5.0392e-06 5.1215e-06 5.2018e-06 5.2801e-06 5.3564e-06 5.4305e-06 5.5024e-06 5.5721e-06 5.6394e-06 5.7044e-06 5.7671e-06 5.8272e-06 5.8850e-06 5.9401e-06 5.9928e-06 6.0428e-06 6.0903e-06 6.1351e-06 6.1773e-06 6.2168e-06 6.2536e-06 6.2877e-06 6.3191e-06 6.3479e-06 6.3739e-06 6.3971e-06 6.4177e-06 6.4356e-06 6.4508e-06 6.4632e-06 6.4731e-06 6.4802e-06 6.4848e-06 6.4867e-06
