1.0020e-04 -2.4988e-12 -5.6194e-12 -9.9830e-12 -1.5584e-11 -2.2417e-11 -3.0472e-11 -3.9741e-11 -5.0212e-11 -6.1872e-11 -7.4708e-11 -8.8704e-11 -1.0384e-10 -1.2011e-10 -1.3748e-10 -1.5594e-10 -1.7546e-10 -1.9602e-10 -2.1760e-10 -2.4017e-10 -2.6371e-10 -2.8818e-10 -3.1356e-10 -3.3982e-10 -3.6692e-10 -3.9484e-10 -4.2355e-10 -4.5301e-10 -4.8318e-10 -5.1404e-10 -5.4554e-10 -5.7765e-10 -6.1034e-10 -6.4357e-10 -6.7729e-10 -7.1148e-10 -7.4608e-10 -7.8108e-10 -8.1642e-10 -8.5207e-10 -8.8798e-10 -9.2412e-10 -9.6045e-10 -9.9693e-10 -1.0335e-09 -1.0702e-09 -1.1069e-09 -1.1436e-09 -1.1802e-09 -1.2168e-09 -1.2532e-09 -1.2895e-09 -1.3256e-09 -1.3614e-09 -1.3970e-09 -1.4323e-09 -1.4672e-09 -1.5018e-09 -1.5359e-09 -1.5696e-09 -1.6029e-09 -1.6356e-09 -1.6678e-09 -1.6995e-09 -1.7305e-09 -1.7610e-09 -1.7908e-09 -1.8199e-09 -1.8483e-09 -1.8760e-09 -1.9030e-09 -1.9292e-09 -1.9546e-09 -1.9792e-09 -2.0030e-09 -2.0259e-09 -2.0480e-09 -2.0693e-09 -2.0896e-09 -2.1090e-09 -2.1276e-09 -2.1452e-09 -2.1618e-09 -2.1776e-09 -2.1924e-09 -2.2062e-09 -2.2191e-09 -2.2310e-09 -2.2420e-09 -2.2520e-09 -2.2610e-09 -2.2690e-09 -2.2761e-09 -2.2823e-09 -2.2875e-09 -2.2917e-09 -2.2949e-09 -2.2973e-09 -2.2987e-09 -2.2991e-09 0.0000e+00 2.4988e-12 5.6194e-12 9.9830e-12 1.5584e-11 2.2417e-11 3.0472e-11 3.9741e-11 5.0212e-11 6.1872e-11 7.4708e-11 8.8704e-11 1.0384e-10 1.2011e-10 1.3748e-10 1.5594e-10 1.7546e-10 1.9602e-10 2.1760e-10 2.4017e-10 2.6371e-10 2.8818e-10 3.1356e-10 3.3982e-10 3.6692e-10 3.9484e-10 4.2355e-10 4.5301e-10 4.8318e-10 5.1404e-10 5.4554e-10 5.7765e-10 6.1034e-10 6.4356e-10 6.7729e-10 7.1147e-10 7.4608e-10 7.8107e-10 8.1641e-10 8.5206e-10 8.8797e-10 9.2412e-10 9.6045e-10 9.9693e-10 1.0335e-09 1.0702e-09 1.1069e-09 1.1436e-09 1.1802e-09 1.2168e-09 1.2532e-09 1.2895e-09 1.3256e-09 1.3614e-09 1.3970e-09 1.4323e-09 1.4672e-09 1.5018e-09 1.5359e-09 1.5696e-09 1.6029e-09 1.6356e-09 1.6678e-09 1.6995e-09 1.7305e-09 1.7610e-09 1.7907e-09 1.8199e-09 1.8483e-09 1.8760e-09 1.9030e-09 1.9292e-09 1.9546e-09 1.9792e-09 2.0030e-09 2.0259e-09 2.0480e-09 2.0692e-09 2.0895e-09 2.1090e-09 2.1275e-09 2.1451e-09 2.1618e-09 2.1775e-09 2.1923e-09 2.2061e-09 2.2190e-09 2.2310e-09 2.2419e-09 2.2519e-09 2.2609e-09 2.2690e-09 2.2761e-09 2.2822e-09 2.2874e-09 2.2916e-09 2.2949e-09 2.2972e-09 2.2986e-09 2.2991e-09
-2.4988e-12 4.0080e-04 -2.2471e-11 -3.9920e-11 -6.2319e-11 -8.9641e-11 -1.2185e-10 -1.5892e-10 -2.0079e-10 -2.4741e-10 -2.9874e-10 -3.5471e-10 -4.1526e-10 -4.8030e-10 -5.4977e-10 -6.2358e-10 -7.0164e-10 -7.8387e-10 -8.7016e-10 -9.6041e-10 -1.0545e-09 -1.1524e-09 -1.2539e-09 -1.3589e-09 -1.4673e-09 -1.5789e-09 -1.6937e-09 -1.8115e-09 -1.9322e-09 -2.0556e-09 -2.1815e-09 -2.3100e-09 -2.4407e-09 -2.5735e-09 -2.7084e-09 -2.8451e-09 -2.9835e-09 -3.1234e-09 -3.2648e-09 -3.4073e-09 -3.5509e-09 -3.6955e-09 -3.8408e-09 -3.9867e-09 -4.1330e-09 -4.2796e-09 -4.4263e-09 -4.5731e-09 -4.7196e-09 -4.8658e-09 -5.0115e-09 -5.1566e-09 -5.3009e-09 -5.4443e-09 -5.5866e-09 -5.7276e-09 -5.8673e-09 -6.0056e-09 -6.1422e-09 -6.2770e-09 -6.4100e-09 -6.5409e-09 -6.6698e-09 -6.7963e-09 -6.9205e-09 -7.0423e-09 -7.1614e-09 -7.2779e-09 -7.3916e-09 -7.5024e-09 -7.6103e-09 -7.7150e-09 -7.8167e-09 -7.9151e-09 -8.0103e-09 -8.1021e-09 -8.1904e-09 -8.2753e-09 -8.3566e-09 -8.4344e-09 -8.5085e-09 -8.5789e-09 -8.6456e-09 -8.7086e-09 -8.7678e-09 -8.8231e-09 -8.8747e-09 -8.9224e-09 -8.9662e-09 -9.0062e-09 -9.0424e-09 -9.0746e-09 -9.1030e-09 -9.1276e-09 -9.1483e-09 -9.1652e-09 -9.1783e-09 -9.1877e-09 -9.1933e-09 -9.1951e-09 2.4988e-12 0.0000e+00 2.2471e-11 3.9920e-11 6.2319e-11 8.9641e-11 1.2185e-10 1.5892e-10 2.0079e-10 2.4741e-10 2.9874e-10 3.5471e-10 4.1525e-10 4.8030e-10 5.4977e-10 6.2358e-10 7.0164e-10 7.8386e-10 8.7015e-10 9.6041e-10 1.0545e-09 1.1524e-09 1.2539e-09 1.3589e-09 1.4673e-09 1.5789e-09 1.6937e-09 1.8115e-09 1.9321e-09 2.0555e-09 2.1815e-09 2.3099e-09 2.4406e-09 2.5735e-09 2.7084e-09 2.8451e-09 2.9835e-09 3.1234e-09 3.2647e-09 3.4072e-09 3.5509e-09 3.6954e-09 3.8407e-09 3.9866e-09 4.1329e-09 4.2795e-09 4.4262e-09 4.5729e-09 4.7194e-09 4.8656e-09 5.0113e-09 5.1564e-09 5.3007e-09 5.4440e-09 5.5863e-09 5.7274e-09 5.8671e-09 6.0053e-09 6.1419e-09 6.2767e-09 6.4097e-09 6.5406e-09 6.6694e-09 6.7960e-09 6.9202e-09 7.0419e-09 7.1610e-09 7.2775e-09 7.3911e-09 7.5019e-09 7.6097e-09 7.7145e-09 7.8161e-09 7.9145e-09 8.0097e-09 8.1014e-09 8.1898e-09 8.2746e-09 8.3559e-09 8.4337e-09 8.5077e-09 8.5782e-09 8.6448e-09 8.7078e-09 8.7669e-09 8.8223e-09 8.8738e-09 8.9215e-09 8.9653e-09 9.0053e-09 9.0414e-09 9.0736e-09 9.1020e-09 9.1265e-09 9.1472e-09 9.1641e-09 9.1772e-09 9.1865e-09 9.1921e-09 9.1939e-09
-5.6194e-12 -2.2471e-11 9.0179e-04 -8.9775e-11 -1.4015e-10 -2.0159e-10 -2.7403e-10 -3.5738e-10 -4.5154e-10 -5.5640e-10 -6.7184e-10 -7.9771e-10 -9.3386e-10 -1.0801e-09 -1.2364e-09 -1.4024e-09 -1.5779e-09 -1.7628e-09 -1.9569e-09 -2.1599e-09 -2.3715e-09 -2.5916e-09 -2.8198e-09 -3.0560e-09 -3.2997e-09 -3.5509e-09 -3.8090e-09 -4.0739e-09 -4.3453e-09 -4.6228e-09 -4.9061e-09 -5.1949e-09 -5.4889e-09 -5.7877e-09 -6.0910e-09 -6.3985e-09 -6.7098e-09 -7.0245e-09 -7.3423e-09 -7.6629e-09 -7.9860e-09 -8.3110e-09 -8.6378e-09 -8.9659e-09 -9.2950e-09 -9.6248e-09 -9.9549e-09 -1.0285e-08 -1.0614e-08 -1.0943e-08 -1.1271e-08 -1.1597e-08 -1.1922e-08 -1.2244e-08 -1.2564e-08 -1.2882e-08 -1.3196e-08 -1.3507e-08 -1.3814e-08 -1.4118e-08 -1.4417e-08 -1.4711e-08 -1.5001e-08 -1.5286e-08 -1.5565e-08 -1.5839e-08 -1.6107e-08 -1.6369e-08 -1.6625e-08 -1.6874e-08 -1.7117e-08 -1.7352e-08 -1.7581e-08 -1.7803e-08 -1.8017e-08 -1.8223e-08 -1.8422e-08 -1.8613e-08 -1.8796e-08 -1.8971e-08 -1.9138e-08 -1.9296e-08 -1.9446e-08 -1.9588e-08 -1.9721e-08 -1.9846e-08 -1.9962e-08 -2.0069e-08 -2.0168e-08 -2.0258e-08 -2.0339e-08 -2.0412e-08 -2.0476e-08 -2.0531e-08 -2.0578e-08 -2.0616e-08 -2.0646e-08 -2.0667e-08 -2.0680e-08 -2.0684e-08 5.6194e-12 2.2471e-11 0.0000e+00 8.9775e-11 1.4015e-10 2.0159e-10 2.7403e-10 3.5738e-10 4.5154e-10 5.5640e-10 6.7184e-10 7.9770e-10 9.3386e-10 1.0801e-09 1.2364e-09 1.4023e-09 1.5779e-09 1.7628e-09 1.9569e-09 2.1598e-09 2.3715e-09 2.5916e-09 2.8198e-09 3.0559e-09 3.2997e-09 3.5508e-09 3.8089e-09 4.0738e-09 4.3452e-09 4.6227e-09 4.9060e-09 5.1948e-09 5.4887e-09 5.7875e-09 6.0908e-09 6.3982e-09 6.7095e-09 7.0242e-09 7.3420e-09 7.6626e-09 7.9856e-09 8.3106e-09 8.6373e-09 8.9654e-09 9.2945e-09 9.6242e-09 9.9542e-09 1.0284e-08 1.0614e-08 1.0942e-08 1.1270e-08 1.1596e-08 1.1921e-08 1.2243e-08 1.2563e-08 1.2881e-08 1.3195e-08 1.3506e-08 1.3813e-08 1.4116e-08 1.4415e-08 1.4709e-08 1.4999e-08 1.5284e-08 1.5563e-08 1.5837e-08 1.6105e-08 1.6367e-08 1.6622e-08 1.6872e-08 1.7114e-08 1.7350e-08 1.7578e-08 1.7800e-08 1.8014e-08 1.8220e-08 1.8419e-08 1.8610e-08 1.8792e-08 1.8967e-08 1.9134e-08 1.9292e-08 1.9442e-08 1.9584e-08 1.9717e-08 1.9841e-08 1.9957e-08 2.0065e-08 2.0163e-08 2.0253e-08 2.0334e-08 2.0407e-08 2.0471e-08 2.0526e-08 2.0572e-08 2.0610e-08 2.0640e-08 2.0661e-08 2.0673e-08 2.0678e-08
-9.9830e-12 -3.9920e-11 -8.9775e-11 1.6032e-03 -2.4898e-10 -3.5813e-10 -4.8683e-10 -6.3490e-10 -8.0219e-10 -9.8847e-10 -1.1935e-09 -1.4172e-09 -1.6590e-09 -1.9189e-09 -2.1965e-09 -2.4914e-09 -2.8033e-09 -3.1318e-09 -3.4765e-09 -3.8371e-09 -4.2131e-09 -4.6041e-09 -5.0096e-09 -5.4292e-09 -5.8622e-09 -6.3084e-09 -6.7670e-09 -7.2377e-09 -7.7198e-09 -8.2128e-09 -8.7162e-09 -9.2293e-09 -9.7516e-09 -1.0282e-08 -1.0821e-08 -1.1368e-08 -1.1921e-08 -1.2480e-08 -1.3045e-08 -1.3614e-08 -1.4188e-08 -1.4766e-08 -1.5346e-08 -1.5929e-08 -1.6514e-08 -1.7100e-08 -1.7687e-08 -1.8273e-08 -1.8858e-08 -1.9443e-08 -2.0025e-08 -2.0605e-08 -2.1182e-08 -2.1755e-08 -2.2323e-08 -2.2887e-08 -2.3446e-08 -2.3998e-08 -2.4544e-08 -2.5083e-08 -2.5615e-08 -2.6138e-08 -2.6653e-08 -2.7159e-08 -2.7656e-08 -2.8143e-08 -2.8619e-08 -2.9085e-08 -2.9539e-08 -2.9982e-08 -3.0414e-08 -3.0833e-08 -3.1239e-08 -3.1633e-08 -3.2013e-08 -3.2381e-08 -3.2734e-08 -3.3074e-08 -3.3399e-08 -3.3710e-08 -3.4007e-08 -3.4288e-08 -3.4555e-08 -3.4807e-08 -3.5044e-08 -3.5266e-08 -3.5472e-08 -3.5663e-08 -3.5839e-08 -3.5999e-08 -3.6144e-08 -3.6273e-08 -3.6387e-08 -3.6486e-08 -3.6569e-08 -3.6637e-08 -3.6690e-08 -3.6728e-08 -3.6751e-08 -3.6759e-08 9.9830e-12 3.9920e-11 8.9775e-11 0.0000e+00 2.4898e-10 3.5813e-10 4.8683e-10 6.3490e-10 8.0218e-10 9.8847e-10 1.1935e-09 1.4171e-09 1.6590e-09 1.9189e-09 2.1964e-09 2.4913e-09 2.8032e-09 3.1317e-09 3.4765e-09 3.8371e-09 4.2130e-09 4.6040e-09 5.0095e-09 5.4290e-09 5.8620e-09 6.3081e-09 6.7668e-09 7.2374e-09 7.7195e-09 8.2124e-09 8.7157e-09 9.2288e-09 9.7510e-09 1.0282e-08 1.0821e-08 1.1367e-08 1.1920e-08 1.2479e-08 1.3044e-08 1.3613e-08 1.4187e-08 1.4764e-08 1.5345e-08 1.5928e-08 1.6512e-08 1.7098e-08 1.7684e-08 1.8271e-08 1.8856e-08 1.9440e-08 2.0022e-08 2.0602e-08 2.1179e-08 2.1751e-08 2.2320e-08 2.2884e-08 2.3442e-08 2.3994e-08 2.4540e-08 2.5079e-08 2.5610e-08 2.6133e-08 2.6648e-08 2.7153e-08 2.7650e-08 2.8136e-08 2.8612e-08 2.9078e-08 2.9532e-08 2.9975e-08 3.0406e-08 3.0824e-08 3.1230e-08 3.1624e-08 3.2004e-08 3.2371e-08 3.2724e-08 3.3063e-08 3.3388e-08 3.3699e-08 3.3995e-08 3.4276e-08 3.4543e-08 3.4794e-08 3.5031e-08 3.5252e-08 3.5458e-08 3.5649e-08 3.5824e-08 3.5984e-08 3.6128e-08 3.6257e-08 3.6371e-08 3.6469e-08 3.6552e-08 3.6619e-08 3.6672e-08 3.6709e-08 3.6731e-08 3.6739e-08
-1.5584e-11 -6.2319e-11 -1.4015e-10 -2.4898e-10 2.5050e-03 -5.5908e-10 -7.5998e-10 -9.9115e-10 -1.2523e-09 -1.5431e-09 -1.8633e-09 -2.2123e-09 -2.5899e-09 -2.9956e-09 -3.4289e-09 -3.8893e-09 -4.3762e-09 -4.8891e-09 -5.4273e-09 -5.9902e-09 -6.5773e-09 -7.1876e-09 -7.8207e-09 -8.4756e-09 -9.1518e-09 -9.8483e-09 -1.0564e-08 -1.1299e-08 -1.2052e-08 -1.2822e-08 -1.3607e-08 -1.4408e-08 -1.5224e-08 -1.6053e-08 -1.6894e-08 -1.7747e-08 -1.8610e-08 -1.9484e-08 -2.0365e-08 -2.1255e-08 -2.2151e-08 -2.3053e-08 -2.3959e-08 -2.4869e-08 -2.5782e-08 -2.6697e-08 -2.7613e-08 -2.8529e-08 -2.9443e-08 -3.0355e-08 -3.1265e-08 -3.2170e-08 -3.3071e-08 -3.3966e-08 -3.4854e-08 -3.5734e-08 -3.6606e-08 -3.7469e-08 -3.8322e-08 -3.9164e-08 -3.9994e-08 -4.0812e-08 -4.1616e-08 -4.2406e-08 -4.3182e-08 -4.3942e-08 -4.4686e-08 -4.5414e-08 -4.6124e-08 -4.6816e-08 -4.7489e-08 -4.8144e-08 -4.8779e-08 -4.9394e-08 -4.9989e-08 -5.0562e-08 -5.1115e-08 -5.1645e-08 -5.2154e-08 -5.2640e-08 -5.3103e-08 -5.3544e-08 -5.3961e-08 -5.4355e-08 -5.4725e-08 -5.5072e-08 -5.5394e-08 -5.5693e-08 -5.5968e-08 -5.6219e-08 -5.6445e-08 -5.6648e-08 -5.6826e-08 -5.6981e-08 -5.7111e-08 -5.7218e-08 -5.7301e-08 -5.7360e-08 -5.7396e-08 -5.7409e-08 1.5584e-11 6.2319e-11 1.4015e-10 2.4898e-10 0.0000e+00 5.5908e-10 7.5998e-10 9.9114e-10 1.2523e-09 1.5431e-09 1.8632e-09 2.2123e-09 2.5899e-09 2.9956e-09 3.4289e-09 3.8892e-09 4.3761e-09 4.8889e-09 5.4271e-09 5.9900e-09 6.5770e-09 7.1873e-09 7.8203e-09 8.4752e-09 9.1513e-09 9.8477e-09 1.0564e-08 1.1298e-08 1.2051e-08 1.2821e-08 1.3606e-08 1.4407e-08 1.5223e-08 1.6051e-08 1.6892e-08 1.7745e-08 1.8608e-08 1.9481e-08 2.0363e-08 2.1252e-08 2.2148e-08 2.3049e-08 2.3955e-08 2.4865e-08 2.5778e-08 2.6693e-08 2.7608e-08 2.8523e-08 2.9437e-08 3.0349e-08 3.1258e-08 3.2163e-08 3.3063e-08 3.3957e-08 3.4845e-08 3.5725e-08 3.6597e-08 3.7459e-08 3.8311e-08 3.9152e-08 3.9982e-08 4.0799e-08 4.1602e-08 4.2392e-08 4.3167e-08 4.3926e-08 4.4669e-08 4.5396e-08 4.6105e-08 4.6797e-08 4.7469e-08 4.8123e-08 4.8757e-08 4.9372e-08 4.9965e-08 5.0538e-08 5.1089e-08 5.1619e-08 5.2126e-08 5.2612e-08 5.3074e-08 5.3514e-08 5.3930e-08 5.4323e-08 5.4692e-08 5.5038e-08 5.5360e-08 5.5657e-08 5.5931e-08 5.6181e-08 5.6406e-08 5.6608e-08 5.6785e-08 5.6939e-08 5.7068e-08 5.7174e-08 5.7256e-08 5.7314e-08 5.7350e-08 5.7362e-08
-2.2417e-11 -8.9641e-11 -2.0159e-10 -3.5813e-10 -5.5908e-10 3.6072e-03 -1.0932e-09 -1.4257e-09 -1.8013e-09 -2.2196e-09 -2.6801e-09 -3.1823e-09 -3.7255e-09 -4.3090e-09 -4.9323e-09 -5.5945e-09 -6.2949e-09 -7.0326e-09 -7.8069e-09 -8.6167e-09 -9.4611e-09 -1.0339e-08 -1.1250e-08 -1.2192e-08 -1.3165e-08 -1.4166e-08 -1.5196e-08 -1.6254e-08 -1.7336e-08 -1.8444e-08 -1.9574e-08 -2.0727e-08 -2.1900e-08 -2.3092e-08 -2.4302e-08 -2.5529e-08 -2.6772e-08 -2.8028e-08 -2.9296e-08 -3.0576e-08 -3.1865e-08 -3.3162e-08 -3.4467e-08 -3.5776e-08 -3.7090e-08 -3.8406e-08 -3.9724e-08 -4.1041e-08 -4.2357e-08 -4.3670e-08 -4.4978e-08 -4.6281e-08 -4.7577e-08 -4.8865e-08 -5.0143e-08 -5.1410e-08 -5.2665e-08 -5.3907e-08 -5.5134e-08 -5.6345e-08 -5.7540e-08 -5.8716e-08 -5.9874e-08 -6.1012e-08 -6.2128e-08 -6.3222e-08 -6.4293e-08 -6.5340e-08 -6.6362e-08 -6.7359e-08 -6.8329e-08 -6.9271e-08 -7.0185e-08 -7.1071e-08 -7.1927e-08 -7.2753e-08 -7.3548e-08 -7.4312e-08 -7.5044e-08 -7.5744e-08 -7.6412e-08 -7.7046e-08 -7.7648e-08 -7.8215e-08 -7.8749e-08 -7.9248e-08 -7.9713e-08 -8.0144e-08 -8.0540e-08 -8.0902e-08 -8.1229e-08 -8.1521e-08 -8.1779e-08 -8.2002e-08 -8.2190e-08 -8.2345e-08 -8.2465e-08 -8.2552e-08 -8.2604e-08 -8.2624e-08 2.2417e-11 8.9641e-11 2.0159e-10 3.5813e-10 5.5908e-10 0.0000e+00 1.0932e-09 1.4257e-09 1.8013e-09 2.2196e-09 2.6801e-09 3.1822e-09 3.7254e-09 4.3089e-09 4.9321e-09 5.5943e-09 6.2947e-09 7.0324e-09 7.8065e-09 8.6162e-09 9.4606e-09 1.0338e-08 1.1249e-08 1.2191e-08 1.3164e-08 1.4165e-08 1.5195e-08 1.6252e-08 1.7335e-08 1.8442e-08 1.9572e-08 2.0724e-08 2.1897e-08 2.3089e-08 2.4299e-08 2.5525e-08 2.6767e-08 2.8023e-08 2.9291e-08 3.0570e-08 3.1859e-08 3.3155e-08 3.4459e-08 3.5768e-08 3.7081e-08 3.8397e-08 3.9713e-08 4.1030e-08 4.2345e-08 4.3657e-08 4.4964e-08 4.6266e-08 4.7561e-08 4.8847e-08 5.0124e-08 5.1390e-08 5.2644e-08 5.3885e-08 5.5111e-08 5.6321e-08 5.7514e-08 5.8689e-08 5.9846e-08 6.0982e-08 6.2096e-08 6.3189e-08 6.4259e-08 6.5304e-08 6.6324e-08 6.7319e-08 6.8287e-08 6.9228e-08 7.0140e-08 7.1024e-08 7.1878e-08 7.2702e-08 7.3496e-08 7.4258e-08 7.4988e-08 7.5686e-08 7.6352e-08 7.6984e-08 7.7583e-08 7.8149e-08 7.8681e-08 7.9178e-08 7.9641e-08 8.0070e-08 8.0464e-08 8.0823e-08 8.1148e-08 8.1438e-08 8.1694e-08 8.1915e-08 8.2101e-08 8.2254e-08 8.2372e-08 8.2457e-08 8.2507e-08 8.2525e-08
-3.0472e-11 -1.2185e-10 -2.7403e-10 -4.8683e-10 -7.5998e-10 -1.0932e-09 4.9097e-03 -1.9380e-09 -2.4486e-09 -3.0173e-09 -3.6433e-09 -4.3259e-09 -5.0642e-09 -5.8575e-09 -6.7048e-09 -7.6050e-09 -8.5571e-09 -9.5600e-09 -1.0612e-08 -1.1713e-08 -1.2861e-08 -1.4055e-08 -1.5293e-08 -1.6574e-08 -1.7896e-08 -1.9258e-08 -2.0658e-08 -2.2095e-08 -2.3567e-08 -2.5073e-08 -2.6610e-08 -2.8176e-08 -2.9771e-08 -3.1392e-08 -3.3038e-08 -3.4706e-08 -3.6395e-08 -3.8103e-08 -3.9827e-08 -4.1567e-08 -4.3320e-08 -4.5084e-08 -4.6858e-08 -4.8638e-08 -5.0425e-08 -5.2215e-08 -5.4006e-08 -5.5797e-08 -5.7587e-08 -5.9372e-08 -6.1151e-08 -6.2923e-08 -6.4685e-08 -6.6436e-08 -6.8174e-08 -6.9898e-08 -7.1605e-08 -7.3293e-08 -7.4963e-08 -7.6610e-08 -7.8235e-08 -7.9836e-08 -8.1410e-08 -8.2958e-08 -8.4476e-08 -8.5965e-08 -8.7422e-08 -8.8846e-08 -9.0237e-08 -9.1593e-08 -9.2912e-08 -9.4195e-08 -9.5439e-08 -9.6644e-08 -9.7809e-08 -9.8933e-08 -1.0002e-07 -1.0106e-07 -1.0205e-07 -1.0301e-07 -1.0391e-07 -1.0478e-07 -1.0560e-07 -1.0637e-07 -1.0710e-07 -1.0778e-07 -1.0841e-07 -1.0900e-07 -1.0954e-07 -1.1003e-07 -1.1048e-07 -1.1088e-07 -1.1123e-07 -1.1153e-07 -1.1179e-07 -1.1200e-07 -1.1217e-07 -1.1229e-07 -1.1236e-07 -1.1239e-07 3.0472e-11 1.2185e-10 2.7403e-10 4.8683e-10 7.5998e-10 1.0932e-09 0.0000e+00 1.9380e-09 2.4486e-09 3.0172e-09 3.6432e-09 4.3258e-09 5.0641e-09 5.8573e-09 6.7045e-09 7.6046e-09 8.5567e-09 9.5595e-09 1.0612e-08 1.1713e-08 1.2860e-08 1.4054e-08 1.5291e-08 1.6572e-08 1.7894e-08 1.9256e-08 2.0656e-08 2.2092e-08 2.3564e-08 2.5069e-08 2.6605e-08 2.8172e-08 2.9766e-08 3.1386e-08 3.3031e-08 3.4699e-08 3.6387e-08 3.8094e-08 3.9818e-08 4.1556e-08 4.3308e-08 4.5071e-08 4.6844e-08 4.8623e-08 5.0408e-08 5.2197e-08 5.3987e-08 5.5776e-08 5.7564e-08 5.9348e-08 6.1125e-08 6.2895e-08 6.4656e-08 6.6405e-08 6.8141e-08 6.9862e-08 7.1567e-08 7.3253e-08 7.4920e-08 7.6565e-08 7.8188e-08 7.9786e-08 8.1358e-08 8.2902e-08 8.4418e-08 8.5904e-08 8.7358e-08 8.8779e-08 9.0167e-08 9.1519e-08 9.2836e-08 9.4115e-08 9.5356e-08 9.6558e-08 9.7719e-08 9.8840e-08 9.9919e-08 1.0096e-07 1.0195e-07 1.0290e-07 1.0380e-07 1.0466e-07 1.0548e-07 1.0625e-07 1.0697e-07 1.0765e-07 1.0828e-07 1.0886e-07 1.0940e-07 1.0989e-07 1.1033e-07 1.1072e-07 1.1107e-07 1.1137e-07 1.1163e-07 1.1183e-07 1.1199e-07 1.1211e-07 1.1218e-07 1.1220e-07
-3.9741e-11 -1.5892e-10 -3.5738e-10 -6.3490e-10 -9.9115e-10 -1.4257e-09 -1.9380e-09 6.4127e-03 -3.1934e-09 -3.9351e-09 -4.7515e-09 -5.6417e-09 -6.6047e-09 -7.6393e-09 -8.7443e-09 -9.9183e-09 -1.1160e-08 -1.2468e-08 -1.3841e-08 -1.5277e-08 -1.6774e-08 -1.8330e-08 -1.9945e-08 -2.1616e-08 -2.3340e-08 -2.5117e-08 -2.6943e-08 -2.8818e-08 -3.0738e-08 -3.2701e-08 -3.4706e-08 -3.6749e-08 -3.8830e-08 -4.0944e-08 -4.3091e-08 -4.5267e-08 -4.7470e-08 -4.9698e-08 -5.1948e-08 -5.4217e-08 -5.6504e-08 -5.8805e-08 -6.1119e-08 -6.3442e-08 -6.5772e-08 -6.8107e-08 -7.0445e-08 -7.2782e-08 -7.5116e-08 -7.7445e-08 -7.9767e-08 -8.2079e-08 -8.4378e-08 -8.6663e-08 -8.8931e-08 -9.1180e-08 -9.3407e-08 -9.5611e-08 -9.7789e-08 -9.9940e-08 -1.0206e-07 -1.0415e-07 -1.0620e-07 -1.0822e-07 -1.1021e-07 -1.1215e-07 -1.1405e-07 -1.1591e-07 -1.1773e-07 -1.1950e-07 -1.2122e-07 -1.2289e-07 -1.2452e-07 -1.2609e-07 -1.2761e-07 -1.2908e-07 -1.3049e-07 -1.3185e-07 -1.3316e-07 -1.3440e-07 -1.3559e-07 -1.3672e-07 -1.3779e-07 -1.3880e-07 -1.3975e-07 -1.4064e-07 -1.4147e-07 -1.4223e-07 -1.4294e-07 -1.4359e-07 -1.4417e-07 -1.4469e-07 -1.4515e-07 -1.4555e-07 -1.4589e-07 -1.4617e-07 -1.4639e-07 -1.4654e-07 -1.4664e-07 -1.4668e-07 3.9741e-11 1.5892e-10 3.5738e-10 6.3490e-10 9.9114e-10 1.4257e-09 1.9380e-09 0.0000e+00 3.1934e-09 3.9350e-09 4.7513e-09 5.6415e-09 6.6044e-09 7.6389e-09 8.7438e-09 9.9178e-09 1.1159e-08 1.2467e-08 1.3840e-08 1.5275e-08 1.6772e-08 1.8329e-08 1.9943e-08 2.1613e-08 2.3337e-08 2.5113e-08 2.6939e-08 2.8813e-08 3.0732e-08 3.2695e-08 3.4699e-08 3.6741e-08 3.8821e-08 4.0934e-08 4.3080e-08 4.5254e-08 4.7456e-08 4.9682e-08 5.1931e-08 5.4199e-08 5.6483e-08 5.8783e-08 6.1094e-08 6.3416e-08 6.5744e-08 6.8077e-08 7.0411e-08 7.2746e-08 7.5077e-08 7.7404e-08 7.9723e-08 8.2031e-08 8.4327e-08 8.6609e-08 8.8873e-08 9.1119e-08 9.3342e-08 9.5542e-08 9.7716e-08 9.9863e-08 1.0198e-07 1.0406e-07 1.0611e-07 1.0813e-07 1.1011e-07 1.1204e-07 1.1394e-07 1.1580e-07 1.1761e-07 1.1937e-07 1.2109e-07 1.2276e-07 1.2438e-07 1.2594e-07 1.2746e-07 1.2892e-07 1.3033e-07 1.3168e-07 1.3298e-07 1.3422e-07 1.3540e-07 1.3652e-07 1.3758e-07 1.3859e-07 1.3953e-07 1.4042e-07 1.4124e-07 1.4200e-07 1.4270e-07 1.4334e-07 1.4392e-07 1.4443e-07 1.4489e-07 1.4528e-07 1.4561e-07 1.4588e-07 1.4609e-07 1.4625e-07 1.4634e-07 1.4637e-07
-5.0212e-11 -2.0079e-10 -4.5154e-10 -8.0219e-10 -1.2523e-09 -1.8013e-09 -2.4486e-09 -3.1934e-09 8.1161e-03 -4.9719e-09 -6.0034e-09 -7.1282e-09 -8.3450e-09 -9.6522e-09 -1.1048e-08 -1.2532e-08 -1.4101e-08 -1.5754e-08 -1.7488e-08 -1.9302e-08 -2.1194e-08 -2.3161e-08 -2.5201e-08 -2.7312e-08 -2.9491e-08 -3.1736e-08 -3.4044e-08 -3.6413e-08 -3.8839e-08 -4.1320e-08 -4.3853e-08 -4.6436e-08 -4.9065e-08 -5.1737e-08 -5.4450e-08 -5.7200e-08 -5.9984e-08 -6.2800e-08 -6.5643e-08 -6.8511e-08 -7.1401e-08 -7.4310e-08 -7.7234e-08 -8.0170e-08 -8.3116e-08 -8.6067e-08 -8.9022e-08 -9.1976e-08 -9.4927e-08 -9.7871e-08 -1.0081e-07 -1.0373e-07 -1.0663e-07 -1.0952e-07 -1.1239e-07 -1.1523e-07 -1.1805e-07 -1.2084e-07 -1.2359e-07 -1.2631e-07 -1.2899e-07 -1.3163e-07 -1.3423e-07 -1.3679e-07 -1.3929e-07 -1.4175e-07 -1.4416e-07 -1.4651e-07 -1.4880e-07 -1.5104e-07 -1.5322e-07 -1.5534e-07 -1.5740e-07 -1.5939e-07 -1.6131e-07 -1.6317e-07 -1.6496e-07 -1.6668e-07 -1.6833e-07 -1.6990e-07 -1.7141e-07 -1.7284e-07 -1.7419e-07 -1.7547e-07 -1.7668e-07 -1.7780e-07 -1.7885e-07 -1.7983e-07 -1.8072e-07 -1.8154e-07 -1.8228e-07 -1.8295e-07 -1.8353e-07 -1.8404e-07 -1.8447e-07 -1.8483e-07 -1.8510e-07 -1.8531e-07 -1.8543e-07 -1.8549e-07 5.0212e-11 2.0079e-10 4.5154e-10 8.0218e-10 1.2523e-09 1.8013e-09 2.4486e-09 3.1934e-09 0.0000e+00 4.9718e-09 6.0032e-09 7.1279e-09 8.3446e-09 9.6517e-09 1.1048e-08 1.2531e-08 1.4100e-08 1.5752e-08 1.7486e-08 1.9300e-08 2.1191e-08 2.3158e-08 2.5198e-08 2.7308e-08 2.9486e-08 3.1730e-08 3.4037e-08 3.6405e-08 3.8830e-08 4.1310e-08 4.3842e-08 4.6423e-08 4.9051e-08 5.1721e-08 5.4432e-08 5.7180e-08 5.9962e-08 6.2775e-08 6.5616e-08 6.8482e-08 7.1369e-08 7.4274e-08 7.7195e-08 8.0128e-08 8.3070e-08 8.6018e-08 8.8969e-08 9.1919e-08 9.4865e-08 9.7805e-08 1.0073e-07 1.0365e-07 1.0655e-07 1.0944e-07 1.1230e-07 1.1514e-07 1.1795e-07 1.2073e-07 1.2347e-07 1.2619e-07 1.2886e-07 1.3150e-07 1.3409e-07 1.3663e-07 1.3913e-07 1.4158e-07 1.4398e-07 1.4632e-07 1.4861e-07 1.5084e-07 1.5301e-07 1.5512e-07 1.5717e-07 1.5915e-07 1.6107e-07 1.6292e-07 1.6470e-07 1.6641e-07 1.6804e-07 1.6961e-07 1.7110e-07 1.7252e-07 1.7387e-07 1.7514e-07 1.7633e-07 1.7745e-07 1.7849e-07 1.7945e-07 1.8034e-07 1.8115e-07 1.8188e-07 1.8253e-07 1.8310e-07 1.8360e-07 1.8402e-07 1.8437e-07 1.8464e-07 1.8483e-07 1.8494e-07 1.8499e-07
-6.1872e-11 -2.4741e-10 -5.5640e-10 -9.8847e-10 -1.5431e-09 -2.2196e-09 -3.0173e-09 -3.9351e-09 -4.9719e-09 1.0020e-02 -7.3976e-09 -8.7837e-09 -1.0283e-08 -1.1894e-08 -1.3614e-08 -1.5442e-08 -1.7376e-08 -1.9412e-08 -2.1550e-08 -2.3785e-08 -2.6117e-08 -2.8541e-08 -3.1055e-08 -3.3657e-08 -3.6342e-08 -3.9109e-08 -4.1953e-08 -4.4872e-08 -4.7862e-08 -5.0920e-08 -5.4042e-08 -5.7225e-08 -6.0465e-08 -6.3759e-08 -6.7102e-08 -7.0492e-08 -7.3924e-08 -7.7394e-08 -8.0898e-08 -8.4434e-08 -8.7996e-08 -9.1582e-08 -9.5186e-08 -9.8806e-08 -1.0244e-07 -1.0608e-07 -1.0972e-07 -1.1336e-07 -1.1700e-07 -1.2063e-07 -1.2425e-07 -1.2785e-07 -1.3143e-07 -1.3499e-07 -1.3853e-07 -1.4204e-07 -1.4551e-07 -1.4895e-07 -1.5234e-07 -1.5570e-07 -1.5900e-07 -1.6226e-07 -1.6547e-07 -1.6862e-07 -1.7171e-07 -1.7474e-07 -1.7771e-07 -1.8061e-07 -1.8344e-07 -1.8621e-07 -1.8889e-07 -1.9151e-07 -1.9405e-07 -1.9650e-07 -1.9888e-07 -2.0117e-07 -2.0338e-07 -2.0550e-07 -2.0754e-07 -2.0949e-07 -2.1134e-07 -2.1311e-07 -2.1478e-07 -2.1637e-07 -2.1785e-07 -2.1925e-07 -2.2055e-07 -2.2175e-07 -2.2286e-07 -2.2387e-07 -2.2479e-07 -2.2561e-07 -2.2634e-07 -2.2697e-07 -2.2751e-07 -2.2795e-07 -2.2829e-07 -2.2855e-07 -2.2871e-07 -2.2878e-07 6.1872e-11 2.4741e-10 5.5640e-10 9.8847e-10 1.5431e-09 2.2196e-09 3.0172e-09 3.9350e-09 4.9718e-09 0.0000e+00 7.3974e-09 8.7833e-09 1.0282e-08 1.1893e-08 1.3613e-08 1.5441e-08 1.7374e-08 1.9410e-08 2.1547e-08 2.3782e-08 2.6113e-08 2.8536e-08 3.1050e-08 3.3650e-08 3.6334e-08 3.9100e-08 4.1943e-08 4.4860e-08 4.7849e-08 5.0905e-08 5.4025e-08 5.7206e-08 6.0443e-08 6.3734e-08 6.7075e-08 7.0461e-08 7.3890e-08 7.7356e-08 8.0857e-08 8.4389e-08 8.7947e-08 9.1528e-08 9.5128e-08 9.8742e-08 1.0237e-07 1.0600e-07 1.0964e-07 1.1327e-07 1.1690e-07 1.2053e-07 1.2414e-07 1.2773e-07 1.3131e-07 1.3486e-07 1.3839e-07 1.4189e-07 1.4535e-07 1.4878e-07 1.5217e-07 1.5551e-07 1.5881e-07 1.6205e-07 1.6525e-07 1.6839e-07 1.7147e-07 1.7449e-07 1.7744e-07 1.8033e-07 1.8315e-07 1.8590e-07 1.8858e-07 1.9118e-07 1.9370e-07 1.9614e-07 1.9851e-07 2.0079e-07 2.0298e-07 2.0509e-07 2.0711e-07 2.0904e-07 2.1088e-07 2.1263e-07 2.1429e-07 2.1586e-07 2.1733e-07 2.1871e-07 2.1999e-07 2.2118e-07 2.2227e-07 2.2327e-07 2.2417e-07 2.2498e-07 2.2569e-07 2.2630e-07 2.2682e-07 2.2725e-07 2.2758e-07 2.2782e-07 2.2796e-07 2.2802e-07
-7.4708e-11 -2.9874e-10 -6.7184e-10 -1.1935e-09 -1.8633e-09 -2.6801e-09 -3.6433e-09 -4.7515e-09 -6.0034e-09 -7.3976e-09 1.2124e-02 -1.0606e-08 -1.2417e-08 -1.4362e-08 -1.6439e-08 -1.8647e-08 -2.0981e-08 -2.3441e-08 -2.6022e-08 -2.8721e-08 -3.1536e-08 -3.4464e-08 -3.7500e-08 -4.0641e-08 -4.3885e-08 -4.7225e-08 -5.0660e-08 -5.4186e-08 -5.7797e-08 -6.1490e-08 -6.5261e-08 -6.9105e-08 -7.3018e-08 -7.6996e-08 -8.1034e-08 -8.5128e-08 -8.9273e-08 -9.3464e-08 -9.7697e-08 -1.0197e-07 -1.0627e-07 -1.1060e-07 -1.1496e-07 -1.1933e-07 -1.2372e-07 -1.2811e-07 -1.3251e-07 -1.3691e-07 -1.4131e-07 -1.4569e-07 -1.5006e-07 -1.5442e-07 -1.5875e-07 -1.6305e-07 -1.6732e-07 -1.7156e-07 -1.7576e-07 -1.7991e-07 -1.8401e-07 -1.8807e-07 -1.9206e-07 -1.9600e-07 -1.9988e-07 -2.0369e-07 -2.0742e-07 -2.1109e-07 -2.1468e-07 -2.1818e-07 -2.2161e-07 -2.2495e-07 -2.2820e-07 -2.3137e-07 -2.3443e-07 -2.3741e-07 -2.4028e-07 -2.4306e-07 -2.4573e-07 -2.4830e-07 -2.5076e-07 -2.5312e-07 -2.5537e-07 -2.5750e-07 -2.5953e-07 -2.6145e-07 -2.6325e-07 -2.6494e-07 -2.6651e-07 -2.6797e-07 -2.6932e-07 -2.7055e-07 -2.7166e-07 -2.7266e-07 -2.7354e-07 -2.7431e-07 -2.7496e-07 -2.7550e-07 -2.7593e-07 -2.7624e-07 -2.7644e-07 -2.7653e-07 7.4708e-11 2.9874e-10 6.7184e-10 1.1935e-09 1.8632e-09 2.6801e-09 3.6432e-09 4.7513e-09 6.0032e-09 7.3974e-09 0.0000e+00 1.0606e-08 1.2416e-08 1.4361e-08 1.6438e-08 1.8645e-08 2.0979e-08 2.3438e-08 2.6018e-08 2.8717e-08 3.1531e-08 3.4457e-08 3.7492e-08 4.0632e-08 4.3873e-08 4.7213e-08 5.0646e-08 5.4168e-08 5.7777e-08 6.1467e-08 6.5235e-08 6.9076e-08 7.2986e-08 7.6960e-08 8.0994e-08 8.5083e-08 8.9223e-08 9.3410e-08 9.7638e-08 1.0190e-07 1.0620e-07 1.1052e-07 1.1487e-07 1.1924e-07 1.2361e-07 1.2800e-07 1.3239e-07 1.3678e-07 1.4117e-07 1.4554e-07 1.4991e-07 1.5425e-07 1.5857e-07 1.6286e-07 1.6712e-07 1.7134e-07 1.7553e-07 1.7967e-07 1.8376e-07 1.8779e-07 1.9178e-07 1.9570e-07 1.9956e-07 2.0335e-07 2.0707e-07 2.1072e-07 2.1429e-07 2.1778e-07 2.2119e-07 2.2451e-07 2.2774e-07 2.3088e-07 2.3393e-07 2.3688e-07 2.3974e-07 2.4249e-07 2.4514e-07 2.4769e-07 2.5013e-07 2.5247e-07 2.5469e-07 2.5681e-07 2.5881e-07 2.6070e-07 2.6248e-07 2.6415e-07 2.6570e-07 2.6714e-07 2.6846e-07 2.6967e-07 2.7076e-07 2.7173e-07 2.7259e-07 2.7334e-07 2.7397e-07 2.7448e-07 2.7488e-07 2.7517e-07 2.7535e-07 2.7542e-07
-8.8704e-11 -3.5471e-10 -7.9771e-10 -1.4172e-09 -2.2123e-09 -3.1823e-09 -4.3259e-09 -5.6417e-09 -7.1282e-09 -8.7837e-09 -1.0606e-08 1.4429e-02 -1.4743e-08 -1.7053e-08 -1.9520e-08 -2.2141e-08 -2.4913e-08 -2.7833e-08 -3.0898e-08 -3.4104e-08 -3.7447e-08 -4.0923e-08 -4.4528e-08 -4.8259e-08 -5.2110e-08 -5.6077e-08 -6.0157e-08 -6.4343e-08 -6.8631e-08 -7.3017e-08 -7.7496e-08 -8.2061e-08 -8.6709e-08 -9.1433e-08 -9.6229e-08 -1.0109e-07 -1.0601e-07 -1.1099e-07 -1.1602e-07 -1.2109e-07 -1.2621e-07 -1.3135e-07 -1.3652e-07 -1.4172e-07 -1.4693e-07 -1.5215e-07 -1.5738e-07 -1.6260e-07 -1.6783e-07 -1.7304e-07 -1.7823e-07 -1.8340e-07 -1.8855e-07 -1.9366e-07 -1.9874e-07 -2.0377e-07 -2.0876e-07 -2.1370e-07 -2.1858e-07 -2.2339e-07 -2.2814e-07 -2.3283e-07 -2.3743e-07 -2.4196e-07 -2.4640e-07 -2.5076e-07 -2.5503e-07 -2.5920e-07 -2.6327e-07 -2.6725e-07 -2.7111e-07 -2.7488e-07 -2.7852e-07 -2.8206e-07 -2.8548e-07 -2.8878e-07 -2.9196e-07 -2.9502e-07 -2.9795e-07 -3.0076e-07 -3.0344e-07 -3.0598e-07 -3.0840e-07 -3.1068e-07 -3.1283e-07 -3.1484e-07 -3.1672e-07 -3.1846e-07 -3.2007e-07 -3.2153e-07 -3.2286e-07 -3.2406e-07 -3.2511e-07 -3.2603e-07 -3.2682e-07 -3.2746e-07 -3.2798e-07 -3.2835e-07 -3.2860e-07 -3.2871e-07 8.8704e-11 3.5471e-10 7.9770e-10 1.4171e-09 2.2123e-09 3.1822e-09 4.3258e-09 5.6415e-09 7.1279e-09 8.7833e-09 1.0606e-08 0.0000e+00 1.4742e-08 1.7051e-08 1.9517e-08 2.2138e-08 2.4910e-08 2.7829e-08 3.0893e-08 3.4097e-08 3.7439e-08 4.0913e-08 4.4517e-08 4.8245e-08 5.2094e-08 5.6059e-08 6.0136e-08 6.4319e-08 6.8604e-08 7.2986e-08 7.7460e-08 8.2021e-08 8.6663e-08 9.1382e-08 9.6173e-08 1.0103e-07 1.0594e-07 1.1092e-07 1.1594e-07 1.2100e-07 1.2610e-07 1.3124e-07 1.3640e-07 1.4158e-07 1.4678e-07 1.5199e-07 1.5721e-07 1.6242e-07 1.6763e-07 1.7283e-07 1.7801e-07 1.8317e-07 1.8830e-07 1.9339e-07 1.9845e-07 2.0347e-07 2.0844e-07 2.1335e-07 2.1821e-07 2.2301e-07 2.2774e-07 2.3240e-07 2.3698e-07 2.4148e-07 2.4590e-07 2.5024e-07 2.5448e-07 2.5863e-07 2.6267e-07 2.6662e-07 2.7046e-07 2.7419e-07 2.7781e-07 2.8132e-07 2.8471e-07 2.8798e-07 2.9114e-07 2.9416e-07 2.9706e-07 2.9984e-07 3.0248e-07 3.0500e-07 3.0738e-07 3.0963e-07 3.1175e-07 3.1373e-07 3.1557e-07 3.1728e-07 3.1885e-07 3.2029e-07 3.2158e-07 3.2274e-07 3.2377e-07 3.2466e-07 3.2541e-07 3.2602e-07 3.2650e-07 3.2685e-07 3.2706e-07 3.2714e-07
-1.0384e-10 -4.1526e-10 -9.3386e-10 -1.6590e-09 -2.5899e-09 -3.7255e-09 -5.0642e-09 -6.6047e-09 -8.3450e-09 -1.0283e-08 -1.2417e-08 -1.4743e-08 1.6934e-02 -1.9964e-08 -2.2852e-08 -2.5920e-08 -2.9166e-08 -3.2585e-08 -3.6173e-08 -3.9927e-08 -4.3840e-08 -4.7910e-08 -5.2132e-08 -5.6500e-08 -6.1009e-08 -6.5654e-08 -7.0431e-08 -7.5332e-08 -8.0354e-08 -8.5490e-08 -9.0733e-08 -9.6080e-08 -1.0152e-07 -1.0705e-07 -1.1267e-07 -1.1836e-07 -1.2413e-07 -1.2996e-07 -1.3585e-07 -1.4179e-07 -1.4778e-07 -1.5380e-07 -1.5986e-07 -1.6594e-07 -1.7205e-07 -1.7816e-07 -1.8429e-07 -1.9041e-07 -1.9653e-07 -2.0263e-07 -2.0872e-07 -2.1478e-07 -2.2081e-07 -2.2680e-07 -2.3275e-07 -2.3865e-07 -2.4449e-07 -2.5028e-07 -2.5599e-07 -2.6164e-07 -2.6721e-07 -2.7270e-07 -2.7809e-07 -2.8340e-07 -2.8861e-07 -2.9372e-07 -2.9872e-07 -3.0361e-07 -3.0839e-07 -3.1305e-07 -3.1759e-07 -3.2200e-07 -3.2628e-07 -3.3043e-07 -3.3444e-07 -3.3832e-07 -3.4205e-07 -3.4564e-07 -3.4908e-07 -3.5237e-07 -3.5552e-07 -3.5851e-07 -3.6135e-07 -3.6403e-07 -3.6655e-07 -3.6892e-07 -3.7113e-07 -3.7318e-07 -3.7506e-07 -3.7679e-07 -3.7836e-07 -3.7977e-07 -3.8101e-07 -3.8210e-07 -3.8303e-07 -3.8380e-07 -3.8441e-07 -3.8486e-07 -3.8516e-07 -3.8530e-07 1.0384e-10 4.1525e-10 9.3386e-10 1.6590e-09 2.5899e-09 3.7254e-09 5.0641e-09 6.6044e-09 8.3446e-09 1.0282e-08 1.2416e-08 1.4742e-08 0.0000e+00 1.9962e-08 2.2849e-08 2.5917e-08 2.9161e-08 3.2579e-08 3.6166e-08 3.9918e-08 4.3830e-08 4.7897e-08 5.2116e-08 5.6481e-08 6.0987e-08 6.5629e-08 7.0402e-08 7.5299e-08 8.0316e-08 8.5446e-08 9.0684e-08 9.6024e-08 1.0146e-07 1.0698e-07 1.1259e-07 1.1828e-07 1.2403e-07 1.2986e-07 1.3573e-07 1.4166e-07 1.4764e-07 1.5365e-07 1.5969e-07 1.6576e-07 1.7185e-07 1.7795e-07 1.8406e-07 1.9016e-07 1.9626e-07 2.0235e-07 2.0841e-07 2.1445e-07 2.2046e-07 2.2643e-07 2.3235e-07 2.3823e-07 2.4405e-07 2.4980e-07 2.5549e-07 2.6111e-07 2.6665e-07 2.7211e-07 2.7747e-07 2.8275e-07 2.8793e-07 2.9300e-07 2.9797e-07 3.0283e-07 3.0757e-07 3.1219e-07 3.1669e-07 3.2106e-07 3.2530e-07 3.2941e-07 3.3339e-07 3.3722e-07 3.4091e-07 3.4446e-07 3.4786e-07 3.5111e-07 3.5421e-07 3.5716e-07 3.5995e-07 3.6259e-07 3.6507e-07 3.6739e-07 3.6955e-07 3.7155e-07 3.7340e-07 3.7508e-07 3.7660e-07 3.7796e-07 3.7917e-07 3.8021e-07 3.8109e-07 3.8181e-07 3.8238e-07 3.8279e-07 3.8304e-07 3.8314e-07
-1.2011e-10 -4.8030e-10 -1.0801e-09 -1.9189e-09 -2.9956e-09 -4.3090e-09 -5.8575e-09 -7.6393e-09 -9.6522e-09 -1.1894e-08 -1.4362e-08 -1.7053e-08 -1.9964e-08 1.9639e-02 -2.6432e-08 -2.9982e-08 -3.3736e-08 -3.7691e-08 -4.1841e-08 -4.6183e-08 -5.0710e-08 -5.5419e-08 -6.0302e-08 -6.5355e-08 -7.0571e-08 -7.5945e-08 -8.1471e-08 -8.7141e-08 -9.2951e-08 -9.8892e-08 -1.0496e-07 -1.1114e-07 -1.1744e-07 -1.2384e-07 -1.3034e-07 -1.3693e-07 -1.4360e-07 -1.5035e-07 -1.5716e-07 -1.6404e-07 -1.7096e-07 -1.7794e-07 -1.8495e-07 -1.9199e-07 -1.9905e-07 -2.0613e-07 -2.1322e-07 -2.2031e-07 -2.2739e-07 -2.3445e-07 -2.4150e-07 -2.4851e-07 -2.5549e-07 -2.6243e-07 -2.6932e-07 -2.7615e-07 -2.8291e-07 -2.8961e-07 -2.9623e-07 -3.0277e-07 -3.0922e-07 -3.1557e-07 -3.2183e-07 -3.2797e-07 -3.3401e-07 -3.3993e-07 -3.4572e-07 -3.5139e-07 -3.5693e-07 -3.6233e-07 -3.6758e-07 -3.7270e-07 -3.7766e-07 -3.8247e-07 -3.8712e-07 -3.9161e-07 -3.9594e-07 -4.0011e-07 -4.0410e-07 -4.0792e-07 -4.1157e-07 -4.1504e-07 -4.1833e-07 -4.2145e-07 -4.2438e-07 -4.2713e-07 -4.2970e-07 -4.3208e-07 -4.3428e-07 -4.3629e-07 -4.3811e-07 -4.3975e-07 -4.4121e-07 -4.4248e-07 -4.4356e-07 -4.4446e-07 -4.4518e-07 -4.4572e-07 -4.4607e-07 -4.4625e-07 1.2011e-10 4.8030e-10 1.0801e-09 1.9189e-09 2.9956e-09 4.3089e-09 5.8573e-09 7.6389e-09 9.6517e-09 1.1893e-08 1.4361e-08 1.7051e-08 1.9962e-08 0.0000e+00 2.6428e-08 2.9977e-08 3.3730e-08 3.7683e-08 4.1832e-08 4.6171e-08 5.0696e-08 5.5401e-08 6.0281e-08 6.5330e-08 7.0542e-08 7.5912e-08 8.1432e-08 8.7097e-08 9.2900e-08 9.8834e-08 1.0489e-07 1.1107e-07 1.1736e-07 1.2375e-07 1.3024e-07 1.3681e-07 1.4347e-07 1.5020e-07 1.5700e-07 1.6386e-07 1.7078e-07 1.7773e-07 1.8472e-07 1.9175e-07 1.9879e-07 2.0585e-07 2.1291e-07 2.1997e-07 2.2703e-07 2.3407e-07 2.4109e-07 2.4807e-07 2.5502e-07 2.6193e-07 2.6878e-07 2.7558e-07 2.8231e-07 2.8898e-07 2.9556e-07 3.0206e-07 3.0847e-07 3.1478e-07 3.2099e-07 3.2710e-07 3.3309e-07 3.3896e-07 3.4471e-07 3.5033e-07 3.5582e-07 3.6117e-07 3.6638e-07 3.7144e-07 3.7635e-07 3.8110e-07 3.8570e-07 3.9014e-07 3.9441e-07 3.9852e-07 4.0246e-07 4.0622e-07 4.0981e-07 4.1322e-07 4.1646e-07 4.1951e-07 4.2239e-07 4.2508e-07 4.2758e-07 4.2990e-07 4.3204e-07 4.3399e-07 4.3575e-07 4.3733e-07 4.3873e-07 4.3994e-07 4.4096e-07 4.4180e-07 4.4246e-07 4.4294e-07 4.4323e-07 4.4335e-07
-1.3748e-10 -5.4977e-10 -1.2364e-09 -2.1965e-09 -3.4289e-09 -4.9323e-09 -6.7048e-09 -8.7443e-09 -1.1048e-08 -1.3614e-08 -1.6439e-08 -1.9520e-08 -2.2852e-08 -2.6432e-08 2.2545e-02 -3.4319e-08 -3.8617e-08 -4.3144e-08 -4.7896e-08 -5.2866e-08 -5.8049e-08 -6.3438e-08 -6.9029e-08 -7.4813e-08 -8.0785e-08 -8.6938e-08 -9.3264e-08 -9.9757e-08 -1.0641e-07 -1.1321e-07 -1.2016e-07 -1.2724e-07 -1.3445e-07 -1.4178e-07 -1.4922e-07 -1.5676e-07 -1.6440e-07 -1.7213e-07 -1.7993e-07 -1.8780e-07 -1.9574e-07 -2.0372e-07 -2.1175e-07 -2.1982e-07 -2.2791e-07 -2.3602e-07 -2.4413e-07 -2.5225e-07 -2.6036e-07 -2.6846e-07 -2.7653e-07 -2.8457e-07 -2.9256e-07 -3.0051e-07 -3.0840e-07 -3.1623e-07 -3.2398e-07 -3.3166e-07 -3.3925e-07 -3.4674e-07 -3.5413e-07 -3.6142e-07 -3.6859e-07 -3.7563e-07 -3.8255e-07 -3.8934e-07 -3.9598e-07 -4.0248e-07 -4.0883e-07 -4.1502e-07 -4.2106e-07 -4.2692e-07 -4.3262e-07 -4.3813e-07 -4.4347e-07 -4.4863e-07 -4.5360e-07 -4.5838e-07 -4.6296e-07 -4.6735e-07 -4.7154e-07 -4.7553e-07 -4.7932e-07 -4.8290e-07 -4.8627e-07 -4.8943e-07 -4.9238e-07 -4.9513e-07 -4.9766e-07 -4.9997e-07 -5.0208e-07 -5.0397e-07 -5.0565e-07 -5.0712e-07 -5.0838e-07 -5.0943e-07 -5.1026e-07 -5.1089e-07 -5.1131e-07 -5.1153e-07 1.3748e-10 5.4977e-10 1.2364e-09 2.1964e-09 3.4289e-09 4.9321e-09 6.7045e-09 8.7438e-09 1.1048e-08 1.3613e-08 1.6438e-08 1.9517e-08 2.2849e-08 2.6428e-08 0.0000e+00 3.4313e-08 3.8609e-08 4.3134e-08 4.7883e-08 5.2850e-08 5.8030e-08 6.3415e-08 6.9002e-08 7.4781e-08 8.0748e-08 8.6894e-08 9.3213e-08 9.9698e-08 1.0634e-07 1.1313e-07 1.2007e-07 1.2714e-07 1.3434e-07 1.4166e-07 1.4908e-07 1.5661e-07 1.6423e-07 1.7194e-07 1.7973e-07 1.8758e-07 1.9549e-07 2.0345e-07 2.1146e-07 2.1950e-07 2.2756e-07 2.3564e-07 2.4373e-07 2.5182e-07 2.5990e-07 2.6796e-07 2.7599e-07 2.8399e-07 2.9195e-07 2.9986e-07 3.0771e-07 3.1549e-07 3.2320e-07 3.3082e-07 3.3836e-07 3.4581e-07 3.5315e-07 3.6038e-07 3.6749e-07 3.7448e-07 3.8134e-07 3.8807e-07 3.9465e-07 4.0109e-07 4.0738e-07 4.1350e-07 4.1947e-07 4.2527e-07 4.3089e-07 4.3634e-07 4.4161e-07 4.4669e-07 4.5159e-07 4.5630e-07 4.6081e-07 4.6512e-07 4.6923e-07 4.7314e-07 4.7685e-07 4.8035e-07 4.8365e-07 4.8673e-07 4.8960e-07 4.9227e-07 4.9472e-07 4.9695e-07 4.9898e-07 5.0079e-07 5.0239e-07 5.0378e-07 5.0496e-07 5.0593e-07 5.0669e-07 5.0724e-07 5.0758e-07 5.0772e-07
-1.5594e-10 -6.2358e-10 -1.4024e-09 -2.4914e-09 -3.8893e-09 -5.5945e-09 -7.6050e-09 -9.9183e-09 -1.2532e-08 -1.5442e-08 -1.8647e-08 -2.2141e-08 -2.5920e-08 -2.9982e-08 -3.4319e-08 2.5651e-02 -4.3804e-08 -4.8939e-08 -5.4329e-08 -5.9967e-08 -6.5847e-08 -7.1961e-08 -7.8303e-08 -8.4865e-08 -9.1640e-08 -9.8620e-08 -1.0580e-07 -1.1316e-07 -1.2071e-07 -1.2843e-07 -1.3631e-07 -1.4434e-07 -1.5252e-07 -1.6084e-07 -1.6928e-07 -1.7785e-07 -1.8651e-07 -1.9528e-07 -2.0414e-07 -2.1307e-07 -2.2207e-07 -2.3114e-07 -2.4025e-07 -2.4940e-07 -2.5859e-07 -2.6779e-07 -2.7701e-07 -2.8622e-07 -2.9543e-07 -3.0462e-07 -3.1378e-07 -3.2291e-07 -3.3199e-07 -3.4101e-07 -3.4997e-07 -3.5886e-07 -3.6767e-07 -3.7638e-07 -3.8500e-07 -3.9351e-07 -4.0191e-07 -4.1018e-07 -4.1833e-07 -4.2633e-07 -4.3420e-07 -4.4191e-07 -4.4946e-07 -4.5685e-07 -4.6406e-07 -4.7110e-07 -4.7796e-07 -4.8463e-07 -4.9110e-07 -4.9738e-07 -5.0345e-07 -5.0932e-07 -5.1497e-07 -5.2041e-07 -5.2563e-07 -5.3062e-07 -5.3539e-07 -5.3994e-07 -5.4425e-07 -5.4833e-07 -5.5217e-07 -5.5577e-07 -5.5914e-07 -5.6227e-07 -5.6516e-07 -5.6781e-07 -5.7022e-07 -5.7238e-07 -5.7431e-07 -5.7599e-07 -5.7744e-07 -5.7864e-07 -5.7961e-07 -5.8034e-07 -5.8084e-07 -5.8110e-07 1.5594e-10 6.2358e-10 1.4023e-09 2.4913e-09 3.8892e-09 5.5943e-09 7.6046e-09 9.9178e-09 1.2531e-08 1.5441e-08 1.8645e-08 2.2138e-08 2.5917e-08 2.9977e-08 3.4313e-08 0.0000e+00 4.3793e-08 4.8926e-08 5.4312e-08 5.9947e-08 6.5822e-08 7.1931e-08 7.8268e-08 8.4823e-08 9.1591e-08 9.8563e-08 1.0573e-07 1.1309e-07 1.2062e-07 1.2833e-07 1.3620e-07 1.4422e-07 1.5238e-07 1.6068e-07 1.6911e-07 1.7765e-07 1.8630e-07 1.9504e-07 2.0387e-07 2.1278e-07 2.2176e-07 2.3079e-07 2.3987e-07 2.4899e-07 2.5814e-07 2.6731e-07 2.7648e-07 2.8566e-07 2.9483e-07 3.0397e-07 3.1309e-07 3.2216e-07 3.3119e-07 3.4016e-07 3.4907e-07 3.5790e-07 3.6665e-07 3.7531e-07 3.8386e-07 3.9231e-07 4.0064e-07 4.0884e-07 4.1691e-07 4.2485e-07 4.3264e-07 4.4027e-07 4.4774e-07 4.5505e-07 4.6218e-07 4.6914e-07 4.7591e-07 4.8249e-07 4.8888e-07 4.9506e-07 5.0104e-07 5.0682e-07 5.1238e-07 5.1772e-07 5.2284e-07 5.2774e-07 5.3241e-07 5.3685e-07 5.4106e-07 5.4504e-07 5.4878e-07 5.5229e-07 5.5555e-07 5.5858e-07 5.6136e-07 5.6391e-07 5.6621e-07 5.6828e-07 5.7010e-07 5.7168e-07 5.7302e-07 5.7412e-07 5.7499e-07 5.7562e-07 5.7602e-07 5.7618e-07
-1.7546e-10 -7.0164e-10 -1.5779e-09 -2.8033e-09 -4.3762e-09 -6.2949e-09 -8.5571e-09 -1.1160e-08 -1.4101e-08 -1.7376e-08 -2.0981e-08 -2.4913e-08 -2.9166e-08 -3.3736e-08 -3.8617e-08 -4.3804e-08 2.8957e-02 -5.5069e-08 -6.1134e-08 -6.7479e-08 -7.4095e-08 -8.0976e-08 -8.8113e-08 -9.5498e-08 -1.0312e-07 -1.1098e-07 -1.1906e-07 -1.2735e-07 -1.3584e-07 -1.4453e-07 -1.5340e-07 -1.6244e-07 -1.7165e-07 -1.8101e-07 -1.9052e-07 -2.0015e-07 -2.0991e-07 -2.1978e-07 -2.2975e-07 -2.3981e-07 -2.4994e-07 -2.6015e-07 -2.7041e-07 -2.8072e-07 -2.9106e-07 -3.0142e-07 -3.1180e-07 -3.2218e-07 -3.3255e-07 -3.4289e-07 -3.5321e-07 -3.6349e-07 -3.7372e-07 -3.8389e-07 -3.9398e-07 -4.0399e-07 -4.1392e-07 -4.2374e-07 -4.3345e-07 -4.4304e-07 -4.5250e-07 -4.6182e-07 -4.7100e-07 -4.8003e-07 -4.8889e-07 -4.9758e-07 -5.0610e-07 -5.1443e-07 -5.2257e-07 -5.3050e-07 -5.3824e-07 -5.4576e-07 -5.5307e-07 -5.6015e-07 -5.6700e-07 -5.7362e-07 -5.8000e-07 -5.8614e-07 -5.9204e-07 -5.9768e-07 -6.0307e-07 -6.0820e-07 -6.1307e-07 -6.1768e-07 -6.2203e-07 -6.2611e-07 -6.2992e-07 -6.3347e-07 -6.3674e-07 -6.3974e-07 -6.4247e-07 -6.4493e-07 -6.4712e-07 -6.4904e-07 -6.5069e-07 -6.5207e-07 -6.5318e-07 -6.5402e-07 -6.5461e-07 -6.5492e-07 1.7546e-10 7.0164e-10 1.5779e-09 2.8032e-09 4.3761e-09 6.2947e-09 8.5567e-09 1.1159e-08 1.4100e-08 1.7374e-08 2.0979e-08 2.4910e-08 2.9161e-08 3.3730e-08 3.8609e-08 4.3793e-08 0.0000e+00 5.5051e-08 6.1113e-08 6.7453e-08 7.4064e-08 8.0938e-08 8.8068e-08 9.5445e-08 1.0306e-07 1.1091e-07 1.1897e-07 1.2725e-07 1.3573e-07 1.4440e-07 1.5326e-07 1.6228e-07 1.7147e-07 1.8081e-07 1.9029e-07 1.9990e-07 2.0963e-07 2.1947e-07 2.2941e-07 2.3944e-07 2.4954e-07 2.5971e-07 2.6993e-07 2.8019e-07 2.9049e-07 3.0081e-07 3.1113e-07 3.2146e-07 3.3178e-07 3.4207e-07 3.5233e-07 3.6255e-07 3.7271e-07 3.8281e-07 3.9284e-07 4.0278e-07 4.1262e-07 4.2237e-07 4.3200e-07 4.4151e-07 4.5088e-07 4.6012e-07 4.6921e-07 4.7814e-07 4.8691e-07 4.9550e-07 5.0392e-07 5.1215e-07 5.2018e-07 5.2801e-07 5.3564e-07 5.4305e-07 5.5024e-07 5.5721e-07 5.6394e-07 5.7044e-07 5.7671e-07 5.8272e-07 5.8850e-07 5.9401e-07 5.9928e-07 6.0428e-07 6.0903e-07 6.1351e-07 6.1773e-07 6.2168e-07 6.2536e-07 6.2877e-07 6.3191e-07 6.3479e-07 6.3739e-07 6.3971e-07 6.4177e-07 6.4356e-07 6.4508e-07 6.4632e-07 6.4731e-07 6.4802e-07 6.4848e-07 6.4867e-07
