1.1986e-04 -2.3795e-02 -2.2651e-02 -2.1142e-02 -1.9349e-02 -1.7362e-02 -1.5275e-02 -1.3177e-02 -1.1145e-02 -9.2424e-03 -7.5152e-03 -5.9914e-03 -4.6834e-03 -3.5895e-03 -2.6974e-03 -1.9874e-03 -1.4357e-03 -1.0169e-03 -7.0619e-04 -4.8084e-04 -3.2100e-04 -2.1011e-04 -1.3484e-04 -8.4841e-05 -5.2339e-05 -3.1657e-05 -1.8773e-05 -1.0915e-05 -6.2219e-06 -3.4773e-06 -1.9054e-06 -1.0236e-06 -5.3914e-07 -2.7841e-07 -1.4095e-07 -6.9963e-08 -3.4046e-08 -1.6243e-08 -7.5978e-09 -3.4841e-09 -1.5664e-09 -6.9043e-10 -2.9835e-10 -1.2639e-10 -5.2495e-11 -2.1375e-11 -8.5325e-12 -3.3392e-12 -1.2811e-12 -4.8186e-13 -1.7768e-13 -6.4231e-14 -2.2763e-14 -7.9083e-15 -2.6935e-15 -8.9936e-16 -2.9439e-16 -9.4467e-17 -2.9718e-17 -9.1647e-18 -2.7707e-18 -8.2116e-19 -2.3858e-19 -6.7952e-20 -1.8973e-20 -5.1931e-21 -1.3934e-21 -3.6652e-22 -9.4510e-23 -2.3890e-23 -5.9197e-24 -1.4379e-24 -3.4241e-25 -7.9927e-26 -1.8289e-26 -4.1025e-27 -9.0210e-28 -1.9445e-28 -4.1088e-29 -8.5107e-30 -1.7281e-30 -3.4396e-31 -6.7110e-32 -1.2836e-32 -2.4066e-33 -4.4229e-34 -7.9684e-35 -1.4072e-35 -2.4362e-36 -4.1341e-37 -6.8771e-38 -1.1214e-38 -1.7925e-39 -2.8085e-40 -4.3136e-41 -6.4945e-42 -9.5847e-43 -1.3866e-43 -1.9663e-44 -2.7333e-45 0.0000e+00 -2.3785e-02 -2.2631e-02 -2.1108e-02 -1.9300e-02 -1.7299e-02 -1.5200e-02 -1.3093e-02 -1.1055e-02 -9.1511e-03 -7.4255e-03 -5.9066e-03 -4.6058e-03 -3.5207e-03 -2.6382e-03 -1.9380e-03 -1.3956e-03 -9.8514e-04 -6.8173e-04 -4.6246e-04 -3.0754e-04 -2.0048e-04 -1.2812e-04 -8.0262e-05 -4.9290e-05 -2.9673e-05 -1.7512e-05 -1.0131e-05 -5.7453e-06 -3.1941e-06 -1.7407e-06 -9.2997e-07 -4.8704e-07 -2.5004e-07 -1.2584e-07 -6.2085e-08 -3.0026e-08 -1.4235e-08 -6.6160e-09 -3.0142e-09 -1.3462e-09 -5.8939e-10 -2.5295e-10 -1.0642e-10 -4.3892e-11 -1.7746e-11 -7.0331e-12 -2.7325e-12 -1.0407e-12 -3.8854e-13 -1.4220e-13 -5.1018e-14 -1.7943e-14 -6.1862e-15 -2.0907e-15 -6.9267e-16 -2.2496e-16 -7.1621e-17 -2.2352e-17 -6.8384e-18 -2.0509e-18 -6.0294e-19 -1.7376e-19 -4.9090e-20 -1.3595e-20 -3.6907e-21 -9.8220e-22 -2.5623e-22 -6.5526e-23 -1.6427e-23 -4.0367e-24 -9.7243e-25 -2.2963e-25 -5.3157e-26 -1.2062e-26 -2.6832e-27 -5.8509e-28 -1.2507e-28 -2.6206e-29 -5.3829e-30 -1.0839e-30 -2.1393e-31 -4.1393e-32 -7.8509e-33 -1.4597e-33 -2.6604e-34 -4.7531e-35 -8.3244e-36 -1.4291e-36 -2.4052e-37 -3.9678e-38 -6.4167e-39 -1.0172e-39 -1.5807e-40 -2.4079e-41 -3.5956e-42 -5.2631e-43 -7.5519e-44 -1.0622e-44 -1.4646e-45
-2.3795e-02 4.7905e-04 -2.2071e-02 -2.0665e-02 -1.8988e-02 -1.7121e-02 -1.5150e-02 -1.3155e-02 -1.1209e-02 -9.3725e-03 -7.6897e-03 -6.1906e-03 -4.8900e-03 -3.7900e-03 -2.8821e-03 -2.1503e-03 -1.5739e-03 -1.1303e-03 -7.9626e-04 -5.5030e-04 -3.7308e-04 -2.4811e-04 -1.6186e-04 -1.0357e-04 -6.5001e-05 -4.0014e-05 -2.4159e-05 -1.4306e-05 -8.3081e-06 -4.7319e-06 -2.6431e-06 -1.4478e-06 -7.7768e-07 -4.0964e-07 -2.1159e-07 -1.0717e-07 -5.3228e-08 -2.5921e-08 -1.2378e-08 -5.7952e-09 -2.6604e-09 -1.1974e-09 -5.2844e-10 -2.2865e-10 -9.6994e-11 -4.0341e-11 -1.6449e-11 -6.5758e-12 -2.5772e-12 -9.9026e-13 -3.7302e-13 -1.3775e-13 -4.9871e-14 -1.7700e-14 -6.1586e-15 -2.1006e-15 -7.0242e-16 -2.3025e-16 -7.3989e-17 -2.3308e-17 -7.1975e-18 -2.1788e-18 -6.4658e-19 -1.8809e-19 -5.3637e-20 -1.4994e-20 -4.1087e-21 -1.1037e-21 -2.9062e-22 -7.5014e-23 -1.8981e-23 -4.7077e-24 -1.1446e-24 -2.7279e-25 -6.3731e-26 -1.4595e-26 -3.2763e-27 -7.2096e-28 -1.5551e-28 -3.2881e-29 -6.8151e-30 -1.3846e-30 -2.7574e-31 -5.3828e-32 -1.0300e-32 -1.9320e-33 -3.5523e-34 -6.4023e-35 -1.1311e-35 -1.9587e-36 -3.3249e-37 -5.5324e-38 -9.0234e-39 -1.4426e-39 -2.2608e-40 -3.4730e-41 -5.2295e-42 -7.7187e-43 -1.1167e-43 -1.5837e-44 -2.3785e-02 0.0000e+00 -2.1992e-02 -2.0534e-02 -1.8800e-02 -1.6879e-02 -1.4860e-02 -1.2828e-02 -1.0859e-02 -9.0143e-03 -7.3374e-03 -5.8564e-03 -4.5836e-03 -3.5178e-03 -2.6473e-03 -1.9535e-03 -1.4136e-03 -1.0030e-03 -6.9783e-04 -4.7608e-04 -3.1848e-04 -2.0891e-04 -1.3437e-04 -8.4750e-05 -5.2412e-05 -3.1782e-05 -1.8898e-05 -1.1018e-05 -6.2988e-06 -3.5308e-06 -1.9407e-06 -1.0459e-06 -5.5270e-07 -2.8638e-07 -1.4549e-07 -7.2477e-08 -3.5400e-08 -1.6954e-08 -7.9610e-09 -3.6654e-09 -1.6547e-09 -7.3241e-10 -3.1786e-10 -1.3525e-10 -5.6429e-11 -2.3083e-11 -9.2580e-12 -3.6406e-12 -1.4037e-12 -5.3061e-13 -1.9666e-13 -7.1464e-14 -2.5461e-14 -8.8940e-15 -3.0460e-15 -1.0228e-15 -3.3671e-16 -1.0868e-16 -3.4391e-17 -1.0670e-17 -3.2455e-18 -9.6787e-19 -2.8298e-19 -8.1117e-20 -2.2796e-20 -6.2809e-21 -1.6966e-21 -4.4931e-22 -1.1666e-22 -2.9694e-23 -7.4100e-24 -1.8129e-24 -4.3482e-25 -1.0225e-25 -2.3571e-26 -5.3272e-27 -1.1803e-27 -2.5639e-28 -5.4599e-29 -1.1399e-29 -2.3329e-30 -4.6810e-31 -9.2078e-32 -1.7756e-32 -3.3569e-33 -6.2214e-34 -1.1304e-34 -2.0134e-35 -3.5158e-36 -6.0185e-37 -1.0100e-37 -1.6616e-38 -2.6799e-39 -4.2370e-40 -6.5673e-41 -9.9787e-42 -1.4864e-42 -2.1705e-43 -3.1071e-44 -4.3603e-45
-2.2651e-02 -2.2071e-02 1.0764e-03 -1.9892e-02 -1.8399e-02 -1.6722e-02 -1.4935e-02 -1.3105e-02 -1.1298e-02 -9.5688e-03 -7.9603e-03 -6.5042e-03 -5.2192e-03 -4.1126e-03 -3.1818e-03 -2.4168e-03 -1.8021e-03 -1.3190e-03 -9.4755e-04 -6.6803e-04 -4.6216e-04 -3.1374e-04 -2.0897e-04 -1.3655e-04 -8.7534e-05 -5.5044e-05 -3.3953e-05 -2.0541e-05 -1.2189e-05 -7.0932e-06 -4.0482e-06 -2.2657e-06 -1.2435e-06 -6.6923e-07 -3.5316e-07 -1.8274e-07 -9.2714e-08 -4.6121e-08 -2.2494e-08 -1.0757e-08 -5.0429e-09 -2.3179e-09 -1.0445e-09 -4.6145e-10 -1.9986e-10 -8.4859e-11 -3.5322e-11 -1.4414e-11 -5.7660e-12 -2.2612e-12 -8.6929e-13 -3.2760e-13 -1.2103e-13 -4.3832e-14 -1.5561e-14 -5.4155e-15 -1.8475e-15 -6.1785e-16 -2.0255e-16 -6.5089e-17 -2.0504e-17 -6.3315e-18 -1.9165e-18 -5.6867e-19 -1.6540e-19 -4.7160e-20 -1.3180e-20 -3.6110e-21 -9.6975e-22 -2.5528e-22 -6.5875e-23 -1.6663e-23 -4.1316e-24 -1.0042e-24 -2.3925e-25 -5.5873e-26 -1.2791e-26 -2.8702e-27 -6.3135e-28 -1.3613e-28 -2.8771e-29 -5.9607e-30 -1.2105e-30 -2.4097e-31 -4.7021e-32 -8.9938e-33 -1.6863e-33 -3.0991e-34 -5.5830e-35 -9.8589e-36 -1.7065e-36 -2.8956e-37 -4.8159e-38 -7.8513e-39 -1.2547e-39 -1.9654e-40 -3.0179e-41 -4.5423e-42 -6.7015e-43 -9.6915e-44 -2.2631e-02 -2.1992e-02 0.0000e+00 -1.9611e-02 -1.7995e-02 -1.6200e-02 -1.4308e-02 -1.2398e-02 -1.0539e-02 -8.7894e-03 -7.1911e-03 -5.7718e-03 -4.5448e-03 -3.5107e-03 -2.6604e-03 -1.9777e-03 -1.4423e-03 -1.0318e-03 -7.2408e-04 -4.9847e-04 -3.3661e-04 -2.2297e-04 -1.4488e-04 -9.2343e-05 -5.7732e-05 -3.5403e-05 -2.1295e-05 -1.2564e-05 -7.2705e-06 -4.1267e-06 -2.2973e-06 -1.2544e-06 -6.7175e-07 -3.5283e-07 -1.8175e-07 -9.1823e-08 -4.5497e-08 -2.2108e-08 -1.0536e-08 -4.9242e-09 -2.2570e-09 -1.0145e-09 -4.4718e-10 -1.9330e-10 -8.1941e-11 -3.4063e-11 -1.3885e-11 -5.5505e-12 -2.1757e-12 -8.3631e-13 -3.1522e-13 -1.1650e-13 -4.2223e-14 -1.5005e-14 -5.2284e-15 -1.7864e-15 -5.9849e-16 -1.9660e-16 -6.3326e-17 -2.0000e-17 -6.1932e-18 -1.8804e-18 -5.5979e-19 -1.6339e-19 -4.6762e-20 -1.3121e-20 -3.6099e-21 -9.7373e-22 -2.5752e-22 -6.6773e-23 -1.6975e-23 -4.2310e-24 -1.0339e-24 -2.4771e-25 -5.8187e-26 -1.3400e-26 -3.0255e-27 -6.6971e-28 -1.4534e-28 -3.0923e-29 -6.4503e-30 -1.3191e-30 -2.6446e-31 -5.1982e-32 -1.0017e-32 -1.8923e-33 -3.5048e-34 -6.3636e-35 -1.1328e-35 -1.9768e-36 -3.3819e-37 -5.6721e-38 -9.3263e-39 -1.5033e-39 -2.3756e-40 -3.6803e-41 -5.5894e-42 -8.3218e-43 -1.2146e-43 -1.7380e-44
-2.1142e-02 -2.0665e-02 -1.9892e-02 1.9100e-03 -1.7598e-02 -1.6168e-02 -1.4620e-02 -1.3008e-02 -1.1387e-02 -9.8032e-03 -8.2990e-03 -6.9065e-03 -5.6489e-03 -4.5399e-03 -3.5844e-03 -2.7795e-03 -2.1165e-03 -1.5824e-03 -1.1613e-03 -8.3654e-04 -5.9137e-04 -4.1021e-04 -2.7918e-04 -1.8640e-04 -1.2208e-04 -7.8429e-05 -4.9418e-05 -3.0538e-05 -1.8507e-05 -1.0998e-05 -6.4094e-06 -3.6625e-06 -2.0521e-06 -1.1273e-06 -6.0723e-07 -3.2068e-07 -1.6603e-07 -8.4280e-08 -4.1942e-08 -2.0463e-08 -9.7876e-09 -4.5894e-09 -2.1097e-09 -9.5071e-10 -4.2000e-10 -1.8189e-10 -7.7221e-11 -3.2138e-11 -1.3112e-11 -5.2439e-12 -2.0559e-12 -7.9014e-13 -2.9768e-13 -1.0994e-13 -3.9801e-14 -1.4125e-14 -4.9139e-15 -1.6757e-15 -5.6018e-16 -1.8357e-16 -5.8966e-17 -1.8567e-17 -5.7311e-18 -1.7340e-18 -5.1431e-19 -1.4953e-19 -4.2615e-20 -1.1905e-20 -3.2603e-21 -8.7520e-22 -2.3030e-22 -5.9403e-23 -1.5020e-23 -3.7227e-24 -9.0443e-25 -2.1539e-25 -5.0283e-26 -1.1506e-26 -2.5810e-27 -5.6752e-28 -1.2232e-28 -2.5843e-29 -5.3522e-30 -1.0865e-30 -2.1622e-31 -4.2175e-32 -8.0642e-33 -1.5115e-33 -2.7769e-34 -5.0009e-35 -8.8282e-36 -1.5276e-36 -2.5912e-37 -4.3083e-38 -7.0218e-39 -1.1218e-39 -1.7567e-40 -2.6966e-41 -4.0576e-42 -5.9847e-43 -2.1108e-02 -2.0534e-02 -1.9611e-02 0.0000e+00 -1.6925e-02 -1.5295e-02 -1.3569e-02 -1.1818e-02 -1.0105e-02 -8.4811e-03 -6.9878e-03 -5.6516e-03 -4.4869e-03 -3.4966e-03 -2.6745e-03 -2.0080e-03 -1.4796e-03 -1.0701e-03 -7.5955e-04 -5.2910e-04 -3.6170e-04 -2.4265e-04 -1.5975e-04 -1.0320e-04 -6.5416e-05 -4.0688e-05 -2.4831e-05 -1.4869e-05 -8.7353e-06 -5.0349e-06 -2.8472e-06 -1.5795e-06 -8.5962e-07 -4.5895e-07 -2.4036e-07 -1.2349e-07 -6.2231e-08 -3.0762e-08 -1.4916e-08 -7.0937e-09 -3.3090e-09 -1.5139e-09 -6.7934e-10 -2.9898e-10 -1.2905e-10 -5.4630e-11 -2.2680e-11 -9.2341e-12 -3.6870e-12 -1.4437e-12 -5.5439e-13 -2.0876e-13 -7.7090e-14 -2.7915e-14 -9.9125e-15 -3.4515e-15 -1.1785e-15 -3.9457e-16 -1.2954e-16 -4.1699e-17 -1.3162e-17 -4.0738e-18 -1.2363e-18 -3.6787e-19 -1.0733e-19 -3.0704e-20 -8.6123e-21 -2.3685e-21 -6.3866e-22 -1.6885e-22 -4.3768e-23 -1.1123e-23 -2.7717e-24 -6.7713e-25 -1.6219e-25 -3.8088e-26 -8.7694e-27 -1.9795e-27 -4.3809e-28 -9.5055e-29 -2.0220e-29 -4.2170e-30 -8.6223e-31 -1.7284e-31 -3.3967e-32 -6.5444e-33 -1.2362e-33 -2.2891e-34 -4.1558e-35 -7.3966e-36 -1.2906e-36 -2.2077e-37 -3.7024e-38 -6.0869e-39 -9.8106e-40 -1.5502e-40 -2.4012e-41 -3.6464e-42 -5.4285e-43 -7.9226e-44
-1.9349e-02 -1.8988e-02 -1.8399e-02 -1.7598e-02 2.9773e-03 -1.5464e-02 -1.4195e-02 -1.2842e-02 -1.1444e-02 -1.0041e-02 -8.6697e-03 -7.3638e-03 -6.1502e-03 -5.0488e-03 -4.0726e-03 -3.2269e-03 -2.5109e-03 -1.9182e-03 -1.4384e-03 -1.0586e-03 -7.6446e-04 -5.4163e-04 -3.7646e-04 -2.5666e-04 -1.7163e-04 -1.1256e-04 -7.2392e-05 -4.5657e-05 -2.8236e-05 -1.7122e-05 -1.0181e-05 -5.9350e-06 -3.3923e-06 -1.9010e-06 -1.0444e-06 -5.6256e-07 -2.9707e-07 -1.5379e-07 -7.8052e-08 -3.8835e-08 -1.8942e-08 -9.0576e-09 -4.2458e-09 -1.9511e-09 -8.7894e-10 -3.8815e-10 -1.6804e-10 -7.1312e-11 -2.9668e-11 -1.2099e-11 -4.8370e-12 -1.8956e-12 -7.2826e-13 -2.7426e-13 -1.0125e-13 -3.6642e-14 -1.2999e-14 -4.5203e-15 -1.5410e-15 -5.1493e-16 -1.6868e-16 -5.4164e-17 -1.7049e-17 -5.2607e-18 -1.5912e-18 -4.7178e-19 -1.3712e-19 -3.9066e-20 -1.0910e-20 -2.9869e-21 -8.0156e-22 -2.1086e-22 -5.4373e-23 -1.3744e-23 -3.4055e-24 -8.2716e-25 -1.9694e-25 -4.5962e-26 -1.0515e-26 -2.3581e-27 -5.1837e-28 -1.1170e-28 -2.3594e-29 -4.8852e-30 -9.9150e-31 -1.9726e-31 -3.8470e-32 -7.3541e-33 -1.3781e-33 -2.5313e-34 -4.5577e-35 -8.0443e-36 -1.3917e-36 -2.3602e-37 -3.9235e-38 -6.3934e-39 -1.0212e-39 -1.5989e-40 -2.4540e-41 -3.6919e-42 -1.9300e-02 -1.8800e-02 -1.7995e-02 -1.6925e-02 0.0000e+00 -1.4204e-02 -1.2673e-02 -1.1110e-02 -9.5685e-03 -8.0960e-03 -6.7295e-03 -5.4947e-03 -4.4069e-03 -3.4716e-03 -2.6860e-03 -2.0410e-03 -1.5230e-03 -1.1160e-03 -8.0294e-04 -5.6723e-04 -3.9342e-04 -2.6789e-04 -1.7907e-04 -1.1750e-04 -7.5675e-05 -4.7838e-05 -2.9681e-05 -1.8073e-05 -1.0799e-05 -6.3327e-06 -3.6439e-06 -2.0574e-06 -1.1398e-06 -6.1953e-07 -3.3039e-07 -1.7285e-07 -8.8721e-08 -4.4673e-08 -2.2066e-08 -1.0692e-08 -5.0817e-09 -2.3691e-09 -1.0834e-09 -4.8592e-10 -2.1377e-10 -9.2234e-11 -3.9031e-11 -1.6199e-11 -6.5937e-12 -2.6321e-12 -1.0304e-12 -3.9560e-13 -1.4894e-13 -5.4992e-14 -1.9910e-14 -7.0691e-15 -2.4612e-15 -8.4026e-16 -2.8130e-16 -9.2342e-17 -2.9724e-17 -9.3818e-18 -2.9035e-18 -8.8111e-19 -2.6218e-19 -7.6490e-20 -2.1881e-20 -6.1372e-21 -1.6878e-21 -4.5510e-22 -1.2032e-22 -3.1187e-23 -7.9260e-24 -1.9750e-24 -4.8249e-25 -1.1557e-25 -2.7140e-26 -6.2486e-27 -1.4105e-27 -3.1216e-28 -6.7732e-29 -1.4408e-29 -3.0049e-30 -6.1441e-31 -1.2316e-31 -2.4205e-32 -4.6635e-33 -8.8090e-34 -1.6313e-34 -2.9616e-35 -5.2712e-36 -9.1977e-37 -1.5734e-37 -2.6386e-38 -4.3381e-39 -6.9921e-40 -1.1048e-40 -1.7114e-41 -2.5990e-42 -3.8692e-43
-1.7362e-02 -1.7121e-02 -1.6722e-02 -1.6168e-02 -1.5464e-02 4.2751e-03 -1.3654e-02 -1.2584e-02 -1.1437e-02 -1.0243e-02 -9.0322e-03 -7.8376e-03 -6.6885e-03 -5.6107e-03 -4.6246e-03 -3.7439e-03 -2.9761e-03 -2.3223e-03 -1.7785e-03 -1.3364e-03 -9.8527e-04 -7.1256e-04 -5.0546e-04 -3.5166e-04 -2.3994e-04 -1.6054e-04 -1.0533e-04 -6.7762e-05 -4.2744e-05 -2.6436e-05 -1.6031e-05 -9.5308e-06 -5.5554e-06 -3.1747e-06 -1.7786e-06 -9.7693e-07 -5.2606e-07 -2.7770e-07 -1.4372e-07 -7.2916e-08 -3.6267e-08 -1.7684e-08 -8.4527e-09 -3.9609e-09 -1.8195e-09 -8.1938e-10 -3.6173e-10 -1.5654e-10 -6.6412e-11 -2.7620e-11 -1.1260e-11 -4.5002e-12 -1.7631e-12 -6.7714e-13 -2.5493e-13 -9.4087e-14 -3.4039e-14 -1.2072e-14 -4.1970e-15 -1.4304e-15 -4.7785e-16 -1.5649e-16 -5.0239e-17 -1.5810e-17 -4.8771e-18 -1.4748e-18 -4.3719e-19 -1.2704e-19 -3.6186e-20 -1.0104e-20 -2.7656e-21 -7.4203e-22 -1.9516e-22 -5.0316e-23 -1.2716e-23 -3.1503e-24 -7.6503e-25 -1.8212e-25 -4.2496e-26 -9.7206e-27 -2.1796e-27 -4.7905e-28 -1.0321e-28 -2.1798e-29 -4.5127e-30 -9.1577e-31 -1.8217e-31 -3.5522e-32 -6.7897e-33 -1.2721e-33 -2.3365e-34 -4.2064e-35 -7.4232e-36 -1.2841e-36 -2.1775e-37 -3.6194e-38 -5.8972e-39 -9.4185e-40 -1.4745e-40 -2.2628e-41 -1.7299e-02 -1.6879e-02 -1.6200e-02 -1.5295e-02 -1.4204e-02 0.0000e+00 -1.1656e-02 -1.0298e-02 -8.9468e-03 -7.6429e-03 -6.4192e-03 -5.3003e-03 -4.3019e-03 -3.4318e-03 -2.6905e-03 -2.0728e-03 -1.5690e-03 -1.1669e-03 -8.5252e-04 -6.1180e-04 -4.3122e-04 -2.9849e-04 -2.0290e-04 -1.3542e-04 -8.8742e-05 -5.7092e-05 -3.6057e-05 -2.2353e-05 -1.3601e-05 -8.1230e-06 -4.7610e-06 -2.7385e-06 -1.5457e-06 -8.5607e-07 -4.6522e-07 -2.4806e-07 -1.2977e-07 -6.6601e-08 -3.3534e-08 -1.6564e-08 -8.0257e-09 -3.8147e-09 -1.7785e-09 -8.1334e-10 -3.6483e-10 -1.6051e-10 -6.9262e-11 -2.9313e-11 -1.2167e-11 -4.9530e-12 -1.9774e-12 -7.7421e-13 -2.9727e-13 -1.1193e-13 -4.1332e-14 -1.4967e-14 -5.3145e-15 -1.8505e-15 -6.3186e-16 -2.1156e-16 -6.9456e-17 -2.2360e-17 -7.0583e-18 -2.1847e-18 -6.6305e-19 -1.9731e-19 -5.7573e-20 -1.6471e-20 -4.6204e-21 -1.2708e-21 -3.4269e-22 -9.0609e-23 -2.3489e-23 -5.9702e-24 -1.4878e-24 -3.6351e-25 -8.7077e-26 -2.0451e-26 -4.7090e-27 -1.0631e-27 -2.3529e-28 -5.1057e-29 -1.0862e-29 -2.2656e-30 -4.6327e-31 -9.2874e-32 -1.8254e-32 -3.5172e-33 -6.6443e-34 -1.2305e-34 -2.2341e-35 -3.9767e-36 -6.9395e-37 -1.1872e-37 -1.9911e-38 -3.2737e-39 -5.2769e-40 -8.3387e-41 -1.2918e-41 -1.9618e-42
-1.5275e-02 -1.5150e-02 -1.4935e-02 -1.4620e-02 -1.4195e-02 -1.3654e-02 5.7999e-03 -1.2218e-02 -1.1338e-02 -1.0372e-02 -9.3459e-03 -8.2869e-03 -7.2262e-03 -6.1932e-03 -5.2144e-03 -4.3112e-03 -3.4993e-03 -2.7876e-03 -2.1789e-03 -1.6709e-03 -1.2570e-03 -9.2745e-04 -6.7114e-04 -4.7628e-04 -3.3144e-04 -2.2617e-04 -1.5133e-04 -9.9285e-05 -6.3866e-05 -4.0280e-05 -2.4907e-05 -1.5100e-05 -8.9749e-06 -5.2299e-06 -2.9878e-06 -1.6734e-06 -9.1887e-07 -4.9464e-07 -2.6104e-07 -1.3505e-07 -6.8499e-08 -3.4060e-08 -1.6603e-08 -7.9338e-09 -3.7167e-09 -1.7069e-09 -7.6846e-10 -3.3916e-10 -1.4674e-10 -6.2238e-11 -2.5878e-11 -1.0548e-11 -4.2146e-12 -1.6508e-12 -6.3388e-13 -2.3860e-13 -8.8042e-14 -3.1847e-14 -1.1292e-14 -3.9252e-15 -1.3375e-15 -4.4676e-16 -1.4629e-16 -4.6955e-17 -1.4774e-17 -4.5570e-18 -1.3778e-18 -4.0837e-19 -1.1865e-19 -3.3792e-20 -9.4344e-21 -2.5820e-21 -6.9268e-22 -1.8216e-22 -4.6959e-23 -1.1866e-23 -2.9394e-24 -7.1375e-25 -1.6989e-25 -3.9640e-26 -9.0663e-27 -2.0327e-27 -4.4672e-28 -9.6238e-29 -2.0323e-29 -4.2070e-30 -8.5367e-31 -1.6980e-31 -3.3108e-32 -6.3277e-33 -1.1855e-33 -2.1771e-34 -3.9193e-35 -6.9161e-36 -1.1963e-36 -2.0284e-37 -3.3714e-38 -5.4928e-39 -8.7721e-40 -1.3732e-40 -1.5200e-02 -1.4860e-02 -1.4308e-02 -1.3569e-02 -1.2673e-02 -1.1656e-02 0.0000e+00 -9.4101e-03 -8.2579e-03 -7.1322e-03 -6.0616e-03 -5.0686e-03 -4.1693e-03 -3.3730e-03 -2.6835e-03 -2.0991e-03 -1.6141e-03 -1.2200e-03 -9.0621e-04 -6.6143e-04 -4.7431e-04 -3.3412e-04 -2.3119e-04 -1.5711e-04 -1.0485e-04 -6.8704e-05 -4.4202e-05 -2.7919e-05 -1.7311e-05 -1.0536e-05 -6.2935e-06 -3.6897e-06 -2.1229e-06 -1.1986e-06 -6.6405e-07 -3.6099e-07 -1.9254e-07 -1.0076e-07 -5.1731e-08 -2.6055e-08 -1.2874e-08 -6.2400e-09 -2.9668e-09 -1.3837e-09 -6.3297e-10 -2.8401e-10 -1.2499e-10 -5.3951e-11 -2.2840e-11 -9.4829e-12 -3.8614e-12 -1.5420e-12 -6.0389e-13 -2.3193e-13 -8.7354e-14 -3.2264e-14 -1.1686e-14 -4.1504e-15 -1.4455e-15 -4.9368e-16 -1.6533e-16 -5.4290e-17 -1.7481e-17 -5.5193e-18 -1.7087e-18 -5.1868e-19 -1.5438e-19 -4.5053e-20 -1.2892e-20 -3.6169e-21 -9.9496e-22 -2.6835e-22 -7.0965e-23 -1.8400e-23 -4.6773e-24 -1.1658e-24 -2.8487e-25 -6.8250e-26 -1.6031e-26 -3.6919e-27 -8.3357e-28 -1.8452e-28 -4.0045e-29 -8.5204e-30 -1.7774e-30 -3.6349e-31 -7.2878e-32 -1.4325e-32 -2.7606e-33 -5.2155e-34 -9.6601e-35 -1.7541e-35 -3.1226e-36 -5.4496e-37 -9.3239e-38 -1.5639e-38 -2.5716e-39 -4.1456e-40 -6.5516e-41 -1.0150e-41
-1.3177e-02 -1.3155e-02 -1.3105e-02 -1.3008e-02 -1.2842e-02 -1.2584e-02 -1.2218e-02 7.5476e-03 -1.1122e-02 -1.0397e-02 -9.5726e-03 -8.6723e-03 -7.7248e-03 -6.7614e-03 -5.8125e-03 -4.9057e-03 -4.0638e-03 -3.3033e-03 -2.6343e-03 -2.0608e-03 -1.5813e-03 -1.1900e-03 -8.7822e-04 -6.3557e-04 -4.5104e-04 -3.1386e-04 -2.1415e-04 -1.4326e-04 -9.3971e-05 -6.0434e-05 -3.8106e-05 -2.3557e-05 -1.4278e-05 -8.4843e-06 -4.9427e-06 -2.8230e-06 -1.5808e-06 -8.6777e-07 -4.6702e-07 -2.4641e-07 -1.2746e-07 -6.4632e-08 -3.2130e-08 -1.5659e-08 -7.4814e-09 -3.5041e-09 -1.6090e-09 -7.2424e-10 -3.1959e-10 -1.3825e-10 -5.8629e-11 -2.4373e-11 -9.9331e-12 -3.9684e-12 -1.5542e-12 -5.9671e-13 -2.2458e-13 -8.2859e-14 -2.9968e-14 -1.0625e-14 -3.6929e-15 -1.2582e-15 -4.2023e-16 -1.3758e-16 -4.4158e-17 -1.3893e-17 -4.2847e-18 -1.2954e-18 -3.8391e-19 -1.1153e-19 -3.1763e-20 -8.8672e-21 -2.4266e-21 -6.5094e-22 -1.7117e-22 -4.4123e-23 -1.1149e-23 -2.7616e-24 -6.7052e-25 -1.5959e-25 -3.7234e-26 -8.5156e-27 -1.9091e-27 -4.1954e-28 -9.0378e-29 -1.9085e-29 -3.9504e-30 -8.0157e-31 -1.5943e-31 -3.1084e-32 -5.9407e-33 -1.1129e-33 -2.0438e-34 -3.6791e-35 -6.4919e-36 -1.1229e-36 -1.9039e-37 -3.1643e-38 -5.1551e-39 -8.2325e-40 -1.3093e-02 -1.2828e-02 -1.2398e-02 -1.1818e-02 -1.1110e-02 -1.0298e-02 -9.4101e-03 0.0000e+00 -7.5214e-03 -6.5760e-03 -5.6626e-03 -4.8013e-03 -4.0075e-03 -3.2920e-03 -2.6609e-03 -2.1156e-03 -1.6544e-03 -1.2721e-03 -9.6154e-04 -7.1441e-04 -5.2163e-04 -3.7423e-04 -2.6377e-04 -1.8262e-04 -1.2418e-04 -8.2924e-05 -5.4375e-05 -3.5007e-05 -2.2126e-05 -1.3728e-05 -8.3608e-06 -4.9976e-06 -2.9318e-06 -1.6879e-06 -9.5358e-07 -5.2862e-07 -2.8753e-07 -1.5345e-07 -8.0345e-08 -4.1271e-08 -2.0798e-08 -1.0281e-08 -4.9856e-09 -2.3715e-09 -1.1065e-09 -5.0641e-10 -2.2732e-10 -1.0008e-10 -4.3215e-11 -1.8302e-11 -7.6015e-12 -3.0964e-12 -1.2369e-12 -4.8458e-13 -1.8617e-13 -7.0140e-14 -2.5914e-14 -9.3885e-15 -3.3355e-15 -1.1620e-15 -3.9696e-16 -1.3297e-16 -4.3676e-17 -1.4067e-17 -4.4424e-18 -1.3756e-18 -4.1767e-19 -1.2434e-19 -3.6295e-20 -1.0388e-20 -2.9150e-21 -8.0204e-22 -2.1636e-22 -5.7227e-23 -1.4840e-23 -3.7732e-24 -9.4060e-25 -2.2989e-25 -5.5086e-26 -1.2941e-26 -2.9808e-27 -6.7312e-28 -1.4903e-28 -3.2347e-29 -6.8834e-30 -1.4361e-30 -2.9373e-31 -5.8901e-32 -1.1579e-32 -2.2318e-33 -4.2169e-34 -7.8115e-35 -1.4186e-35 -2.5257e-36 -4.4084e-37 -7.5433e-38 -1.2654e-38 -2.0810e-39 -3.3550e-40 -5.3027e-41
-1.1145e-02 -1.1209e-02 -1.1298e-02 -1.1387e-02 -1.1444e-02 -1.1437e-02 -1.1338e-02 -1.1122e-02 9.5143e-03 -1.0292e-02 -9.6811e-03 -8.9581e-03 -8.1478e-03 -7.2802e-03 -6.3874e-03 -5.5009e-03 -4.6490e-03 -3.8549e-03 -3.1356e-03 -2.5017e-03 -1.9576e-03 -1.5023e-03 -1.1306e-03 -8.3436e-04 -6.0378e-04 -4.2842e-04 -2.9807e-04 -2.0334e-04 -1.3601e-04 -8.9195e-05 -5.7351e-05 -3.6155e-05 -2.2347e-05 -1.3542e-05 -8.0453e-06 -4.6861e-06 -2.6760e-06 -1.4982e-06 -8.2231e-07 -4.4249e-07 -2.3343e-07 -1.2073e-07 -6.1211e-08 -3.0426e-08 -1.4826e-08 -7.0827e-09 -3.3170e-09 -1.5229e-09 -6.8543e-10 -3.0243e-10 -1.3082e-10 -5.5471e-11 -2.3059e-11 -9.3966e-12 -3.7538e-12 -1.4700e-12 -5.6435e-13 -2.1239e-13 -7.8354e-14 -2.8337e-14 -1.0046e-14 -3.4915e-15 -1.1895e-15 -3.9726e-16 -1.3006e-16 -4.1740e-17 -1.3132e-17 -4.0497e-18 -1.2243e-18 -3.6282e-19 -1.0540e-19 -3.0016e-20 -8.3790e-21 -2.2929e-21 -6.1506e-22 -1.6173e-22 -4.1688e-23 -1.0533e-23 -2.6090e-24 -6.3345e-25 -1.5076e-25 -3.5174e-26 -8.0441e-27 -1.8033e-27 -3.9629e-28 -8.5366e-29 -1.8026e-29 -3.7312e-30 -7.5706e-31 -1.5057e-31 -2.9356e-32 -5.6104e-33 -1.0510e-33 -1.9301e-34 -3.4743e-35 -6.1304e-36 -1.0604e-36 -1.7978e-37 -2.9879e-38 -4.8676e-39 -1.1055e-02 -1.0859e-02 -1.0539e-02 -1.0105e-02 -9.5685e-03 -8.9468e-03 -8.2579e-03 -7.5214e-03 0.0000e+00 -5.9878e-03 -5.2298e-03 -4.5012e-03 -3.8163e-03 -3.1863e-03 -2.6189e-03 -2.1183e-03 -1.6858e-03 -1.3196e-03 -1.0158e-03 -7.6870e-04 -5.7179e-04 -4.1799e-04 -3.0023e-04 -2.1186e-04 -1.4684e-04 -9.9963e-05 -6.6825e-05 -4.3864e-05 -2.8268e-05 -1.7884e-05 -1.1107e-05 -6.7701e-06 -4.0503e-06 -2.3780e-06 -1.3701e-06 -7.7464e-07 -4.2974e-07 -2.3391e-07 -1.2491e-07 -6.5446e-08 -3.3639e-08 -1.6961e-08 -8.3895e-09 -4.0705e-09 -1.9373e-09 -9.0435e-10 -4.1408e-10 -1.8596e-10 -8.1909e-11 -3.5384e-11 -1.4992e-11 -6.2292e-12 -2.5384e-12 -1.0144e-12 -3.9755e-13 -1.5279e-13 -5.7583e-14 -2.1281e-14 -7.7127e-15 -2.7410e-15 -9.5518e-16 -3.2640e-16 -1.0937e-16 -3.5933e-17 -1.1576e-17 -3.6567e-18 -1.1326e-18 -3.4397e-19 -1.0243e-19 -2.9905e-20 -8.5610e-21 -2.4029e-21 -6.6128e-22 -1.7843e-22 -4.7203e-23 -1.2243e-23 -3.1135e-24 -7.7630e-25 -1.8977e-25 -4.5480e-26 -1.0687e-26 -2.4619e-27 -5.5603e-28 -1.2312e-28 -2.6729e-29 -5.6888e-30 -1.1870e-30 -2.4283e-31 -4.8701e-32 -9.5756e-33 -1.8458e-33 -3.4881e-34 -6.4624e-35 -1.1738e-35 -2.0900e-36 -3.6484e-37 -6.2437e-38 -1.0475e-38 -1.7229e-39 -2.7780e-40
-9.2424e-03 -9.3725e-03 -9.5688e-03 -9.8032e-03 -1.0041e-02 -1.0243e-02 -1.0372e-02 -1.0397e-02 -1.0292e-02 1.1695e-02 -9.6487e-03 -9.1157e-03 -8.4631e-03 -7.7167e-03 -6.9076e-03 -6.0685e-03 -5.2311e-03 -4.4237e-03 -3.6696e-03 -2.9856e-03 -2.3824e-03 -1.8643e-03 -1.4307e-03 -1.0766e-03 -7.9443e-04 -5.7482e-04 -4.0782e-04 -2.8370e-04 -1.9351e-04 -1.2941e-04 -8.4859e-05 -5.4557e-05 -3.4389e-05 -2.1253e-05 -1.2877e-05 -7.6496e-06 -4.4552e-06 -2.5439e-06 -1.4241e-06 -7.8158e-07 -4.2053e-07 -2.2183e-07 -1.1472e-07 -5.8161e-08 -2.8908e-08 -1.4086e-08 -6.7286e-09 -3.1510e-09 -1.4466e-09 -6.5106e-10 -2.8725e-10 -1.2424e-10 -5.2682e-11 -2.1899e-11 -8.9234e-12 -3.5646e-12 -1.3959e-12 -5.3587e-13 -2.0166e-13 -7.4396e-14 -2.6905e-14 -9.5382e-15 -3.3148e-15 -1.1293e-15 -3.7714e-16 -1.2347e-16 -3.9625e-17 -1.2466e-17 -3.8443e-18 -1.1622e-18 -3.4441e-19 -1.0005e-19 -2.8491e-20 -7.9533e-21 -2.1764e-21 -5.8379e-22 -1.5351e-22 -3.9567e-23 -9.9975e-24 -2.4762e-24 -6.0121e-25 -1.4309e-25 -3.3382e-26 -7.6343e-27 -1.7115e-27 -3.7610e-28 -8.1015e-29 -1.7107e-29 -3.5409e-30 -7.1845e-31 -1.4289e-31 -2.7859e-32 -5.3242e-33 -9.9740e-34 -1.8316e-34 -3.2970e-35 -5.8175e-36 -1.0062e-36 -1.7060e-37 -2.8353e-38 -9.1511e-03 -9.0143e-03 -8.7894e-03 -8.4811e-03 -8.0960e-03 -7.6429e-03 -7.1322e-03 -6.5760e-03 -5.9878e-03 0.0000e+00 -4.7722e-03 -4.1731e-03 -3.5969e-03 -3.0546e-03 -2.5548e-03 -2.1037e-03 -1.7048e-03 -1.3593e-03 -1.0659e-03 -8.2198e-04 -6.2313e-04 -4.6430e-04 -3.3996e-04 -2.4456e-04 -1.7283e-04 -1.1996e-04 -8.1770e-05 -5.4733e-05 -3.5970e-05 -2.3208e-05 -1.4699e-05 -9.1377e-06 -5.5755e-06 -3.3387e-06 -1.9620e-06 -1.1314e-06 -6.4020e-07 -3.5543e-07 -1.9361e-07 -1.0347e-07 -5.4245e-08 -2.7900e-08 -1.4076e-08 -6.9667e-09 -3.3821e-09 -1.6105e-09 -7.5223e-10 -3.4460e-10 -1.5483e-10 -6.8232e-11 -2.9489e-11 -1.2499e-11 -5.1959e-12 -2.1182e-12 -8.4681e-13 -3.3200e-13 -1.2764e-13 -4.8123e-14 -1.7791e-14 -6.4500e-15 -2.2930e-15 -7.9932e-16 -2.7322e-16 -9.1576e-17 -3.0096e-17 -9.6985e-18 -3.0645e-18 -9.4942e-19 -2.8841e-19 -8.5903e-20 -2.5087e-20 -7.1834e-21 -2.0167e-21 -5.5512e-22 -1.4982e-22 -3.9642e-23 -1.0284e-23 -2.6159e-24 -6.5235e-25 -1.5950e-25 -3.8233e-26 -8.9854e-27 -2.0703e-27 -4.6768e-28 -1.0358e-28 -2.2489e-29 -4.7873e-30 -9.9909e-31 -2.0441e-31 -4.1003e-32 -8.0632e-33 -1.5545e-33 -2.9381e-34 -5.4440e-35 -9.8893e-36 -1.7611e-36 -3.0747e-37 -5.2626e-38 -8.8303e-39 -1.4525e-39
-7.5152e-03 -7.6897e-03 -7.9603e-03 -8.2990e-03 -8.6697e-03 -9.0322e-03 -9.3459e-03 -9.5726e-03 -9.6811e-03 -9.6487e-03 1.4087e-02 -9.1258e-03 -8.6453e-03 -8.0421e-03 -7.3430e-03 -6.5794e-03 -5.7839e-03 -4.9879e-03 -4.2192e-03 -3.5004e-03 -2.8482e-03 -2.2727e-03 -1.7785e-03 -1.3647e-03 -1.0269e-03 -7.5773e-04 -5.4822e-04 -3.8892e-04 -2.7053e-04 -1.8452e-04 -1.2339e-04 -8.0905e-05 -5.2011e-05 -3.2783e-05 -2.0259e-05 -1.2275e-05 -7.2913e-06 -4.2464e-06 -2.4246e-06 -1.3572e-06 -7.4487e-07 -4.0077e-07 -2.1140e-07 -1.0932e-07 -5.5424e-08 -2.7547e-08 -1.3422e-08 -6.4116e-09 -3.0025e-09 -1.3784e-09 -6.2036e-10 -2.7371e-10 -1.1838e-10 -5.0197e-11 -2.0865e-11 -8.5023e-12 -3.3964e-12 -1.3300e-12 -5.1058e-13 -1.9214e-13 -7.0884e-14 -2.5635e-14 -9.0879e-15 -3.1583e-15 -1.0760e-15 -3.5934e-16 -1.1764e-16 -3.7753e-17 -1.1877e-17 -3.6628e-18 -1.1073e-18 -3.2814e-19 -9.5326e-20 -2.7146e-20 -7.5778e-21 -2.0736e-21 -5.5623e-22 -1.4626e-22 -3.7699e-23 -9.5256e-24 -2.3593e-24 -5.7283e-25 -1.3633e-25 -3.1807e-26 -7.2740e-27 -1.6307e-27 -3.5835e-28 -7.7192e-29 -1.6300e-29 -3.3739e-30 -6.8455e-31 -1.3615e-31 -2.6545e-32 -5.0730e-33 -9.5036e-34 -1.7452e-34 -3.1415e-35 -5.5431e-36 -9.5876e-37 -1.6256e-37 -7.4255e-03 -7.3374e-03 -7.1911e-03 -6.9878e-03 -6.7295e-03 -6.4192e-03 -6.0616e-03 -5.6626e-03 -5.2298e-03 -4.7722e-03 0.0000e+00 -3.8228e-03 -3.3520e-03 -2.8972e-03 -2.4672e-03 -2.0691e-03 -1.7082e-03 -1.3878e-03 -1.1091e-03 -8.7177e-04 -6.7370e-04 -5.1176e-04 -3.8204e-04 -2.8024e-04 -2.0194e-04 -1.4294e-04 -9.9364e-05 -6.7829e-05 -4.5462e-05 -2.9916e-05 -1.9325e-05 -1.2253e-05 -7.6257e-06 -4.6577e-06 -2.7919e-06 -1.6422e-06 -9.4780e-07 -5.3675e-07 -2.9823e-07 -1.6258e-07 -8.6946e-08 -4.5616e-08 -2.3477e-08 -1.1853e-08 -5.8697e-09 -2.8512e-09 -1.3585e-09 -6.3485e-10 -2.9098e-10 -1.3081e-10 -5.7671e-11 -2.4937e-11 -1.0575e-11 -4.3976e-12 -1.7935e-12 -7.1730e-13 -2.8133e-13 -1.0820e-13 -4.0809e-14 -1.5093e-14 -5.4735e-15 -1.9465e-15 -6.7875e-16 -2.3208e-16 -7.7810e-17 -2.5580e-17 -8.2454e-18 -2.6060e-18 -8.0761e-19 -2.4540e-19 -7.3110e-20 -2.1356e-20 -6.1166e-21 -1.7176e-21 -4.7290e-22 -1.2765e-22 -3.3785e-23 -8.7668e-24 -2.2304e-24 -5.5631e-25 -1.3604e-25 -3.2617e-26 -7.6670e-27 -1.7669e-27 -3.9921e-28 -8.8427e-29 -1.9203e-29 -4.0885e-30 -8.5338e-31 -1.7463e-31 -3.5034e-32 -6.8905e-33 -1.3286e-33 -2.5115e-34 -4.6543e-35 -8.4559e-36 -1.5061e-36 -2.6298e-37 -4.5017e-38 -7.5544e-39
-5.9914e-03 -6.1906e-03 -6.5042e-03 -6.9065e-03 -7.3638e-03 -7.8376e-03 -8.2869e-03 -8.6723e-03 -8.9581e-03 -9.1157e-03 -9.1258e-03 1.6685e-02 -8.6779e-03 -8.2338e-03 -7.6674e-03 -7.0060e-03 -6.2805e-03 -5.5229e-03 -4.7638e-03 -4.0302e-03 -3.3439e-03 -2.7209e-03 -2.1712e-03 -1.6990e-03 -1.3038e-03 -9.8105e-04 -7.2387e-04 -5.2372e-04 -3.7153e-04 -2.5844e-04 -1.7626e-04 -1.1787e-04 -7.7287e-05 -4.9686e-05 -3.1317e-05 -1.9353e-05 -1.1726e-05 -6.9655e-06 -4.0566e-06 -2.3163e-06 -1.2966e-06 -7.1161e-07 -3.8288e-07 -2.0197e-07 -1.0445e-07 -5.2952e-08 -2.6319e-08 -1.2824e-08 -6.1260e-09 -2.8688e-09 -1.3170e-09 -5.9276e-10 -2.6153e-10 -1.1312e-10 -4.7966e-11 -1.9938e-11 -8.1247e-12 -3.2456e-12 -1.2710e-12 -4.8792e-13 -1.8362e-13 -6.7741e-14 -2.4499e-14 -8.6853e-15 -3.0184e-15 -1.0283e-15 -3.4343e-16 -1.1243e-16 -3.6084e-17 -1.1352e-17 -3.5009e-18 -1.0584e-18 -3.1365e-19 -9.1117e-20 -2.5948e-20 -7.2434e-21 -1.9821e-21 -5.3170e-22 -1.3981e-22 -3.6038e-23 -9.1058e-24 -2.2554e-24 -5.4760e-25 -1.3033e-25 -3.0407e-26 -6.9539e-27 -1.5589e-27 -3.4259e-28 -7.3798e-29 -1.5583e-29 -3.2256e-30 -6.5448e-31 -1.3017e-31 -2.5379e-32 -4.8503e-33 -9.0864e-34 -1.6686e-34 -3.0036e-35 -5.3000e-36 -9.1672e-37 -5.9066e-03 -5.8564e-03 -5.7718e-03 -5.6516e-03 -5.4947e-03 -5.3003e-03 -5.0686e-03 -4.8013e-03 -4.5012e-03 -4.1731e-03 -3.8228e-03 0.0000e+00 -3.0861e-03 -2.7161e-03 -2.3559e-03 -2.0130e-03 -1.6936e-03 -1.4024e-03 -1.1425e-03 -9.1549e-04 -7.2133e-04 -5.5871e-04 -4.2532e-04 -3.1815e-04 -2.3380e-04 -1.6878e-04 -1.1966e-04 -8.3310e-05 -5.6952e-05 -3.8224e-05 -2.5185e-05 -1.6289e-05 -1.0340e-05 -6.4420e-06 -3.9387e-06 -2.3632e-06 -1.3913e-06 -8.0373e-07 -4.5554e-07 -2.5332e-07 -1.3819e-07 -7.3961e-08 -3.8830e-08 -1.9998e-08 -1.0103e-08 -5.0061e-09 -2.4332e-09 -1.1600e-09 -5.4236e-10 -2.4872e-10 -1.1187e-10 -4.9344e-11 -2.1346e-11 -9.0559e-12 -3.7677e-12 -1.5372e-12 -6.1506e-13 -2.4132e-13 -9.2851e-14 -3.5032e-14 -1.2961e-14 -4.7019e-15 -1.6726e-15 -5.8345e-16 -1.9956e-16 -6.6926e-17 -2.2008e-17 -7.0961e-18 -2.2434e-18 -6.9543e-19 -2.1136e-19 -6.2987e-20 -1.8404e-20 -5.2722e-21 -1.4808e-21 -4.0781e-22 -1.1011e-22 -2.9148e-23 -7.5651e-24 -1.9250e-24 -4.8026e-25 -1.1747e-25 -2.8169e-26 -6.6226e-27 -1.5265e-27 -3.4495e-28 -7.6423e-29 -1.6599e-29 -3.5347e-30 -7.3791e-31 -1.5102e-31 -3.0303e-32 -5.9609e-33 -1.1495e-33 -2.1733e-34 -4.0282e-35 -7.3194e-36 -1.3038e-36 -2.2770e-37 -3.8982e-38
-4.6834e-03 -4.8900e-03 -5.2192e-03 -5.6489e-03 -6.1502e-03 -6.6885e-03 -7.2262e-03 -7.7248e-03 -8.1478e-03 -8.4631e-03 -8.6453e-03 -8.6779e-03 1.9486e-02 -8.2775e-03 -7.8606e-03 -7.3242e-03 -6.6952e-03 -6.0036e-03 -5.2804e-03 -4.5553e-03 -3.8542e-03 -3.1981e-03 -2.6025e-03 -2.0769e-03 -1.6253e-03 -1.2473e-03 -9.3858e-04 -6.9256e-04 -5.0110e-04 -3.5550e-04 -2.4730e-04 -1.6868e-04 -1.1281e-04 -7.3967e-05 -4.7554e-05 -2.9975e-05 -1.8525e-05 -1.1224e-05 -6.6679e-06 -3.8835e-06 -2.2175e-06 -1.2414e-06 -6.8134e-07 -3.6661e-07 -1.9339e-07 -1.0002e-07 -5.0708e-08 -2.5205e-08 -1.2282e-08 -5.8671e-09 -2.7477e-09 -1.2615e-09 -5.6777e-10 -2.5052e-10 -1.0836e-10 -4.5949e-11 -1.9101e-11 -7.7837e-12 -3.1095e-12 -1.2177e-12 -4.6749e-13 -1.7594e-13 -6.4908e-14 -2.3475e-14 -8.3226e-15 -2.8925e-15 -9.8545e-16 -3.2912e-16 -1.0775e-16 -3.4582e-17 -1.0880e-17 -3.3554e-18 -1.0144e-18 -3.0063e-19 -8.7335e-20 -2.4871e-20 -6.9431e-21 -1.9000e-21 -5.0968e-22 -1.3402e-22 -3.4547e-23 -8.7293e-24 -2.1622e-24 -5.2498e-25 -1.2495e-25 -2.9152e-26 -6.6671e-27 -1.4947e-27 -3.2847e-28 -7.0758e-29 -1.4942e-29 -3.0928e-30 -6.2755e-31 -1.2482e-31 -2.4336e-32 -4.6509e-33 -8.7131e-34 -1.6001e-34 -2.8803e-35 -5.0825e-36 -4.6058e-03 -4.5836e-03 -4.5448e-03 -4.4869e-03 -4.4069e-03 -4.3019e-03 -4.1693e-03 -4.0075e-03 -3.8163e-03 -3.5969e-03 -3.3520e-03 -3.0861e-03 0.0000e+00 -2.5145e-03 -2.2223e-03 -1.9351e-03 -1.6595e-03 -1.4008e-03 -1.1635e-03 -9.5065e-04 -7.6379e-04 -6.0330e-04 -4.6836e-04 -3.5730e-04 -2.6780e-04 -1.9717e-04 -1.4258e-04 -1.0125e-04 -7.0598e-05 -4.8331e-05 -3.2482e-05 -2.1429e-05 -1.3876e-05 -8.8181e-06 -5.4997e-06 -3.3660e-06 -2.0215e-06 -1.1912e-06 -6.8875e-07 -3.9070e-07 -2.1743e-07 -1.1871e-07 -6.3576e-08 -3.3401e-08 -1.7213e-08 -8.7013e-09 -4.3143e-09 -2.0982e-09 -1.0008e-09 -4.6820e-10 -2.1482e-10 -9.6666e-11 -4.2660e-11 -1.8463e-11 -7.8362e-12 -3.2617e-12 -1.3313e-12 -5.3289e-13 -2.0916e-13 -8.0507e-14 -3.0386e-14 -1.1246e-14 -4.0812e-15 -1.4523e-15 -5.0674e-16 -1.7338e-16 -5.8163e-17 -1.9132e-17 -6.1706e-18 -1.9514e-18 -6.0505e-19 -1.8394e-19 -5.4830e-20 -1.6024e-20 -4.5917e-21 -1.2900e-21 -3.5533e-22 -9.5962e-23 -2.5409e-23 -6.5960e-24 -1.6788e-24 -4.1890e-25 -1.0248e-25 -2.4580e-26 -5.7799e-27 -1.3325e-27 -3.0117e-28 -6.6735e-29 -1.4497e-29 -3.0876e-30 -6.4468e-31 -1.3197e-31 -2.6483e-32 -5.2103e-33 -1.0049e-33 -1.9002e-34 -3.5225e-35 -6.4015e-36 -1.1405e-36 -1.9920e-37
-3.5895e-03 -3.7900e-03 -4.1126e-03 -4.5399e-03 -5.0488e-03 -5.6107e-03 -6.1932e-03 -6.7614e-03 -7.2802e-03 -7.7167e-03 -8.0421e-03 -8.2338e-03 -8.2775e-03 2.2485e-02 -7.9097e-03 -7.5152e-03 -7.0051e-03 -6.4053e-03 -5.7449e-03 -5.0539e-03 -4.3606e-03 -3.6900e-03 -3.0623e-03 -2.4923e-03 -1.9891e-03 -1.5568e-03 -1.1948e-03 -8.9922e-04 -6.6359e-04 -4.8018e-04 -3.4070e-04 -2.3702e-04 -1.6168e-04 -1.0814e-04 -7.0913e-05 -4.5594e-05 -2.8742e-05 -1.7764e-05 -1.0764e-05 -6.3952e-06 -3.7250e-06 -2.1271e-06 -1.1909e-06 -6.5366e-07 -3.5174e-07 -1.8556e-07 -9.5971e-08 -4.8661e-08 -2.4189e-08 -1.1787e-08 -5.6313e-09 -2.6374e-09 -1.2109e-09 -5.4504e-10 -2.4050e-10 -1.0403e-10 -4.4116e-11 -1.8340e-11 -7.4739e-12 -2.9858e-12 -1.1694e-12 -4.4894e-13 -1.6896e-13 -6.2339e-14 -2.2546e-14 -7.9937e-15 -2.7783e-15 -9.4659e-16 -3.1615e-16 -1.0351e-16 -3.3221e-17 -1.0452e-17 -3.2236e-18 -9.7460e-19 -2.8884e-19 -8.3914e-20 -2.3898e-20 -6.6715e-21 -1.8257e-21 -4.8977e-22 -1.2879e-22 -3.3199e-23 -8.3891e-24 -2.0780e-24 -5.0455e-25 -1.2009e-25 -2.8019e-26 -6.4081e-27 -1.4366e-27 -3.1572e-28 -6.8014e-29 -1.4362e-29 -2.9730e-30 -6.0325e-31 -1.1999e-31 -2.3394e-32 -4.4712e-33 -8.3765e-34 -1.5383e-34 -2.7692e-35 -3.5207e-03 -3.5178e-03 -3.5107e-03 -3.4966e-03 -3.4716e-03 -3.4318e-03 -3.3730e-03 -3.2920e-03 -3.1863e-03 -3.0546e-03 -2.8972e-03 -2.7161e-03 -2.5145e-03 0.0000e+00 -2.0689e-03 -1.8364e-03 -1.6054e-03 -1.3817e-03 -1.1703e-03 -9.7503e-04 -7.9889e-04 -6.4354e-04 -5.0954e-04 -3.9646e-04 -3.0307e-04 -2.2759e-04 -1.6787e-04 -1.2159e-04 -8.6483e-05 -6.0392e-05 -4.1402e-05 -2.7861e-05 -1.8403e-05 -1.1930e-05 -7.5901e-06 -4.7388e-06 -2.9032e-06 -1.7452e-06 -1.0293e-06 -5.9563e-07 -3.3814e-07 -1.8833e-07 -1.0289e-07 -5.5146e-08 -2.8992e-08 -1.4951e-08 -7.5622e-09 -3.7518e-09 -1.8256e-09 -8.7127e-10 -4.0782e-10 -1.8721e-10 -8.4283e-11 -3.7213e-11 -1.6113e-11 -6.8418e-12 -2.8489e-12 -1.1633e-12 -4.6583e-13 -1.8291e-13 -7.0429e-14 -2.6592e-14 -9.8450e-15 -3.5740e-15 -1.2722e-15 -4.4406e-16 -1.5198e-16 -5.0999e-17 -1.6780e-17 -5.4136e-18 -1.7125e-18 -5.3112e-19 -1.6151e-19 -4.8154e-20 -1.4077e-20 -4.0346e-21 -1.1338e-21 -3.1237e-22 -8.4377e-23 -2.2346e-23 -5.8022e-24 -1.4770e-24 -3.6864e-25 -9.0202e-26 -2.1639e-26 -5.0893e-27 -1.1735e-27 -2.6528e-28 -5.8793e-29 -1.2774e-29 -2.7211e-30 -5.6825e-31 -1.1634e-31 -2.3350e-32 -4.5947e-33 -8.8634e-34 -1.6762e-34 -3.1077e-35 -5.6484e-36 -1.0065e-36
-2.6974e-03 -2.8821e-03 -3.1818e-03 -3.5844e-03 -4.0726e-03 -4.6246e-03 -5.2144e-03 -5.8125e-03 -6.3874e-03 -6.9076e-03 -7.3430e-03 -7.6674e-03 -7.8606e-03 -7.9097e-03 2.5681e-02 -7.5671e-03 -7.1925e-03 -6.7064e-03 -6.1339e-03 -5.5028e-03 -4.8420e-03 -4.1786e-03 -3.5367e-03 -2.9356e-03 -2.3896e-03 -1.9075e-03 -1.4931e-03 -1.1461e-03 -8.6270e-04 -6.3673e-04 -4.6081e-04 -3.2700e-04 -2.2752e-04 -1.5522e-04 -1.0383e-04 -6.8095e-05 -4.3787e-05 -2.7606e-05 -1.7064e-05 -1.0341e-05 -6.1443e-06 -3.5792e-06 -2.0441e-06 -1.1445e-06 -6.2825e-07 -3.3810e-07 -1.7838e-07 -9.2264e-08 -4.6785e-08 -2.3258e-08 -1.1335e-08 -5.4153e-09 -2.5364e-09 -1.1646e-09 -5.2424e-10 -2.3134e-10 -1.0008e-10 -4.2441e-11 -1.7644e-11 -7.1909e-12 -2.8729e-12 -1.1252e-12 -4.3201e-13 -1.6260e-13 -5.9994e-14 -2.1699e-14 -7.6938e-15 -2.6742e-15 -9.1115e-16 -3.0433e-16 -9.9644e-17 -3.1982e-17 -1.0063e-17 -3.1036e-18 -9.3835e-19 -2.7811e-19 -8.0799e-20 -2.3012e-20 -6.4244e-21 -1.7582e-21 -4.7166e-22 -1.2403e-22 -3.1974e-23 -8.0797e-24 -2.0014e-24 -4.8597e-25 -1.1567e-25 -2.6989e-26 -6.1727e-27 -1.3839e-27 -3.0414e-28 -6.5521e-29 -1.3836e-29 -2.8642e-30 -5.8119e-31 -1.1560e-31 -2.2540e-32 -4.3080e-33 -8.0710e-34 -1.4822e-34 -2.6382e-03 -2.6473e-03 -2.6604e-03 -2.6745e-03 -2.6860e-03 -2.6905e-03 -2.6835e-03 -2.6609e-03 -2.6189e-03 -2.5548e-03 -2.4672e-03 -2.3559e-03 -2.2223e-03 -2.0689e-03 0.0000e+00 -1.7189e-03 -1.5322e-03 -1.3447e-03 -1.1614e-03 -9.8681e-04 -8.2461e-04 -6.7748e-04 -5.4710e-04 -4.3418e-04 -3.3855e-04 -2.5932e-04 -1.9510e-04 -1.4415e-04 -1.0458e-04 -7.4497e-05 -5.2096e-05 -3.5762e-05 -2.4096e-05 -1.5935e-05 -1.0342e-05 -6.5866e-06 -4.1164e-06 -2.5243e-06 -1.5188e-06 -8.9657e-07 -5.1924e-07 -2.9501e-07 -1.6443e-07 -8.9901e-08 -4.8215e-08 -2.5365e-08 -1.3088e-08 -6.6243e-09 -3.2884e-09 -1.6010e-09 -7.6449e-10 -3.5802e-10 -1.6443e-10 -7.4064e-11 -3.2716e-11 -1.4172e-11 -6.0202e-12 -2.5079e-12 -1.0245e-12 -4.1039e-13 -1.6120e-13 -6.2093e-14 -2.3452e-14 -8.6857e-15 -3.1542e-15 -1.1232e-15 -3.9215e-16 -1.3425e-16 -4.5064e-17 -1.4832e-17 -4.7863e-18 -1.5144e-18 -4.6982e-19 -1.4291e-19 -4.2619e-20 -1.2462e-20 -3.5725e-21 -1.0041e-21 -2.7672e-22 -7.4763e-23 -1.9804e-23 -5.1433e-24 -1.3096e-24 -3.2691e-25 -8.0006e-26 -1.9197e-26 -4.5157e-27 -1.0414e-27 -2.3547e-28 -5.2194e-29 -1.1342e-29 -2.4165e-30 -5.0472e-31 -1.0335e-31 -2.0747e-32 -4.0830e-33 -7.8774e-34 -1.4900e-34 -2.7628e-35 -5.0223e-36
-1.9874e-03 -2.1503e-03 -2.4168e-03 -2.7795e-03 -3.2269e-03 -3.7439e-03 -4.3112e-03 -4.9057e-03 -5.5009e-03 -6.0685e-03 -6.5794e-03 -7.0060e-03 -7.3242e-03 -7.5152e-03 -7.5671e-03 2.9069e-02 -7.2461e-03 -6.8899e-03 -6.4264e-03 -5.8796e-03 -5.2762e-03 -4.6438e-03 -4.0085e-03 -3.3935e-03 -2.8174e-03 -2.2938e-03 -1.8314e-03 -1.4339e-03 -1.1009e-03 -8.2878e-04 -6.1181e-04 -4.4284e-04 -3.1430e-04 -2.1872e-04 -1.4924e-04 -9.9841e-05 -6.5489e-05 -4.2117e-05 -2.6556e-05 -1.6417e-05 -9.9505e-06 -5.9128e-06 -3.4447e-06 -1.9675e-06 -1.1017e-06 -6.0484e-07 -3.2553e-07 -1.7176e-07 -8.8850e-08 -4.5058e-08 -2.2401e-08 -1.0918e-08 -5.2167e-09 -2.4436e-09 -1.1221e-09 -5.0513e-10 -2.2292e-10 -9.6442e-11 -4.0902e-11 -1.7006e-11 -6.9311e-12 -2.7693e-12 -1.0847e-12 -4.1648e-13 -1.5677e-13 -5.7844e-14 -2.0923e-14 -7.4189e-15 -2.5787e-15 -8.7868e-16 -2.9350e-16 -9.6103e-17 -3.0847e-17 -9.7059e-18 -2.9937e-18 -9.0517e-19 -2.6828e-19 -7.7948e-20 -2.2201e-20 -6.1982e-21 -1.6963e-21 -4.5509e-22 -1.1968e-22 -3.0853e-23 -7.7967e-24 -1.9314e-24 -4.6898e-25 -1.1163e-25 -2.6047e-26 -5.9575e-27 -1.3357e-27 -2.9356e-28 -6.3243e-29 -1.3356e-29 -2.7648e-30 -5.6103e-31 -1.1160e-31 -2.1759e-32 -4.1589e-33 -7.7919e-34 -1.9380e-03 -1.9535e-03 -1.9777e-03 -2.0080e-03 -2.0410e-03 -2.0728e-03 -2.0991e-03 -2.1156e-03 -2.1183e-03 -2.1037e-03 -2.0691e-03 -2.0130e-03 -1.9351e-03 -1.8364e-03 -1.7189e-03 0.0000e+00 -1.4416e-03 -1.2902e-03 -1.1364e-03 -9.8477e-04 -8.3930e-04 -7.0330e-04 -5.7930e-04 -4.6893e-04 -3.7296e-04 -2.9141e-04 -2.2364e-04 -1.6855e-04 -1.2474e-04 -9.0639e-05 -6.4658e-05 -4.5277e-05 -3.1121e-05 -2.0994e-05 -1.3900e-05 -9.0307e-06 -5.7574e-06 -3.6017e-06 -2.2107e-06 -1.3313e-06 -7.8653e-07 -4.5588e-07 -2.5921e-07 -1.4458e-07 -7.9103e-08 -4.2453e-08 -2.2347e-08 -1.1538e-08 -5.8433e-09 -2.9023e-09 -1.4138e-09 -6.7545e-10 -3.1648e-10 -1.4543e-10 -6.5533e-11 -2.8961e-11 -1.2551e-11 -5.3338e-12 -2.2228e-12 -9.0839e-13 -3.6402e-13 -1.4304e-13 -5.5118e-14 -2.0825e-14 -7.7152e-15 -2.8027e-15 -9.9830e-16 -3.4866e-16 -1.1940e-16 -4.0090e-17 -1.3199e-17 -4.2604e-18 -1.3484e-18 -4.1842e-19 -1.2730e-19 -3.7975e-20 -1.1106e-20 -3.1847e-21 -8.9535e-22 -2.4679e-22 -6.6693e-23 -1.7670e-23 -4.5899e-24 -1.1689e-24 -2.9185e-25 -7.1441e-26 -1.7145e-26 -4.0338e-27 -9.3045e-28 -2.1041e-28 -4.6648e-29 -1.0139e-29 -2.1604e-30 -4.5132e-31 -9.2428e-32 -1.8557e-32 -3.6526e-33 -7.0482e-34 -1.3333e-34 -2.4727e-35
