1.0020e-04 -3.9920e-11 -8.9641e-11 -1.5892e-10 -2.4741e-10 -3.5471e-10 -4.8030e-10 -6.2358e-10 -7.8387e-10 -9.6041e-10 -1.1524e-09 -1.3589e-09 -1.5789e-09 -1.8115e-09 -2.0556e-09 -2.3100e-09 -2.5735e-09 -2.8451e-09 -3.1234e-09 -3.4073e-09 -3.6955e-09 -3.9867e-09 -4.2796e-09 -4.5731e-09 -4.8658e-09 -5.1566e-09 -5.4443e-09 -5.7276e-09 -6.0056e-09 -6.2770e-09 -6.5409e-09 -6.7963e-09 -7.0423e-09 -7.2779e-09 -7.5024e-09 -7.7150e-09 -7.9151e-09 -8.1021e-09 -8.2753e-09 -8.4344e-09 -8.5789e-09 -8.7086e-09 -8.8231e-09 -8.9224e-09 -9.0062e-09 -9.0746e-09 -9.1276e-09 -9.1652e-09 -9.1877e-09 -9.1951e-09 -9.1879e-09 -9.1663e-09 -9.1307e-09 -9.0814e-09 -9.0190e-09 -8.9440e-09 -8.8569e-09 -8.7582e-09 -8.6485e-09 -8.5284e-09 -8.3987e-09 -8.2598e-09 -8.1126e-09 -7.9576e-09 -7.7955e-09 -7.6269e-09 -7.4527e-09 -7.2733e-09 -7.0896e-09 -6.9020e-09 -6.7113e-09 -6.5181e-09 -6.3229e-09 -6.1263e-09 -5.9290e-09 -5.7314e-09 -5.5340e-09 -5.3374e-09 -5.1419e-09 -4.9481e-09 -4.7562e-09 -4.5668e-09 -4.3801e-09 -4.1964e-09 -4.0161e-09 -3.8394e-09 -3.6666e-09 -3.4978e-09 -3.3332e-09 -3.1731e-09 -3.0174e-09 -2.8665e-09 -2.7202e-09 -2.5788e-09 -2.4422e-09 -2.3105e-09 -2.1837e-09 -2.0617e-09 -1.9446e-09 -1.8323e-09 0.0000e+00 3.9920e-11 8.9641e-11 1.5892e-10 2.4741e-10 3.5471e-10 4.8030e-10 6.2358e-10 7.8386e-10 9.6041e-10 1.1524e-09 1.3589e-09 1.5789e-09 1.8115e-09 2.0555e-09 2.3099e-09 2.5735e-09 2.8451e-09 3.1234e-09 3.4072e-09 3.6954e-09 3.9866e-09 4.2795e-09 4.5729e-09 4.8656e-09 5.1564e-09 5.4440e-09 5.7274e-09 6.0053e-09 6.2767e-09 6.5406e-09 6.7960e-09 7.0419e-09 7.2775e-09 7.5019e-09 7.7145e-09 7.9145e-09 8.1014e-09 8.2746e-09 8.4337e-09 8.5782e-09 8.7078e-09 8.8223e-09 8.9215e-09 9.0053e-09 9.0736e-09 9.1265e-09 9.1641e-09 9.1865e-09 9.1939e-09 9.1866e-09 9.1650e-09 9.1293e-09 9.0800e-09 9.0176e-09 8.9425e-09 8.8553e-09 8.7566e-09 8.6469e-09 8.5268e-09 8.3970e-09 8.2582e-09 8.1109e-09 7.9558e-09 7.7937e-09 7.6252e-09 7.4509e-09 7.2715e-09 7.0878e-09 6.9002e-09 6.7095e-09 6.5163e-09 6.3211e-09 6.1246e-09 5.9272e-09 5.7296e-09 5.5323e-09 5.3356e-09 5.1402e-09 4.9464e-09 4.7546e-09 4.5651e-09 4.3784e-09 4.1948e-09 4.0145e-09 3.8379e-09 3.6651e-09 3.4963e-09 3.3318e-09 3.1717e-09 3.0161e-09 2.8652e-09 2.7190e-09 2.5776e-09 2.4410e-09 2.3094e-09 2.1826e-09 2.0606e-09 1.9436e-09 1.8313e-09
-3.9920e-11 4.0080e-04 -3.5813e-10 -6.3490e-10 -9.8847e-10 -1.4172e-09 -1.9189e-09 -2.4914e-09 -3.1318e-09 -3.8371e-09 -4.6041e-09 -5.4292e-09 -6.3084e-09 -7.2377e-09 -8.2128e-09 -9.2293e-09 -1.0282e-08 -1.1368e-08 -1.2480e-08 -1.3614e-08 -1.4766e-08 -1.5929e-08 -1.7100e-08 -1.8273e-08 -1.9443e-08 -2.0605e-08 -2.1755e-08 -2.2887e-08 -2.3998e-08 -2.5083e-08 -2.6138e-08 -2.7159e-08 -2.8143e-08 -2.9085e-08 -2.9982e-08 -3.0833e-08 -3.1633e-08 -3.2381e-08 -3.3074e-08 -3.3710e-08 -3.4288e-08 -3.4807e-08 -3.5266e-08 -3.5663e-08 -3.5999e-08 -3.6273e-08 -3.6486e-08 -3.6637e-08 -3.6728e-08 -3.6759e-08 -3.6731e-08 -3.6645e-08 -3.6503e-08 -3.6308e-08 -3.6059e-08 -3.5760e-08 -3.5413e-08 -3.5019e-08 -3.4581e-08 -3.4102e-08 -3.3584e-08 -3.3030e-08 -3.2442e-08 -3.1823e-08 -3.1176e-08 -3.0503e-08 -2.9807e-08 -2.9091e-08 -2.8357e-08 -2.7607e-08 -2.6845e-08 -2.6073e-08 -2.5294e-08 -2.4508e-08 -2.3720e-08 -2.2930e-08 -2.2141e-08 -2.1355e-08 -2.0574e-08 -1.9799e-08 -1.9032e-08 -1.8275e-08 -1.7528e-08 -1.6794e-08 -1.6073e-08 -1.5366e-08 -1.4675e-08 -1.4000e-08 -1.3342e-08 -1.2702e-08 -1.2079e-08 -1.1475e-08 -1.0890e-08 -1.0325e-08 -9.7783e-09 -9.2513e-09 -8.7439e-09 -8.2559e-09 -7.7873e-09 -7.3380e-09 3.9920e-11 0.0000e+00 3.5813e-10 6.3490e-10 9.8847e-10 1.4171e-09 1.9189e-09 2.4913e-09 3.1317e-09 3.8371e-09 4.6040e-09 5.4290e-09 6.3081e-09 7.2374e-09 8.2124e-09 9.2288e-09 1.0282e-08 1.1367e-08 1.2479e-08 1.3613e-08 1.4764e-08 1.5928e-08 1.7098e-08 1.8271e-08 1.9440e-08 2.0602e-08 2.1751e-08 2.2884e-08 2.3994e-08 2.5079e-08 2.6133e-08 2.7153e-08 2.8136e-08 2.9078e-08 2.9975e-08 3.0824e-08 3.1624e-08 3.2371e-08 3.3063e-08 3.3699e-08 3.4276e-08 3.4794e-08 3.5252e-08 3.5649e-08 3.5984e-08 3.6257e-08 3.6469e-08 3.6619e-08 3.6709e-08 3.6739e-08 3.6710e-08 3.6624e-08 3.6482e-08 3.6285e-08 3.6036e-08 3.5736e-08 3.5388e-08 3.4994e-08 3.4556e-08 3.4076e-08 3.3558e-08 3.3003e-08 3.2415e-08 3.1796e-08 3.1148e-08 3.0475e-08 2.9779e-08 2.9062e-08 2.8328e-08 2.7579e-08 2.6817e-08 2.6045e-08 2.5265e-08 2.4480e-08 2.3691e-08 2.2902e-08 2.2113e-08 2.1327e-08 2.0546e-08 1.9772e-08 1.9005e-08 1.8248e-08 1.7502e-08 1.6769e-08 1.6048e-08 1.5342e-08 1.4652e-08 1.3977e-08 1.3320e-08 1.2680e-08 1.2058e-08 1.1455e-08 1.0870e-08 1.0305e-08 9.7595e-09 9.2332e-09 8.7264e-09 8.2390e-09 7.7711e-09 7.3223e-09
-8.9641e-11 -3.5813e-10 9.0179e-04 -1.4257e-09 -2.2196e-09 -3.1823e-09 -4.3090e-09 -5.5945e-09 -7.0326e-09 -8.6167e-09 -1.0339e-08 -1.2192e-08 -1.4166e-08 -1.6254e-08 -1.8444e-08 -2.0727e-08 -2.3092e-08 -2.5529e-08 -2.8028e-08 -3.0576e-08 -3.3162e-08 -3.5776e-08 -3.8406e-08 -4.1041e-08 -4.3670e-08 -4.6281e-08 -4.8865e-08 -5.1410e-08 -5.3907e-08 -5.6345e-08 -5.8716e-08 -6.1012e-08 -6.3222e-08 -6.5340e-08 -6.7359e-08 -6.9271e-08 -7.1071e-08 -7.2753e-08 -7.4312e-08 -7.5744e-08 -7.7046e-08 -7.8215e-08 -7.9248e-08 -8.0144e-08 -8.0902e-08 -8.1521e-08 -8.2002e-08 -8.2345e-08 -8.2552e-08 -8.2624e-08 -8.2564e-08 -8.2375e-08 -8.2061e-08 -8.1624e-08 -8.1069e-08 -8.0400e-08 -7.9622e-08 -7.8741e-08 -7.7761e-08 -7.6687e-08 -7.5526e-08 -7.4284e-08 -7.2965e-08 -7.1577e-08 -7.0124e-08 -6.8614e-08 -6.7052e-08 -6.5444e-08 -6.3796e-08 -6.2114e-08 -6.0403e-08 -5.8669e-08 -5.6918e-08 -5.5154e-08 -5.3382e-08 -5.1608e-08 -4.9836e-08 -4.8070e-08 -4.6314e-08 -4.4572e-08 -4.2849e-08 -4.1146e-08 -3.9468e-08 -3.7817e-08 -3.6196e-08 -3.4607e-08 -3.3053e-08 -3.1535e-08 -3.0055e-08 -2.8614e-08 -2.7214e-08 -2.5855e-08 -2.4539e-08 -2.3266e-08 -2.2036e-08 -2.0851e-08 -1.9708e-08 -1.8610e-08 -1.7555e-08 -1.6543e-08 8.9641e-11 3.5813e-10 0.0000e+00 1.4257e-09 2.2196e-09 3.1822e-09 4.3089e-09 5.5943e-09 7.0324e-09 8.6162e-09 1.0338e-08 1.2191e-08 1.4165e-08 1.6252e-08 1.8442e-08 2.0724e-08 2.3089e-08 2.5525e-08 2.8023e-08 3.0570e-08 3.3155e-08 3.5768e-08 3.8397e-08 4.1030e-08 4.3657e-08 4.6266e-08 4.8847e-08 5.1390e-08 5.3885e-08 5.6321e-08 5.8689e-08 6.0982e-08 6.3189e-08 6.5304e-08 6.7319e-08 6.9228e-08 7.1024e-08 7.2702e-08 7.4258e-08 7.5686e-08 7.6984e-08 7.8149e-08 7.9178e-08 8.0070e-08 8.0823e-08 8.1438e-08 8.1915e-08 8.2254e-08 8.2457e-08 8.2525e-08 8.2461e-08 8.2269e-08 8.1950e-08 8.1510e-08 8.0951e-08 8.0279e-08 7.9498e-08 7.8614e-08 7.7631e-08 7.6555e-08 7.5392e-08 7.4147e-08 7.2826e-08 7.1436e-08 6.9982e-08 6.8471e-08 6.6908e-08 6.5299e-08 6.3651e-08 6.1968e-08 6.0257e-08 5.8524e-08 5.6773e-08 5.5009e-08 5.3238e-08 5.1465e-08 4.9694e-08 4.7930e-08 4.6175e-08 4.4436e-08 4.2714e-08 4.1014e-08 3.9338e-08 3.7689e-08 3.6071e-08 3.4485e-08 3.2933e-08 3.1418e-08 2.9941e-08 2.8503e-08 2.7106e-08 2.5751e-08 2.4438e-08 2.3168e-08 2.1941e-08 2.0759e-08 1.9620e-08 1.8524e-08 1.7473e-08 1.6464e-08
-1.5892e-10 -6.3490e-10 -1.4257e-09 1.6032e-03 -3.9351e-09 -5.6417e-09 -7.6393e-09 -9.9183e-09 -1.2468e-08 -1.5277e-08 -1.8330e-08 -2.1616e-08 -2.5117e-08 -2.8818e-08 -3.2701e-08 -3.6749e-08 -4.0944e-08 -4.5267e-08 -4.9698e-08 -5.4217e-08 -5.8805e-08 -6.3442e-08 -6.8107e-08 -7.2782e-08 -7.7445e-08 -8.2079e-08 -8.6663e-08 -9.1180e-08 -9.5611e-08 -9.9940e-08 -1.0415e-07 -1.0822e-07 -1.1215e-07 -1.1591e-07 -1.1950e-07 -1.2289e-07 -1.2609e-07 -1.2908e-07 -1.3185e-07 -1.3440e-07 -1.3672e-07 -1.3880e-07 -1.4064e-07 -1.4223e-07 -1.4359e-07 -1.4469e-07 -1.4555e-07 -1.4617e-07 -1.4654e-07 -1.4668e-07 -1.4658e-07 -1.4626e-07 -1.4571e-07 -1.4494e-07 -1.4396e-07 -1.4278e-07 -1.4141e-07 -1.3986e-07 -1.3812e-07 -1.3623e-07 -1.3417e-07 -1.3197e-07 -1.2964e-07 -1.2718e-07 -1.2461e-07 -1.2194e-07 -1.1917e-07 -1.1632e-07 -1.1340e-07 -1.1042e-07 -1.0739e-07 -1.0431e-07 -1.0121e-07 -9.8077e-08 -9.4934e-08 -9.1787e-08 -8.8642e-08 -8.5508e-08 -8.2392e-08 -7.9301e-08 -7.6241e-08 -7.3219e-08 -7.0239e-08 -6.7307e-08 -6.4428e-08 -6.1606e-08 -5.8845e-08 -5.6148e-08 -5.3518e-08 -5.0957e-08 -4.8469e-08 -4.6054e-08 -4.3714e-08 -4.1450e-08 -3.9264e-08 -3.7155e-08 -3.5123e-08 -3.3169e-08 -3.1292e-08 -2.9492e-08 1.5892e-10 6.3490e-10 1.4257e-09 0.0000e+00 3.9350e-09 5.6415e-09 7.6389e-09 9.9178e-09 1.2467e-08 1.5275e-08 1.8329e-08 2.1613e-08 2.5113e-08 2.8813e-08 3.2695e-08 3.6741e-08 4.0934e-08 4.5254e-08 4.9682e-08 5.4199e-08 5.8783e-08 6.3416e-08 6.8077e-08 7.2746e-08 7.7404e-08 8.2031e-08 8.6609e-08 9.1119e-08 9.5542e-08 9.9863e-08 1.0406e-07 1.0813e-07 1.1204e-07 1.1580e-07 1.1937e-07 1.2276e-07 1.2594e-07 1.2892e-07 1.3168e-07 1.3422e-07 1.3652e-07 1.3859e-07 1.4042e-07 1.4200e-07 1.4334e-07 1.4443e-07 1.4528e-07 1.4588e-07 1.4625e-07 1.4637e-07 1.4626e-07 1.4592e-07 1.4536e-07 1.4458e-07 1.4359e-07 1.4240e-07 1.4102e-07 1.3945e-07 1.3771e-07 1.3581e-07 1.3375e-07 1.3154e-07 1.2920e-07 1.2674e-07 1.2416e-07 1.2148e-07 1.1871e-07 1.1586e-07 1.1294e-07 1.0996e-07 1.0693e-07 1.0385e-07 1.0075e-07 9.7620e-08 9.4481e-08 9.1336e-08 8.8196e-08 8.5066e-08 8.1955e-08 7.8870e-08 7.5816e-08 7.2801e-08 6.9828e-08 6.6904e-08 6.4033e-08 6.1220e-08 5.8467e-08 5.5779e-08 5.3158e-08 5.0607e-08 4.8128e-08 4.5723e-08 4.3393e-08 4.1140e-08 3.8963e-08 3.6864e-08 3.4843e-08 3.2899e-08 3.1033e-08 2.9243e-08
-2.4741e-10 -9.8847e-10 -2.2196e-09 -3.9351e-09 2.5050e-03 -8.7837e-09 -1.1894e-08 -1.5442e-08 -1.9412e-08 -2.3785e-08 -2.8541e-08 -3.3657e-08 -3.9109e-08 -4.4872e-08 -5.0920e-08 -5.7225e-08 -6.3759e-08 -7.0492e-08 -7.7394e-08 -8.4434e-08 -9.1582e-08 -9.8806e-08 -1.0608e-07 -1.1336e-07 -1.2063e-07 -1.2785e-07 -1.3499e-07 -1.4204e-07 -1.4895e-07 -1.5570e-07 -1.6226e-07 -1.6862e-07 -1.7474e-07 -1.8061e-07 -1.8621e-07 -1.9151e-07 -1.9650e-07 -2.0117e-07 -2.0550e-07 -2.0949e-07 -2.1311e-07 -2.1637e-07 -2.1925e-07 -2.2175e-07 -2.2387e-07 -2.2561e-07 -2.2697e-07 -2.2795e-07 -2.2855e-07 -2.2878e-07 -2.2864e-07 -2.2815e-07 -2.2731e-07 -2.2613e-07 -2.2462e-07 -2.2280e-07 -2.2068e-07 -2.1827e-07 -2.1558e-07 -2.1264e-07 -2.0945e-07 -2.0604e-07 -2.0241e-07 -1.9859e-07 -1.9459e-07 -1.9044e-07 -1.8613e-07 -1.8170e-07 -1.7715e-07 -1.7251e-07 -1.6779e-07 -1.6301e-07 -1.5817e-07 -1.5330e-07 -1.4840e-07 -1.4349e-07 -1.3859e-07 -1.3371e-07 -1.2885e-07 -1.2403e-07 -1.1926e-07 -1.1454e-07 -1.0990e-07 -1.0532e-07 -1.0083e-07 -9.6424e-08 -9.2113e-08 -8.7902e-08 -8.3795e-08 -7.9796e-08 -7.5909e-08 -7.2136e-08 -6.8480e-08 -6.4943e-08 -6.1525e-08 -5.8228e-08 -5.5052e-08 -5.1997e-08 -4.9062e-08 -4.6246e-08 2.4741e-10 9.8847e-10 2.2196e-09 3.9350e-09 0.0000e+00 8.7833e-09 1.1893e-08 1.5441e-08 1.9410e-08 2.3782e-08 2.8536e-08 3.3650e-08 3.9100e-08 4.4860e-08 5.0905e-08 5.7206e-08 6.3734e-08 7.0461e-08 7.7356e-08 8.4389e-08 9.1528e-08 9.8742e-08 1.0600e-07 1.1327e-07 1.2053e-07 1.2773e-07 1.3486e-07 1.4189e-07 1.4878e-07 1.5551e-07 1.6205e-07 1.6839e-07 1.7449e-07 1.8033e-07 1.8590e-07 1.9118e-07 1.9614e-07 2.0079e-07 2.0509e-07 2.0904e-07 2.1263e-07 2.1586e-07 2.1871e-07 2.2118e-07 2.2327e-07 2.2498e-07 2.2630e-07 2.2725e-07 2.2782e-07 2.2802e-07 2.2785e-07 2.2733e-07 2.2646e-07 2.2525e-07 2.2372e-07 2.2187e-07 2.1972e-07 2.1729e-07 2.1458e-07 2.1162e-07 2.0842e-07 2.0498e-07 2.0135e-07 1.9751e-07 1.9350e-07 1.8934e-07 1.8502e-07 1.8059e-07 1.7604e-07 1.7139e-07 1.6667e-07 1.6189e-07 1.5705e-07 1.5218e-07 1.4729e-07 1.4240e-07 1.3751e-07 1.3263e-07 1.2779e-07 1.2298e-07 1.1822e-07 1.1353e-07 1.0889e-07 1.0434e-07 9.9865e-08 9.5481e-08 9.1192e-08 8.7003e-08 8.2918e-08 7.8943e-08 7.5079e-08 7.1330e-08 6.7699e-08 6.4186e-08 6.0793e-08 5.7521e-08 5.4369e-08 5.1338e-08 4.8428e-08 4.5637e-08
-3.5471e-10 -1.4172e-09 -3.1823e-09 -5.6417e-09 -8.7837e-09 3.6071e-03 -1.7053e-08 -2.2141e-08 -2.7833e-08 -3.4104e-08 -4.0923e-08 -4.8259e-08 -5.6077e-08 -6.4343e-08 -7.3017e-08 -8.2061e-08 -9.1433e-08 -1.0109e-07 -1.1099e-07 -1.2109e-07 -1.3135e-07 -1.4172e-07 -1.5215e-07 -1.6260e-07 -1.7304e-07 -1.8340e-07 -1.9366e-07 -2.0377e-07 -2.1370e-07 -2.2339e-07 -2.3283e-07 -2.4196e-07 -2.5076e-07 -2.5920e-07 -2.6725e-07 -2.7488e-07 -2.8206e-07 -2.8878e-07 -2.9502e-07 -3.0076e-07 -3.0598e-07 -3.1068e-07 -3.1484e-07 -3.1846e-07 -3.2153e-07 -3.2406e-07 -3.2603e-07 -3.2746e-07 -3.2835e-07 -3.2871e-07 -3.2855e-07 -3.2787e-07 -3.2669e-07 -3.2502e-07 -3.2289e-07 -3.2030e-07 -3.1728e-07 -3.1385e-07 -3.1002e-07 -3.0582e-07 -3.0127e-07 -2.9639e-07 -2.9120e-07 -2.8574e-07 -2.8002e-07 -2.7407e-07 -2.6790e-07 -2.6156e-07 -2.5504e-07 -2.4839e-07 -2.4163e-07 -2.3476e-07 -2.2782e-07 -2.2083e-07 -2.1381e-07 -2.0677e-07 -1.9973e-07 -1.9272e-07 -1.8574e-07 -1.7882e-07 -1.7196e-07 -1.6519e-07 -1.5851e-07 -1.5193e-07 -1.4547e-07 -1.3914e-07 -1.3294e-07 -1.2688e-07 -1.2097e-07 -1.1521e-07 -1.0962e-07 -1.0419e-07 -9.8923e-08 -9.3828e-08 -8.8905e-08 -8.4155e-08 -7.9577e-08 -7.5174e-08 -7.0942e-08 -6.6882e-08 3.5471e-10 1.4171e-09 3.1822e-09 5.6415e-09 8.7833e-09 0.0000e+00 1.7051e-08 2.2138e-08 2.7829e-08 3.4097e-08 4.0913e-08 4.8245e-08 5.6059e-08 6.4319e-08 7.2986e-08 8.2021e-08 9.1382e-08 1.0103e-07 1.1092e-07 1.2100e-07 1.3124e-07 1.4158e-07 1.5199e-07 1.6242e-07 1.7283e-07 1.8317e-07 1.9339e-07 2.0347e-07 2.1335e-07 2.2301e-07 2.3240e-07 2.4148e-07 2.5024e-07 2.5863e-07 2.6662e-07 2.7419e-07 2.8132e-07 2.8798e-07 2.9416e-07 2.9984e-07 3.0500e-07 3.0963e-07 3.1373e-07 3.1728e-07 3.2029e-07 3.2274e-07 3.2466e-07 3.2602e-07 3.2685e-07 3.2714e-07 3.2691e-07 3.2617e-07 3.2494e-07 3.2321e-07 3.2102e-07 3.1839e-07 3.1531e-07 3.1183e-07 3.0796e-07 3.0372e-07 2.9913e-07 2.9421e-07 2.8900e-07 2.8351e-07 2.7777e-07 2.7179e-07 2.6561e-07 2.5925e-07 2.5273e-07 2.4608e-07 2.3931e-07 2.3245e-07 2.2551e-07 2.1853e-07 2.1152e-07 2.0450e-07 1.9748e-07 1.9049e-07 1.8354e-07 1.7665e-07 1.6982e-07 1.6308e-07 1.5643e-07 1.4990e-07 1.4348e-07 1.3719e-07 1.3103e-07 1.2502e-07 1.1915e-07 1.1345e-07 1.0790e-07 1.0252e-07 9.7304e-08 9.2260e-08 8.7388e-08 8.2689e-08 7.8163e-08 7.3810e-08 6.9630e-08 6.5620e-08
-4.8030e-10 -1.9189e-09 -4.3090e-09 -7.6393e-09 -1.1894e-08 -1.7053e-08 4.9097e-03 -2.9982e-08 -3.7691e-08 -4.6183e-08 -5.5419e-08 -6.5355e-08 -7.5945e-08 -8.7141e-08 -9.8892e-08 -1.1114e-07 -1.2384e-07 -1.3693e-07 -1.5035e-07 -1.6404e-07 -1.7794e-07 -1.9199e-07 -2.0613e-07 -2.2031e-07 -2.3445e-07 -2.4851e-07 -2.6243e-07 -2.7615e-07 -2.8961e-07 -3.0277e-07 -3.1557e-07 -3.2797e-07 -3.3993e-07 -3.5139e-07 -3.6233e-07 -3.7270e-07 -3.8247e-07 -3.9161e-07 -4.0011e-07 -4.0792e-07 -4.1504e-07 -4.2145e-07 -4.2713e-07 -4.3208e-07 -4.3629e-07 -4.3975e-07 -4.4248e-07 -4.4446e-07 -4.4572e-07 -4.4625e-07 -4.4607e-07 -4.4520e-07 -4.4364e-07 -4.4143e-07 -4.3858e-07 -4.3512e-07 -4.3106e-07 -4.2645e-07 -4.2130e-07 -4.1564e-07 -4.0950e-07 -4.0292e-07 -3.9593e-07 -3.8855e-07 -3.8082e-07 -3.7278e-07 -3.6444e-07 -3.5586e-07 -3.4705e-07 -3.3805e-07 -3.2888e-07 -3.1959e-07 -3.1019e-07 -3.0071e-07 -2.9119e-07 -2.8165e-07 -2.7211e-07 -2.6259e-07 -2.5313e-07 -2.4373e-07 -2.3443e-07 -2.2523e-07 -2.1616e-07 -2.0722e-07 -1.9845e-07 -1.8984e-07 -1.8141e-07 -1.7318e-07 -1.6514e-07 -1.5731e-07 -1.4970e-07 -1.4231e-07 -1.3514e-07 -1.2821e-07 -1.2150e-07 -1.1503e-07 -1.0880e-07 -1.0280e-07 -9.7031e-08 -9.1497e-08 4.8030e-10 1.9189e-09 4.3089e-09 7.6389e-09 1.1893e-08 1.7051e-08 0.0000e+00 2.9977e-08 3.7683e-08 4.6171e-08 5.5401e-08 6.5330e-08 7.5912e-08 8.7097e-08 9.8834e-08 1.1107e-07 1.2375e-07 1.3681e-07 1.5020e-07 1.6386e-07 1.7773e-07 1.9175e-07 2.0585e-07 2.1997e-07 2.3407e-07 2.4807e-07 2.6193e-07 2.7558e-07 2.8898e-07 3.0206e-07 3.1478e-07 3.2710e-07 3.3896e-07 3.5033e-07 3.6117e-07 3.7144e-07 3.8110e-07 3.9014e-07 3.9852e-07 4.0622e-07 4.1322e-07 4.1951e-07 4.2508e-07 4.2990e-07 4.3399e-07 4.3733e-07 4.3994e-07 4.4180e-07 4.4294e-07 4.4335e-07 4.4306e-07 4.4207e-07 4.4041e-07 4.3809e-07 4.3514e-07 4.3158e-07 4.2743e-07 4.2273e-07 4.1749e-07 4.1176e-07 4.0556e-07 3.9891e-07 3.9186e-07 3.8443e-07 3.7666e-07 3.6858e-07 3.6021e-07 3.5160e-07 3.4278e-07 3.3377e-07 3.2460e-07 3.1531e-07 3.0592e-07 2.9647e-07 2.8697e-07 2.7745e-07 2.6795e-07 2.5848e-07 2.4906e-07 2.3972e-07 2.3047e-07 2.2133e-07 2.1233e-07 2.0347e-07 1.9476e-07 1.8623e-07 1.7789e-07 1.6973e-07 1.6178e-07 1.5404e-07 1.4652e-07 1.3922e-07 1.3215e-07 1.2531e-07 1.1870e-07 1.1232e-07 1.0618e-07 1.0028e-07 9.4602e-08 8.9161e-08
-6.2358e-10 -2.4914e-09 -5.5945e-09 -9.9183e-09 -1.5442e-08 -2.2141e-08 -2.9982e-08 6.4127e-03 -4.8939e-08 -5.9967e-08 -7.1961e-08 -8.4865e-08 -9.8620e-08 -1.1316e-07 -1.2843e-07 -1.4434e-07 -1.6084e-07 -1.7785e-07 -1.9528e-07 -2.1307e-07 -2.3114e-07 -2.4940e-07 -2.6779e-07 -2.8622e-07 -3.0462e-07 -3.2291e-07 -3.4101e-07 -3.5886e-07 -3.7638e-07 -3.9351e-07 -4.1018e-07 -4.2633e-07 -4.4191e-07 -4.5685e-07 -4.7110e-07 -4.8463e-07 -4.9738e-07 -5.0932e-07 -5.2041e-07 -5.3062e-07 -5.3994e-07 -5.4833e-07 -5.5577e-07 -5.6227e-07 -5.6781e-07 -5.7238e-07 -5.7599e-07 -5.7864e-07 -5.8034e-07 -5.8110e-07 -5.8094e-07 -5.7987e-07 -5.7792e-07 -5.7511e-07 -5.7148e-07 -5.6704e-07 -5.6183e-07 -5.5589e-07 -5.4925e-07 -5.4195e-07 -5.3403e-07 -5.2552e-07 -5.1647e-07 -5.0693e-07 -4.9692e-07 -4.8650e-07 -4.7570e-07 -4.6456e-07 -4.5314e-07 -4.4145e-07 -4.2956e-07 -4.1749e-07 -4.0528e-07 -3.9297e-07 -3.8059e-07 -3.6819e-07 -3.5578e-07 -3.4340e-07 -3.3108e-07 -3.1885e-07 -3.0674e-07 -2.9476e-07 -2.8294e-07 -2.7130e-07 -2.5986e-07 -2.4864e-07 -2.3765e-07 -2.2691e-07 -2.1642e-07 -2.0621e-07 -1.9627e-07 -1.8662e-07 -1.7726e-07 -1.6820e-07 -1.5944e-07 -1.5099e-07 -1.4283e-07 -1.3499e-07 -1.2744e-07 -1.2020e-07 6.2358e-10 2.4913e-09 5.5943e-09 9.9178e-09 1.5441e-08 2.2138e-08 2.9977e-08 0.0000e+00 4.8926e-08 5.9947e-08 7.1931e-08 8.4823e-08 9.8563e-08 1.1309e-07 1.2833e-07 1.4422e-07 1.6068e-07 1.7765e-07 1.9504e-07 2.1278e-07 2.3079e-07 2.4899e-07 2.6731e-07 2.8566e-07 3.0397e-07 3.2216e-07 3.4016e-07 3.5790e-07 3.7531e-07 3.9231e-07 4.0884e-07 4.2485e-07 4.4027e-07 4.5505e-07 4.6914e-07 4.8249e-07 4.9506e-07 5.0682e-07 5.1772e-07 5.2774e-07 5.3685e-07 5.4504e-07 5.5229e-07 5.5858e-07 5.6391e-07 5.6828e-07 5.7168e-07 5.7412e-07 5.7562e-07 5.7618e-07 5.7582e-07 5.7456e-07 5.7243e-07 5.6944e-07 5.6563e-07 5.6103e-07 5.5566e-07 5.4957e-07 5.4279e-07 5.3536e-07 5.2732e-07 5.1871e-07 5.0956e-07 4.9993e-07 4.8985e-07 4.7936e-07 4.6851e-07 4.5733e-07 4.4588e-07 4.3418e-07 4.2228e-07 4.1022e-07 3.9803e-07 3.8575e-07 3.7341e-07 3.6105e-07 3.4871e-07 3.3640e-07 3.2416e-07 3.1202e-07 3.0000e-07 2.8813e-07 2.7642e-07 2.6491e-07 2.5359e-07 2.4250e-07 2.3165e-07 2.2105e-07 2.1071e-07 2.0065e-07 1.9086e-07 1.8137e-07 1.7216e-07 1.6326e-07 1.5466e-07 1.4637e-07 1.3837e-07 1.3069e-07 1.2330e-07 1.1622e-07
-7.8387e-10 -3.1318e-09 -7.0326e-09 -1.2468e-08 -1.9412e-08 -2.7833e-08 -3.7691e-08 -4.8939e-08 8.1160e-03 -7.5392e-08 -9.0473e-08 -1.0670e-07 -1.2400e-07 -1.4229e-07 -1.6149e-07 -1.8151e-07 -2.0226e-07 -2.2366e-07 -2.4560e-07 -2.6799e-07 -2.9073e-07 -3.1372e-07 -3.3687e-07 -3.6008e-07 -3.8325e-07 -4.0628e-07 -4.2909e-07 -4.5158e-07 -4.7367e-07 -4.9527e-07 -5.1629e-07 -5.3667e-07 -5.5632e-07 -5.7518e-07 -5.9318e-07 -6.1027e-07 -6.2639e-07 -6.4149e-07 -6.5553e-07 -6.6847e-07 -6.8027e-07 -6.9092e-07 -7.0039e-07 -7.0866e-07 -7.1572e-07 -7.2158e-07 -7.2622e-07 -7.2965e-07 -7.3189e-07 -7.3295e-07 -7.3284e-07 -7.3160e-07 -7.2924e-07 -7.2580e-07 -7.2131e-07 -7.1582e-07 -7.0935e-07 -7.0196e-07 -6.9368e-07 -6.8457e-07 -6.7467e-07 -6.6404e-07 -6.5272e-07 -6.4076e-07 -6.2822e-07 -6.1515e-07 -6.0160e-07 -5.8763e-07 -5.7327e-07 -5.5860e-07 -5.4365e-07 -5.2847e-07 -5.1312e-07 -4.9763e-07 -4.8205e-07 -4.6643e-07 -4.5080e-07 -4.3521e-07 -4.1969e-07 -4.0427e-07 -3.8899e-07 -3.7388e-07 -3.5897e-07 -3.4428e-07 -3.2983e-07 -3.1566e-07 -3.0178e-07 -2.8820e-07 -2.7495e-07 -2.6203e-07 -2.4947e-07 -2.3726e-07 -2.2541e-07 -2.1395e-07 -2.0285e-07 -1.9214e-07 -1.8181e-07 -1.7187e-07 -1.6231e-07 -1.5312e-07 7.8386e-10 3.1317e-09 7.0324e-09 1.2467e-08 1.9410e-08 2.7829e-08 3.7683e-08 4.8926e-08 0.0000e+00 7.5359e-08 9.0426e-08 1.0663e-07 1.2391e-07 1.4217e-07 1.6133e-07 1.8131e-07 2.0201e-07 2.2335e-07 2.4522e-07 2.6752e-07 2.9017e-07 3.1306e-07 3.3610e-07 3.5918e-07 3.8221e-07 4.0510e-07 4.2774e-07 4.5006e-07 4.7196e-07 4.9335e-07 5.1416e-07 5.3430e-07 5.5371e-07 5.7232e-07 5.9006e-07 6.0687e-07 6.2270e-07 6.3751e-07 6.5125e-07 6.6387e-07 6.7536e-07 6.8569e-07 6.9483e-07 7.0278e-07 7.0951e-07 7.1503e-07 7.1935e-07 7.2246e-07 7.2437e-07 7.2511e-07 7.2469e-07 7.2314e-07 7.2049e-07 7.1676e-07 7.1200e-07 7.0624e-07 6.9952e-07 6.9189e-07 6.8339e-07 6.7407e-07 6.6398e-07 6.5317e-07 6.4170e-07 6.2960e-07 6.1694e-07 6.0377e-07 5.9013e-07 5.7609e-07 5.6170e-07 5.4700e-07 5.3204e-07 5.1687e-07 5.0155e-07 4.8610e-07 4.7059e-07 4.5505e-07 4.3952e-07 4.2404e-07 4.0864e-07 3.9336e-07 3.7824e-07 3.6330e-07 3.4856e-07 3.3406e-07 3.1982e-07 3.0586e-07 2.9219e-07 2.7884e-07 2.6582e-07 2.5315e-07 2.4082e-07 2.2886e-07 2.1727e-07 2.0605e-07 1.9521e-07 1.8476e-07 1.7468e-07 1.6500e-07 1.5569e-07 1.4676e-07
-9.6041e-10 -3.8371e-09 -8.6167e-09 -1.5277e-08 -2.3785e-08 -3.4104e-08 -4.6183e-08 -5.9967e-08 -7.5392e-08 1.0020e-02 -1.1087e-07 -1.3076e-07 -1.5197e-07 -1.7439e-07 -1.9793e-07 -2.2248e-07 -2.4793e-07 -2.7417e-07 -3.0108e-07 -3.2854e-07 -3.5644e-07 -3.8466e-07 -4.1307e-07 -4.4156e-07 -4.7001e-07 -4.9830e-07 -5.2631e-07 -5.5395e-07 -5.8109e-07 -6.0764e-07 -6.3349e-07 -6.5856e-07 -6.8274e-07 -7.0596e-07 -7.2813e-07 -7.4918e-07 -7.6906e-07 -7.8769e-07 -8.0502e-07 -8.2100e-07 -8.3561e-07 -8.4879e-07 -8.6053e-07 -8.7081e-07 -8.7961e-07 -8.8692e-07 -8.9275e-07 -8.9710e-07 -8.9999e-07 -9.0142e-07 -9.0143e-07 -9.0003e-07 -8.9727e-07 -8.9319e-07 -8.8781e-07 -8.8119e-07 -8.7338e-07 -8.6442e-07 -8.5438e-07 -8.4331e-07 -8.3127e-07 -8.1831e-07 -8.0451e-07 -7.8992e-07 -7.7461e-07 -7.5864e-07 -7.4208e-07 -7.2499e-07 -7.0742e-07 -6.8946e-07 -6.7114e-07 -6.5255e-07 -6.3372e-07 -6.1473e-07 -5.9562e-07 -5.7644e-07 -5.5726e-07 -5.3810e-07 -5.1903e-07 -5.0008e-07 -4.8129e-07 -4.6271e-07 -4.4436e-07 -4.2628e-07 -4.0850e-07 -3.9104e-07 -3.7394e-07 -3.5721e-07 -3.4087e-07 -3.2494e-07 -3.0944e-07 -2.9437e-07 -2.7975e-07 -2.6559e-07 -2.5189e-07 -2.3866e-07 -2.2589e-07 -2.1360e-07 -2.0177e-07 -1.9041e-07 9.6041e-10 3.8371e-09 8.6162e-09 1.5275e-08 2.3782e-08 3.4097e-08 4.6171e-08 5.9947e-08 7.5359e-08 0.0000e+00 1.1080e-07 1.3066e-07 1.5183e-07 1.7421e-07 1.9769e-07 2.2217e-07 2.4755e-07 2.7369e-07 3.0050e-07 3.2784e-07 3.5561e-07 3.8367e-07 4.1191e-07 4.4021e-07 4.6844e-07 4.9651e-07 5.2428e-07 5.5164e-07 5.7850e-07 6.0474e-07 6.3026e-07 6.5498e-07 6.7879e-07 7.0163e-07 7.2340e-07 7.4404e-07 7.6348e-07 7.8166e-07 7.9853e-07 8.1405e-07 8.2818e-07 8.4087e-07 8.5212e-07 8.6190e-07 8.7020e-07 8.7701e-07 8.8234e-07 8.8620e-07 8.8859e-07 8.8954e-07 8.8908e-07 8.8722e-07 8.8401e-07 8.7949e-07 8.7369e-07 8.6667e-07 8.5848e-07 8.4916e-07 8.3878e-07 8.2739e-07 8.1506e-07 8.0184e-07 7.8780e-07 7.7300e-07 7.5750e-07 7.4138e-07 7.2469e-07 7.0750e-07 6.8986e-07 6.7185e-07 6.5353e-07 6.3494e-07 6.1616e-07 5.9724e-07 5.7822e-07 5.5917e-07 5.4012e-07 5.2114e-07 5.0226e-07 4.8352e-07 4.6497e-07 4.4663e-07 4.2855e-07 4.1076e-07 3.9328e-07 3.7615e-07 3.5937e-07 3.4298e-07 3.2700e-07 3.1143e-07 2.9629e-07 2.8160e-07 2.6736e-07 2.5358e-07 2.4027e-07 2.2742e-07 2.1505e-07 2.0314e-07 1.9170e-07 1.8072e-07
-1.1524e-09 -4.6041e-09 -1.0339e-08 -1.8330e-08 -2.8541e-08 -4.0923e-08 -5.5419e-08 -7.1961e-08 -9.0473e-08 -1.1087e-07 1.2124e-02 -1.5693e-07 -1.8239e-07 -2.0931e-07 -2.3758e-07 -2.6706e-07 -2.9763e-07 -3.2914e-07 -3.6147e-07 -3.9447e-07 -4.2800e-07 -4.6192e-07 -4.9607e-07 -5.3033e-07 -5.6454e-07 -5.9857e-07 -6.3229e-07 -6.6555e-07 -6.9822e-07 -7.3020e-07 -7.6134e-07 -7.9154e-07 -8.2070e-07 -8.4870e-07 -8.7546e-07 -9.0088e-07 -9.2489e-07 -9.4741e-07 -9.6838e-07 -9.8774e-07 -1.0054e-06 -1.0215e-06 -1.0357e-06 -1.0482e-06 -1.0590e-06 -1.0680e-06 -1.0751e-06 -1.0806e-06 -1.0842e-06 -1.0861e-06 -1.0863e-06 -1.0848e-06 -1.0817e-06 -1.0769e-06 -1.0706e-06 -1.0628e-06 -1.0536e-06 -1.0430e-06 -1.0311e-06 -1.0179e-06 -1.0036e-06 -9.8816e-07 -9.7169e-07 -9.5427e-07 -9.3597e-07 -9.1687e-07 -8.9705e-07 -8.7658e-07 -8.5553e-07 -8.3399e-07 -8.1203e-07 -7.8971e-07 -7.6711e-07 -7.4430e-07 -7.2133e-07 -6.9828e-07 -6.7520e-07 -6.5216e-07 -6.2920e-07 -6.0639e-07 -5.8376e-07 -5.6136e-07 -5.3924e-07 -5.1744e-07 -4.9599e-07 -4.7493e-07 -4.5428e-07 -4.3408e-07 -4.1434e-07 -3.9509e-07 -3.7635e-07 -3.5813e-07 -3.4045e-07 -3.2331e-07 -3.0672e-07 -2.9069e-07 -2.7523e-07 -2.6033e-07 -2.4599e-07 -2.3221e-07 1.1524e-09 4.6040e-09 1.0338e-08 1.8329e-08 2.8536e-08 4.0913e-08 5.5401e-08 7.1931e-08 9.0426e-08 1.1080e-07 0.0000e+00 1.5679e-07 1.8219e-07 2.0905e-07 2.3723e-07 2.6662e-07 2.9707e-07 3.2846e-07 3.6063e-07 3.9346e-07 4.2679e-07 4.6048e-07 4.9439e-07 5.2836e-07 5.6227e-07 5.9597e-07 6.2932e-07 6.6219e-07 6.9445e-07 7.2598e-07 7.5665e-07 7.8634e-07 8.1497e-07 8.4241e-07 8.6859e-07 8.9340e-07 9.1678e-07 9.3866e-07 9.5896e-07 9.7764e-07 9.9464e-07 1.0099e-06 1.0235e-06 1.0353e-06 1.0453e-06 1.0536e-06 1.0600e-06 1.0647e-06 1.0676e-06 1.0688e-06 1.0683e-06 1.0662e-06 1.0624e-06 1.0570e-06 1.0501e-06 1.0417e-06 1.0319e-06 1.0208e-06 1.0084e-06 9.9477e-07 9.8001e-07 9.6418e-07 9.4736e-07 9.2963e-07 9.1106e-07 8.9173e-07 8.7172e-07 8.5110e-07 8.2996e-07 8.0835e-07 7.8636e-07 7.6406e-07 7.4152e-07 7.1880e-07 6.9598e-07 6.7310e-07 6.5023e-07 6.2743e-07 6.0475e-07 5.8224e-07 5.5995e-07 5.3792e-07 5.1619e-07 4.9481e-07 4.7380e-07 4.5320e-07 4.3303e-07 4.1332e-07 3.9409e-07 3.7537e-07 3.5716e-07 3.3949e-07 3.2235e-07 3.0577e-07 2.8975e-07 2.7428e-07 2.5938e-07 2.4505e-07 2.3127e-07 2.1805e-07
-1.3589e-09 -5.4292e-09 -1.2192e-08 -2.1616e-08 -3.3657e-08 -4.8259e-08 -6.5355e-08 -8.4865e-08 -1.0670e-07 -1.3076e-07 -1.5693e-07 1.4428e-02 -2.1514e-07 -2.4691e-07 -2.8026e-07 -3.1506e-07 -3.5114e-07 -3.8835e-07 -4.2653e-07 -4.6550e-07 -5.0510e-07 -5.4517e-07 -5.8553e-07 -6.2602e-07 -6.6646e-07 -7.0670e-07 -7.4658e-07 -7.8593e-07 -8.2461e-07 -8.6246e-07 -8.9934e-07 -9.3513e-07 -9.6969e-07 -1.0029e-06 -1.0346e-06 -1.0648e-06 -1.0934e-06 -1.1201e-06 -1.1451e-06 -1.1681e-06 -1.1893e-06 -1.2084e-06 -1.2254e-06 -1.2405e-06 -1.2534e-06 -1.2642e-06 -1.2729e-06 -1.2795e-06 -1.2841e-06 -1.2866e-06 -1.2870e-06 -1.2855e-06 -1.2820e-06 -1.2766e-06 -1.2694e-06 -1.2605e-06 -1.2498e-06 -1.2374e-06 -1.2236e-06 -1.2082e-06 -1.1914e-06 -1.1734e-06 -1.1541e-06 -1.1336e-06 -1.1121e-06 -1.0897e-06 -1.0664e-06 -1.0423e-06 -1.0175e-06 -9.9217e-07 -9.6628e-07 -9.3996e-07 -9.1329e-07 -8.8636e-07 -8.5924e-07 -8.3200e-07 -8.0472e-07 -7.7747e-07 -7.5031e-07 -7.2330e-07 -6.9650e-07 -6.6997e-07 -6.4376e-07 -6.1791e-07 -5.9247e-07 -5.6748e-07 -5.4297e-07 -5.1898e-07 -4.9554e-07 -4.7266e-07 -4.5038e-07 -4.2871e-07 -4.0767e-07 -3.8728e-07 -3.6753e-07 -3.4844e-07 -3.3001e-07 -3.1225e-07 -2.9515e-07 -2.7871e-07 1.3589e-09 5.4290e-09 1.2191e-08 2.1613e-08 3.3650e-08 4.8245e-08 6.5330e-08 8.4823e-08 1.0663e-07 1.3066e-07 1.5679e-07 0.0000e+00 2.1486e-07 2.4654e-07 2.7978e-07 3.1444e-07 3.5037e-07 3.8739e-07 4.2535e-07 4.6407e-07 5.0340e-07 5.4315e-07 5.8316e-07 6.2326e-07 6.6328e-07 7.0305e-07 7.4242e-07 7.8122e-07 8.1931e-07 8.5653e-07 8.9275e-07 9.2783e-07 9.6164e-07 9.9406e-07 1.0250e-06 1.0543e-06 1.0820e-06 1.1078e-06 1.1318e-06 1.1539e-06 1.1741e-06 1.1922e-06 1.2083e-06 1.2223e-06 1.2342e-06 1.2439e-06 1.2516e-06 1.2573e-06 1.2608e-06 1.2623e-06 1.2618e-06 1.2593e-06 1.2549e-06 1.2486e-06 1.2406e-06 1.2307e-06 1.2193e-06 1.2062e-06 1.1916e-06 1.1756e-06 1.1582e-06 1.1396e-06 1.1198e-06 1.0990e-06 1.0771e-06 1.0543e-06 1.0307e-06 1.0064e-06 9.8152e-07 9.5605e-07 9.3013e-07 9.0383e-07 8.7724e-07 8.5044e-07 8.2351e-07 7.9651e-07 7.6952e-07 7.4261e-07 7.1583e-07 6.8926e-07 6.6293e-07 6.3691e-07 6.1125e-07 5.8599e-07 5.6116e-07 5.3682e-07 5.1298e-07 4.8969e-07 4.6696e-07 4.4482e-07 4.2329e-07 4.0239e-07 3.8212e-07 3.6251e-07 3.4355e-07 3.2525e-07 3.0762e-07 2.9065e-07 2.7434e-07 2.5869e-07
-1.5789e-09 -6.3084e-09 -1.4166e-08 -2.5117e-08 -3.9109e-08 -5.6077e-08 -7.5945e-08 -9.8620e-08 -1.2400e-07 -1.5197e-07 -1.8239e-07 -2.1514e-07 1.6933e-02 -2.8700e-07 -3.2580e-07 -3.6627e-07 -4.0824e-07 -4.5153e-07 -4.9595e-07 -5.4131e-07 -5.8741e-07 -6.3406e-07 -6.8107e-07 -7.2823e-07 -7.7535e-07 -8.2225e-07 -8.6874e-07 -9.1463e-07 -9.5974e-07 -1.0039e-06 -1.0470e-06 -1.0888e-06 -1.1292e-06 -1.1680e-06 -1.2051e-06 -1.2405e-06 -1.2739e-06 -1.3053e-06 -1.3345e-06 -1.3616e-06 -1.3865e-06 -1.4090e-06 -1.4291e-06 -1.4469e-06 -1.4622e-06 -1.4751e-06 -1.4855e-06 -1.4935e-06 -1.4991e-06 -1.5023e-06 -1.5031e-06 -1.5017e-06 -1.4979e-06 -1.4919e-06 -1.4838e-06 -1.4736e-06 -1.4615e-06 -1.4474e-06 -1.4315e-06 -1.4138e-06 -1.3945e-06 -1.3737e-06 -1.3514e-06 -1.3278e-06 -1.3030e-06 -1.2770e-06 -1.2500e-06 -1.2221e-06 -1.1934e-06 -1.1639e-06 -1.1339e-06 -1.1033e-06 -1.0723e-06 -1.0409e-06 -1.0094e-06 -9.7766e-07 -9.4588e-07 -9.1412e-07 -8.8245e-07 -8.5094e-07 -8.1966e-07 -7.8868e-07 -7.5806e-07 -7.2785e-07 -6.9811e-07 -6.6887e-07 -6.4019e-07 -6.1211e-07 -5.8465e-07 -5.5785e-07 -5.3173e-07 -5.0632e-07 -4.8163e-07 -4.5769e-07 -4.3451e-07 -4.1208e-07 -3.9043e-07 -3.6954e-07 -3.4943e-07 -3.3009e-07 1.5789e-09 6.3081e-09 1.4165e-08 2.5113e-08 3.9100e-08 5.6059e-08 7.5912e-08 9.8563e-08 1.2391e-07 1.5183e-07 1.8219e-07 2.1486e-07 0.0000e+00 2.8650e-07 3.2514e-07 3.6542e-07 4.0718e-07 4.5022e-07 4.9434e-07 5.3937e-07 5.8509e-07 6.3131e-07 6.7783e-07 7.2446e-07 7.7101e-07 8.1727e-07 8.6306e-07 9.0820e-07 9.5252e-07 9.9583e-07 1.0380e-06 1.0788e-06 1.1182e-06 1.1559e-06 1.1919e-06 1.2261e-06 1.2583e-06 1.2885e-06 1.3165e-06 1.3422e-06 1.3657e-06 1.3869e-06 1.4056e-06 1.4220e-06 1.4359e-06 1.4474e-06 1.4565e-06 1.4631e-06 1.4673e-06 1.4691e-06 1.4686e-06 1.4658e-06 1.4608e-06 1.4536e-06 1.4443e-06 1.4330e-06 1.4198e-06 1.4047e-06 1.3878e-06 1.3692e-06 1.3491e-06 1.3276e-06 1.3046e-06 1.2804e-06 1.2550e-06 1.2286e-06 1.2012e-06 1.1730e-06 1.1441e-06 1.1145e-06 1.0844e-06 1.0538e-06 1.0229e-06 9.9176e-07 9.6044e-07 9.2905e-07 8.9766e-07 8.6635e-07 8.3520e-07 8.0428e-07 7.7364e-07 7.4336e-07 7.1348e-07 6.8407e-07 6.5516e-07 6.2681e-07 5.9905e-07 5.7191e-07 5.4543e-07 5.1963e-07 4.9454e-07 4.7018e-07 4.4655e-07 4.2368e-07 4.0157e-07 3.8023e-07 3.5967e-07 3.3987e-07 3.2084e-07 3.0258e-07
-1.8115e-09 -7.2377e-09 -1.6254e-08 -2.8818e-08 -4.4872e-08 -6.4343e-08 -8.7141e-08 -1.1316e-07 -1.4229e-07 -1.7439e-07 -2.0931e-07 -2.4691e-07 -2.8700e-07 1.9638e-02 -3.7397e-07 -4.2045e-07 -4.6867e-07 -5.1841e-07 -5.6945e-07 -6.2159e-07 -6.7458e-07 -7.2822e-07 -7.8228e-07 -8.3654e-07 -8.9076e-07 -9.4475e-07 -9.9827e-07 -1.0511e-06 -1.1031e-06 -1.1540e-06 -1.2037e-06 -1.2519e-06 -1.2985e-06 -1.3434e-06 -1.3863e-06 -1.4271e-06 -1.4658e-06 -1.5022e-06 -1.5361e-06 -1.5676e-06 -1.5964e-06 -1.6226e-06 -1.6461e-06 -1.6669e-06 -1.6849e-06 -1.7000e-06 -1.7124e-06 -1.7220e-06 -1.7288e-06 -1.7328e-06 -1.7341e-06 -1.7328e-06 -1.7289e-06 -1.7224e-06 -1.7134e-06 -1.7020e-06 -1.6884e-06 -1.6725e-06 -1.6545e-06 -1.6345e-06 -1.6126e-06 -1.5889e-06 -1.5636e-06 -1.5367e-06 -1.5083e-06 -1.4787e-06 -1.4478e-06 -1.4159e-06 -1.3830e-06 -1.3492e-06 -1.3147e-06 -1.2797e-06 -1.2441e-06 -1.2081e-06 -1.1718e-06 -1.1353e-06 -1.0988e-06 -1.0622e-06 -1.0257e-06 -9.8942e-07 -9.5336e-07 -9.1763e-07 -8.8229e-07 -8.4742e-07 -8.1306e-07 -7.7928e-07 -7.4612e-07 -7.1364e-07 -6.8186e-07 -6.5084e-07 -6.2059e-07 -5.9115e-07 -5.6253e-07 -5.3477e-07 -5.0786e-07 -4.8183e-07 -4.5669e-07 -4.3243e-07 -4.0905e-07 -3.8656e-07 1.8115e-09 7.2374e-09 1.6252e-08 2.8813e-08 4.4860e-08 6.4319e-08 8.7097e-08 1.1309e-07 1.4217e-07 1.7421e-07 2.0905e-07 2.4654e-07 2.8650e-07 0.0000e+00 3.7309e-07 4.1933e-07 4.6726e-07 5.1666e-07 5.6731e-07 6.1900e-07 6.7149e-07 7.2456e-07 7.7798e-07 8.3153e-07 8.8498e-07 9.3811e-07 9.9072e-07 1.0426e-06 1.0935e-06 1.1433e-06 1.1917e-06 1.2386e-06 1.2839e-06 1.3273e-06 1.3687e-06 1.4080e-06 1.4451e-06 1.4798e-06 1.5120e-06 1.5417e-06 1.5688e-06 1.5932e-06 1.6149e-06 1.6337e-06 1.6499e-06 1.6632e-06 1.6737e-06 1.6814e-06 1.6863e-06 1.6886e-06 1.6881e-06 1.6850e-06 1.6794e-06 1.6713e-06 1.6607e-06 1.6478e-06 1.6327e-06 1.6155e-06 1.5962e-06 1.5750e-06 1.5520e-06 1.5273e-06 1.5010e-06 1.4733e-06 1.4443e-06 1.4140e-06 1.3826e-06 1.3503e-06 1.3171e-06 1.2832e-06 1.2486e-06 1.2135e-06 1.1781e-06 1.1423e-06 1.1064e-06 1.0703e-06 1.0343e-06 9.9831e-07 9.6252e-07 9.2698e-07 8.9178e-07 8.5697e-07 8.2263e-07 7.8881e-07 7.5557e-07 7.2296e-07 6.9102e-07 6.5980e-07 6.2932e-07 5.9964e-07 5.7075e-07 5.4271e-07 5.1550e-07 4.8917e-07 4.6370e-07 4.3912e-07 4.1543e-07 3.9261e-07 3.7068e-07 3.4963e-07
-2.0556e-09 -8.2128e-09 -1.8444e-08 -3.2701e-08 -5.0920e-08 -7.3017e-08 -9.8892e-08 -1.2843e-07 -1.6149e-07 -1.9793e-07 -2.3758e-07 -2.8026e-07 -3.2580e-07 -3.7397e-07 2.2544e-02 -4.7738e-07 -5.3217e-07 -5.8869e-07 -6.4671e-07 -7.0598e-07 -7.6624e-07 -8.2725e-07 -8.8876e-07 -9.5050e-07 -1.0122e-06 -1.0737e-06 -1.1347e-06 -1.1949e-06 -1.2542e-06 -1.3122e-06 -1.3689e-06 -1.4239e-06 -1.4772e-06 -1.5284e-06 -1.5775e-06 -1.6242e-06 -1.6685e-06 -1.7102e-06 -1.7492e-06 -1.7853e-06 -1.8185e-06 -1.8487e-06 -1.8758e-06 -1.8999e-06 -1.9207e-06 -1.9384e-06 -1.9529e-06 -1.9643e-06 -1.9725e-06 -1.9775e-06 -1.9795e-06 -1.9784e-06 -1.9744e-06 -1.9674e-06 -1.9576e-06 -1.9451e-06 -1.9300e-06 -1.9124e-06 -1.8923e-06 -1.8699e-06 -1.8454e-06 -1.8188e-06 -1.7902e-06 -1.7599e-06 -1.7280e-06 -1.6945e-06 -1.6596e-06 -1.6234e-06 -1.5862e-06 -1.5480e-06 -1.5089e-06 -1.4691e-06 -1.4287e-06 -1.3878e-06 -1.3465e-06 -1.3051e-06 -1.2634e-06 -1.2218e-06 -1.1802e-06 -1.1389e-06 -1.0977e-06 -1.0570e-06 -1.0166e-06 -9.7678e-07 -9.3752e-07 -8.9889e-07 -8.6096e-07 -8.2378e-07 -7.8740e-07 -7.5185e-07 -7.1718e-07 -6.8342e-07 -6.5059e-07 -6.1872e-07 -5.8782e-07 -5.5792e-07 -5.2901e-07 -5.0111e-07 -4.7422e-07 -4.4833e-07 2.0555e-09 8.2124e-09 1.8442e-08 3.2695e-08 5.0905e-08 7.2986e-08 9.8834e-08 1.2833e-07 1.6133e-07 1.9769e-07 2.3723e-07 2.7978e-07 3.2514e-07 3.7309e-07 0.0000e+00 4.7592e-07 5.3033e-07 5.8641e-07 6.4392e-07 7.0260e-07 7.6221e-07 8.2248e-07 8.8315e-07 9.4397e-07 1.0047e-06 1.0651e-06 1.1248e-06 1.1837e-06 1.2416e-06 1.2982e-06 1.3533e-06 1.4066e-06 1.4581e-06 1.5075e-06 1.5546e-06 1.5993e-06 1.6415e-06 1.6810e-06 1.7178e-06 1.7516e-06 1.7825e-06 1.8103e-06 1.8350e-06 1.8566e-06 1.8750e-06 1.8903e-06 1.9024e-06 1.9113e-06 1.9171e-06 1.9198e-06 1.9194e-06 1.9160e-06 1.9098e-06 1.9007e-06 1.8888e-06 1.8743e-06 1.8573e-06 1.8379e-06 1.8161e-06 1.7922e-06 1.7661e-06 1.7382e-06 1.7085e-06 1.6771e-06 1.6442e-06 1.6099e-06 1.5743e-06 1.5377e-06 1.5000e-06 1.4615e-06 1.4223e-06 1.3825e-06 1.3423e-06 1.3017e-06 1.2609e-06 1.2199e-06 1.1790e-06 1.1381e-06 1.0974e-06 1.0570e-06 1.0170e-06 9.7745e-07 9.3840e-07 8.9993e-07 8.6212e-07 8.2502e-07 7.8868e-07 7.5314e-07 7.1846e-07 6.8466e-07 6.5177e-07 6.1982e-07 5.8884e-07 5.5884e-07 5.2982e-07 5.0181e-07 4.7480e-07 4.4879e-07 4.2379e-07 3.9978e-07
-2.3100e-09 -9.2293e-09 -2.0727e-08 -3.6749e-08 -5.7225e-08 -8.2061e-08 -1.1114e-07 -1.4434e-07 -1.8151e-07 -2.2248e-07 -2.6706e-07 -3.1506e-07 -3.6627e-07 -4.2045e-07 -4.7738e-07 2.5650e-02 -5.9845e-07 -6.6207e-07 -7.2739e-07 -7.9413e-07 -8.6201e-07 -9.3075e-07 -1.0001e-06 -1.0696e-06 -1.1393e-06 -1.2086e-06 -1.2774e-06 -1.3454e-06 -1.4123e-06 -1.4779e-06 -1.5419e-06 -1.6042e-06 -1.6644e-06 -1.7224e-06 -1.7781e-06 -1.8311e-06 -1.8813e-06 -1.9287e-06 -1.9730e-06 -2.0141e-06 -2.0520e-06 -2.0865e-06 -2.1175e-06 -2.1451e-06 -2.1691e-06 -2.1896e-06 -2.2065e-06 -2.2198e-06 -2.2296e-06 -2.2358e-06 -2.2386e-06 -2.2379e-06 -2.2339e-06 -2.2266e-06 -2.2161e-06 -2.2026e-06 -2.1860e-06 -2.1666e-06 -2.1444e-06 -2.1197e-06 -2.0925e-06 -2.0629e-06 -2.0311e-06 -1.9973e-06 -1.9616e-06 -1.9242e-06 -1.8852e-06 -1.8447e-06 -1.8030e-06 -1.7601e-06 -1.7162e-06 -1.6715e-06 -1.6260e-06 -1.5800e-06 -1.5336e-06 -1.4869e-06 -1.4400e-06 -1.3930e-06 -1.3461e-06 -1.2994e-06 -1.2529e-06 -1.2068e-06 -1.1612e-06 -1.1161e-06 -1.0716e-06 -1.0279e-06 -9.8490e-07 -9.4274e-07 -9.0145e-07 -8.6110e-07 -8.2172e-07 -7.8336e-07 -7.4603e-07 -7.0978e-07 -6.7462e-07 -6.4057e-07 -6.0763e-07 -5.7583e-07 -5.4516e-07 -5.1562e-07 2.3099e-09 9.2288e-09 2.0724e-08 3.6741e-08 5.7206e-08 8.2021e-08 1.1107e-07 1.4422e-07 1.8131e-07 2.2217e-07 2.6662e-07 3.1444e-07 3.6542e-07 4.1933e-07 4.7592e-07 0.0000e+00 5.9610e-07 6.5916e-07 7.2382e-07 7.8982e-07 8.5685e-07 9.2463e-07 9.9288e-07 1.0613e-06 1.1296e-06 1.1975e-06 1.2648e-06 1.3311e-06 1.3962e-06 1.4599e-06 1.5219e-06 1.5820e-06 1.6400e-06 1.6956e-06 1.7488e-06 1.7992e-06 1.8467e-06 1.8913e-06 1.9328e-06 1.9710e-06 2.0058e-06 2.0373e-06 2.0653e-06 2.0897e-06 2.1106e-06 2.1280e-06 2.1417e-06 2.1519e-06 2.1586e-06 2.1618e-06 2.1616e-06 2.1580e-06 2.1511e-06 2.1410e-06 2.1279e-06 2.1118e-06 2.0928e-06 2.0710e-06 2.0467e-06 2.0199e-06 1.9908e-06 1.9595e-06 1.9262e-06 1.8910e-06 1.8541e-06 1.8156e-06 1.7757e-06 1.7345e-06 1.6923e-06 1.6490e-06 1.6050e-06 1.5603e-06 1.5150e-06 1.4694e-06 1.4234e-06 1.3774e-06 1.3313e-06 1.2854e-06 1.2396e-06 1.1941e-06 1.1491e-06 1.1045e-06 1.0605e-06 1.0172e-06 9.7457e-07 9.3275e-07 8.9179e-07 8.5173e-07 8.1262e-07 7.7450e-07 7.3741e-07 7.0137e-07 6.6641e-07 6.3255e-07 5.9980e-07 5.6817e-07 5.3767e-07 5.0830e-07 4.8006e-07 4.5294e-07
-2.5735e-09 -1.0282e-08 -2.3092e-08 -4.0944e-08 -6.3759e-08 -9.1433e-08 -1.2384e-07 -1.6084e-07 -2.0226e-07 -2.4793e-07 -2.9763e-07 -3.5114e-07 -4.0824e-07 -4.6867e-07 -5.3217e-07 -5.9845e-07 2.8956e-02 -7.3825e-07 -8.1116e-07 -8.8568e-07 -9.6148e-07 -1.0383e-06 -1.1157e-06 -1.1935e-06 -1.2713e-06 -1.3489e-06 -1.4259e-06 -1.5020e-06 -1.5769e-06 -1.6504e-06 -1.7222e-06 -1.7920e-06 -1.8596e-06 -1.9248e-06 -1.9873e-06 -2.0469e-06 -2.1035e-06 -2.1569e-06 -2.2068e-06 -2.2533e-06 -2.2961e-06 -2.3352e-06 -2.3705e-06 -2.4019e-06 -2.4294e-06 -2.4529e-06 -2.4724e-06 -2.4879e-06 -2.4995e-06 -2.5071e-06 -2.5108e-06 -2.5108e-06 -2.5069e-06 -2.4994e-06 -2.4883e-06 -2.4738e-06 -2.4559e-06 -2.4348e-06 -2.4106e-06 -2.3835e-06 -2.3535e-06 -2.3210e-06 -2.2860e-06 -2.2486e-06 -2.2092e-06 -2.1677e-06 -2.1244e-06 -2.0795e-06 -2.0332e-06 -1.9855e-06 -1.9366e-06 -1.8868e-06 -1.8362e-06 -1.7849e-06 -1.7330e-06 -1.6808e-06 -1.6284e-06 -1.5759e-06 -1.5234e-06 -1.4711e-06 -1.4190e-06 -1.3674e-06 -1.3162e-06 -1.2656e-06 -1.2156e-06 -1.1665e-06 -1.1182e-06 -1.0707e-06 -1.0243e-06 -9.7882e-07 -9.3445e-07 -8.9120e-07 -8.4910e-07 -8.0819e-07 -7.6849e-07 -7.3002e-07 -6.9279e-07 -6.5683e-07 -6.2212e-07 -5.8868e-07 2.5735e-09 1.0282e-08 2.3089e-08 4.0934e-08 6.3734e-08 9.1382e-08 1.2375e-07 1.6068e-07 2.0201e-07 2.4755e-07 2.9707e-07 3.5037e-07 4.0718e-07 4.6726e-07 5.3033e-07 5.9610e-07 0.0000e+00 7.3458e-07 8.0667e-07 8.8025e-07 9.5499e-07 1.0306e-06 1.1067e-06 1.1830e-06 1.2592e-06 1.3350e-06 1.4100e-06 1.4840e-06 1.5567e-06 1.6278e-06 1.6970e-06 1.7641e-06 1.8289e-06 1.8910e-06 1.9504e-06 2.0068e-06 2.0599e-06 2.1098e-06 2.1562e-06 2.1989e-06 2.2380e-06 2.2733e-06 2.3047e-06 2.3321e-06 2.3556e-06 2.3752e-06 2.3907e-06 2.4023e-06 2.4100e-06 2.4137e-06 2.4137e-06 2.4099e-06 2.4024e-06 2.3914e-06 2.3770e-06 2.3592e-06 2.3382e-06 2.3142e-06 2.2872e-06 2.2575e-06 2.2252e-06 2.1905e-06 2.1534e-06 2.1143e-06 2.0733e-06 2.0305e-06 1.9861e-06 1.9403e-06 1.8932e-06 1.8451e-06 1.7960e-06 1.7462e-06 1.6957e-06 1.6449e-06 1.5937e-06 1.5423e-06 1.4909e-06 1.4396e-06 1.3886e-06 1.3378e-06 1.2875e-06 1.2377e-06 1.1886e-06 1.1402e-06 1.0926e-06 1.0459e-06 1.0001e-06 9.5533e-07 9.1160e-07 8.6898e-07 8.2749e-07 7.8717e-07 7.4805e-07 7.1016e-07 6.7350e-07 6.3809e-07 6.0394e-07 5.7104e-07 5.3941e-07 5.0902e-07
