1.0040e-04 -2.0731e-04 -1.7243e-04 -1.3319e-04 -9.5522e-05 -6.3584e-05 -3.9270e-05 -2.2494e-05 -1.1946e-05 -5.8790e-06 -2.6802e-06 -1.1315e-06 -4.4219e-07 -1.5991e-07 -5.3497e-08 -1.6552e-08 -4.7351e-09 -1.2522e-09 -3.0606e-10 -6.9125e-11 -1.4425e-11 -2.7808e-12 -4.9517e-13 -8.1439e-14 -1.2370e-14 -1.7351e-15 -2.2474e-16 -2.6879e-17 -2.9683e-18 -3.0264e-19 -2.8489e-20 -2.4759e-21 -1.9865e-22 -1.4715e-23 -1.0062e-24 -6.3521e-26 -3.7018e-27 -1.9915e-28 -9.8904e-30 -4.5343e-31 -1.9190e-32 -7.4972e-34 -2.7038e-35 -9.0016e-37 -2.7664e-38 -7.8482e-40 -2.0553e-41 -4.9686e-43 -1.1088e-44 -2.2842e-46 -4.3436e-48 -7.6248e-50 -1.2356e-51 -1.8482e-53 -2.5521e-55 -3.2530e-57 -3.8277e-59 -4.1576e-61 -4.1688e-63 -3.8585e-65 -3.2968e-67 -2.6003e-69 -1.8932e-71 -1.2724e-73 -7.8946e-76 -4.5215e-78 -2.3905e-80 -1.1667e-82 -5.2561e-85 -2.1860e-87 -8.3922e-90 -2.9742e-92 -9.7299e-95 -2.9384e-97 -8.1917e-100 -2.1081e-102 -5.0081e-105 -1.0983e-107 -2.2233e-110 -4.1547e-113 -7.1672e-116 -1.1413e-118 -1.6778e-121 -2.2768e-124 -2.8521e-127 -3.2981e-130 -3.5207e-133 -3.4693e-136 -3.1559e-139 -2.6500e-142 -2.0542e-145 -1.4699e-148 -9.7098e-152 -5.9208e-155 -3.3328e-158 -1.7318e-161 -8.3070e-165 -3.6783e-168 -1.5035e-171 -5.6734e-175 0.0000e+00 2.0468e-04 1.6758e-04 1.2665e-04 8.8358e-05 5.6901e-05 3.3825e-05 1.8560e-05 9.4004e-06 4.3946e-06 1.8962e-06 7.5516e-07 2.7756e-07 9.4154e-08 2.9475e-08 8.5148e-09 2.2698e-09 5.5830e-10 1.2670e-10 2.6528e-11 5.1239e-12 9.1291e-13 1.5002e-13 2.2735e-14 3.1771e-15 4.0935e-16 4.8619e-17 5.3222e-18 5.3686e-19 4.9888e-20 4.2697e-21 3.3643e-22 2.4397e-23 1.6275e-24 9.9811e-26 5.6239e-27 2.9088e-28 1.3795e-29 5.9909e-31 2.3779e-32 8.6046e-34 2.8286e-35 8.4034e-37 2.2377e-38 5.2667e-40 1.0666e-41 1.7453e-43 1.8476e-45 -8.3256e-48 -1.1275e-48 -3.8467e-50 -9.5520e-52 -1.9728e-53 -3.5465e-55 -5.6676e-57 -8.1444e-59 -1.0597e-60 -1.2543e-62 -1.3546e-64 -1.3379e-66 -1.2104e-68 -1.0044e-70 -7.6517e-73 -5.3560e-75 -3.4469e-77 -2.0405e-79 -1.1116e-81 -5.5751e-84 -2.5748e-86 -1.0953e-88 -4.2930e-91 -1.5505e-93 -5.1611e-96 -1.5836e-98 -4.4795e-101 -1.1683e-103 -2.8096e-106 -6.2311e-109 -1.2745e-111 -2.4043e-114 -4.1837e-117 -6.7153e-120 -9.9435e-123 -1.3583e-125 -1.7118e-128 -1.9903e-131 -2.1352e-134 -2.1135e-137 -1.9303e-140 -1.6268e-143 -1.2651e-146 -9.0785e-150 -6.0119e-153 -3.6740e-156 -2.0720e-159 -1.0784e-162 -5.1794e-166 -2.2959e-169 -9.3924e-173 -3.5462e-176
-2.0731e-04 4.0155e-04 -1.6606e-04 -1.3608e-04 -1.0473e-04 -7.5456e-05 -5.0747e-05 -3.1777e-05 -1.8489e-05 -9.9782e-06 -4.9889e-06 -2.3085e-06 -9.8789e-07 -3.9076e-07 -1.4281e-07 -4.8211e-08 -1.5030e-08 -4.3268e-09 -1.1500e-09 -2.8219e-10 -6.3922e-11 -1.3367e-11 -2.5803e-12 -4.5979e-13 -7.5630e-14 -1.1484e-14 -1.6096e-15 -2.0826e-16 -2.4873e-17 -2.7423e-18 -2.7909e-19 -2.6220e-20 -2.2739e-21 -1.8204e-22 -1.3453e-23 -9.1775e-25 -5.7796e-26 -3.3599e-27 -1.8031e-28 -8.9324e-30 -4.0849e-31 -1.7245e-32 -6.7206e-34 -2.4178e-35 -8.0296e-37 -2.4617e-38 -6.9670e-40 -1.8202e-41 -4.3900e-43 -9.7740e-45 -2.0089e-46 -3.8115e-48 -6.6759e-50 -1.0794e-51 -1.6112e-53 -2.2200e-55 -2.8239e-57 -3.3159e-59 -3.5944e-61 -3.5968e-63 -3.3226e-65 -2.8334e-67 -2.2306e-69 -1.6210e-71 -1.0875e-73 -6.7348e-76 -3.8504e-78 -2.0321e-80 -9.9005e-83 -4.4529e-85 -1.8488e-87 -7.0861e-90 -2.5072e-92 -8.1894e-95 -2.4693e-97 -6.8733e-100 -1.7661e-102 -4.1894e-105 -9.1738e-108 -1.8544e-110 -3.4605e-113 -5.9613e-116 -9.4800e-119 -1.3917e-121 -1.8860e-124 -2.3595e-127 -2.7249e-130 -2.9050e-133 -2.8591e-136 -2.5975e-139 -2.1785e-142 -1.6867e-145 -1.2055e-148 -7.9537e-152 -4.8444e-155 -2.7238e-158 -1.4138e-161 -6.7740e-165 -2.9963e-168 -1.2234e-171 2.0468e-04 0.0000e+00 1.4861e-04 1.1228e-04 7.8286e-05 5.0359e-05 2.9880e-05 1.6347e-05 8.2432e-06 3.8294e-06 1.6378e-06 6.4445e-07 2.3306e-07 7.7372e-08 2.3542e-08 6.5510e-09 1.6624e-09 3.8308e-10 7.9662e-11 1.4798e-11 2.4117e-12 3.3228e-13 3.5067e-14 1.7097e-15 -3.7332e-16 -1.4386e-16 -3.0887e-17 -5.2139e-18 -7.5039e-19 -9.5085e-20 -1.0780e-20 -1.1037e-21 -1.0262e-22 -8.6989e-24 -6.7409e-25 -4.7844e-26 -3.1147e-27 -1.8620e-28 -1.0230e-29 -5.1691e-31 -2.4035e-32 -1.0288e-33 -4.0557e-35 -1.4729e-36 -4.9292e-38 -1.5204e-39 -4.3231e-41 -1.1334e-42 -2.7401e-44 -6.1093e-46 -1.2564e-47 -2.3833e-49 -4.1707e-51 -6.7335e-53 -1.0030e-54 -1.3785e-56 -1.7483e-58 -2.0459e-60 -2.2095e-62 -2.2020e-64 -2.0252e-66 -1.7191e-68 -1.3467e-70 -9.7371e-73 -6.4978e-75 -4.0022e-77 -2.2753e-79 -1.1939e-81 -5.7825e-84 -2.5852e-86 -1.0668e-88 -4.0635e-91 -1.4287e-93 -4.6370e-96 -1.3892e-98 -3.8418e-101 -9.8073e-104 -2.3111e-106 -5.0272e-109 -1.0095e-111 -1.8712e-114 -3.2019e-117 -5.0576e-120 -7.3747e-123 -9.9268e-126 -1.2335e-128 -1.4149e-131 -1.4983e-134 -1.4646e-137 -1.3216e-140 -1.1009e-143 -8.4663e-147 -6.0102e-150 -3.9388e-153 -2.3829e-156 -1.3308e-159 -6.8613e-163 -3.2656e-166 -1.4348e-169 -5.8198e-173
-1.7243e-04 -1.6606e-04 9.0338e-04 -1.3749e-04 -1.1580e-04 -9.1575e-05 -6.7588e-05 -4.6367e-05 -2.9487e-05 -1.7353e-05 -9.4408e-06 -4.7450e-06 -2.2023e-06 -9.4379e-07 -3.7337e-07 -1.3635e-07 -4.5965e-08 -1.4303e-08 -4.1083e-09 -1.0893e-09 -2.6660e-10 -6.0233e-11 -1.2562e-11 -2.4185e-12 -4.2983e-13 -7.0520e-14 -1.0681e-14 -1.4933e-15 -1.9274e-16 -2.2966e-17 -2.5262e-18 -2.5653e-19 -2.4048e-20 -2.0812e-21 -1.6627e-22 -1.2263e-23 -8.3500e-25 -5.2486e-26 -3.0457e-27 -1.6316e-28 -8.0692e-30 -3.6841e-31 -1.5528e-32 -6.0419e-34 -2.1703e-35 -7.1971e-37 -2.2033e-38 -6.2269e-40 -1.6246e-41 -3.9131e-43 -8.7011e-45 -1.7861e-46 -3.3847e-48 -5.9213e-50 -9.5631e-52 -1.4258e-53 -1.9625e-55 -2.4936e-57 -2.9250e-59 -3.1674e-61 -3.1664e-63 -2.9222e-65 -2.4896e-67 -1.9581e-69 -1.4217e-71 -9.5293e-74 -5.8965e-76 -3.3682e-78 -1.7762e-80 -8.6468e-83 -3.8859e-85 -1.6122e-87 -6.1745e-90 -2.1831e-92 -7.1255e-95 -2.1470e-97 -5.9720e-100 -1.5335e-102 -3.6352e-105 -7.9551e-108 -1.6071e-110 -2.9971e-113 -5.1598e-116 -8.2004e-119 -1.2031e-121 -1.6296e-124 -2.0375e-127 -2.3517e-130 -2.5059e-133 -2.4649e-136 -2.2382e-139 -1.8762e-142 -1.4519e-145 -1.0372e-148 -6.8400e-152 -4.1641e-155 -2.3402e-158 -1.2141e-161 -5.8147e-165 -2.5708e-168 1.6758e-04 1.4861e-04 0.0000e+00 9.1760e-05 6.3802e-05 4.0829e-05 2.4009e-05 1.2944e-05 6.3789e-06 2.8605e-06 1.1594e-06 4.2010e-07 1.3340e-07 3.5608e-08 7.1083e-09 5.0703e-10 -4.0707e-10 -2.7446e-10 -1.1374e-10 -3.7770e-11 -1.0775e-11 -2.7183e-12 -6.1537e-13 -1.2608e-13 -2.3504e-14 -4.0010e-15 -6.2345e-16 -8.9087e-17 -1.1689e-17 -1.4098e-18 -1.5642e-19 -1.5974e-20 -1.5023e-21 -1.3016e-22 -1.0393e-23 -7.6501e-25 -5.1919e-26 -3.2495e-27 -1.8758e-28 -9.9888e-30 -4.9072e-31 -2.2243e-32 -9.3029e-34 -3.5904e-35 -1.2788e-36 -4.2036e-38 -1.2753e-39 -3.5708e-41 -9.2285e-43 -2.2015e-44 -4.8476e-46 -9.8530e-48 -1.8487e-49 -3.2018e-51 -5.1192e-53 -7.5555e-55 -1.0294e-56 -1.2948e-58 -1.5034e-60 -1.6116e-62 -1.5948e-64 -1.4569e-66 -1.2287e-68 -9.5669e-71 -6.8767e-73 -4.5633e-75 -2.7956e-77 -1.5811e-79 -8.2558e-82 -3.9796e-84 -1.7710e-86 -7.2764e-89 -2.7599e-91 -9.6646e-94 -3.1244e-96 -9.3250e-99 -2.5694e-101 -6.5361e-104 -1.5350e-106 -3.3280e-109 -6.6615e-112 -1.2310e-114 -2.1001e-117 -3.3077e-120 -4.8096e-123 -6.4563e-126 -8.0014e-129 -9.1547e-132 -9.6698e-135 -9.4296e-138 -8.4891e-141 -7.0555e-144 -5.4137e-147 -3.8349e-150 -2.5079e-153 -1.5141e-156 -8.4393e-160 -4.3426e-163 -2.0629e-166 -9.0471e-170
-1.3319e-04 -1.3608e-04 -1.3749e-04 1.6057e-03 -1.2402e-04 -1.0740e-04 -8.6517e-05 -6.4576e-05 -4.4571e-05 -2.8419e-05 -1.6731e-05 -9.0929e-06 -4.5616e-06 -2.1122e-06 -9.0282e-07 -3.5620e-07 -1.2973e-07 -4.3615e-08 -1.3536e-08 -3.8783e-09 -1.0258e-09 -2.5049e-10 -5.6466e-11 -1.1752e-11 -2.2579e-12 -4.0050e-13 -6.5586e-14 -9.9156e-15 -1.3840e-15 -1.7835e-16 -2.1217e-17 -2.3304e-18 -2.3630e-19 -2.2121e-20 -1.9119e-21 -1.5255e-22 -1.1238e-23 -7.6428e-25 -4.7987e-26 -2.7816e-27 -1.4886e-28 -7.3542e-30 -3.3544e-31 -1.4125e-32 -5.4911e-34 -1.9707e-35 -6.5297e-37 -1.9973e-38 -5.6404e-40 -1.4705e-41 -3.5392e-43 -7.8641e-45 -1.6132e-46 -3.0549e-48 -5.3409e-50 -8.6203e-52 -1.2844e-53 -1.7668e-55 -2.2437e-57 -2.6304e-59 -2.8469e-61 -2.8445e-63 -2.6237e-65 -2.2342e-67 -1.7563e-69 -1.2746e-71 -8.5394e-74 -5.2816e-76 -3.0157e-78 -1.5896e-80 -7.7351e-83 -3.4748e-85 -1.4410e-87 -5.5169e-90 -1.9498e-92 -6.3618e-95 -1.9162e-97 -5.3282e-100 -1.3677e-102 -3.2411e-105 -7.0902e-108 -1.4319e-110 -2.6695e-113 -4.5944e-116 -7.2998e-119 -1.0707e-121 -1.4497e-124 -1.8121e-127 -2.0910e-130 -2.2275e-133 -2.1905e-136 -1.9885e-139 -1.6665e-142 -1.2893e-145 -9.2079e-149 -6.0708e-152 -3.6950e-155 -2.0761e-158 -1.0768e-161 -5.1561e-165 1.2665e-04 1.1228e-04 9.1760e-05 0.0000e+00 4.7594e-05 2.9983e-05 1.7131e-05 8.7746e-06 3.9461e-06 1.4903e-06 4.1591e-07 3.3812e-08 -5.7145e-08 -5.2882e-08 -3.1304e-08 -1.4993e-08 -6.1992e-09 -2.2737e-09 -7.5016e-10 -2.2443e-10 -6.1198e-11 -1.5259e-11 -3.4874e-12 -7.3174e-13 -1.4113e-13 -2.5043e-14 -4.0913e-15 -6.1572e-16 -8.5395e-17 -1.0918e-17 -1.2873e-18 -1.3998e-19 -1.4042e-20 -1.2997e-21 -1.1100e-22 -8.7481e-24 -6.3632e-25 -4.2719e-26 -2.6472e-27 -1.5142e-28 -7.9951e-30 -3.8971e-31 -1.7536e-32 -7.2848e-34 -2.7938e-35 -9.8920e-37 -3.2336e-38 -9.7588e-40 -2.7191e-41 -6.9950e-43 -1.6614e-44 -3.6432e-46 -7.3762e-48 -1.3788e-49 -2.3797e-51 -3.7919e-53 -5.5787e-55 -7.5778e-57 -9.5036e-59 -1.1004e-60 -1.1765e-62 -1.1612e-64 -1.0583e-66 -8.9046e-69 -6.9176e-71 -4.9617e-73 -3.2857e-75 -2.0089e-77 -1.1340e-79 -5.9104e-82 -2.8440e-84 -1.2635e-86 -5.1825e-89 -1.9626e-91 -6.8618e-94 -2.2150e-96 -6.6014e-99 -1.8164e-101 -4.6143e-104 -1.0822e-106 -2.3434e-109 -4.6849e-112 -8.6470e-115 -1.4735e-117 -2.3181e-120 -3.3670e-123 -4.5151e-126 -5.5898e-129 -6.3891e-132 -6.7420e-135 -6.5682e-138 -5.9076e-141 -4.9056e-144 -3.7607e-147 -2.6617e-150 -1.7392e-153 -1.0492e-156 -5.8431e-160 -3.0043e-163 -1.4261e-166
-9.5522e-05 -1.0473e-04 -1.1580e-04 -1.2402e-04 2.5085e-03 -1.1837e-04 -1.0351e-04 -8.3684e-05 -6.2479e-05 -4.3060e-05 -2.7392e-05 -1.6083e-05 -8.7166e-06 -4.3608e-06 -2.0140e-06 -8.5868e-07 -3.3799e-07 -1.2282e-07 -4.1208e-08 -1.2764e-08 -3.6505e-09 -9.6388e-10 -2.3498e-10 -5.2890e-11 -1.0991e-11 -2.1089e-12 -3.7359e-13 -6.1105e-14 -9.2275e-15 -1.2865e-15 -1.6561e-16 -1.9683e-17 -2.1598e-18 -2.1881e-19 -2.0466e-20 -1.7674e-21 -1.4091e-22 -1.0373e-23 -7.0493e-25 -4.4230e-26 -2.5622e-27 -1.3703e-28 -6.7658e-30 -3.0842e-31 -1.2980e-32 -5.0432e-34 -1.8091e-35 -5.9911e-37 -1.8317e-38 -5.1703e-40 -1.3473e-41 -3.2414e-43 -7.1994e-45 -1.4762e-46 -2.7945e-48 -4.8838e-50 -7.8796e-52 -1.1737e-53 -1.6139e-55 -2.0488e-57 -2.4012e-59 -2.5980e-61 -2.5950e-63 -2.3929e-65 -2.0370e-67 -1.6009e-69 -1.1615e-71 -7.7797e-74 -4.8105e-76 -2.7460e-78 -1.4471e-80 -7.0400e-83 -3.1618e-85 -1.3109e-87 -5.0178e-90 -1.7731e-92 -5.7839e-95 -1.7418e-97 -4.8422e-100 -1.2427e-102 -2.9444e-105 -6.4400e-108 -1.3003e-110 -2.4238e-113 -4.1709e-116 -6.6257e-119 -9.7166e-122 -1.3154e-124 -1.6440e-127 -1.8968e-130 -2.0202e-133 -1.9864e-136 -1.8030e-139 -1.5108e-142 -1.1686e-145 -8.3453e-149 -5.5014e-152 -3.3479e-155 -1.8808e-158 -9.7544e-162 8.8358e-05 7.8286e-05 6.3802e-05 4.7594e-05 0.0000e+00 1.9512e-05 1.0268e-05 4.3885e-06 1.1895e-06 -2.1255e-07 -6.0831e-07 -5.5766e-07 -3.8057e-07 -2.1851e-07 -1.1013e-07 -4.9691e-08 -2.0285e-08 -7.5398e-09 -2.5618e-09 -7.9785e-10 -2.2818e-10 -6.0005e-11 -1.4524e-11 -3.2379e-12 -6.6524e-13 -1.2601e-13 -2.2013e-14 -3.5475e-15 -5.2749e-16 -7.2379e-17 -9.1662e-18 -1.0715e-18 -1.1562e-19 -1.1517e-20 -1.0591e-21 -8.9925e-23 -7.0493e-24 -5.1022e-25 -3.4097e-26 -2.1040e-27 -1.1988e-28 -6.3066e-30 -3.0636e-31 -1.3742e-32 -5.6915e-34 -2.1766e-35 -7.6865e-37 -2.5064e-38 -7.5465e-40 -2.0980e-41 -5.3860e-43 -1.2767e-44 -2.7943e-46 -5.6474e-48 -1.0539e-49 -1.8159e-51 -2.8891e-53 -4.2442e-55 -5.7569e-57 -7.2102e-59 -8.3381e-61 -8.9031e-63 -8.7775e-65 -7.9902e-67 -6.7157e-69 -5.2117e-71 -3.7343e-73 -2.4705e-75 -1.5091e-77 -8.5111e-80 -4.4320e-82 -2.1308e-84 -9.4589e-87 -3.8767e-89 -1.4670e-91 -5.1253e-94 -1.6533e-96 -4.9239e-99 -1.3539e-101 -3.4373e-104 -8.0567e-107 -1.7435e-109 -3.4835e-112 -6.4260e-115 -1.0944e-117 -1.7208e-120 -2.4981e-123 -3.3482e-126 -4.1431e-129 -4.7333e-132 -4.9924e-135 -4.8615e-138 -4.3706e-141 -3.6277e-144 -2.7799e-147 -1.9667e-150 -1.2846e-153 -7.7460e-157 -4.3123e-160 -2.2164e-163
-6.3584e-05 -7.5456e-05 -9.1575e-05 -1.0740e-04 -1.1837e-04 3.6114e-03 -1.1468e-04 -1.0023e-04 -8.0860e-05 -6.0206e-05 -4.1377e-05 -2.6249e-05 -1.5373e-05 -8.3123e-06 -4.1496e-06 -1.9126e-06 -8.1396e-07 -3.1985e-07 -1.1605e-07 -3.8879e-08 -1.2027e-08 -3.4352e-09 -9.0601e-10 -2.2063e-10 -4.9610e-11 -1.0300e-11 -1.9745e-12 -3.4950e-13 -5.7119e-14 -8.6193e-15 -1.2009e-15 -1.5449e-16 -1.8350e-17 -2.0123e-18 -2.0375e-19 -1.9048e-20 -1.6441e-21 -1.3102e-22 -9.6401e-24 -6.5486e-25 -4.1071e-26 -2.3782e-27 -1.2714e-28 -6.2754e-30 -2.8597e-31 -1.2031e-32 -4.6731e-34 -1.6758e-35 -5.5480e-37 -1.6958e-38 -4.7853e-40 -1.2467e-41 -2.9985e-43 -6.6583e-45 -1.3649e-46 -2.5833e-48 -4.5137e-50 -7.2809e-52 -1.0843e-53 -1.4907e-55 -1.8920e-57 -2.2170e-59 -2.3983e-61 -2.3951e-63 -2.2082e-65 -1.8795e-67 -1.4769e-69 -1.0713e-71 -7.1747e-74 -4.4358e-76 -2.5317e-78 -1.3340e-80 -6.4890e-83 -2.9140e-85 -1.2080e-87 -4.6233e-90 -1.6335e-92 -5.3278e-95 -1.6043e-97 -4.4594e-100 -1.1444e-102 -2.7110e-105 -5.9290e-108 -1.1970e-110 -2.2311e-113 -3.8388e-116 -6.0976e-119 -8.9413e-122 -1.2104e-124 -1.5126e-127 -1.7450e-130 -1.8584e-133 -1.8271e-136 -1.6583e-139 -1.3894e-142 -1.0747e-145 -7.6737e-149 -5.0583e-152 -3.0780e-155 -1.7291e-158 5.6901e-05 5.0359e-05 4.0829e-05 2.9983e-05 1.9512e-05 0.0000e+00 4.3268e-06 3.7271e-07 -1.5516e-06 -2.0876e-06 -1.8673e-06 -1.3684e-06 -8.7222e-07 -4.9589e-07 -2.5473e-07 -1.1909e-07 -5.0907e-08 -1.9952e-08 -7.1847e-09 -2.3802e-09 -7.2613e-10 -2.0414e-10 -5.2917e-11 -1.2652e-11 -2.7910e-12 -5.6820e-13 -1.0677e-13 -1.8520e-14 -2.9659e-15 -4.3855e-16 -5.9873e-17 -7.5481e-18 -8.7871e-19 -9.4463e-20 -9.3777e-21 -8.5972e-22 -7.2785e-23 -5.6906e-24 -4.1088e-25 -2.7396e-26 -1.6869e-27 -9.5927e-29 -5.0374e-30 -2.4429e-31 -1.0940e-32 -4.5242e-34 -1.7278e-35 -6.0934e-37 -1.9844e-38 -5.9678e-40 -1.6573e-41 -4.2500e-43 -1.0064e-44 -2.2007e-46 -4.4435e-48 -8.2849e-50 -1.4264e-51 -2.2676e-53 -3.3287e-55 -4.5119e-57 -5.6470e-59 -6.5261e-61 -6.9639e-63 -6.8616e-65 -6.2425e-67 -5.2439e-69 -4.0673e-71 -2.9129e-73 -1.9261e-75 -1.1760e-77 -6.6294e-80 -3.4506e-82 -1.6583e-84 -7.3582e-87 -3.0146e-89 -1.1403e-91 -3.9825e-94 -1.2842e-96 -3.8233e-99 -1.0509e-101 -2.6672e-104 -6.2497e-107 -1.3521e-109 -2.7006e-112 -4.9802e-115 -8.4794e-118 -1.3329e-120 -1.9345e-123 -2.5921e-126 -3.2068e-129 -3.6626e-132 -3.8622e-135 -3.7601e-138 -3.3797e-141 -2.8046e-144 -2.1487e-147 -1.5198e-150 -9.9247e-154 -5.9836e-157 -3.3305e-160
-3.9270e-05 -5.0747e-05 -6.7588e-05 -8.6517e-05 -1.0351e-04 -1.1468e-04 4.9144e-03 -1.1080e-04 -9.6568e-05 -7.7685e-05 -5.7692e-05 -3.9557e-05 -2.5042e-05 -1.4639e-05 -7.9018e-06 -3.9387e-06 -1.8129e-06 -7.7058e-07 -3.0246e-07 -1.0963e-07 -3.6692e-08 -1.1341e-08 -3.2366e-09 -8.5299e-10 -2.0758e-10 -4.6646e-11 -9.6788e-12 -1.8544e-12 -3.2807e-13 -5.3592e-14 -8.0834e-15 -1.1258e-15 -1.4476e-16 -1.7188e-17 -1.8843e-18 -1.9073e-19 -1.7825e-20 -1.5381e-21 -1.2254e-22 -9.0134e-24 -6.1213e-25 -3.8382e-26 -2.2220e-27 -1.1876e-28 -5.8607e-30 -2.6701e-31 -1.1232e-32 -4.3617e-34 -1.5639e-35 -5.1766e-37 -1.5820e-38 -4.4636e-40 -1.1627e-41 -2.7961e-43 -6.2079e-45 -1.2724e-46 -2.4079e-48 -4.2067e-50 -6.7850e-52 -1.0103e-53 -1.3888e-55 -1.7626e-57 -2.0651e-59 -2.2337e-61 -2.2305e-63 -2.0563e-65 -1.7501e-67 -1.3750e-69 -9.9738e-72 -6.6788e-74 -4.1288e-76 -2.3564e-78 -1.2415e-80 -6.0386e-83 -2.7115e-85 -1.1240e-87 -4.3015e-90 -1.5197e-92 -4.9564e-95 -1.4923e-97 -4.1480e-100 -1.0644e-102 -2.5214e-105 -5.5139e-108 -1.1132e-110 -2.0747e-113 -3.5695e-116 -5.6695e-119 -8.3132e-122 -1.1253e-124 -1.4062e-127 -1.6221e-130 -1.7275e-133 -1.6983e-136 -1.5413e-139 -1.2914e-142 -9.9882e-146 -7.1317e-149 -4.7008e-152 -2.8604e-155 3.3825e-05 2.9880e-05 2.4009e-05 1.7131e-05 1.0268e-05 4.3268e-06 0.0000e+00 -2.7741e-06 -3.9029e-06 -3.8926e-06 -3.2366e-06 -2.3598e-06 -1.5422e-06 -9.1370e-07 -4.9392e-07 -2.4458e-07 -1.1122e-07 -4.6524e-08 -1.7924e-08 -6.3645e-09 -2.0842e-09 -6.2974e-10 -1.7560e-10 -4.5201e-11 -1.0742e-11 -2.3573e-12 -4.7769e-13 -8.9398e-14 -1.5452e-14 -2.4666e-15 -3.6366e-16 -4.9521e-17 -6.2284e-18 -7.2353e-19 -7.7631e-20 -7.6931e-21 -7.0413e-22 -5.9525e-23 -4.6475e-24 -3.3513e-25 -2.2320e-26 -1.3729e-27 -7.7987e-29 -4.0915e-30 -1.9824e-31 -8.8704e-33 -3.6656e-34 -1.3989e-35 -4.9299e-37 -1.6045e-38 -4.8223e-40 -1.3384e-41 -3.4304e-43 -8.1190e-45 -1.7745e-46 -3.5813e-48 -6.6745e-50 -1.1486e-51 -1.8253e-53 -2.6785e-55 -3.6292e-57 -4.5407e-59 -5.2459e-61 -5.5961e-63 -5.5121e-65 -5.0134e-67 -4.2102e-69 -3.2647e-71 -2.3375e-73 -1.5453e-75 -9.4324e-78 -5.3161e-80 -2.7664e-82 -1.3292e-84 -5.8968e-87 -2.4154e-89 -9.1349e-92 -3.1898e-94 -1.0284e-96 -3.0612e-99 -8.4132e-102 -2.1348e-104 -5.0016e-107 -1.0819e-109 -2.1606e-112 -3.9839e-115 -6.7822e-118 -1.0660e-120 -1.5469e-123 -2.0725e-126 -2.5636e-129 -2.9277e-132 -3.0869e-135 -3.0050e-138 -2.7007e-141 -2.2409e-144 -1.7166e-147 -1.2141e-150 -7.9276e-154 -4.7791e-157
-2.2494e-05 -3.1777e-05 -4.6367e-05 -6.4576e-05 -8.3684e-05 -1.0023e-04 -1.1080e-04 6.4173e-03 -1.0645e-04 -9.2540e-05 -7.4284e-05 -5.5063e-05 -3.7692e-05 -2.3828e-05 -1.3911e-05 -7.5008e-06 -3.7351e-06 -1.7177e-06 -7.2953e-07 -2.8614e-07 -1.0365e-07 -3.4671e-08 -1.0710e-08 -3.0552e-09 -8.0483e-10 -1.9578e-10 -4.3978e-11 -9.1222e-12 -1.7472e-12 -3.0902e-13 -5.0465e-14 -7.6099e-15 -1.0596e-15 -1.3622e-16 -1.6171e-17 -1.7724e-18 -1.7937e-19 -1.6760e-20 -1.4460e-21 -1.1518e-22 -8.4712e-24 -5.7523e-25 -3.6064e-26 -2.0875e-27 -1.1156e-28 -5.5048e-30 -2.5077e-31 -1.0547e-32 -4.0956e-34 -1.4683e-35 -4.8599e-37 -1.4851e-38 -4.1898e-40 -1.0913e-41 -2.6242e-43 -5.8259e-45 -1.1941e-46 -2.2594e-48 -3.9471e-50 -6.3658e-52 -9.4783e-54 -1.3029e-55 -1.6534e-57 -1.9371e-59 -2.0952e-61 -2.0921e-63 -1.9286e-65 -1.6413e-67 -1.2895e-69 -9.3530e-72 -6.2629e-74 -3.8715e-76 -2.2094e-78 -1.1640e-80 -5.6617e-83 -2.5422e-85 -1.0538e-87 -4.0326e-90 -1.4246e-92 -4.6462e-95 -1.3989e-97 -3.8882e-100 -9.9769e-103 -2.3633e-105 -5.1681e-108 -1.0433e-110 -1.9444e-113 -3.3454e-116 -5.3134e-119 -7.7908e-122 -1.0546e-124 -1.3178e-127 -1.5201e-130 -1.6188e-133 -1.5914e-136 -1.4443e-139 -1.2101e-142 -9.3590e-146 -6.6823e-149 -4.4045e-152 1.8560e-05 1.6347e-05 1.2944e-05 8.7746e-06 4.3885e-06 3.7271e-07 -2.7741e-06 0.0000e+00 -5.5493e-06 -5.3552e-06 -4.5253e-06 -3.4286e-06 -2.3568e-06 -1.4796e-06 -8.5165e-07 -4.5056e-07 -2.1945e-07 -9.8501e-08 -4.0777e-08 -1.5576e-08 -5.4924e-09 -1.7881e-09 -5.3759e-10 -1.4927e-10 -3.8285e-11 -9.0701e-12 -1.9849e-12 -4.0127e-13 -7.4937e-14 -1.2928e-14 -2.0602e-15 -3.0330e-16 -4.1246e-17 -5.1814e-18 -6.0125e-19 -6.4447e-20 -6.3809e-21 -5.8355e-22 -4.9294e-23 -3.8461e-24 -2.7717e-25 -1.8448e-26 -1.1341e-27 -6.4394e-29 -3.3768e-30 -1.6354e-31 -7.3149e-33 -3.0216e-34 -1.1527e-35 -4.0612e-37 -1.3214e-38 -3.9702e-40 -1.1016e-41 -2.8228e-43 -6.6794e-45 -1.4595e-46 -2.9451e-48 -5.4876e-50 -9.4420e-52 -1.5002e-53 -2.2010e-55 -2.9818e-57 -3.7302e-59 -4.3088e-61 -4.5959e-63 -4.5264e-65 -4.1163e-67 -3.4565e-69 -2.6799e-71 -1.9186e-73 -1.2682e-75 -7.7406e-78 -4.3622e-80 -2.2698e-82 -1.0905e-84 -4.8375e-87 -1.9813e-89 -7.4928e-92 -2.6162e-94 -8.4340e-97 -2.5104e-99 -6.8990e-102 -1.7505e-104 -4.1009e-107 -8.8702e-110 -1.7714e-112 -3.2660e-115 -5.5598e-118 -8.7383e-121 -1.2680e-123 -1.6987e-126 -2.1012e-129 -2.3995e-132 -2.5299e-135 -2.4626e-138 -2.2132e-141 -1.8363e-144 -1.4067e-147 -9.9485e-151 -6.4958e-154
-1.1946e-05 -1.8489e-05 -2.9487e-05 -4.4571e-05 -6.2479e-05 -8.0860e-05 -9.6568e-05 -1.0645e-04 8.1201e-03 -1.0180e-04 -8.8348e-05 -7.0816e-05 -5.2429e-05 -3.5852e-05 -2.2644e-05 -1.3210e-05 -7.1180e-06 -3.5425e-06 -1.6283e-06 -6.9125e-07 -2.7102e-07 -9.8134e-08 -3.2816e-08 -1.0134e-08 -2.8903e-09 -7.6121e-10 -1.8513e-10 -4.1578e-11 -8.6229e-12 -1.6513e-12 -2.9202e-13 -4.7683e-14 -7.1895e-15 -1.0009e-15 -1.2867e-16 -1.5273e-17 -1.6738e-18 -1.6938e-19 -1.5826e-20 -1.3653e-21 -1.0874e-22 -7.9973e-24 -5.4302e-25 -3.4043e-26 -1.9704e-27 -1.0530e-28 -5.1955e-30 -2.3667e-31 -9.9539e-33 -3.8651e-34 -1.3856e-35 -4.5860e-37 -1.4014e-38 -3.9534e-40 -1.0297e-41 -2.4760e-43 -5.4967e-45 -1.1266e-46 -2.1317e-48 -3.7238e-50 -6.0056e-52 -8.9418e-54 -1.2291e-55 -1.5598e-57 -1.8274e-59 -1.9764e-61 -1.9735e-63 -1.8192e-65 -1.5482e-67 -1.2164e-69 -8.8224e-72 -5.9075e-74 -3.6518e-76 -2.0840e-78 -1.0979e-80 -5.3401e-83 -2.3978e-85 -9.9392e-88 -3.8034e-90 -1.3437e-92 -4.3821e-95 -1.3194e-97 -3.6671e-100 -9.4095e-103 -2.2289e-105 -4.8742e-108 -9.8398e-111 -1.8338e-113 -3.1550e-116 -5.0111e-119 -7.3474e-122 -9.9453e-125 -1.2427e-127 -1.4336e-130 -1.5266e-133 -1.5008e-136 -1.3621e-139 -1.1411e-142 -8.8259e-146 -6.3017e-149 9.4004e-06 8.2432e-06 6.3789e-06 3.9461e-06 1.1895e-06 -1.5516e-06 -3.9029e-06 -5.5493e-06 0.0000e+00 -6.2491e-06 -5.5190e-06 -4.4176e-06 -3.2290e-06 -2.1646e-06 -1.3343e-06 -7.5753e-07 -3.9656e-07 -1.9155e-07 -8.5413e-08 -3.5170e-08 -1.3376e-08 -4.6994e-09 -1.5253e-09 -4.5741e-10 -1.2673e-10 -3.2444e-11 -7.6740e-12 -1.6771e-12 -3.3863e-13 -6.3173e-14 -1.0888e-14 -1.7338e-15 -2.5507e-16 -3.4665e-17 -4.3522e-18 -5.0478e-19 -5.4083e-20 -5.3526e-21 -4.8934e-22 -4.1323e-23 -3.2232e-24 -2.3222e-25 -1.5453e-26 -9.4979e-28 -5.3917e-29 -2.8269e-30 -1.3689e-31 -6.1219e-33 -2.5285e-34 -9.6450e-36 -3.3977e-37 -1.1054e-38 -3.3210e-40 -9.2142e-42 -2.3609e-43 -5.5860e-45 -1.2205e-46 -2.4627e-48 -4.5885e-50 -7.8948e-52 -1.2543e-53 -1.8402e-55 -2.4930e-57 -3.1185e-59 -3.6022e-61 -3.8421e-63 -3.7839e-65 -3.4410e-67 -2.8894e-69 -2.2402e-71 -1.6038e-73 -1.0601e-75 -6.4705e-78 -3.6464e-80 -1.8974e-82 -9.1157e-85 -4.0437e-87 -1.6562e-89 -6.2632e-92 -2.1869e-94 -7.0500e-97 -2.0984e-99 -5.7669e-102 -1.4633e-104 -3.4280e-107 -7.4147e-110 -1.4807e-112 -2.7301e-115 -4.6476e-118 -7.3046e-121 -1.0600e-123 -1.4201e-126 -1.7565e-129 -2.0059e-132 -2.1149e-135 -2.0587e-138 -1.8502e-141 -1.5351e-144 -1.1760e-147 -8.3169e-151
-5.8790e-06 -9.9782e-06 -1.7353e-05 -2.8419e-05 -4.3060e-05 -6.0206e-05 -7.7685e-05 -9.2540e-05 -1.0180e-04 1.0023e-02 -9.7072e-05 -8.4158e-05 -6.7401e-05 -4.9865e-05 -3.4079e-05 -2.1515e-05 -1.2546e-05 -6.7581e-06 -3.3624e-06 -1.5452e-06 -6.5582e-07 -2.5709e-07 -9.3076e-08 -3.1121e-08 -9.6099e-09 -2.7404e-09 -7.2169e-10 -1.7551e-10 -3.9415e-11 -8.1738e-12 -1.5653e-12 -2.7679e-13 -4.5195e-14 -6.8141e-15 -9.4865e-16 -1.2195e-16 -1.4474e-17 -1.5863e-18 -1.6052e-19 -1.4998e-20 -1.2938e-21 -1.0306e-22 -7.5789e-24 -5.1461e-25 -3.2262e-26 -1.8674e-27 -9.9792e-29 -4.9237e-30 -2.2429e-31 -9.4332e-33 -3.6629e-34 -1.3131e-35 -4.3462e-37 -1.3281e-38 -3.7467e-40 -9.7586e-42 -2.3466e-43 -5.2094e-45 -1.0677e-46 -2.0203e-48 -3.5292e-50 -5.6918e-52 -8.4747e-54 -1.1649e-55 -1.4783e-57 -1.7319e-59 -1.8732e-61 -1.8705e-63 -1.7242e-65 -1.4674e-67 -1.1529e-69 -8.3619e-72 -5.5992e-74 -3.4613e-76 -1.9753e-78 -1.0407e-80 -5.0616e-83 -2.2727e-85 -9.4209e-88 -3.6051e-90 -1.2736e-92 -4.1537e-95 -1.2506e-97 -3.4760e-100 -8.9192e-103 -2.1128e-105 -4.6202e-108 -9.3272e-111 -1.7383e-113 -2.9907e-116 -4.7501e-119 -6.9648e-122 -9.4275e-125 -1.1780e-127 -1.3589e-130 -1.4472e-133 -1.4227e-136 -1.2912e-139 -1.0818e-142 -8.3667e-146 4.3946e-06 3.8294e-06 2.8605e-06 1.4903e-06 -2.1255e-07 -2.0876e-06 -3.8926e-06 -5.3552e-06 -6.2491e-06 0.0000e+00 -6.0431e-06 -5.1522e-06 -4.0273e-06 -2.8950e-06 -1.9173e-06 -1.1712e-06 -6.6036e-07 -3.4385e-07 -1.6539e-07 -7.3502e-08 -3.0184e-08 -1.1455e-08 -4.0171e-09 -1.3020e-09 -3.8996e-10 -1.0794e-10 -2.7609e-11 -6.5257e-12 -1.4253e-12 -2.8765e-13 -5.3641e-14 -9.2422e-15 -1.4713e-15 -2.1639e-16 -2.9403e-17 -3.6910e-18 -4.2803e-19 -4.5855e-20 -4.5379e-21 -4.1483e-22 -3.5029e-23 -2.7322e-24 -1.9684e-25 -1.3099e-26 -8.0507e-28 -4.5702e-29 -2.3962e-30 -1.1604e-31 -5.1895e-33 -2.1435e-34 -8.1764e-36 -2.8804e-37 -9.3713e-39 -2.8156e-40 -7.8124e-42 -2.0018e-43 -4.7366e-45 -1.0350e-46 -2.0884e-48 -3.8914e-50 -6.6956e-52 -1.0638e-53 -1.5608e-55 -2.1146e-57 -2.6454e-59 -3.0558e-61 -3.2595e-63 -3.2103e-65 -2.9196e-67 -2.4516e-69 -1.9009e-71 -1.3609e-73 -8.9965e-76 -5.4912e-78 -3.0947e-80 -1.6104e-82 -7.7372e-85 -3.4324e-87 -1.4059e-89 -5.3168e-92 -1.8565e-94 -5.9853e-97 -1.7816e-99 -4.8964e-102 -1.2425e-104 -2.9108e-107 -6.2963e-110 -1.2574e-112 -2.3186e-115 -3.9471e-118 -6.2039e-121 -9.0027e-124 -1.2062e-126 -1.4920e-129 -1.7039e-132 -1.7966e-135 -1.7489e-138 -1.5718e-141 -1.3042e-144 -9.9911e-148
-2.6802e-06 -4.9889e-06 -9.4408e-06 -1.6731e-05 -2.7392e-05 -4.1377e-05 -5.7692e-05 -7.4284e-05 -8.8348e-05 -9.7072e-05 1.2125e-02 -9.2419e-05 -8.0083e-05 -6.4112e-05 -4.7418e-05 -3.2399e-05 -2.0451e-05 -1.1924e-05 -6.4225e-06 -3.1952e-06 -1.4683e-06 -6.2318e-07 -2.4429e-07 -8.8443e-08 -2.9572e-08 -9.1318e-09 -2.6042e-09 -6.8582e-10 -1.6679e-10 -3.7458e-11 -7.7683e-12 -1.4877e-12 -2.6308e-13 -4.2957e-14 -6.4771e-15 -9.0176e-16 -1.1592e-16 -1.3760e-17 -1.5081e-18 -1.5261e-19 -1.4260e-20 -1.2302e-21 -9.7989e-23 -7.2066e-24 -4.8935e-25 -3.0679e-26 -1.7758e-27 -9.4903e-29 -4.6826e-30 -2.1332e-31 -8.9719e-33 -3.4839e-34 -1.2490e-35 -4.1340e-37 -1.2633e-38 -3.5640e-40 -9.2830e-42 -2.2323e-43 -4.9558e-45 -1.0157e-46 -1.9220e-48 -3.3577e-50 -5.4153e-52 -8.0632e-54 -1.1084e-55 -1.4066e-57 -1.6479e-59 -1.7824e-61 -1.7798e-63 -1.6407e-65 -1.3963e-67 -1.0971e-69 -7.9575e-72 -5.3285e-74 -3.2940e-76 -1.8799e-78 -9.9042e-81 -4.8172e-83 -2.1630e-85 -8.9664e-88 -3.4313e-90 -1.2122e-92 -3.9535e-95 -1.1903e-97 -3.3086e-100 -8.4898e-103 -2.0111e-105 -4.3979e-108 -8.8786e-111 -1.6547e-113 -2.8469e-116 -4.5218e-119 -6.6302e-122 -8.9747e-125 -1.1215e-127 -1.2937e-130 -1.3777e-133 -1.3544e-136 -1.2292e-139 -1.0299e-142 1.8962e-06 1.6378e-06 1.1594e-06 4.1591e-07 -6.0831e-07 -1.8673e-06 -3.2366e-06 -4.5253e-06 -5.5190e-06 -6.0431e-06 0.0000e+00 -5.4921e-06 -4.6066e-06 -3.5601e-06 -2.5383e-06 -1.6710e-06 -1.0162e-06 -5.7102e-07 -2.9656e-07 -1.4236e-07 -6.3171e-08 -2.5911e-08 -9.8239e-09 -3.4428e-09 -1.1152e-09 -3.3389e-10 -9.2390e-11 -2.3627e-11 -5.5836e-12 -1.2194e-12 -2.4609e-13 -4.5890e-14 -7.9069e-15 -1.2588e-15 -1.8514e-16 -2.5159e-17 -3.1585e-18 -3.6632e-19 -3.9248e-20 -3.8845e-21 -3.5514e-22 -2.9992e-23 -2.3397e-24 -1.6858e-25 -1.1220e-26 -6.8968e-28 -3.9157e-29 -2.0533e-30 -9.9442e-32 -4.4479e-33 -1.8374e-34 -7.0099e-36 -2.4698e-37 -8.0363e-39 -2.4148e-40 -6.7011e-42 -1.7172e-43 -4.0638e-45 -8.8809e-47 -1.7922e-48 -3.3398e-50 -5.7472e-52 -9.1325e-54 -1.3400e-55 -1.8157e-57 -2.2716e-59 -2.6244e-61 -2.7995e-63 -2.7576e-65 -2.5081e-67 -2.1063e-69 -1.6333e-71 -1.1695e-73 -7.7314e-76 -4.7194e-78 -2.6600e-80 -1.3843e-82 -6.6514e-85 -2.9509e-87 -1.2088e-89 -4.5718e-92 -1.5965e-94 -5.1474e-97 -1.5323e-99 -4.2116e-102 -1.0688e-104 -2.5041e-107 -5.4168e-110 -1.0819e-112 -1.9950e-115 -3.3964e-118 -5.3387e-121 -7.7477e-124 -1.0381e-126 -1.2842e-129 -1.4667e-132 -1.5465e-135 -1.5055e-138 -1.3532e-141 -1.1229e-144
-1.1315e-06 -2.3085e-06 -4.7450e-06 -9.0929e-06 -1.6083e-05 -2.6249e-05 -3.9557e-05 -5.5063e-05 -7.0816e-05 -8.4158e-05 -9.2419e-05 1.4427e-02 -8.7938e-05 -7.6190e-05 -6.0992e-05 -4.5110e-05 -3.0823e-05 -1.9457e-05 -1.1346e-05 -6.1113e-06 -3.0406e-06 -1.3974e-06 -5.9315e-07 -2.3254e-07 -8.4199e-08 -2.8156e-08 -8.6954e-09 -2.4800e-09 -6.5318e-10 -1.5887e-10 -3.5682e-11 -7.4008e-12 -1.4174e-12 -2.5067e-13 -4.0936e-14 -6.1728e-15 -8.5947e-16 -1.1050e-16 -1.3117e-17 -1.4377e-18 -1.4550e-19 -1.3596e-20 -1.1730e-21 -9.3442e-23 -6.8726e-24 -4.6670e-25 -2.9261e-26 -1.6938e-27 -9.0526e-29 -4.4670e-30 -2.0350e-31 -8.5596e-33 -3.3240e-34 -1.1917e-35 -3.9446e-37 -1.2055e-38 -3.4011e-40 -8.8590e-42 -2.1304e-43 -4.7298e-45 -9.6948e-47 -1.8346e-48 -3.2050e-50 -5.1692e-52 -7.6971e-54 -1.0581e-55 -1.3428e-57 -1.5733e-59 -1.7017e-61 -1.6993e-63 -1.5666e-65 -1.3333e-67 -1.0476e-69 -7.5985e-72 -5.0883e-74 -3.1456e-76 -1.7952e-78 -9.4585e-81 -4.6006e-83 -2.0658e-85 -8.5636e-88 -3.2772e-90 -1.1578e-92 -3.7762e-95 -1.1370e-97 -3.1603e-100 -8.1096e-103 -1.9211e-105 -4.2012e-108 -8.4816e-111 -1.5807e-113 -2.7197e-116 -4.3199e-119 -6.3342e-122 -8.5742e-125 -1.0715e-127 -1.2360e-130 -1.3163e-133 -1.2941e-136 -1.1745e-139 7.5516e-07 6.4445e-07 4.2010e-07 3.3812e-08 -5.5766e-07 -1.3684e-06 -2.3598e-06 -3.4286e-06 -4.4176e-06 -5.1522e-06 -5.4921e-06 0.0000e+00 -4.8511e-06 -4.0374e-06 -3.1032e-06 -2.2040e-06 -1.4469e-06 -8.7816e-07 -4.9277e-07 -2.5567e-07 -1.2265e-07 -5.4396e-08 -2.2305e-08 -8.4556e-09 -2.9631e-09 -9.5985e-10 -2.8740e-10 -7.9535e-11 -2.0343e-11 -4.8085e-12 -1.0504e-12 -2.1202e-13 -3.9546e-14 -6.8155e-15 -1.0853e-15 -1.5967e-16 -2.1703e-17 -2.7253e-18 -3.1616e-19 -3.3882e-20 -3.3542e-21 -3.0673e-22 -2.5910e-23 -2.0217e-24 -1.4570e-25 -9.6993e-27 -5.9635e-28 -3.3865e-29 -1.7762e-30 -8.6040e-32 -3.8493e-33 -1.5904e-34 -6.0688e-36 -2.1386e-37 -6.9600e-39 -2.0918e-40 -5.8057e-42 -1.4880e-43 -3.5220e-45 -7.6980e-47 -1.5537e-48 -2.8959e-50 -4.9841e-52 -7.9210e-54 -1.1624e-55 -1.5753e-57 -1.9711e-59 -2.2775e-61 -2.4299e-63 -2.3937e-65 -2.1774e-67 -1.8289e-69 -1.4183e-71 -1.0157e-73 -6.7154e-76 -4.0997e-78 -2.3110e-80 -1.2028e-82 -5.7800e-85 -2.5646e-87 -1.0506e-89 -3.9740e-92 -1.3879e-94 -4.4752e-97 -1.3323e-99 -3.6623e-102 -9.2946e-105 -2.1779e-107 -4.7117e-110 -9.4111e-113 -1.7356e-115 -2.9550e-118 -4.6453e-121 -6.7419e-124 -9.0340e-127 -1.1176e-129 -1.2765e-132 -1.3462e-135 -1.3106e-138 -1.1780e-141
-4.4219e-07 -9.8789e-07 -2.2023e-06 -4.5616e-06 -8.7166e-06 -1.5373e-05 -2.5042e-05 -3.7692e-05 -5.2429e-05 -6.7401e-05 -8.0083e-05 -8.7938e-05 1.6928e-02 -8.3686e-05 -7.2517e-05 -5.8061e-05 -4.2950e-05 -2.9353e-05 -1.8532e-05 -1.0809e-05 -5.8233e-06 -2.8980e-06 -1.3321e-06 -5.6553e-07 -2.2175e-07 -8.0307e-08 -2.6859e-08 -8.2963e-09 -2.3665e-09 -6.2339e-10 -1.5165e-10 -3.4065e-11 -7.0663e-12 -1.3535e-12 -2.3941e-13 -3.9101e-14 -5.8967e-15 -8.2112e-16 -1.0558e-16 -1.2534e-17 -1.3740e-18 -1.3907e-19 -1.2996e-20 -1.1214e-21 -8.9335e-23 -6.5711e-24 -4.4626e-25 -2.7982e-26 -1.6199e-27 -8.6582e-29 -4.2726e-30 -1.9466e-31 -8.1884e-33 -3.1800e-34 -1.1402e-35 -3.7743e-37 -1.1535e-38 -3.2546e-40 -8.4779e-42 -2.0389e-43 -4.5269e-45 -9.2793e-47 -1.7560e-48 -3.0680e-50 -4.9484e-52 -7.3686e-54 -1.0130e-55 -1.2856e-57 -1.5064e-59 -1.6294e-61 -1.6272e-63 -1.5001e-65 -1.2768e-67 -1.0032e-69 -7.2771e-72 -4.8732e-74 -3.0127e-76 -1.7195e-78 -9.0596e-81 -4.4067e-83 -1.9788e-85 -8.2033e-88 -3.1394e-90 -1.1092e-92 -3.6177e-95 -1.0893e-97 -3.0278e-100 -7.7698e-103 -1.8406e-105 -4.0254e-108 -8.1269e-111 -1.5147e-113 -2.6061e-116 -4.1396e-119 -6.0700e-122 -8.2167e-125 -1.0268e-127 -1.1845e-130 -1.2615e-133 -1.2403e-136 2.7756e-07 2.3306e-07 1.3340e-07 -5.7145e-08 -3.8057e-07 -8.7222e-07 -1.5422e-06 -2.3568e-06 -3.2290e-06 -4.0273e-06 -4.6066e-06 -4.8511e-06 0.0000e+00 -4.2292e-06 -3.5076e-06 -2.6898e-06 -1.9075e-06 -1.2511e-06 -7.5888e-07 -4.2572e-07 -2.2086e-07 -1.0596e-07 -4.7004e-08 -1.9279e-08 -7.3107e-09 -2.5628e-09 -8.3051e-10 -2.4877e-10 -6.8873e-11 -1.7623e-11 -4.1673e-12 -9.1068e-13 -1.8390e-13 -3.4315e-14 -5.9162e-15 -9.4245e-16 -1.3871e-16 -1.8861e-17 -2.3693e-18 -2.7495e-19 -2.9476e-20 -2.9190e-21 -2.6702e-22 -2.2563e-23 -1.7610e-24 -1.2696e-25 -8.4537e-27 -5.1991e-28 -2.9533e-29 -1.5494e-30 -7.5072e-32 -3.3594e-33 -1.3884e-34 -5.2990e-36 -1.8678e-37 -6.0799e-39 -1.8277e-40 -5.0737e-42 -1.3007e-43 -3.0792e-45 -6.7316e-47 -1.3589e-48 -2.5333e-50 -4.3608e-52 -6.9317e-54 -1.0174e-55 -1.3790e-57 -1.7258e-59 -1.9944e-61 -2.1281e-63 -2.0968e-65 -1.9076e-67 -1.6025e-69 -1.2429e-71 -8.9018e-74 -5.8866e-76 -3.5942e-78 -2.0263e-80 -1.0547e-82 -5.0692e-85 -2.2495e-87 -9.2166e-90 -3.4866e-92 -1.2178e-94 -3.9272e-97 -1.1693e-99 -3.2145e-102 -8.1590e-105 -1.9120e-107 -4.1369e-110 -8.2638e-113 -1.5241e-115 -2.5953e-118 -4.0807e-121 -5.9230e-124 -7.9372e-127 -9.8200e-130 -1.1217e-132 -1.1829e-135 -1.1518e-138
-1.5991e-07 -3.9076e-07 -9.4379e-07 -2.1122e-06 -4.3608e-06 -8.3123e-06 -1.4639e-05 -2.3828e-05 -3.5852e-05 -4.9865e-05 -6.4112e-05 -7.6190e-05 -8.3686e-05 1.9630e-02 -7.9689e-05 -6.9076e-05 -5.5324e-05 -4.0938e-05 -2.7987e-05 -1.7675e-05 -1.0312e-05 -5.5572e-06 -2.7663e-06 -1.2719e-06 -5.4011e-07 -2.1183e-07 -7.6732e-08 -2.5669e-08 -7.9303e-09 -2.2626e-09 -5.9612e-10 -1.4504e-10 -3.2586e-11 -6.7607e-12 -1.2952e-12 -2.2912e-13 -3.7427e-14 -5.6451e-15 -7.8619e-16 -1.0110e-16 -1.2004e-17 -1.3160e-18 -1.3322e-19 -1.2451e-20 -1.0744e-21 -8.5604e-23 -6.2972e-24 -4.2770e-25 -2.6821e-26 -1.5528e-27 -8.3005e-29 -4.0964e-30 -1.8665e-31 -7.8520e-33 -3.0496e-34 -1.0935e-35 -3.6201e-37 -1.1064e-38 -3.1220e-40 -8.1331e-42 -1.9561e-43 -4.3433e-45 -8.9035e-47 -1.6850e-48 -2.9441e-50 -4.7489e-52 -7.0719e-54 -9.7224e-56 -1.2340e-57 -1.4459e-59 -1.5641e-61 -1.5620e-63 -1.4401e-65 -1.2258e-67 -9.6318e-70 -6.9870e-72 -4.6791e-74 -2.8929e-76 -1.6511e-78 -8.7000e-81 -4.2320e-83 -1.9004e-85 -7.8785e-88 -3.0152e-90 -1.0653e-92 -3.4748e-95 -1.0463e-97 -2.9085e-100 -7.4637e-103 -1.7682e-105 -3.8670e-108 -7.8075e-111 -1.4552e-113 -2.5039e-116 -3.9772e-119 -5.8321e-122 -7.8949e-125 -9.8662e-128 -1.1382e-130 -1.2122e-133 9.4154e-08 7.7372e-08 3.5608e-08 -5.2882e-08 -2.1851e-07 -4.9589e-07 -9.1370e-07 -1.4796e-06 -2.1646e-06 -2.8950e-06 -3.5601e-06 -4.0374e-06 -4.2292e-06 0.0000e+00 -3.6677e-06 -3.0385e-06 -2.3288e-06 -1.6513e-06 -1.0831e-06 -6.5720e-07 -3.6884e-07 -1.9145e-07 -9.1898e-08 -4.0790e-08 -1.6741e-08 -6.3520e-09 -2.2281e-09 -7.2247e-10 -2.1654e-10 -5.9984e-11 -1.5357e-11 -3.6336e-12 -7.9447e-13 -1.6052e-13 -2.9967e-14 -5.1692e-15 -8.2384e-16 -1.2131e-16 -1.6502e-17 -2.0739e-18 -2.4077e-19 -2.5822e-20 -2.5581e-21 -2.3410e-22 -1.9788e-23 -1.5450e-24 -1.1142e-25 -7.4217e-27 -4.5659e-28 -2.5944e-29 -1.3615e-30 -6.5988e-32 -2.9538e-33 -1.2211e-34 -4.6617e-36 -1.6436e-37 -5.3514e-39 -1.6091e-40 -4.4679e-42 -1.1457e-43 -2.7128e-45 -5.9319e-47 -1.1977e-48 -2.2333e-50 -3.8451e-52 -6.1132e-54 -8.9746e-56 -1.2166e-57 -1.5229e-59 -1.7602e-61 -1.8785e-63 -1.8512e-65 -1.6845e-67 -1.4152e-69 -1.0979e-71 -7.8641e-74 -5.2012e-76 -3.1762e-78 -1.7909e-80 -9.3233e-83 -4.4815e-85 -1.9889e-87 -8.1502e-90 -3.0836e-92 -1.0772e-94 -3.4741e-97 -1.0345e-99 -2.8447e-102 -7.2210e-105 -1.6923e-107 -3.6617e-110 -7.3155e-113 -1.3494e-115 -2.2979e-118 -3.6130e-121 -5.2448e-124 -7.0292e-127 -8.6977e-130 -9.9363e-133 -1.0480e-135
-5.3497e-08 -1.4281e-07 -3.7337e-07 -9.0282e-07 -2.0140e-06 -4.1496e-06 -7.9018e-06 -1.3911e-05 -2.2644e-05 -3.4079e-05 -4.7418e-05 -6.0992e-05 -7.2517e-05 -7.9689e-05 2.2531e-02 -7.5954e-05 -6.5868e-05 -5.2777e-05 -3.9070e-05 -2.6720e-05 -1.6882e-05 -9.8524e-06 -5.3113e-06 -2.6447e-06 -1.2163e-06 -5.1668e-07 -2.0270e-07 -7.3442e-08 -2.4575e-08 -7.5939e-09 -2.1671e-09 -5.7108e-10 -1.3897e-10 -3.1230e-11 -6.4805e-12 -1.2417e-12 -2.1970e-13 -3.5894e-14 -5.4147e-15 -7.5422e-16 -9.7002e-17 -1.1519e-17 -1.2630e-18 -1.2787e-19 -1.1952e-20 -1.0315e-21 -8.2197e-23 -6.0473e-24 -4.1077e-25 -2.5761e-26 -1.4916e-27 -7.9742e-29 -3.9358e-30 -1.7935e-31 -7.5454e-33 -2.9308e-34 -1.0510e-35 -3.4795e-37 -1.0636e-38 -3.0013e-40 -7.8192e-42 -1.8807e-43 -4.1763e-45 -8.5616e-47 -1.6204e-48 -2.8314e-50 -4.5674e-52 -6.8020e-54 -9.3520e-56 -1.1870e-57 -1.3910e-59 -1.5048e-61 -1.5028e-63 -1.3856e-65 -1.1794e-67 -9.2681e-70 -6.7235e-72 -4.5029e-74 -2.7840e-76 -1.5891e-78 -8.3734e-81 -4.0733e-83 -1.8292e-85 -7.5837e-88 -2.9025e-90 -1.0256e-92 -3.3452e-95 -1.0073e-97 -2.8002e-100 -7.1861e-103 -1.7025e-105 -3.7235e-108 -7.5178e-111 -1.4013e-113 -2.4111e-116 -3.8300e-119 -5.6164e-122 -7.6032e-125 -9.5019e-128 -1.0962e-130 2.9475e-08 2.3542e-08 7.1083e-09 -3.1304e-08 -1.1013e-07 -2.5473e-07 -4.9392e-07 -8.5165e-07 -1.3343e-06 -1.9173e-06 -2.5383e-06 -3.1032e-06 -3.5076e-06 -3.6677e-06 0.0000e+00 -3.1776e-06 -2.6331e-06 -2.0190e-06 -1.4325e-06 -9.4034e-07 -5.7102e-07 -3.2074e-07 -1.6662e-07 -8.0048e-08 -3.5560e-08 -1.4606e-08 -5.5465e-09 -1.9471e-09 -6.3182e-10 -1.8950e-10 -5.2532e-11 -1.3458e-11 -3.1864e-12 -6.9713e-13 -1.4093e-13 -2.6326e-14 -4.5437e-15 -7.2453e-16 -1.0674e-16 -1.4527e-17 -1.8266e-18 -2.1216e-19 -2.2763e-20 -2.2561e-21 -2.0655e-22 -1.7466e-23 -1.3642e-24 -9.8422e-26 -6.5582e-27 -4.0361e-28 -2.2941e-29 -1.2043e-30 -5.8388e-32 -2.6143e-33 -1.0811e-34 -4.1284e-36 -1.4560e-37 -4.7418e-39 -1.4262e-40 -3.9611e-42 -1.0159e-43 -2.4062e-45 -5.2627e-47 -1.0629e-48 -1.9822e-50 -3.4136e-52 -5.4283e-54 -7.9708e-56 -1.0807e-57 -1.3531e-59 -1.5642e-61 -1.6697e-63 -1.6457e-65 -1.4977e-67 -1.2586e-69 -9.7651e-72 -6.9958e-74 -4.6276e-76 -2.8264e-78 -1.5939e-80 -8.2990e-83 -3.9902e-85 -1.7711e-87 -7.2584e-90 -2.7463e-92 -9.5949e-95 -3.0950e-97 -9.2176e-100 -2.5346e-102 -6.4347e-105 -1.5083e-107 -3.2641e-110 -6.5219e-113 -1.2031e-115 -2.0491e-118 -3.2222e-121 -4.6779e-124 -6.2701e-127 -7.7592e-130 -8.8650e-133
-1.6552e-08 -4.8211e-08 -1.3635e-07 -3.5620e-07 -8.5868e-07 -1.9126e-06 -3.9387e-06 -7.5008e-06 -1.3210e-05 -2.1515e-05 -3.2399e-05 -4.5110e-05 -5.8061e-05 -6.9076e-05 -7.5954e-05 2.5632e-02 -7.2477e-05 -6.2885e-05 -5.0412e-05 -3.7337e-05 -2.5546e-05 -1.6147e-05 -9.4270e-06 -5.0839e-06 -2.5323e-06 -1.1650e-06 -4.9504e-07 -1.9427e-07 -7.0407e-08 -2.3565e-08 -7.2839e-09 -2.0791e-09 -5.4802e-10 -1.3339e-10 -2.9982e-11 -6.2227e-12 -1.1926e-12 -2.1104e-13 -3.4485e-14 -5.2030e-15 -7.2485e-16 -9.3239e-17 -1.1074e-17 -1.2144e-18 -1.2296e-19 -1.1495e-20 -9.9219e-22 -7.9071e-23 -5.8180e-24 -3.9524e-25 -2.4790e-26 -1.4356e-27 -7.6752e-29 -3.7886e-30 -1.7266e-31 -7.2645e-33 -2.8219e-34 -1.0120e-35 -3.3509e-37 -1.0243e-38 -2.8908e-40 -7.5319e-42 -1.8117e-43 -4.0234e-45 -8.2488e-47 -1.5613e-48 -2.7283e-50 -4.4014e-52 -6.5552e-54 -9.0132e-56 -1.1441e-57 -1.3408e-59 -1.4505e-61 -1.4487e-63 -1.3358e-65 -1.1371e-67 -8.9359e-70 -6.4829e-72 -4.3419e-74 -2.6846e-76 -1.5324e-78 -8.0752e-81 -3.9284e-83 -1.7643e-85 -7.3146e-88 -2.7997e-90 -9.8924e-93 -3.2269e-95 -9.7172e-98 -2.7014e-100 -6.9327e-103 -1.6425e-105 -3.5924e-108 -7.2536e-111 -1.3520e-113 -2.3265e-116 -3.6958e-119 -5.4198e-122 -7.3372e-125 -9.1697e-128 8.5148e-09 6.5510e-09 5.0703e-10 -1.4993e-08 -4.9691e-08 -1.1909e-07 -2.4458e-07 -4.5056e-07 -7.5753e-07 -1.1712e-06 -1.6710e-06 -2.2040e-06 -2.6898e-06 -3.0385e-06 -3.1776e-06 0.0000e+00 -2.7568e-06 -2.2866e-06 -1.7552e-06 -1.2467e-06 -8.1929e-07 -4.9807e-07 -2.8006e-07 -1.4564e-07 -7.0042e-08 -3.1146e-08 -1.2805e-08 -4.8670e-09 -1.7100e-09 -5.5535e-10 -1.6670e-10 -4.6247e-11 -1.1857e-11 -2.8092e-12 -6.1502e-13 -1.2441e-13 -2.3255e-14 -4.0160e-15 -6.4075e-16 -9.4448e-17 -1.2861e-17 -1.6179e-18 -1.8801e-19 -2.0182e-20 -2.0012e-21 -1.8329e-22 -1.5506e-23 -1.2116e-24 -8.7446e-26 -5.8290e-27 -3.5886e-28 -2.0405e-29 -1.0715e-30 -5.1968e-32 -2.3276e-33 -9.6281e-35 -3.6779e-36 -1.2975e-37 -4.2268e-39 -1.2716e-40 -3.5328e-42 -9.0632e-44 -2.1471e-45 -4.6972e-47 -9.4889e-49 -1.7700e-50 -3.0489e-52 -4.8494e-54 -7.1223e-56 -9.6590e-58 -1.2095e-59 -1.3985e-61 -1.4931e-63 -1.4720e-65 -1.3399e-67 -1.1261e-69 -8.7400e-72 -6.2623e-74 -4.1429e-76 -2.5306e-78 -1.4273e-80 -7.4329e-83 -3.5739e-85 -1.5866e-87 -6.5033e-90 -2.4612e-92 -8.5998e-95 -2.7744e-97 -8.2638e-100 -2.2726e-102 -5.7704e-105 -1.3527e-107 -2.9278e-110 -5.8507e-113 -1.0794e-115 -1.8387e-118 -2.8916e-121 -4.1984e-124 -5.6280e-127 -6.9653e-130
