1.0040e-04 -4.7590e-04 -4.5303e-04 -4.2285e-04 -3.8697e-04 -3.4723e-04 -3.0550e-04 -2.6353e-04 -2.2290e-04 -1.8485e-04 -1.5030e-04 -1.1983e-04 -9.3668e-05 -7.1790e-05 -5.3947e-05 -3.9748e-05 -2.8714e-05 -2.0338e-05 -1.4124e-05 -9.6168e-06 -6.4200e-06 -4.2022e-06 -2.6968e-06 -1.6968e-06 -1.0468e-06 -6.3314e-07 -3.7546e-07 -2.1830e-07 -1.2444e-07 -6.9547e-08 -3.8108e-08 -2.0472e-08 -1.0783e-08 -5.5682e-09 -2.8190e-09 -1.3993e-09 -6.8092e-10 -3.2487e-10 -1.5196e-10 -6.9683e-11 -3.1328e-11 -1.3809e-11 -5.9670e-12 -2.5279e-12 -1.0499e-12 -4.2750e-13 -1.7065e-13 -6.6784e-14 -2.5622e-14 -9.6373e-15 -3.5536e-15 -1.2846e-15 -4.5526e-16 -1.5817e-16 -5.3871e-17 -1.7987e-17 -5.8878e-18 -1.8893e-18 -5.9435e-19 -1.8329e-19 -5.5414e-20 -1.6423e-20 -4.7716e-21 -1.3590e-21 -3.7946e-22 -1.0386e-22 -2.7869e-23 -7.3304e-24 -1.8902e-24 -4.7779e-25 -1.1839e-25 -2.8759e-26 -6.8481e-27 -1.5985e-27 -3.6579e-28 -8.2051e-29 -1.8042e-29 -3.8890e-30 -8.2176e-31 -1.7021e-31 -3.4561e-32 -6.8791e-33 -1.3422e-33 -2.5672e-34 -4.8131e-35 -8.8459e-36 -1.5937e-36 -2.8145e-37 -4.8723e-38 -8.2683e-39 -1.3754e-39 -2.2428e-40 -3.5849e-41 -5.6171e-42 -8.6273e-43 -1.2989e-43 -1.9169e-44 -2.7732e-45 -3.9326e-46 -5.4666e-47 0.0000e+00 -4.7571e-04 -4.5262e-04 -4.2217e-04 -3.8601e-04 -3.4599e-04 -3.0401e-04 -2.6186e-04 -2.2111e-04 -1.8302e-04 -1.4851e-04 -1.1813e-04 -9.2116e-05 -7.0414e-05 -5.2764e-05 -3.8760e-05 -2.7911e-05 -1.9703e-05 -1.3635e-05 -9.2492e-06 -6.1508e-06 -4.0097e-06 -2.5624e-06 -1.6052e-06 -9.8580e-07 -5.9346e-07 -3.5023e-07 -2.0262e-07 -1.1491e-07 -6.3882e-08 -3.4815e-08 -1.8599e-08 -9.7408e-09 -5.0009e-09 -2.5168e-09 -1.2417e-09 -6.0053e-10 -2.8471e-10 -1.3232e-10 -6.0285e-11 -2.6924e-11 -1.1788e-11 -5.0591e-12 -2.1285e-12 -8.7785e-13 -3.5491e-13 -1.4066e-13 -5.4650e-14 -2.0814e-14 -7.7708e-15 -2.8440e-15 -1.0204e-15 -3.5886e-16 -1.2372e-16 -4.1815e-17 -1.3853e-17 -4.4992e-18 -1.4324e-18 -4.4705e-19 -1.3677e-19 -4.1017e-20 -1.2059e-20 -3.4753e-21 -9.8180e-22 -2.7190e-22 -7.3815e-23 -1.9644e-23 -5.1246e-24 -1.3105e-24 -3.2853e-25 -8.0734e-26 -1.9449e-26 -4.5927e-27 -1.0631e-27 -2.4125e-28 -5.3664e-29 -1.1702e-29 -2.5013e-30 -5.2412e-31 -1.0766e-31 -2.1677e-32 -4.2786e-33 -8.2785e-34 -1.5702e-34 -2.9194e-35 -5.3208e-36 -9.5062e-37 -1.6649e-37 -2.8583e-38 -4.8103e-39 -7.9357e-40 -1.2833e-40 -2.0344e-41 -3.1614e-42 -4.8158e-43 -7.1912e-44 -1.0526e-44 -1.5104e-45 -2.1245e-46 -2.9292e-47
-4.7590e-04 4.0158e-04 -4.4142e-04 -4.1330e-04 -3.7976e-04 -3.4243e-04 -3.0300e-04 -2.6310e-04 -2.2419e-04 -1.8745e-04 -1.5379e-04 -1.2381e-04 -9.7801e-05 -7.5800e-05 -5.7641e-05 -4.3005e-05 -3.1479e-05 -2.2605e-05 -1.5925e-05 -1.1006e-05 -7.4616e-06 -4.9623e-06 -3.2371e-06 -2.0713e-06 -1.3000e-06 -8.0027e-07 -4.8318e-07 -2.8612e-07 -1.6616e-07 -9.4639e-08 -5.2861e-08 -2.8955e-08 -1.5554e-08 -8.1928e-09 -4.2319e-09 -2.1434e-09 -1.0646e-09 -5.1843e-10 -2.4755e-10 -1.1590e-10 -5.3208e-11 -2.3949e-11 -1.0569e-11 -4.5729e-12 -1.9399e-12 -8.0681e-13 -3.2898e-13 -1.3152e-13 -5.1545e-14 -1.9805e-14 -7.4604e-15 -2.7551e-15 -9.9743e-16 -3.5400e-16 -1.2317e-16 -4.2013e-17 -1.4048e-17 -4.6050e-18 -1.4798e-18 -4.6615e-19 -1.4395e-19 -4.3577e-20 -1.2932e-20 -3.7618e-21 -1.0727e-21 -2.9988e-22 -8.2174e-23 -2.2073e-23 -5.8123e-24 -1.5003e-24 -3.7961e-25 -9.4155e-26 -2.2892e-26 -5.4559e-27 -1.2746e-27 -2.9190e-28 -6.5527e-29 -1.4419e-29 -3.1102e-30 -6.5763e-31 -1.3630e-31 -2.7692e-32 -5.5148e-33 -1.0766e-33 -2.0601e-34 -3.8641e-35 -7.1047e-36 -1.2805e-36 -2.2622e-37 -3.9174e-38 -6.6498e-39 -1.1065e-39 -1.8047e-40 -2.8853e-41 -4.5216e-42 -6.9459e-43 -1.0459e-43 -1.5437e-44 -2.2335e-45 -3.1675e-46 -4.7571e-04 0.0000e+00 -4.3984e-04 -4.1068e-04 -3.7601e-04 -3.3758e-04 -2.9720e-04 -2.5656e-04 -2.1719e-04 -1.8029e-04 -1.4675e-04 -1.1713e-04 -9.1672e-05 -7.0355e-05 -5.2946e-05 -3.9071e-05 -2.8272e-05 -2.0060e-05 -1.3957e-05 -9.5217e-06 -6.3697e-06 -4.1783e-06 -2.6875e-06 -1.6950e-06 -1.0482e-06 -6.3565e-07 -3.7796e-07 -2.2036e-07 -1.2598e-07 -7.0617e-08 -3.8814e-08 -2.0918e-08 -1.1054e-08 -5.7275e-09 -2.9099e-09 -1.4495e-09 -7.0801e-10 -3.3907e-10 -1.5922e-10 -7.3308e-11 -3.3094e-11 -1.4648e-11 -6.3571e-12 -2.7051e-12 -1.1286e-12 -4.6166e-13 -1.8516e-13 -7.2812e-14 -2.8073e-14 -1.0612e-14 -3.9332e-15 -1.4293e-15 -5.0923e-16 -1.7788e-16 -6.0920e-17 -2.0456e-17 -6.7342e-18 -2.1736e-18 -6.8782e-19 -2.1340e-19 -6.4910e-20 -1.9357e-20 -5.6597e-21 -1.6223e-21 -4.5593e-22 -1.2562e-22 -3.3932e-23 -8.9862e-24 -2.3331e-24 -5.9387e-25 -1.4820e-25 -3.6258e-26 -8.6965e-27 -2.0449e-27 -4.7142e-28 -1.0654e-28 -2.3607e-29 -5.1278e-30 -1.0920e-30 -2.2797e-31 -4.6659e-32 -9.3620e-33 -1.8416e-33 -3.5513e-34 -6.7137e-35 -1.2443e-35 -2.2608e-36 -4.0269e-37 -7.0316e-38 -1.2037e-38 -2.0200e-39 -3.3232e-40 -5.3597e-41 -8.4741e-42 -1.3135e-42 -1.9957e-43 -2.9728e-44 -4.3410e-45 -6.2142e-46 -8.7206e-47
-4.5303e-04 -4.4142e-04 9.0353e-04 -3.9785e-04 -3.6797e-04 -3.3445e-04 -2.9870e-04 -2.6211e-04 -2.2597e-04 -1.9138e-04 -1.5921e-04 -1.3008e-04 -1.0438e-04 -8.2251e-05 -6.3636e-05 -4.8337e-05 -3.6043e-05 -2.6381e-05 -1.8951e-05 -1.3361e-05 -9.2433e-06 -6.2748e-06 -4.1793e-06 -2.7310e-06 -1.7507e-06 -1.1009e-06 -6.7905e-07 -4.1083e-07 -2.4377e-07 -1.4186e-07 -8.0965e-08 -4.5314e-08 -2.4870e-08 -1.3385e-08 -7.0632e-09 -3.6548e-09 -1.8543e-09 -9.2241e-10 -4.4989e-10 -2.1513e-10 -1.0086e-10 -4.6359e-11 -2.0890e-11 -9.2290e-12 -3.9971e-12 -1.6972e-12 -7.0645e-13 -2.8828e-13 -1.1532e-13 -4.5224e-14 -1.7386e-14 -6.5521e-15 -2.4206e-15 -8.7663e-16 -3.1122e-16 -1.0831e-16 -3.6950e-17 -1.2357e-17 -4.0509e-18 -1.3018e-18 -4.1008e-19 -1.2663e-19 -3.8330e-20 -1.1373e-20 -3.3081e-21 -9.4320e-22 -2.6361e-22 -7.2220e-23 -1.9395e-23 -5.1057e-24 -1.3175e-24 -3.3326e-25 -8.2632e-26 -2.0084e-26 -4.7849e-27 -1.1175e-27 -2.5582e-28 -5.7405e-29 -1.2627e-29 -2.7226e-30 -5.7543e-31 -1.1921e-31 -2.4210e-32 -4.8194e-33 -9.4041e-34 -1.7988e-34 -3.3725e-35 -6.1981e-36 -1.1166e-36 -1.9718e-37 -3.4131e-38 -5.7911e-39 -9.6317e-40 -1.5703e-40 -2.5094e-41 -3.9309e-42 -6.0358e-43 -9.0846e-44 -1.3403e-44 -1.9383e-45 -4.5262e-04 -4.3984e-04 0.0000e+00 -3.9221e-04 -3.5990e-04 -3.2401e-04 -2.8617e-04 -2.4796e-04 -2.1079e-04 -1.7579e-04 -1.4382e-04 -1.1544e-04 -9.0896e-05 -7.0214e-05 -5.3208e-05 -3.9554e-05 -2.8846e-05 -2.0636e-05 -1.4482e-05 -9.9693e-06 -6.7322e-06 -4.4595e-06 -2.8976e-06 -1.8469e-06 -1.1546e-06 -7.0807e-07 -4.2590e-07 -2.5128e-07 -1.4541e-07 -8.2534e-08 -4.5947e-08 -2.5088e-08 -1.3435e-08 -7.0565e-09 -3.6350e-09 -1.8365e-09 -9.0993e-10 -4.4217e-10 -2.1072e-10 -9.8484e-11 -4.5139e-11 -2.0289e-11 -8.9435e-12 -3.8660e-12 -1.6388e-12 -6.8125e-13 -2.7771e-13 -1.1101e-13 -4.3515e-14 -1.6726e-14 -6.3044e-15 -2.3301e-15 -8.4445e-16 -3.0009e-16 -1.0457e-16 -3.5728e-17 -1.1970e-17 -3.9321e-18 -1.2665e-18 -3.9999e-19 -1.2386e-19 -3.7608e-20 -1.1196e-20 -3.2679e-21 -9.3523e-22 -2.6243e-22 -7.2198e-23 -1.9475e-23 -5.1503e-24 -1.3355e-24 -3.3950e-25 -8.4620e-26 -2.0679e-26 -4.9543e-27 -1.1637e-27 -2.6800e-28 -6.0509e-29 -1.3394e-29 -2.9068e-30 -6.1846e-31 -1.2901e-31 -2.6382e-32 -5.2893e-33 -1.0396e-33 -2.0034e-34 -3.7847e-35 -7.0095e-36 -1.2727e-36 -2.2655e-37 -3.9536e-38 -6.7638e-39 -1.1344e-39 -1.8653e-40 -3.0067e-41 -4.7513e-42 -7.3606e-43 -1.1179e-43 -1.6644e-44 -2.4292e-45 -3.4759e-46
-4.2285e-04 -4.1330e-04 -3.9785e-04 1.6062e-03 -3.5196e-04 -3.2336e-04 -2.9239e-04 -2.6017e-04 -2.2774e-04 -1.9606e-04 -1.6598e-04 -1.3813e-04 -1.1298e-04 -9.0798e-05 -7.1687e-05 -5.5590e-05 -4.2330e-05 -3.1647e-05 -2.3226e-05 -1.6731e-05 -1.1827e-05 -8.2042e-06 -5.5835e-06 -3.7280e-06 -2.4417e-06 -1.5686e-06 -9.8836e-07 -6.1077e-07 -3.7014e-07 -2.1997e-07 -1.2819e-07 -7.3250e-08 -4.1042e-08 -2.2547e-08 -1.2145e-08 -6.4135e-09 -3.3206e-09 -1.6856e-09 -8.3884e-10 -4.0926e-10 -1.9575e-10 -9.1788e-11 -4.2194e-11 -1.9014e-11 -8.3999e-12 -3.6378e-12 -1.5444e-12 -6.4276e-13 -2.6223e-13 -1.0488e-13 -4.1118e-14 -1.5803e-14 -5.9537e-15 -2.1988e-15 -7.9603e-16 -2.8250e-16 -9.8278e-17 -3.3515e-17 -1.1204e-17 -3.6713e-18 -1.1793e-18 -3.7135e-19 -1.1462e-19 -3.4681e-20 -1.0286e-20 -2.9906e-21 -8.5231e-22 -2.3811e-22 -6.5206e-23 -1.7504e-23 -4.6060e-24 -1.1881e-24 -3.0040e-25 -7.4453e-26 -1.8089e-26 -4.3079e-27 -1.0057e-27 -2.3013e-28 -5.1621e-29 -1.1350e-29 -2.4464e-30 -5.1687e-31 -1.0704e-31 -2.1731e-32 -4.3243e-33 -8.4351e-34 -1.6128e-34 -3.0229e-35 -5.5538e-36 -1.0002e-36 -1.7656e-37 -3.0553e-38 -5.1824e-39 -8.6167e-40 -1.4044e-40 -2.2436e-41 -3.5134e-42 -5.3933e-43 -8.1152e-44 -1.1969e-44 -4.2217e-04 -4.1068e-04 -3.9221e-04 0.0000e+00 -3.3851e-04 -3.0590e-04 -2.7139e-04 -2.3637e-04 -2.0209e-04 -1.6962e-04 -1.3976e-04 -1.1303e-04 -8.9738e-05 -6.9931e-05 -5.3491e-05 -4.0159e-05 -2.9593e-05 -2.1402e-05 -1.5191e-05 -1.0582e-05 -7.2341e-06 -4.8531e-06 -3.1949e-06 -2.0639e-06 -1.3083e-06 -8.1376e-07 -4.9663e-07 -2.9738e-07 -1.7471e-07 -1.0070e-07 -5.6943e-08 -3.1590e-08 -1.7192e-08 -9.1789e-09 -4.8073e-09 -2.4698e-09 -1.2446e-09 -6.1525e-10 -2.9831e-10 -1.4187e-10 -6.6180e-11 -3.0279e-11 -1.3587e-11 -5.9796e-12 -2.5810e-12 -1.0926e-12 -4.5360e-13 -1.8468e-13 -7.3741e-14 -2.8875e-14 -1.1088e-14 -4.1752e-15 -1.5418e-15 -5.5831e-16 -1.9825e-16 -6.9031e-17 -2.3570e-17 -7.8913e-18 -2.5907e-18 -8.3398e-19 -2.6325e-19 -8.1476e-20 -2.4726e-20 -7.3575e-21 -2.1466e-21 -6.1409e-22 -1.7225e-22 -4.7370e-23 -1.2773e-23 -3.3770e-24 -8.7535e-25 -2.2247e-25 -5.5434e-26 -1.3543e-26 -3.2438e-27 -7.6176e-28 -1.7539e-28 -3.9591e-29 -8.7618e-30 -1.9011e-30 -4.0441e-31 -8.4340e-32 -1.7245e-32 -3.4568e-33 -6.7934e-34 -1.3089e-34 -2.4723e-35 -4.5782e-36 -8.3116e-37 -1.4793e-37 -2.5812e-38 -4.4155e-39 -7.4047e-40 -1.2174e-40 -1.9621e-41 -3.1003e-42 -4.8024e-43 -7.2929e-44 -1.0857e-44 -1.5845e-45
-3.8697e-04 -3.7976e-04 -3.6797e-04 -3.5196e-04 2.5095e-03 -3.0928e-04 -2.8390e-04 -2.5684e-04 -2.2888e-04 -2.0081e-04 -1.7339e-04 -1.4728e-04 -1.2300e-04 -1.0098e-04 -8.1451e-05 -6.4538e-05 -5.0218e-05 -3.8364e-05 -2.8768e-05 -2.1172e-05 -1.5289e-05 -1.0833e-05 -7.5292e-06 -5.1332e-06 -3.4326e-06 -2.2512e-06 -1.4478e-06 -9.1313e-07 -5.6472e-07 -3.4245e-07 -2.0361e-07 -1.1870e-07 -6.7846e-08 -3.8020e-08 -2.0888e-08 -1.1251e-08 -5.9413e-09 -3.0758e-09 -1.5610e-09 -7.7669e-10 -3.7884e-10 -1.8115e-10 -8.4917e-11 -3.9022e-11 -1.7579e-11 -7.7630e-12 -3.3607e-12 -1.4262e-12 -5.9335e-13 -2.4198e-13 -9.6741e-14 -3.7913e-14 -1.4565e-14 -5.4853e-15 -2.0250e-15 -7.3283e-16 -2.5997e-16 -9.0407e-17 -3.0819e-17 -1.0299e-17 -3.3736e-18 -1.0833e-18 -3.4098e-19 -1.0521e-19 -3.1824e-20 -9.4356e-21 -2.7424e-21 -7.8132e-22 -2.1821e-22 -5.9738e-23 -1.6031e-23 -4.2172e-24 -1.0875e-24 -2.7488e-25 -6.8111e-26 -1.6543e-26 -3.9387e-27 -9.1925e-28 -2.1030e-28 -4.7162e-29 -1.0367e-29 -2.2340e-30 -4.7188e-31 -9.7703e-32 -1.9830e-32 -3.9452e-33 -7.6939e-34 -1.4708e-34 -2.7561e-35 -5.0626e-36 -9.1155e-37 -1.6089e-37 -2.7834e-38 -4.7204e-39 -7.8470e-40 -1.2787e-40 -2.0424e-41 -3.1979e-42 -4.9081e-43 -7.3839e-44 -3.8601e-04 -3.7601e-04 -3.5990e-04 -3.3851e-04 0.0000e+00 -2.8409e-04 -2.5347e-04 -2.2220e-04 -1.9137e-04 -1.6192e-04 -1.3459e-04 -1.0989e-04 -8.8138e-05 -6.9432e-05 -5.3720e-05 -4.0819e-05 -3.0460e-05 -2.2319e-05 -1.6059e-05 -1.1345e-05 -7.8684e-06 -5.3577e-06 -3.5813e-06 -2.3499e-06 -1.5135e-06 -9.5676e-07 -5.9361e-07 -3.6145e-07 -2.1599e-07 -1.2665e-07 -7.2879e-08 -4.1148e-08 -2.2796e-08 -1.2391e-08 -6.6077e-09 -3.4571e-09 -1.7744e-09 -8.9346e-10 -4.4132e-10 -2.1384e-10 -1.0163e-10 -4.7382e-11 -2.1667e-11 -9.7183e-12 -4.2753e-12 -1.8447e-12 -7.8063e-13 -3.2399e-13 -1.3187e-13 -5.2643e-14 -2.0609e-14 -7.9121e-15 -2.9789e-15 -1.0998e-15 -3.9821e-16 -1.4138e-16 -4.9224e-17 -1.6805e-17 -5.6260e-18 -1.8468e-18 -5.9448e-19 -1.8764e-19 -5.8071e-20 -1.7622e-20 -5.2435e-21 -1.5298e-21 -4.3762e-22 -1.2274e-22 -3.3756e-23 -9.1019e-24 -2.4063e-24 -6.2374e-25 -1.5852e-25 -3.9499e-26 -9.6498e-27 -2.3114e-27 -5.4279e-28 -1.2497e-28 -2.8210e-29 -6.2433e-30 -1.3546e-30 -2.8817e-31 -6.0098e-32 -1.2288e-32 -2.4633e-33 -4.8409e-34 -9.3271e-35 -1.7618e-35 -3.2626e-36 -5.9232e-37 -1.0542e-37 -1.8395e-38 -3.1468e-39 -5.2772e-40 -8.6762e-41 -1.3984e-41 -2.2096e-42 -3.4228e-43 -5.1979e-44 -7.7384e-45
-3.4723e-04 -3.4243e-04 -3.3445e-04 -3.2336e-04 -3.0928e-04 3.6135e-03 -2.7308e-04 -2.5169e-04 -2.2875e-04 -2.0486e-04 -1.8064e-04 -1.5675e-04 -1.3377e-04 -1.1221e-04 -9.2492e-05 -7.4878e-05 -5.9522e-05 -4.6446e-05 -3.5569e-05 -2.6729e-05 -1.9705e-05 -1.4251e-05 -1.0109e-05 -7.0333e-06 -4.7988e-06 -3.2108e-06 -2.1066e-06 -1.3552e-06 -8.5488e-07 -5.2873e-07 -3.2062e-07 -1.9062e-07 -1.1111e-07 -6.3494e-08 -3.5573e-08 -1.9539e-08 -1.0521e-08 -5.5541e-09 -2.8744e-09 -1.4583e-09 -7.2534e-10 -3.5367e-10 -1.6905e-10 -7.9218e-11 -3.6391e-11 -1.6388e-11 -7.2345e-12 -3.1308e-12 -1.3282e-12 -5.5239e-13 -2.2521e-13 -9.0005e-14 -3.5262e-14 -1.3543e-14 -5.0987e-15 -1.8817e-15 -6.8079e-16 -2.4144e-16 -8.3941e-17 -2.8607e-17 -9.5571e-18 -3.1299e-18 -1.0048e-18 -3.1620e-19 -9.7543e-20 -2.9497e-20 -8.7438e-21 -2.5408e-21 -7.2373e-22 -2.0208e-22 -5.5312e-23 -1.4841e-23 -3.9032e-24 -1.0063e-24 -2.5433e-25 -6.3006e-26 -1.5301e-26 -3.6423e-27 -8.4993e-28 -1.9441e-28 -4.3591e-29 -9.5811e-30 -2.0642e-30 -4.3596e-31 -9.0254e-32 -1.8315e-32 -3.6434e-33 -7.1044e-34 -1.3579e-34 -2.5443e-35 -4.6729e-36 -8.4128e-37 -1.4846e-37 -2.5683e-38 -4.3550e-39 -7.2387e-40 -1.1794e-40 -1.8837e-41 -2.9490e-42 -4.5257e-43 -3.4599e-04 -3.3758e-04 -3.2401e-04 -3.0590e-04 -2.8409e-04 0.0000e+00 -2.3312e-04 -2.0596e-04 -1.7894e-04 -1.5286e-04 -1.2838e-04 -1.0601e-04 -8.6037e-05 -6.8635e-05 -5.3810e-05 -4.1455e-05 -3.1381e-05 -2.3338e-05 -1.7050e-05 -1.2236e-05 -8.6244e-06 -5.9698e-06 -4.0579e-06 -2.7084e-06 -1.7748e-06 -1.1418e-06 -7.2113e-07 -4.4706e-07 -2.7203e-07 -1.6246e-07 -9.5220e-08 -5.4769e-08 -3.0913e-08 -1.7121e-08 -9.3045e-09 -4.9612e-09 -2.5954e-09 -1.3320e-09 -6.7068e-10 -3.3127e-10 -1.6051e-10 -7.6293e-11 -3.5570e-11 -1.6267e-11 -7.2966e-12 -3.2102e-12 -1.3852e-12 -5.8626e-13 -2.4334e-13 -9.9060e-14 -3.9548e-14 -1.5484e-14 -5.9454e-15 -2.2387e-15 -8.2665e-16 -2.9933e-16 -1.0629e-16 -3.7011e-17 -1.2637e-17 -4.2311e-18 -1.3891e-18 -4.4720e-19 -1.4117e-19 -4.3694e-20 -1.3261e-20 -3.9463e-21 -1.1515e-21 -3.2942e-22 -9.2408e-23 -2.5416e-23 -6.8538e-24 -1.8122e-24 -4.6978e-25 -1.1940e-25 -2.9756e-26 -7.2701e-27 -1.7415e-27 -4.0902e-28 -9.4181e-29 -2.1262e-29 -4.7059e-30 -1.0211e-30 -2.1724e-31 -4.5311e-32 -9.2654e-33 -1.8575e-33 -3.6507e-34 -7.0345e-35 -1.3289e-35 -2.4610e-36 -4.4683e-37 -7.9535e-38 -1.3879e-38 -2.3744e-39 -3.9822e-40 -6.5475e-41 -1.0554e-41 -1.6677e-42 -2.5836e-43 -3.9237e-44
-3.0550e-04 -3.0300e-04 -2.9870e-04 -2.9239e-04 -2.8390e-04 -2.7308e-04 4.9180e-03 -2.4436e-04 -2.2676e-04 -2.0745e-04 -1.8692e-04 -1.6574e-04 -1.4452e-04 -1.2386e-04 -1.0429e-04 -8.6225e-05 -6.9986e-05 -5.5751e-05 -4.3578e-05 -3.3419e-05 -2.5140e-05 -1.8549e-05 -1.3423e-05 -9.5255e-06 -6.6289e-06 -4.5235e-06 -3.0267e-06 -1.9857e-06 -1.2773e-06 -8.0559e-07 -4.9814e-07 -3.0200e-07 -1.7950e-07 -1.0460e-07 -5.9756e-08 -3.3469e-08 -1.8377e-08 -9.8928e-09 -5.2208e-09 -2.7011e-09 -1.3700e-09 -6.8120e-10 -3.3205e-10 -1.5868e-10 -7.4334e-11 -3.4138e-11 -1.5369e-11 -6.7831e-12 -2.9348e-12 -1.2448e-12 -5.1756e-13 -2.1095e-13 -8.4291e-14 -3.3017e-14 -1.2678e-14 -4.7720e-15 -1.7608e-15 -6.3693e-16 -2.2585e-16 -7.8505e-17 -2.6750e-17 -8.9352e-18 -2.9257e-18 -9.3909e-19 -2.9548e-19 -9.1139e-20 -2.7556e-20 -8.1674e-21 -2.3730e-21 -6.7584e-22 -1.8869e-22 -5.1639e-23 -1.3854e-23 -3.6432e-24 -9.3918e-25 -2.3733e-25 -5.8789e-26 -1.4275e-26 -3.3978e-27 -7.9279e-28 -1.8133e-28 -4.0653e-29 -8.9344e-30 -1.9248e-30 -4.0646e-31 -8.4140e-32 -1.7073e-32 -3.3960e-33 -6.6215e-34 -1.2655e-34 -2.3710e-35 -4.3543e-36 -7.8386e-37 -1.3832e-37 -2.3926e-38 -4.0569e-39 -6.7428e-40 -1.0986e-40 -1.7544e-41 -2.7465e-42 -3.0401e-04 -2.9720e-04 -2.8617e-04 -2.7139e-04 -2.5347e-04 -2.3312e-04 0.0000e+00 -1.8820e-04 -1.6516e-04 -1.4264e-04 -1.2123e-04 -1.0137e-04 -8.3385e-05 -6.7461e-05 -5.3670e-05 -4.1982e-05 -3.2283e-05 -2.4400e-05 -1.8124e-05 -1.3229e-05 -9.4862e-06 -6.6825e-06 -4.6239e-06 -3.1422e-06 -2.0969e-06 -1.3741e-06 -8.8405e-07 -5.5838e-07 -3.4622e-07 -2.1071e-07 -1.2587e-07 -7.3794e-08 -4.2458e-08 -2.3972e-08 -1.3281e-08 -7.2198e-09 -3.8509e-09 -2.0152e-09 -1.0346e-09 -5.2111e-10 -2.5748e-10 -1.2480e-10 -5.9337e-11 -2.7673e-11 -1.2659e-11 -5.6802e-12 -2.4998e-12 -1.0790e-12 -4.5679e-13 -1.8966e-13 -7.7227e-14 -3.0840e-14 -1.2078e-14 -4.6387e-15 -1.7471e-15 -6.4528e-16 -2.3371e-16 -8.3009e-17 -2.8910e-17 -9.8735e-18 -3.3065e-18 -1.0858e-18 -3.4962e-19 -1.1039e-19 -3.4174e-20 -1.0374e-20 -3.0876e-21 -9.0106e-22 -2.5783e-22 -7.2338e-23 -1.9899e-23 -5.3671e-24 -1.4193e-24 -3.6799e-25 -9.3547e-26 -2.3315e-26 -5.6974e-27 -1.3650e-27 -3.2063e-28 -7.3838e-29 -1.6671e-29 -3.6904e-30 -8.0091e-31 -1.7041e-31 -3.5547e-32 -7.2697e-33 -1.4576e-33 -2.8651e-34 -5.5212e-35 -1.0431e-35 -1.9320e-36 -3.5082e-37 -6.2452e-38 -1.0899e-38 -1.8648e-39 -3.1278e-40 -5.1433e-41 -8.2912e-42 -1.3103e-42 -2.0301e-43
-2.6353e-04 -2.6310e-04 -2.6211e-04 -2.6017e-04 -2.5684e-04 -2.5169e-04 -2.4436e-04 6.4230e-03 -2.2244e-04 -2.0794e-04 -1.9145e-04 -1.7345e-04 -1.5450e-04 -1.3523e-04 -1.1625e-04 -9.8114e-05 -8.1276e-05 -6.6066e-05 -5.2687e-05 -4.1217e-05 -3.1626e-05 -2.3800e-05 -1.7564e-05 -1.2711e-05 -9.0208e-06 -6.2772e-06 -4.2829e-06 -2.8653e-06 -1.8794e-06 -1.2087e-06 -7.6213e-07 -4.7115e-07 -2.8556e-07 -1.6969e-07 -9.8855e-08 -5.6461e-08 -3.1615e-08 -1.7355e-08 -9.3404e-09 -4.9282e-09 -2.5491e-09 -1.2926e-09 -6.4260e-10 -3.1318e-10 -1.4963e-10 -7.0082e-11 -3.2179e-11 -1.4485e-11 -6.3918e-12 -2.7650e-12 -1.1726e-12 -4.8747e-13 -1.9866e-13 -7.9369e-14 -3.1084e-14 -1.1934e-14 -4.4916e-15 -1.6572e-15 -5.9936e-16 -2.1250e-16 -7.3858e-17 -2.5164e-17 -8.4045e-18 -2.7517e-18 -8.8315e-19 -2.7786e-19 -8.5695e-20 -2.5908e-20 -7.6782e-21 -2.2307e-21 -6.3526e-22 -1.7734e-22 -4.8531e-23 -1.3019e-23 -3.4234e-24 -8.8246e-25 -2.2298e-25 -5.5232e-26 -1.3410e-26 -3.1918e-27 -7.4469e-28 -1.7031e-28 -3.8182e-29 -8.3909e-30 -1.8076e-30 -3.8170e-31 -7.9009e-32 -1.6031e-32 -3.1886e-33 -6.2168e-34 -1.1881e-34 -2.2259e-35 -4.0876e-36 -7.3582e-37 -1.2984e-37 -2.2458e-38 -3.8078e-39 -6.3285e-40 -1.0310e-40 -1.6465e-41 -2.6186e-04 -2.5656e-04 -2.4796e-04 -2.3637e-04 -2.2220e-04 -2.0596e-04 -1.8820e-04 0.0000e+00 -1.5043e-04 -1.3152e-04 -1.1325e-04 -9.6026e-05 -8.0151e-05 -6.5841e-05 -5.3217e-05 -4.2313e-05 -3.3087e-05 -2.5441e-05 -1.9231e-05 -1.4288e-05 -1.0433e-05 -7.4846e-06 -5.2753e-06 -3.6523e-06 -2.4836e-06 -1.6585e-06 -1.0875e-06 -7.0014e-07 -4.4252e-07 -2.7457e-07 -1.6722e-07 -9.9953e-08 -5.8637e-08 -3.3758e-08 -1.9072e-08 -1.0572e-08 -5.7507e-09 -3.0690e-09 -1.6069e-09 -8.2542e-10 -4.1595e-10 -2.0562e-10 -9.9713e-11 -4.7431e-11 -2.2131e-11 -1.0128e-11 -4.5463e-12 -2.0016e-12 -8.6431e-13 -3.6603e-13 -1.5203e-13 -6.1928e-14 -2.4739e-14 -9.6916e-15 -3.7234e-15 -1.4028e-15 -5.1827e-16 -1.8777e-16 -6.6709e-17 -2.3240e-17 -7.9391e-18 -2.6594e-18 -8.7352e-19 -2.8134e-19 -8.8848e-20 -2.7512e-20 -8.3533e-21 -2.4868e-21 -7.2590e-22 -2.0776e-22 -5.8300e-23 -1.6041e-23 -4.3273e-24 -1.1445e-24 -2.9681e-25 -7.5465e-26 -1.8812e-26 -4.5977e-27 -1.1017e-27 -2.5883e-28 -5.9616e-29 -1.3462e-29 -2.9805e-30 -6.4694e-31 -1.3767e-31 -2.8722e-32 -5.8747e-33 -1.1780e-33 -2.3159e-34 -4.4635e-35 -8.4339e-36 -1.5623e-36 -2.8372e-37 -5.0513e-38 -8.8167e-39 -1.5087e-39 -2.5308e-40 -4.1620e-41 -6.7100e-42 -1.0605e-42
-2.2290e-04 -2.2419e-04 -2.2597e-04 -2.2774e-04 -2.2888e-04 -2.2875e-04 -2.2676e-04 -2.2244e-04 8.1283e-03 -2.0584e-04 -1.9362e-04 -1.7916e-04 -1.6296e-04 -1.4560e-04 -1.2775e-04 -1.1002e-04 -9.2980e-05 -7.7097e-05 -6.2712e-05 -5.0035e-05 -3.9153e-05 -3.0046e-05 -2.2612e-05 -1.6687e-05 -1.2076e-05 -8.5684e-06 -5.9615e-06 -4.0668e-06 -2.7202e-06 -1.7839e-06 -1.1470e-06 -7.2310e-07 -4.4693e-07 -2.7083e-07 -1.6091e-07 -9.3723e-08 -5.3521e-08 -2.9964e-08 -1.6446e-08 -8.8498e-09 -4.6686e-09 -2.4145e-09 -1.2242e-09 -6.0851e-10 -2.9652e-10 -1.4165e-10 -6.6340e-11 -3.0458e-11 -1.3709e-11 -6.0487e-12 -2.6164e-12 -1.1094e-12 -4.6118e-13 -1.8793e-13 -7.5076e-14 -2.9401e-14 -1.1287e-14 -4.2477e-15 -1.5671e-15 -5.6674e-16 -2.0093e-16 -6.9830e-17 -2.3790e-17 -7.9453e-18 -2.6012e-18 -8.3480e-19 -2.6263e-19 -8.0995e-20 -2.4486e-20 -7.2565e-21 -2.1080e-21 -6.0031e-22 -1.6758e-22 -4.5858e-23 -1.2301e-23 -3.2346e-24 -8.3376e-25 -2.1067e-25 -5.2180e-26 -1.2669e-26 -3.0153e-27 -7.0347e-28 -1.6088e-28 -3.6067e-29 -7.9258e-30 -1.7073e-30 -3.6052e-31 -7.4623e-32 -1.5141e-32 -3.0115e-33 -5.8713e-34 -1.1221e-34 -2.1021e-35 -3.8601e-36 -6.9486e-37 -1.2261e-37 -2.1207e-38 -3.5956e-39 -5.9758e-40 -9.7353e-41 -2.2111e-04 -2.1719e-04 -2.1079e-04 -2.0209e-04 -1.9137e-04 -1.7894e-04 -1.6516e-04 -1.5043e-04 0.0000e+00 -1.1976e-04 -1.0460e-04 -9.0025e-05 -7.6327e-05 -6.3726e-05 -5.2377e-05 -4.2367e-05 -3.3716e-05 -2.6392e-05 -2.0315e-05 -1.5374e-05 -1.1436e-05 -8.3598e-06 -6.0046e-06 -4.2371e-06 -2.9369e-06 -1.9993e-06 -1.3365e-06 -8.7728e-07 -5.6537e-07 -3.5768e-07 -2.2213e-07 -1.3540e-07 -8.1006e-08 -4.7561e-08 -2.7403e-08 -1.5493e-08 -8.5947e-09 -4.6782e-09 -2.4983e-09 -1.3089e-09 -6.7277e-10 -3.3923e-10 -1.6779e-10 -8.1410e-11 -3.8745e-11 -1.8087e-11 -8.2816e-12 -3.7192e-12 -1.6382e-12 -7.0768e-13 -2.9983e-13 -1.2458e-13 -5.0767e-14 -2.0288e-14 -7.9510e-15 -3.0557e-15 -1.1517e-15 -4.2563e-16 -1.5425e-16 -5.4819e-17 -1.9104e-17 -6.5279e-18 -2.1873e-18 -7.1865e-19 -2.3152e-19 -7.3135e-20 -2.2652e-20 -6.8795e-21 -2.0485e-21 -5.9811e-22 -1.7122e-22 -4.8058e-23 -1.3226e-23 -3.5686e-24 -9.4406e-25 -2.4487e-25 -6.2271e-26 -1.5526e-26 -3.7953e-27 -9.0960e-28 -2.1373e-28 -4.9237e-29 -1.1121e-29 -2.4625e-30 -5.3458e-31 -1.1378e-31 -2.3741e-32 -4.8566e-33 -9.7402e-34 -1.9151e-34 -3.6916e-35 -6.9763e-36 -1.2925e-36 -2.3475e-37 -4.1800e-38 -7.2968e-39 -1.2487e-39 -2.0950e-40 -3.4458e-41 -5.5560e-42
-1.8485e-04 -1.8745e-04 -1.9138e-04 -1.9606e-04 -2.0081e-04 -2.0486e-04 -2.0745e-04 -2.0794e-04 -2.0584e-04 1.0034e-02 -1.9297e-04 -1.8231e-04 -1.6926e-04 -1.5433e-04 -1.3815e-04 -1.2137e-04 -1.0462e-04 -8.8474e-05 -7.3391e-05 -5.9712e-05 -4.7647e-05 -3.7286e-05 -2.8613e-05 -2.1532e-05 -1.5889e-05 -1.1496e-05 -8.1564e-06 -5.6740e-06 -3.8702e-06 -2.5883e-06 -1.6972e-06 -1.0911e-06 -6.8778e-07 -4.2505e-07 -2.5754e-07 -1.5299e-07 -8.9105e-08 -5.0878e-08 -2.8482e-08 -1.5632e-08 -8.4107e-09 -4.4366e-09 -2.2944e-09 -1.1632e-09 -5.7815e-10 -2.8171e-10 -1.3457e-10 -6.3020e-11 -2.8932e-11 -1.3021e-11 -5.7450e-12 -2.4849e-12 -1.0536e-12 -4.3797e-13 -1.7847e-13 -7.1292e-14 -2.7918e-14 -1.0717e-14 -4.0333e-15 -1.4879e-15 -5.3810e-16 -1.9076e-16 -6.6297e-17 -2.2586e-17 -7.5429e-18 -2.4694e-18 -7.9249e-19 -2.4931e-19 -7.6887e-20 -2.3244e-20 -6.8881e-21 -2.0010e-21 -5.6982e-22 -1.5907e-22 -4.3527e-23 -1.1676e-23 -3.0701e-24 -7.9135e-25 -1.9995e-25 -4.9524e-26 -1.2024e-26 -2.8617e-27 -6.6765e-28 -1.5269e-28 -3.4229e-29 -7.5219e-30 -1.6203e-30 -3.4214e-31 -7.0819e-32 -1.4369e-32 -2.8579e-33 -5.5718e-34 -1.0648e-34 -1.9948e-35 -3.6632e-36 -6.5939e-37 -1.1635e-37 -2.0124e-38 -3.4120e-39 -5.6706e-40 -1.8302e-04 -1.8029e-04 -1.7579e-04 -1.6962e-04 -1.6192e-04 -1.5286e-04 -1.4264e-04 -1.3152e-04 -1.1976e-04 0.0000e+00 -9.5444e-05 -8.3461e-05 -7.1938e-05 -6.1092e-05 -5.1096e-05 -4.2074e-05 -3.4096e-05 -2.7185e-05 -2.1319e-05 -1.6440e-05 -1.2463e-05 -9.2860e-06 -6.7991e-06 -4.8912e-06 -3.4565e-06 -2.3992e-06 -1.6354e-06 -1.0947e-06 -7.1940e-07 -4.6415e-07 -2.9397e-07 -1.8275e-07 -1.1151e-07 -6.6775e-08 -3.9240e-08 -2.2628e-08 -1.2804e-08 -7.1086e-09 -3.8721e-09 -2.0693e-09 -1.0849e-09 -5.5799e-10 -2.8153e-10 -1.3933e-10 -6.7643e-11 -3.2211e-11 -1.5045e-11 -6.8921e-12 -3.0967e-12 -1.3646e-12 -5.8978e-13 -2.4999e-13 -1.0392e-13 -4.2363e-14 -1.6936e-14 -6.6399e-15 -2.5528e-15 -9.6246e-16 -3.5583e-16 -1.2900e-16 -4.5860e-17 -1.5986e-17 -5.4644e-18 -1.8315e-18 -6.0192e-19 -1.9397e-19 -6.1289e-20 -1.8988e-20 -5.7682e-21 -1.7181e-21 -5.0174e-22 -1.4367e-22 -4.0334e-23 -1.1102e-23 -2.9963e-24 -7.9284e-25 -2.0569e-25 -5.2318e-26 -1.3047e-26 -3.1900e-27 -7.6466e-28 -1.7971e-28 -4.1407e-29 -9.3537e-30 -2.0715e-30 -4.4979e-31 -9.5747e-32 -1.9982e-32 -4.0883e-33 -8.2005e-34 -1.6126e-34 -3.1090e-35 -5.8761e-36 -1.0888e-36 -1.9779e-37 -3.5223e-38 -6.1495e-39 -1.0525e-39 -1.7661e-40 -2.9051e-41
-1.5030e-04 -1.5379e-04 -1.5921e-04 -1.6598e-04 -1.7339e-04 -1.8064e-04 -1.8692e-04 -1.9145e-04 -1.9362e-04 -1.9297e-04 1.2140e-02 -1.8252e-04 -1.7291e-04 -1.6084e-04 -1.4686e-04 -1.3159e-04 -1.1568e-04 -9.9757e-05 -8.4383e-05 -7.0008e-05 -5.6964e-05 -4.5455e-05 -3.5570e-05 -2.7295e-05 -2.0539e-05 -1.5155e-05 -1.0964e-05 -7.7784e-06 -5.4107e-06 -3.6903e-06 -2.4678e-06 -1.6181e-06 -1.0402e-06 -6.5566e-07 -4.0518e-07 -2.4549e-07 -1.4583e-07 -8.4928e-08 -4.8492e-08 -2.7145e-08 -1.4897e-08 -8.0154e-09 -4.2280e-09 -2.1864e-09 -1.1085e-09 -5.5093e-10 -2.6845e-10 -1.2823e-10 -6.0050e-11 -2.7568e-11 -1.2407e-11 -5.4741e-12 -2.3677e-12 -1.0039e-12 -4.1731e-13 -1.7005e-13 -6.7928e-14 -2.6600e-14 -1.0212e-14 -3.8429e-15 -1.4177e-15 -5.1269e-16 -1.8176e-16 -6.3166e-17 -2.1520e-17 -7.1867e-18 -2.3528e-18 -7.5507e-19 -2.3754e-19 -7.3256e-20 -2.2146e-20 -6.5629e-21 -1.9065e-21 -5.4292e-22 -1.5156e-22 -4.1472e-23 -1.1125e-23 -2.9252e-24 -7.5399e-25 -1.9051e-25 -4.7186e-26 -1.1457e-26 -2.7267e-27 -6.3613e-28 -1.4548e-28 -3.2614e-29 -7.1669e-30 -1.5438e-30 -3.2600e-31 -6.7477e-32 -1.3691e-32 -2.7230e-33 -5.3089e-34 -1.0146e-34 -1.9007e-35 -3.4904e-36 -6.2829e-37 -1.1086e-37 -1.9175e-38 -3.2511e-39 -1.4851e-04 -1.4675e-04 -1.4382e-04 -1.3976e-04 -1.3459e-04 -1.2838e-04 -1.2123e-04 -1.1325e-04 -1.0460e-04 -9.5444e-05 0.0000e+00 -7.6456e-05 -6.7040e-05 -5.7945e-05 -4.9344e-05 -4.1382e-05 -3.4164e-05 -2.7756e-05 -2.2183e-05 -1.7435e-05 -1.3474e-05 -1.0235e-05 -7.6409e-06 -5.6047e-06 -4.0388e-06 -2.8587e-06 -1.9873e-06 -1.3566e-06 -9.0925e-07 -5.9831e-07 -3.8649e-07 -2.4506e-07 -1.5251e-07 -9.3154e-08 -5.5837e-08 -3.2843e-08 -1.8956e-08 -1.0735e-08 -5.9647e-09 -3.2515e-09 -1.7389e-09 -9.1232e-10 -4.6954e-10 -2.3705e-10 -1.1739e-10 -5.7025e-11 -2.7170e-11 -1.2697e-11 -5.8196e-12 -2.6161e-12 -1.1534e-12 -4.9873e-13 -2.1149e-13 -8.7952e-14 -3.5870e-14 -1.4346e-14 -5.6266e-15 -2.1640e-15 -8.1618e-16 -3.0186e-16 -1.0947e-16 -3.8930e-17 -1.3575e-17 -4.6416e-18 -1.5562e-18 -5.1159e-19 -1.6491e-19 -5.2121e-20 -1.6152e-20 -4.9079e-21 -1.4622e-21 -4.2712e-22 -1.2233e-22 -3.4352e-23 -9.4579e-24 -2.5531e-24 -6.7571e-25 -1.7534e-25 -4.4607e-26 -1.1126e-26 -2.7209e-27 -6.5235e-28 -1.5334e-28 -3.5338e-29 -7.9841e-30 -1.7685e-30 -3.8407e-31 -8.1770e-32 -1.7068e-32 -3.4926e-33 -7.0068e-34 -1.3781e-34 -2.6572e-35 -5.0230e-36 -9.3086e-37 -1.6912e-37 -3.0122e-38 -5.2596e-39 -9.0033e-40 -1.5109e-40
-1.1983e-04 -1.2381e-04 -1.3008e-04 -1.3813e-04 -1.4728e-04 -1.5675e-04 -1.6574e-04 -1.7345e-04 -1.7916e-04 -1.8231e-04 -1.8252e-04 1.4446e-02 -1.7356e-04 -1.6468e-04 -1.5335e-04 -1.4012e-04 -1.2561e-04 -1.1046e-04 -9.5276e-05 -8.0603e-05 -6.6877e-05 -5.4418e-05 -4.3424e-05 -3.3981e-05 -2.6075e-05 -1.9621e-05 -1.4477e-05 -1.0474e-05 -7.4307e-06 -5.1688e-06 -3.5253e-06 -2.3575e-06 -1.5457e-06 -9.9371e-07 -6.2634e-07 -3.8706e-07 -2.3452e-07 -1.3931e-07 -8.1133e-08 -4.6325e-08 -2.5933e-08 -1.4232e-08 -7.6576e-09 -4.0393e-09 -2.0889e-09 -1.0590e-09 -5.2638e-10 -2.5648e-10 -1.2252e-10 -5.7376e-11 -2.6341e-11 -1.1855e-11 -5.2306e-12 -2.2624e-12 -9.5931e-13 -3.9876e-13 -1.6249e-13 -6.4912e-14 -2.5420e-14 -9.7585e-15 -3.6724e-15 -1.3548e-15 -4.8997e-16 -1.7371e-16 -6.0369e-17 -2.0567e-17 -6.8687e-18 -2.2487e-18 -7.2167e-19 -2.2704e-19 -7.0018e-20 -2.1167e-20 -6.2730e-21 -1.8223e-21 -5.1895e-22 -1.4487e-22 -3.9642e-23 -1.0634e-23 -2.7962e-24 -7.2076e-25 -1.8212e-25 -4.5108e-26 -1.0952e-26 -2.6066e-27 -6.0813e-28 -1.3908e-28 -3.1179e-29 -6.8517e-30 -1.4760e-30 -3.1167e-31 -6.4512e-32 -1.3090e-32 -2.6034e-33 -5.0758e-34 -9.7005e-35 -1.8173e-35 -3.3372e-36 -6.0073e-37 -1.0600e-37 -1.8334e-38 -1.1813e-04 -1.1713e-04 -1.1544e-04 -1.1303e-04 -1.0989e-04 -1.0601e-04 -1.0137e-04 -9.6026e-05 -9.0025e-05 -8.3461e-05 -7.6456e-05 0.0000e+00 -6.1722e-05 -5.4322e-05 -4.7119e-05 -4.0260e-05 -3.3872e-05 -2.8047e-05 -2.2850e-05 -1.8310e-05 -1.4427e-05 -1.1174e-05 -8.5064e-06 -6.3630e-06 -4.6761e-06 -3.3755e-06 -2.3932e-06 -1.6662e-06 -1.1390e-06 -7.6448e-07 -5.0370e-07 -3.2577e-07 -2.0680e-07 -1.2884e-07 -7.8775e-08 -4.7264e-08 -2.7826e-08 -1.6075e-08 -9.1108e-09 -5.0663e-09 -2.7639e-09 -1.4792e-09 -7.7661e-10 -3.9996e-10 -2.0205e-10 -1.0012e-10 -4.8664e-11 -2.3199e-11 -1.0847e-11 -4.9744e-12 -2.2373e-12 -9.8688e-13 -4.2692e-13 -1.8112e-13 -7.5354e-14 -3.0745e-14 -1.2301e-14 -4.8265e-15 -1.8570e-15 -7.0064e-16 -2.5921e-16 -9.4039e-17 -3.3453e-17 -1.1669e-17 -3.9911e-18 -1.3385e-18 -4.4016e-19 -1.4192e-19 -4.4869e-20 -1.3909e-20 -4.2273e-21 -1.2597e-21 -3.6807e-22 -1.0544e-22 -2.9617e-23 -8.1561e-24 -2.2022e-24 -5.8296e-25 -1.5130e-25 -3.8501e-26 -9.6051e-27 -2.3493e-27 -5.6338e-28 -1.3245e-28 -3.0530e-29 -6.8991e-30 -1.5285e-30 -3.3198e-31 -7.0693e-32 -1.4758e-32 -3.0205e-33 -6.0606e-34 -1.1922e-34 -2.2991e-35 -4.3467e-36 -8.0564e-37 -1.4639e-37 -2.6077e-38 -4.5539e-39 -7.7964e-40
-9.3668e-05 -9.7801e-05 -1.0438e-04 -1.1298e-04 -1.2300e-04 -1.3377e-04 -1.4452e-04 -1.5450e-04 -1.6296e-04 -1.6926e-04 -1.7291e-04 -1.7356e-04 1.6952e-02 -1.6555e-04 -1.5721e-04 -1.4648e-04 -1.3390e-04 -1.2007e-04 -1.0561e-04 -9.1106e-05 -7.7084e-05 -6.3963e-05 -5.2050e-05 -4.1538e-05 -3.2506e-05 -2.4945e-05 -1.8772e-05 -1.3851e-05 -1.0022e-05 -7.1101e-06 -4.9460e-06 -3.3735e-06 -2.2561e-06 -1.4793e-06 -9.5107e-07 -5.9950e-07 -3.7049e-07 -2.2449e-07 -1.3336e-07 -7.7671e-08 -4.4351e-08 -2.4828e-08 -1.3627e-08 -7.3322e-09 -3.8679e-09 -2.0003e-09 -1.0142e-09 -5.0409e-10 -2.4564e-10 -1.1734e-10 -5.4954e-11 -2.5230e-11 -1.1355e-11 -5.0104e-12 -2.1672e-12 -9.1898e-13 -3.8201e-13 -1.5567e-13 -6.2189e-14 -2.4355e-14 -9.3498e-15 -3.5187e-15 -1.2982e-15 -4.6950e-16 -1.6645e-16 -5.7850e-17 -1.9709e-17 -6.5824e-18 -2.1550e-18 -6.9163e-19 -2.1759e-19 -6.7107e-20 -2.0288e-20 -6.0125e-21 -1.7467e-21 -4.9743e-22 -1.3886e-22 -3.8000e-23 -1.0194e-23 -2.6805e-24 -6.9094e-25 -1.7459e-25 -4.3243e-26 -1.0500e-26 -2.4990e-27 -5.8304e-28 -1.3334e-28 -2.9893e-29 -6.5693e-30 -1.4152e-30 -2.9883e-31 -6.1856e-32 -1.2551e-32 -2.4964e-33 -4.8671e-34 -9.3019e-35 -1.7426e-35 -3.2002e-36 -5.7607e-37 -1.0165e-37 -9.2116e-05 -9.1672e-05 -9.0896e-05 -8.9738e-05 -8.8138e-05 -8.6037e-05 -8.3385e-05 -8.0151e-05 -7.6327e-05 -7.1938e-05 -6.7040e-05 -6.1722e-05 0.0000e+00 -5.0289e-05 -4.4446e-05 -3.8703e-05 -3.3189e-05 -2.8016e-05 -2.3271e-05 -1.9013e-05 -1.5276e-05 -1.2066e-05 -9.3672e-06 -7.1460e-06 -5.3560e-06 -3.9433e-06 -2.8515e-06 -2.0249e-06 -1.4120e-06 -9.6662e-07 -6.4963e-07 -4.2857e-07 -2.7751e-07 -1.7636e-07 -1.0999e-07 -6.7321e-08 -4.0430e-08 -2.3825e-08 -1.3775e-08 -7.8139e-09 -4.3485e-09 -2.3741e-09 -1.2715e-09 -6.6802e-10 -3.4426e-10 -1.7403e-10 -8.6286e-11 -4.1963e-11 -2.0016e-11 -9.3639e-12 -4.2964e-12 -1.9333e-12 -8.5319e-13 -3.6926e-13 -1.5672e-13 -6.5233e-14 -2.6626e-14 -1.0658e-14 -4.1833e-15 -1.6101e-15 -6.0771e-16 -2.2491e-16 -8.1623e-17 -2.9046e-17 -1.0135e-17 -3.4675e-18 -1.1633e-18 -3.8264e-19 -1.2341e-19 -3.9027e-20 -1.2101e-20 -3.6789e-21 -1.0966e-21 -3.2049e-22 -9.1834e-23 -2.5800e-23 -7.1066e-24 -1.9192e-24 -5.0817e-25 -1.3192e-25 -3.3575e-26 -8.3781e-27 -2.0496e-27 -4.9160e-28 -1.1560e-28 -2.6650e-29 -6.0234e-30 -1.3347e-30 -2.8995e-31 -6.1752e-32 -1.2894e-32 -2.6393e-33 -5.2966e-34 -1.0421e-34 -2.0099e-35 -3.8005e-36 -7.0450e-37 -1.2803e-37 -2.2810e-38 -3.9839e-39
-7.1790e-05 -7.5800e-05 -8.2251e-05 -9.0798e-05 -1.0098e-04 -1.1221e-04 -1.2386e-04 -1.3523e-04 -1.4560e-04 -1.5433e-04 -1.6084e-04 -1.6468e-04 -1.6555e-04 1.9658e-02 -1.5819e-04 -1.5030e-04 -1.4010e-04 -1.2811e-04 -1.1490e-04 -1.0108e-04 -8.7212e-05 -7.3800e-05 -6.1246e-05 -4.9846e-05 -3.9783e-05 -3.1136e-05 -2.3897e-05 -1.7984e-05 -1.3272e-05 -9.6036e-06 -6.8140e-06 -4.7405e-06 -3.2336e-06 -2.1627e-06 -1.4183e-06 -9.1188e-07 -5.7484e-07 -3.5528e-07 -2.1529e-07 -1.2790e-07 -7.4499e-08 -4.2543e-08 -2.3818e-08 -1.3073e-08 -7.0348e-09 -3.7112e-09 -1.9194e-09 -9.7322e-10 -4.8377e-10 -2.3575e-10 -1.1263e-10 -5.2747e-11 -2.4218e-11 -1.0901e-11 -4.8100e-12 -2.0807e-12 -8.8232e-13 -3.6679e-13 -1.4948e-13 -5.9717e-14 -2.3387e-14 -8.9789e-15 -3.3793e-15 -1.2468e-15 -4.5093e-16 -1.5987e-16 -5.5566e-17 -1.8932e-17 -6.3230e-18 -2.0702e-18 -6.6443e-19 -2.0904e-19 -6.4472e-20 -1.9492e-20 -5.7768e-21 -1.6783e-21 -4.7795e-22 -1.3343e-22 -3.6515e-23 -9.7954e-24 -2.5759e-24 -6.6399e-25 -1.6778e-25 -4.1559e-26 -1.0091e-26 -2.4018e-27 -5.6037e-28 -1.2816e-28 -2.8733e-29 -6.3144e-30 -1.3603e-30 -2.8725e-31 -5.9460e-32 -1.2065e-32 -2.3998e-33 -4.6789e-34 -8.9424e-35 -1.6753e-35 -3.0766e-36 -5.5384e-37 -7.0414e-05 -7.0355e-05 -7.0214e-05 -6.9931e-05 -6.9432e-05 -6.8635e-05 -6.7461e-05 -6.5841e-05 -6.3726e-05 -6.1092e-05 -5.7945e-05 -5.4322e-05 -5.0289e-05 0.0000e+00 -4.1378e-05 -3.6728e-05 -3.2109e-05 -2.7635e-05 -2.3405e-05 -1.9501e-05 -1.5978e-05 -1.2871e-05 -1.0191e-05 -7.9291e-06 -6.0615e-06 -4.5519e-06 -3.3574e-06 -2.4319e-06 -1.7297e-06 -1.2078e-06 -8.2803e-07 -5.5722e-07 -3.6806e-07 -2.3860e-07 -1.5180e-07 -9.4775e-08 -5.8063e-08 -3.4903e-08 -2.0586e-08 -1.1913e-08 -6.7629e-09 -3.7665e-09 -2.0579e-09 -1.1029e-09 -5.7984e-10 -2.9901e-10 -1.5124e-10 -7.5035e-11 -3.6512e-11 -1.7425e-11 -8.1563e-12 -3.7442e-12 -1.6857e-12 -7.4425e-13 -3.2225e-13 -1.3684e-13 -5.6979e-14 -2.3267e-14 -9.3166e-15 -3.6583e-15 -1.4086e-15 -5.3183e-16 -1.9690e-16 -7.1480e-17 -2.5445e-17 -8.8812e-18 -3.0395e-18 -1.0200e-18 -3.3561e-19 -1.0827e-19 -3.4249e-20 -1.0622e-20 -3.2302e-21 -9.6309e-22 -2.8154e-22 -8.0692e-23 -2.2675e-23 -6.2473e-24 -1.6875e-24 -4.4692e-25 -1.1604e-25 -2.9541e-26 -7.3728e-27 -1.8040e-27 -4.3278e-28 -1.0179e-28 -2.3470e-29 -5.3056e-30 -1.1759e-30 -2.5548e-31 -5.4421e-32 -1.1365e-32 -2.3268e-33 -4.6701e-34 -9.1894e-35 -1.7727e-35 -3.3524e-36 -6.2154e-37 -1.1297e-37 -2.0129e-38
-5.3947e-05 -5.7641e-05 -6.3636e-05 -7.1687e-05 -8.1451e-05 -9.2492e-05 -1.0429e-04 -1.1625e-04 -1.2775e-04 -1.3815e-04 -1.4686e-04 -1.5335e-04 -1.5721e-04 -1.5819e-04 2.2564e-02 -1.5134e-04 -1.4385e-04 -1.3413e-04 -1.2268e-04 -1.1006e-04 -9.6840e-05 -8.3572e-05 -7.0733e-05 -5.8711e-05 -4.7791e-05 -3.8150e-05 -2.9863e-05 -2.2923e-05 -1.7254e-05 -1.2735e-05 -9.2162e-06 -6.5400e-06 -4.5505e-06 -3.1044e-06 -2.0766e-06 -1.3619e-06 -8.7574e-07 -5.5212e-07 -3.4128e-07 -2.0682e-07 -1.2289e-07 -7.1584e-08 -4.0882e-08 -2.2890e-08 -1.2565e-08 -6.7619e-09 -3.5676e-09 -1.8453e-09 -9.3570e-10 -4.6515e-10 -2.2669e-10 -1.0831e-10 -5.0728e-11 -2.3293e-11 -1.0485e-11 -4.6268e-12 -2.0015e-12 -8.4881e-13 -3.5288e-13 -1.4382e-13 -5.7459e-14 -2.2504e-14 -8.6403e-15 -3.2520e-15 -1.1999e-15 -4.3399e-16 -1.5388e-16 -5.3484e-17 -1.8223e-17 -6.0866e-18 -1.9929e-18 -6.3964e-19 -2.0125e-19 -6.2072e-20 -1.8767e-20 -5.5622e-21 -1.6160e-21 -4.6023e-22 -1.2849e-22 -3.5163e-23 -9.4332e-24 -2.4807e-24 -6.3948e-25 -1.6159e-25 -4.0028e-26 -9.7193e-27 -2.3134e-27 -5.3977e-28 -1.2345e-28 -2.7678e-29 -6.0828e-30 -1.3104e-30 -2.7673e-31 -5.7284e-32 -1.1624e-32 -2.3121e-33 -4.5080e-34 -8.6159e-35 -1.6142e-35 -2.9644e-36 -5.2764e-05 -5.2946e-05 -5.3208e-05 -5.3491e-05 -5.3720e-05 -5.3810e-05 -5.3670e-05 -5.3217e-05 -5.2377e-05 -5.1096e-05 -4.9344e-05 -4.7119e-05 -4.4446e-05 -4.1378e-05 0.0000e+00 -3.4379e-05 -3.0644e-05 -2.6894e-05 -2.3228e-05 -1.9736e-05 -1.6492e-05 -1.3550e-05 -1.0942e-05 -8.6837e-06 -6.7710e-06 -5.1865e-06 -3.9020e-06 -2.8830e-06 -2.0917e-06 -1.4899e-06 -1.0419e-06 -7.1524e-07 -4.8192e-07 -3.1870e-07 -2.0684e-07 -1.3173e-07 -8.2328e-08 -5.0486e-08 -3.0376e-08 -1.7931e-08 -1.0385e-08 -5.9002e-09 -3.2886e-09 -1.7980e-09 -9.6431e-10 -5.0730e-10 -2.6177e-10 -1.3249e-10 -6.5767e-11 -3.2020e-11 -1.5290e-11 -7.1604e-12 -3.2887e-12 -1.4813e-12 -6.5431e-13 -2.8344e-13 -1.2040e-13 -5.0158e-14 -2.0490e-14 -8.2078e-15 -3.2241e-15 -1.2419e-15 -4.6905e-16 -1.7371e-16 -6.3084e-17 -2.2463e-17 -7.8430e-18 -2.6850e-18 -9.0128e-19 -2.9664e-19 -9.5727e-20 -3.0289e-20 -9.3965e-21 -2.8581e-21 -8.5237e-22 -2.4923e-22 -7.1450e-23 -2.0083e-23 -5.5343e-24 -1.4953e-24 -3.9608e-25 -1.0287e-25 -2.6191e-26 -6.5381e-27 -1.6001e-27 -3.8393e-28 -9.0315e-29 -2.0829e-29 -4.7093e-30 -1.0439e-30 -2.2685e-31 -4.8330e-32 -1.0094e-32 -2.0670e-33 -4.1493e-34 -8.1659e-35 -1.5755e-35 -2.9799e-36 -5.5256e-37 -1.0045e-37
-3.9748e-05 -4.3005e-05 -4.8337e-05 -5.5590e-05 -6.4538e-05 -7.4878e-05 -8.6225e-05 -9.8114e-05 -1.1002e-04 -1.2137e-04 -1.3159e-04 -1.4012e-04 -1.4648e-04 -1.5030e-04 -1.5134e-04 2.5669e-02 -1.4492e-04 -1.3780e-04 -1.2853e-04 -1.1759e-04 -1.0552e-04 -9.2875e-05 -8.0170e-05 -6.7870e-05 -5.6347e-05 -4.5877e-05 -3.6629e-05 -2.8678e-05 -2.2018e-05 -1.6576e-05 -1.2236e-05 -8.8569e-06 -6.2860e-06 -4.3744e-06 -2.9848e-06 -1.9968e-06 -1.3098e-06 -8.4234e-07 -5.3113e-07 -3.2834e-07 -1.9901e-07 -1.1826e-07 -6.8895e-08 -3.9350e-08 -2.2035e-08 -1.2097e-08 -6.5106e-09 -3.4353e-09 -1.7770e-09 -9.0116e-10 -4.4802e-10 -2.1836e-10 -1.0433e-10 -4.8872e-11 -2.2442e-11 -1.0103e-11 -4.4584e-12 -1.9288e-12 -8.1805e-13 -3.4011e-13 -1.3862e-13 -5.5387e-14 -2.1694e-14 -8.3297e-15 -3.1353e-15 -1.1569e-15 -4.1846e-16 -1.4838e-16 -5.1575e-17 -1.7574e-17 -5.8700e-18 -1.9221e-18 -6.1694e-19 -1.9412e-19 -5.9874e-20 -1.8103e-20 -5.3657e-21 -1.5590e-21 -4.4401e-22 -1.2396e-22 -3.3927e-23 -9.1018e-24 -2.3936e-24 -6.1706e-25 -1.5593e-25 -3.8627e-26 -9.3796e-27 -2.2326e-27 -5.2094e-28 -1.1915e-28 -2.6714e-29 -5.8711e-30 -1.2649e-30 -2.6711e-31 -5.5295e-32 -1.1221e-32 -2.2319e-33 -4.3519e-34 -8.3178e-35 -1.5584e-35 -3.8760e-05 -3.9071e-05 -3.9554e-05 -4.0159e-05 -4.0819e-05 -4.1455e-05 -4.1982e-05 -4.2313e-05 -4.2367e-05 -4.2074e-05 -4.1382e-05 -4.0260e-05 -3.8703e-05 -3.6728e-05 -3.4379e-05 0.0000e+00 -2.8831e-05 -2.5803e-05 -2.2728e-05 -1.9695e-05 -1.6786e-05 -1.4066e-05 -1.1586e-05 -9.3787e-06 -7.4593e-06 -5.8282e-06 -4.4727e-06 -3.3710e-06 -2.4948e-06 -1.8128e-06 -1.2932e-06 -9.0554e-07 -6.2242e-07 -4.1989e-07 -2.7799e-07 -1.8061e-07 -1.1515e-07 -7.2034e-08 -4.4214e-08 -2.6626e-08 -1.5731e-08 -9.1176e-09 -5.1842e-09 -2.8916e-09 -1.5821e-09 -8.4905e-10 -4.4695e-10 -2.3077e-10 -1.1687e-10 -5.8046e-11 -2.8276e-11 -1.3509e-11 -6.3296e-12 -2.9085e-12 -1.3107e-12 -5.7921e-13 -2.5101e-13 -1.0668e-13 -4.4457e-14 -1.8168e-14 -7.2805e-15 -2.8609e-15 -1.1024e-15 -4.1650e-16 -1.5430e-16 -5.6054e-17 -1.9966e-17 -6.9732e-18 -2.3880e-18 -8.0181e-19 -2.6397e-19 -8.5209e-20 -2.6968e-20 -8.3684e-21 -2.5461e-21 -7.5949e-22 -2.2213e-22 -6.3695e-23 -1.7907e-23 -4.9358e-24 -1.3339e-24 -3.5340e-25 -9.1799e-26 -2.3378e-26 -5.8371e-27 -1.4288e-27 -3.4290e-28 -8.0676e-29 -1.8609e-29 -4.2082e-30 -9.3297e-31 -2.0278e-31 -4.3209e-32 -9.0263e-33 -1.8486e-33 -3.7114e-34 -7.3052e-35 -1.4096e-35 -2.6666e-36 -4.9453e-37
