1.1989e-04 -2.4950e-02 -2.4900e-02 -2.4831e-02 -2.4741e-02 -2.4633e-02 -2.4505e-02 -2.4359e-02 -2.4194e-02 -2.4011e-02 -2.3810e-02 -2.3592e-02 -2.3357e-02 -2.3107e-02 -2.2840e-02 -2.2559e-02 -2.2263e-02 -2.1954e-02 -2.1632e-02 -2.1297e-02 -2.0951e-02 -2.0594e-02 -2.0227e-02 -1.9850e-02 -1.9465e-02 -1.9072e-02 -1.8672e-02 -1.8266e-02 -1.7855e-02 -1.7439e-02 -1.7019e-02 -1.6595e-02 -1.6170e-02 -1.5742e-02 -1.5314e-02 -1.4885e-02 -1.4457e-02 -1.4030e-02 -1.3605e-02 -1.3182e-02 -1.2762e-02 -1.2346e-02 -1.1933e-02 -1.1525e-02 -1.1122e-02 -1.0725e-02 -1.0334e-02 -9.9486e-03 -9.5702e-03 -9.1988e-03 -8.8348e-03 -8.4784e-03 -8.1299e-03 -7.7895e-03 -7.4574e-03 -7.1337e-03 -6.8186e-03 -6.5122e-03 -6.2147e-03 -5.9259e-03 -5.6461e-03 -5.3752e-03 -5.1132e-03 -4.8601e-03 -4.6158e-03 -4.3803e-03 -4.1535e-03 -3.9353e-03 -3.7256e-03 -3.5242e-03 -3.3310e-03 -3.1460e-03 -2.9688e-03 -2.7994e-03 -2.6375e-03 -2.4830e-03 -2.3357e-03 -2.1953e-03 -2.0618e-03 -1.9348e-03 -1.8142e-03 -1.6998e-03 -1.5913e-03 -1.4885e-03 -1.3913e-03 -1.2993e-03 -1.2125e-03 -1.1306e-03 -1.0534e-03 -9.8061e-04 -9.1216e-04 -8.4781e-04 -7.8738e-04 -7.3066e-04 -6.7749e-04 -6.2769e-04 -5.8108e-04 -5.3750e-04 -4.9680e-04 -4.5881e-04 0.0000e+00 -2.4950e-02 -2.4900e-02 -2.4831e-02 -2.4741e-02 -2.4633e-02 -2.4505e-02 -2.4359e-02 -2.4193e-02 -2.4010e-02 -2.3810e-02 -2.3592e-02 -2.3357e-02 -2.3106e-02 -2.2840e-02 -2.2558e-02 -2.2262e-02 -2.1953e-02 -2.1631e-02 -2.1296e-02 -2.0949e-02 -2.0592e-02 -2.0225e-02 -1.9848e-02 -1.9463e-02 -1.9070e-02 -1.8670e-02 -1.8264e-02 -1.7852e-02 -1.7436e-02 -1.7016e-02 -1.6593e-02 -1.6167e-02 -1.5739e-02 -1.5311e-02 -1.4882e-02 -1.4454e-02 -1.4027e-02 -1.3602e-02 -1.3179e-02 -1.2759e-02 -1.2342e-02 -1.1930e-02 -1.1522e-02 -1.1119e-02 -1.0721e-02 -1.0330e-02 -9.9449e-03 -9.5665e-03 -9.1951e-03 -8.8311e-03 -8.4748e-03 -8.1263e-03 -7.7859e-03 -7.4538e-03 -7.1301e-03 -6.8151e-03 -6.5087e-03 -6.2112e-03 -5.9225e-03 -5.6428e-03 -5.3719e-03 -5.1100e-03 -4.8569e-03 -4.6127e-03 -4.3773e-03 -4.1505e-03 -3.9324e-03 -3.7227e-03 -3.5214e-03 -3.3284e-03 -3.1434e-03 -2.9663e-03 -2.7969e-03 -2.6351e-03 -2.4807e-03 -2.3335e-03 -2.1932e-03 -2.0597e-03 -1.9328e-03 -1.8123e-03 -1.6979e-03 -1.5895e-03 -1.4868e-03 -1.3897e-03 -1.2978e-03 -1.2110e-03 -1.1292e-03 -1.0520e-03 -9.7934e-04 -9.1096e-04 -8.4667e-04 -7.8629e-04 -7.2963e-04 -6.7651e-04 -6.2676e-04 -5.8021e-04 -5.3668e-04 -4.9602e-04 -4.5807e-04
-2.4950e-02 4.7956e-04 -2.4871e-02 -2.4801e-02 -2.4712e-02 -2.4604e-02 -2.4477e-02 -2.4331e-02 -2.4166e-02 -2.3984e-02 -2.3783e-02 -2.3566e-02 -2.3332e-02 -2.3082e-02 -2.2817e-02 -2.2536e-02 -2.2241e-02 -2.1933e-02 -2.1611e-02 -2.1278e-02 -2.0932e-02 -2.0576e-02 -2.0210e-02 -1.9835e-02 -1.9451e-02 -1.9059e-02 -1.8660e-02 -1.8255e-02 -1.7844e-02 -1.7429e-02 -1.7010e-02 -1.6588e-02 -1.6163e-02 -1.5737e-02 -1.5309e-02 -1.4882e-02 -1.4454e-02 -1.4028e-02 -1.3604e-02 -1.3181e-02 -1.2762e-02 -1.2346e-02 -1.1935e-02 -1.1527e-02 -1.1125e-02 -1.0729e-02 -1.0338e-02 -9.9531e-03 -9.5752e-03 -9.2043e-03 -8.8407e-03 -8.4847e-03 -8.1366e-03 -7.7965e-03 -7.4646e-03 -7.1412e-03 -6.8264e-03 -6.5202e-03 -6.2228e-03 -5.9342e-03 -5.6545e-03 -5.3836e-03 -5.1217e-03 -4.8686e-03 -4.6243e-03 -4.3888e-03 -4.1619e-03 -3.9437e-03 -3.7338e-03 -3.5324e-03 -3.3391e-03 -3.1539e-03 -2.9766e-03 -2.8070e-03 -2.6450e-03 -2.4903e-03 -2.3428e-03 -2.2023e-03 -2.0686e-03 -1.9414e-03 -1.8206e-03 -1.7059e-03 -1.5972e-03 -1.4943e-03 -1.3968e-03 -1.3047e-03 -1.2177e-03 -1.1355e-03 -1.0581e-03 -9.8514e-04 -9.1650e-04 -8.5196e-04 -7.9133e-04 -7.3443e-04 -6.8107e-04 -6.3109e-04 -5.8431e-04 -5.4057e-04 -4.9970e-04 -4.6156e-04 -2.4950e-02 0.0000e+00 -2.4870e-02 -2.4801e-02 -2.4712e-02 -2.4603e-02 -2.4476e-02 -2.4330e-02 -2.4165e-02 -2.3982e-02 -2.3782e-02 -2.3564e-02 -2.3330e-02 -2.3079e-02 -2.2813e-02 -2.2532e-02 -2.2237e-02 -2.1928e-02 -2.1606e-02 -2.1272e-02 -2.0927e-02 -2.0570e-02 -2.0203e-02 -1.9827e-02 -1.9443e-02 -1.9050e-02 -1.8651e-02 -1.8246e-02 -1.7835e-02 -1.7419e-02 -1.6999e-02 -1.6577e-02 -1.6152e-02 -1.5725e-02 -1.5297e-02 -1.4869e-02 -1.4442e-02 -1.4015e-02 -1.3590e-02 -1.3168e-02 -1.2749e-02 -1.2333e-02 -1.1921e-02 -1.1513e-02 -1.1111e-02 -1.0714e-02 -1.0323e-02 -9.9385e-03 -9.5605e-03 -9.1896e-03 -8.8261e-03 -8.4701e-03 -8.1220e-03 -7.7820e-03 -7.4502e-03 -7.1269e-03 -6.8122e-03 -6.5062e-03 -6.2089e-03 -5.9205e-03 -5.6410e-03 -5.3704e-03 -5.1087e-03 -4.8559e-03 -4.6118e-03 -4.3766e-03 -4.1500e-03 -3.9320e-03 -3.7225e-03 -3.5213e-03 -3.3284e-03 -3.1435e-03 -2.9665e-03 -2.7972e-03 -2.6355e-03 -2.4812e-03 -2.3340e-03 -2.1938e-03 -2.0603e-03 -1.9335e-03 -1.8130e-03 -1.6986e-03 -1.5902e-03 -1.4876e-03 -1.3904e-03 -1.2985e-03 -1.2118e-03 -1.1299e-03 -1.0528e-03 -9.8007e-04 -9.1167e-04 -8.4737e-04 -7.8698e-04 -7.3030e-04 -6.7717e-04 -6.2740e-04 -5.8082e-04 -5.3727e-04 -4.9659e-04 -4.5862e-04
-2.4900e-02 -2.4871e-02 1.0789e-03 -2.4752e-02 -2.4664e-02 -2.4556e-02 -2.4429e-02 -2.4284e-02 -2.4120e-02 -2.3939e-02 -2.3739e-02 -2.3523e-02 -2.3290e-02 -2.3042e-02 -2.2777e-02 -2.2498e-02 -2.2205e-02 -2.1898e-02 -2.1578e-02 -2.1245e-02 -2.0902e-02 -2.0547e-02 -2.0183e-02 -1.9809e-02 -1.9426e-02 -1.9036e-02 -1.8639e-02 -1.8235e-02 -1.7827e-02 -1.7413e-02 -1.6996e-02 -1.6575e-02 -1.6152e-02 -1.5727e-02 -1.5301e-02 -1.4875e-02 -1.4449e-02 -1.4024e-02 -1.3601e-02 -1.3180e-02 -1.2762e-02 -1.2348e-02 -1.1937e-02 -1.1531e-02 -1.1130e-02 -1.0734e-02 -1.0344e-02 -9.9607e-03 -9.5836e-03 -9.2135e-03 -8.8506e-03 -8.4952e-03 -8.1477e-03 -7.8081e-03 -7.4767e-03 -7.1537e-03 -6.8393e-03 -6.5334e-03 -6.2362e-03 -5.9479e-03 -5.6683e-03 -5.3976e-03 -5.1357e-03 -4.8827e-03 -4.6384e-03 -4.4029e-03 -4.1760e-03 -3.9576e-03 -3.7476e-03 -3.5460e-03 -3.3526e-03 -3.1672e-03 -2.9896e-03 -2.8198e-03 -2.6575e-03 -2.5025e-03 -2.3547e-03 -2.2139e-03 -2.0799e-03 -1.9524e-03 -1.8312e-03 -1.7162e-03 -1.6072e-03 -1.5039e-03 -1.4061e-03 -1.3136e-03 -1.2262e-03 -1.1438e-03 -1.0660e-03 -9.9270e-04 -9.2373e-04 -8.5886e-04 -7.9792e-04 -7.4071e-04 -6.8705e-04 -6.3677e-04 -5.8971e-04 -5.4568e-04 -5.0455e-04 -4.6614e-04 -2.4900e-02 -2.4870e-02 0.0000e+00 -2.4752e-02 -2.4663e-02 -2.4555e-02 -2.4428e-02 -2.4282e-02 -2.4117e-02 -2.3935e-02 -2.3735e-02 -2.3518e-02 -2.3285e-02 -2.3035e-02 -2.2770e-02 -2.2490e-02 -2.2195e-02 -2.1887e-02 -2.1566e-02 -2.1233e-02 -2.0888e-02 -2.0533e-02 -2.0167e-02 -1.9792e-02 -1.9409e-02 -1.9018e-02 -1.8619e-02 -1.8215e-02 -1.7805e-02 -1.7390e-02 -1.6972e-02 -1.6550e-02 -1.6126e-02 -1.5701e-02 -1.5274e-02 -1.4847e-02 -1.4421e-02 -1.3995e-02 -1.3571e-02 -1.3150e-02 -1.2732e-02 -1.2317e-02 -1.1906e-02 -1.1499e-02 -1.1098e-02 -1.0702e-02 -1.0312e-02 -9.9278e-03 -9.5506e-03 -9.1804e-03 -8.8176e-03 -8.4623e-03 -8.1149e-03 -7.7755e-03 -7.4443e-03 -7.1216e-03 -6.8074e-03 -6.5019e-03 -6.2052e-03 -5.9172e-03 -5.6381e-03 -5.3679e-03 -5.1066e-03 -4.8541e-03 -4.6104e-03 -4.3755e-03 -4.1492e-03 -3.9314e-03 -3.7222e-03 -3.5212e-03 -3.3284e-03 -3.1437e-03 -2.9669e-03 -2.7978e-03 -2.6362e-03 -2.4819e-03 -2.3348e-03 -2.1947e-03 -2.0614e-03 -1.9346e-03 -1.8141e-03 -1.6998e-03 -1.5914e-03 -1.4888e-03 -1.3916e-03 -1.2998e-03 -1.2130e-03 -1.1312e-03 -1.0540e-03 -9.8128e-04 -9.1286e-04 -8.4854e-04 -7.8812e-04 -7.3142e-04 -6.7825e-04 -6.2845e-04 -5.8184e-04 -5.3826e-04 -4.9754e-04 -4.5954e-04
-2.4831e-02 -2.4801e-02 -2.4752e-02 1.9180e-03 -2.4596e-02 -2.4489e-02 -2.4363e-02 -2.4219e-02 -2.4056e-02 -2.3876e-02 -2.3678e-02 -2.3463e-02 -2.3232e-02 -2.2985e-02 -2.2722e-02 -2.2445e-02 -2.2153e-02 -2.1848e-02 -2.1530e-02 -2.1200e-02 -2.0859e-02 -2.0506e-02 -2.0144e-02 -1.9772e-02 -1.9392e-02 -1.9004e-02 -1.8610e-02 -1.8208e-02 -1.7802e-02 -1.7391e-02 -1.6975e-02 -1.6557e-02 -1.6136e-02 -1.5713e-02 -1.5290e-02 -1.4866e-02 -1.4442e-02 -1.4019e-02 -1.3598e-02 -1.3179e-02 -1.2763e-02 -1.2350e-02 -1.1941e-02 -1.1536e-02 -1.1137e-02 -1.0742e-02 -1.0354e-02 -9.9712e-03 -9.5953e-03 -9.2262e-03 -8.8643e-03 -8.5099e-03 -8.1631e-03 -7.8243e-03 -7.4936e-03 -7.1712e-03 -6.8572e-03 -6.5518e-03 -6.2550e-03 -5.9670e-03 -5.6877e-03 -5.4171e-03 -5.1554e-03 -4.9024e-03 -4.6581e-03 -4.4225e-03 -4.1955e-03 -3.9770e-03 -3.7669e-03 -3.5651e-03 -3.3714e-03 -3.1857e-03 -3.0078e-03 -2.8376e-03 -2.6749e-03 -2.5196e-03 -2.3714e-03 -2.2301e-03 -2.0956e-03 -1.9677e-03 -1.8461e-03 -1.7306e-03 -1.6211e-03 -1.5173e-03 -1.4190e-03 -1.3261e-03 -1.2382e-03 -1.1553e-03 -1.0770e-03 -1.0033e-03 -9.3385e-04 -8.6853e-04 -8.0714e-04 -7.4950e-04 -6.9542e-04 -6.4473e-04 -5.9726e-04 -5.5285e-04 -5.1134e-04 -4.7257e-04 -2.4831e-02 -2.4801e-02 -2.4752e-02 0.0000e+00 -2.4594e-02 -2.4486e-02 -2.4360e-02 -2.4215e-02 -2.4051e-02 -2.3870e-02 -2.3671e-02 -2.3454e-02 -2.3222e-02 -2.2973e-02 -2.2709e-02 -2.2430e-02 -2.2137e-02 -2.1830e-02 -2.1510e-02 -2.1179e-02 -2.0835e-02 -2.0481e-02 -2.0117e-02 -1.9743e-02 -1.9361e-02 -1.8972e-02 -1.8575e-02 -1.8172e-02 -1.7764e-02 -1.7351e-02 -1.6934e-02 -1.6514e-02 -1.6091e-02 -1.5667e-02 -1.5242e-02 -1.4816e-02 -1.4391e-02 -1.3967e-02 -1.3545e-02 -1.3125e-02 -1.2708e-02 -1.2294e-02 -1.1885e-02 -1.1479e-02 -1.1079e-02 -1.0684e-02 -1.0295e-02 -9.9128e-03 -9.5367e-03 -9.1676e-03 -8.8057e-03 -8.4514e-03 -8.1049e-03 -7.7664e-03 -7.4361e-03 -7.1142e-03 -6.8007e-03 -6.4959e-03 -6.1999e-03 -5.9126e-03 -5.6341e-03 -5.3644e-03 -5.1036e-03 -4.8516e-03 -4.6084e-03 -4.3739e-03 -4.1480e-03 -3.9306e-03 -3.7216e-03 -3.5210e-03 -3.3285e-03 -3.1440e-03 -2.9674e-03 -2.7985e-03 -2.6371e-03 -2.4830e-03 -2.3360e-03 -2.1960e-03 -2.0628e-03 -1.9361e-03 -1.8157e-03 -1.7014e-03 -1.5931e-03 -1.4905e-03 -1.3933e-03 -1.3015e-03 -1.2148e-03 -1.1329e-03 -1.0557e-03 -9.8297e-04 -9.1453e-04 -8.5018e-04 -7.8972e-04 -7.3298e-04 -6.7977e-04 -6.2993e-04 -5.8327e-04 -5.3964e-04 -4.9887e-04 -4.6082e-04
-2.4741e-02 -2.4712e-02 -2.4664e-02 -2.4596e-02 2.9965e-03 -2.4403e-02 -2.4278e-02 -2.4135e-02 -2.3974e-02 -2.3795e-02 -2.3599e-02 -2.3386e-02 -2.3157e-02 -2.2912e-02 -2.2651e-02 -2.2376e-02 -2.2087e-02 -2.1785e-02 -2.1470e-02 -2.1142e-02 -2.0803e-02 -2.0454e-02 -2.0095e-02 -1.9726e-02 -1.9349e-02 -1.8964e-02 -1.8572e-02 -1.8174e-02 -1.7770e-02 -1.7362e-02 -1.6949e-02 -1.6534e-02 -1.6116e-02 -1.5696e-02 -1.5275e-02 -1.4853e-02 -1.4432e-02 -1.4012e-02 -1.3593e-02 -1.3177e-02 -1.2763e-02 -1.2352e-02 -1.1945e-02 -1.1543e-02 -1.1145e-02 -1.0752e-02 -1.0365e-02 -9.9846e-03 -9.6101e-03 -9.2424e-03 -8.8818e-03 -8.5285e-03 -8.1829e-03 -7.8450e-03 -7.5152e-03 -7.1935e-03 -6.8802e-03 -6.5754e-03 -6.2791e-03 -5.9914e-03 -5.7124e-03 -5.4422e-03 -5.1806e-03 -4.9277e-03 -4.6834e-03 -4.4478e-03 -4.2206e-03 -4.0019e-03 -3.7916e-03 -3.5895e-03 -3.3955e-03 -3.2094e-03 -3.0311e-03 -2.8605e-03 -2.6974e-03 -2.5415e-03 -2.3928e-03 -2.2510e-03 -2.1159e-03 -1.9874e-03 -1.8652e-03 -1.7491e-03 -1.6390e-03 -1.5346e-03 -1.4357e-03 -1.3421e-03 -1.2536e-03 -1.1701e-03 -1.0912e-03 -1.0169e-03 -9.4687e-04 -8.8097e-04 -8.1901e-04 -7.6081e-04 -7.0619e-04 -6.5497e-04 -6.0699e-04 -5.6208e-04 -5.2008e-04 -4.8084e-04 -2.4741e-02 -2.4712e-02 -2.4663e-02 -2.4594e-02 0.0000e+00 -2.4399e-02 -2.4273e-02 -2.4129e-02 -2.3966e-02 -2.3785e-02 -2.3588e-02 -2.3373e-02 -2.3141e-02 -2.2894e-02 -2.2631e-02 -2.2354e-02 -2.2062e-02 -2.1757e-02 -2.1439e-02 -2.1108e-02 -2.0767e-02 -2.0414e-02 -2.0052e-02 -1.9680e-02 -1.9300e-02 -1.8913e-02 -1.8518e-02 -1.8117e-02 -1.7710e-02 -1.7299e-02 -1.6885e-02 -1.6466e-02 -1.6046e-02 -1.5624e-02 -1.5200e-02 -1.4777e-02 -1.4354e-02 -1.3932e-02 -1.3511e-02 -1.3093e-02 -1.2678e-02 -1.2266e-02 -1.1858e-02 -1.1454e-02 -1.1055e-02 -1.0662e-02 -1.0275e-02 -9.8935e-03 -9.5188e-03 -9.1511e-03 -8.7905e-03 -8.4374e-03 -8.0921e-03 -7.7547e-03 -7.4255e-03 -7.1046e-03 -6.7921e-03 -6.4883e-03 -6.1931e-03 -5.9066e-03 -5.6289e-03 -5.3599e-03 -5.0998e-03 -4.8484e-03 -4.6058e-03 -4.3718e-03 -4.1464e-03 -3.9295e-03 -3.7210e-03 -3.5207e-03 -3.3286e-03 -3.1444e-03 -2.9681e-03 -2.7994e-03 -2.6382e-03 -2.4843e-03 -2.3376e-03 -2.1977e-03 -2.0646e-03 -1.9380e-03 -1.8177e-03 -1.7035e-03 -1.5952e-03 -1.4927e-03 -1.3956e-03 -1.3037e-03 -1.2170e-03 -1.1351e-03 -1.0579e-03 -9.8514e-04 -9.1667e-04 -8.5228e-04 -7.9178e-04 -7.3499e-04 -6.8173e-04 -6.3182e-04 -5.8510e-04 -5.4141e-04 -5.0058e-04 -4.6246e-04
-2.4633e-02 -2.4604e-02 -2.4556e-02 -2.4489e-02 -2.4403e-02 4.3145e-03 -2.4175e-02 -2.4033e-02 -2.3874e-02 -2.3697e-02 -2.3503e-02 -2.3292e-02 -2.3065e-02 -2.2823e-02 -2.2565e-02 -2.2293e-02 -2.2007e-02 -2.1708e-02 -2.1396e-02 -2.1072e-02 -2.0736e-02 -2.0390e-02 -2.0034e-02 -1.9669e-02 -1.9295e-02 -1.8914e-02 -1.8526e-02 -1.8131e-02 -1.7731e-02 -1.7326e-02 -1.6918e-02 -1.6506e-02 -1.6091e-02 -1.5674e-02 -1.5257e-02 -1.4839e-02 -1.4421e-02 -1.4003e-02 -1.3588e-02 -1.3174e-02 -1.2763e-02 -1.2355e-02 -1.1950e-02 -1.1550e-02 -1.1155e-02 -1.0765e-02 -1.0380e-02 -1.0001e-02 -9.6281e-03 -9.2621e-03 -8.9030e-03 -8.5512e-03 -8.2068e-03 -7.8701e-03 -7.5413e-03 -7.2206e-03 -6.9082e-03 -6.6040e-03 -6.3083e-03 -6.0212e-03 -5.7426e-03 -5.4726e-03 -5.2112e-03 -4.9584e-03 -4.7141e-03 -4.4784e-03 -4.2512e-03 -4.0323e-03 -3.8217e-03 -3.6192e-03 -3.4248e-03 -3.2383e-03 -3.0595e-03 -2.8884e-03 -2.7247e-03 -2.5682e-03 -2.4189e-03 -2.2764e-03 -2.1406e-03 -2.0114e-03 -1.8885e-03 -1.7717e-03 -1.6608e-03 -1.5557e-03 -1.4560e-03 -1.3617e-03 -1.2725e-03 -1.1882e-03 -1.1086e-03 -1.0335e-03 -9.6278e-04 -8.9618e-04 -8.3353e-04 -7.7465e-04 -7.1936e-04 -6.6750e-04 -6.1889e-04 -5.7337e-04 -5.3078e-04 -4.9097e-04 -2.4633e-02 -2.4603e-02 -2.4555e-02 -2.4486e-02 -2.4399e-02 0.0000e+00 -2.4168e-02 -2.4024e-02 -2.3863e-02 -2.3683e-02 -2.3486e-02 -2.3273e-02 -2.3043e-02 -2.2797e-02 -2.2536e-02 -2.2260e-02 -2.1971e-02 -2.1667e-02 -2.1351e-02 -2.1023e-02 -2.0684e-02 -2.0333e-02 -1.9973e-02 -1.9604e-02 -1.9226e-02 -1.8841e-02 -1.8448e-02 -1.8050e-02 -1.7646e-02 -1.7237e-02 -1.6825e-02 -1.6409e-02 -1.5991e-02 -1.5571e-02 -1.5150e-02 -1.4729e-02 -1.4308e-02 -1.3888e-02 -1.3470e-02 -1.3054e-02 -1.2641e-02 -1.2231e-02 -1.1825e-02 -1.1423e-02 -1.1027e-02 -1.0635e-02 -1.0250e-02 -9.8700e-03 -9.4971e-03 -9.1309e-03 -8.7719e-03 -8.4204e-03 -8.0765e-03 -7.7405e-03 -7.4126e-03 -7.0929e-03 -6.7816e-03 -6.4789e-03 -6.1847e-03 -5.8993e-03 -5.6225e-03 -5.3544e-03 -5.0951e-03 -4.8445e-03 -4.6026e-03 -4.3693e-03 -4.1445e-03 -3.9281e-03 -3.7201e-03 -3.5203e-03 -3.3286e-03 -3.1449e-03 -2.9689e-03 -2.8005e-03 -2.6396e-03 -2.4860e-03 -2.3394e-03 -2.1998e-03 -2.0668e-03 -1.9403e-03 -1.8201e-03 -1.7060e-03 -1.5978e-03 -1.4953e-03 -1.3982e-03 -1.3064e-03 -1.2197e-03 -1.1378e-03 -1.0606e-03 -9.8779e-04 -9.1928e-04 -8.5484e-04 -7.9428e-04 -7.3743e-04 -6.8411e-04 -6.3413e-04 -5.8734e-04 -5.4357e-04 -5.0267e-04 -4.6447e-04
-2.4505e-02 -2.4477e-02 -2.4429e-02 -2.4363e-02 -2.4278e-02 -2.4175e-02 5.8716e-03 -2.3913e-02 -2.3756e-02 -2.3581e-02 -2.3390e-02 -2.3182e-02 -2.2958e-02 -2.2718e-02 -2.2464e-02 -2.2195e-02 -2.1913e-02 -2.1617e-02 -2.1309e-02 -2.0988e-02 -2.0657e-02 -2.0315e-02 -1.9963e-02 -1.9602e-02 -1.9233e-02 -1.8856e-02 -1.8471e-02 -1.8081e-02 -1.7685e-02 -1.7285e-02 -1.6880e-02 -1.6472e-02 -1.6062e-02 -1.5649e-02 -1.5235e-02 -1.4821e-02 -1.4407e-02 -1.3993e-02 -1.3581e-02 -1.3171e-02 -1.2763e-02 -1.2358e-02 -1.1956e-02 -1.1559e-02 -1.1166e-02 -1.0779e-02 -1.0396e-02 -1.0020e-02 -9.6491e-03 -9.2851e-03 -8.9278e-03 -8.5777e-03 -8.2348e-03 -7.8995e-03 -7.5720e-03 -7.2524e-03 -6.9409e-03 -6.6376e-03 -6.3426e-03 -6.0561e-03 -5.7779e-03 -5.5083e-03 -5.2471e-03 -4.9945e-03 -4.7503e-03 -4.5145e-03 -4.2871e-03 -4.0680e-03 -3.8571e-03 -3.6542e-03 -3.4594e-03 -3.2723e-03 -3.0930e-03 -2.9212e-03 -2.7569e-03 -2.5997e-03 -2.4496e-03 -2.3064e-03 -2.1698e-03 -2.0397e-03 -1.9160e-03 -1.7983e-03 -1.6866e-03 -1.5806e-03 -1.4800e-03 -1.3848e-03 -1.2947e-03 -1.2096e-03 -1.1291e-03 -1.0532e-03 -9.8159e-04 -9.1416e-04 -8.5069e-04 -7.9101e-04 -7.3495e-04 -6.8233e-04 -6.3298e-04 -5.8674e-04 -5.4345e-04 -5.0297e-04 -2.4505e-02 -2.4476e-02 -2.4428e-02 -2.4360e-02 -2.4273e-02 -2.4168e-02 0.0000e+00 -2.3901e-02 -2.3741e-02 -2.3563e-02 -2.3368e-02 -2.3156e-02 -2.2928e-02 -2.2684e-02 -2.2425e-02 -2.2151e-02 -2.1863e-02 -2.1562e-02 -2.1249e-02 -2.0923e-02 -2.0586e-02 -2.0238e-02 -1.9881e-02 -1.9514e-02 -1.9139e-02 -1.8756e-02 -1.8367e-02 -1.7971e-02 -1.7570e-02 -1.7164e-02 -1.6754e-02 -1.6341e-02 -1.5926e-02 -1.5509e-02 -1.5091e-02 -1.4672e-02 -1.4254e-02 -1.3837e-02 -1.3421e-02 -1.3008e-02 -1.2597e-02 -1.2190e-02 -1.1786e-02 -1.1387e-02 -1.0992e-02 -1.0603e-02 -1.0220e-02 -9.8423e-03 -9.4714e-03 -9.1072e-03 -8.7500e-03 -8.4002e-03 -8.0580e-03 -7.7236e-03 -7.3973e-03 -7.0791e-03 -6.7692e-03 -6.4678e-03 -6.1749e-03 -5.8906e-03 -5.6149e-03 -5.3479e-03 -5.0896e-03 -4.8399e-03 -4.5988e-03 -4.3662e-03 -4.1422e-03 -3.9265e-03 -3.7191e-03 -3.5199e-03 -3.3287e-03 -3.1454e-03 -2.9698e-03 -2.8018e-03 -2.6412e-03 -2.4879e-03 -2.3416e-03 -2.2021e-03 -2.0694e-03 -1.9431e-03 -1.8230e-03 -1.7090e-03 -1.6009e-03 -1.4984e-03 -1.4014e-03 -1.3096e-03 -1.2229e-03 -1.1410e-03 -1.0637e-03 -9.9090e-04 -9.2234e-04 -8.5785e-04 -7.9723e-04 -7.4031e-04 -6.8691e-04 -6.3686e-04 -5.8998e-04 -5.4612e-04 -5.0513e-04 -4.6684e-04
-2.4359e-02 -2.4331e-02 -2.4284e-02 -2.4219e-02 -2.4135e-02 -2.4033e-02 -2.3913e-02 7.6678e-03 -2.3621e-02 -2.3449e-02 -2.3260e-02 -2.3055e-02 -2.2834e-02 -2.2599e-02 -2.2348e-02 -2.2083e-02 -2.1804e-02 -2.1513e-02 -2.1209e-02 -2.0893e-02 -2.0566e-02 -2.0229e-02 -1.9881e-02 -1.9525e-02 -1.9160e-02 -1.8788e-02 -1.8409e-02 -1.8023e-02 -1.7632e-02 -1.7237e-02 -1.6837e-02 -1.6434e-02 -1.6028e-02 -1.5620e-02 -1.5210e-02 -1.4800e-02 -1.4390e-02 -1.3981e-02 -1.3573e-02 -1.3166e-02 -1.2762e-02 -1.2361e-02 -1.1963e-02 -1.1569e-02 -1.1179e-02 -1.0795e-02 -1.0415e-02 -1.0041e-02 -9.6730e-03 -9.3112e-03 -8.9561e-03 -8.6079e-03 -8.2668e-03 -7.9331e-03 -7.6071e-03 -7.2887e-03 -6.9784e-03 -6.6761e-03 -6.3819e-03 -6.0960e-03 -5.8184e-03 -5.5492e-03 -5.2883e-03 -5.0359e-03 -4.7917e-03 -4.5559e-03 -4.3283e-03 -4.1090e-03 -3.8977e-03 -3.6944e-03 -3.4990e-03 -3.3114e-03 -3.1315e-03 -2.9590e-03 -2.7939e-03 -2.6359e-03 -2.4849e-03 -2.3408e-03 -2.2034e-03 -2.0724e-03 -1.9476e-03 -1.8290e-03 -1.7163e-03 -1.6092e-03 -1.5077e-03 -1.4115e-03 -1.3204e-03 -1.2342e-03 -1.1528e-03 -1.0758e-03 -1.0033e-03 -9.3491e-04 -8.7051e-04 -8.0992e-04 -7.5296e-04 -6.9946e-04 -6.4926e-04 -6.0219e-04 -5.5811e-04 -5.1685e-04 -2.4359e-02 -2.4330e-02 -2.4282e-02 -2.4215e-02 -2.4129e-02 -2.4024e-02 -2.3901e-02 0.0000e+00 -2.3601e-02 -2.3425e-02 -2.3231e-02 -2.3021e-02 -2.2795e-02 -2.2553e-02 -2.2296e-02 -2.2025e-02 -2.1740e-02 -2.1442e-02 -2.1131e-02 -2.0808e-02 -2.0474e-02 -2.0129e-02 -1.9774e-02 -1.9411e-02 -1.9039e-02 -1.8659e-02 -1.8273e-02 -1.7880e-02 -1.7482e-02 -1.7080e-02 -1.6673e-02 -1.6263e-02 -1.5851e-02 -1.5437e-02 -1.5022e-02 -1.4607e-02 -1.4192e-02 -1.3778e-02 -1.3365e-02 -1.2955e-02 -1.2547e-02 -1.2142e-02 -1.1741e-02 -1.1345e-02 -1.0953e-02 -1.0567e-02 -1.0185e-02 -9.8105e-03 -9.4418e-03 -9.0798e-03 -8.7247e-03 -8.3770e-03 -8.0367e-03 -7.7042e-03 -7.3796e-03 -7.0631e-03 -6.7549e-03 -6.4550e-03 -6.1635e-03 -5.8806e-03 -5.6062e-03 -5.3404e-03 -5.0831e-03 -4.8345e-03 -4.5944e-03 -4.3627e-03 -4.1395e-03 -3.9246e-03 -3.7179e-03 -3.5193e-03 -3.3287e-03 -3.1459e-03 -2.9708e-03 -2.8033e-03 -2.6431e-03 -2.4901e-03 -2.3441e-03 -2.2049e-03 -2.0723e-03 -1.9462e-03 -1.8263e-03 -1.7124e-03 -1.6044e-03 -1.5020e-03 -1.4050e-03 -1.3133e-03 -1.2265e-03 -1.1446e-03 -1.0673e-03 -9.9448e-04 -9.2587e-04 -8.6131e-04 -8.0062e-04 -7.4362e-04 -6.9014e-04 -6.3999e-04 -5.9302e-04 -5.4906e-04 -5.0796e-04 -4.6956e-04
-2.4194e-02 -2.4166e-02 -2.4120e-02 -2.4056e-02 -2.3974e-02 -2.3874e-02 -2.3756e-02 -2.3621e-02 9.7028e-03 -2.3299e-02 -2.3114e-02 -2.2912e-02 -2.2695e-02 -2.2463e-02 -2.2217e-02 -2.1956e-02 -2.1682e-02 -2.1395e-02 -2.1096e-02 -2.0785e-02 -2.0463e-02 -2.0131e-02 -1.9789e-02 -1.9438e-02 -1.9079e-02 -1.8712e-02 -1.8338e-02 -1.7958e-02 -1.7573e-02 -1.7182e-02 -1.6788e-02 -1.6390e-02 -1.5989e-02 -1.5586e-02 -1.5182e-02 -1.4777e-02 -1.4372e-02 -1.3967e-02 -1.3563e-02 -1.3161e-02 -1.2761e-02 -1.2364e-02 -1.1970e-02 -1.1580e-02 -1.1194e-02 -1.0812e-02 -1.0436e-02 -1.0065e-02 -9.6996e-03 -9.3404e-03 -8.9877e-03 -8.6417e-03 -8.3026e-03 -7.9708e-03 -7.6463e-03 -7.3295e-03 -7.0204e-03 -6.7192e-03 -6.4260e-03 -6.1409e-03 -5.8640e-03 -5.5952e-03 -5.3347e-03 -5.0824e-03 -4.8383e-03 -4.6025e-03 -4.3747e-03 -4.1551e-03 -3.9434e-03 -3.7397e-03 -3.5438e-03 -3.3555e-03 -3.1749e-03 -3.0016e-03 -2.8356e-03 -2.6768e-03 -2.5249e-03 -2.3798e-03 -2.2413e-03 -2.1092e-03 -1.9834e-03 -1.8637e-03 -1.7498e-03 -1.6417e-03 -1.5390e-03 -1.4417e-03 -1.3494e-03 -1.2621e-03 -1.1796e-03 -1.1015e-03 -1.0279e-03 -9.5844e-04 -8.9299e-04 -8.3136e-04 -7.7339e-04 -7.1891e-04 -6.6775e-04 -6.1975e-04 -5.7476e-04 -5.3262e-04 -2.4193e-02 -2.4165e-02 -2.4117e-02 -2.4051e-02 -2.3966e-02 -2.3863e-02 -2.3741e-02 -2.3601e-02 0.0000e+00 -2.3269e-02 -2.3078e-02 -2.2870e-02 -2.2646e-02 -2.2406e-02 -2.2152e-02 -2.1884e-02 -2.1601e-02 -2.1306e-02 -2.0998e-02 -2.0678e-02 -2.0347e-02 -2.0006e-02 -1.9654e-02 -1.9294e-02 -1.8926e-02 -1.8550e-02 -1.8167e-02 -1.7778e-02 -1.7383e-02 -1.6985e-02 -1.6582e-02 -1.6176e-02 -1.5767e-02 -1.5357e-02 -1.4945e-02 -1.4534e-02 -1.4122e-02 -1.3711e-02 -1.3302e-02 -1.2895e-02 -1.2490e-02 -1.2089e-02 -1.1691e-02 -1.1298e-02 -1.0909e-02 -1.0525e-02 -1.0147e-02 -9.7744e-03 -9.4083e-03 -9.0488e-03 -8.6962e-03 -8.3507e-03 -8.0127e-03 -7.6822e-03 -7.3597e-03 -7.0451e-03 -6.7386e-03 -6.4404e-03 -6.1506e-03 -5.8692e-03 -5.5962e-03 -5.3318e-03 -5.0758e-03 -4.8283e-03 -4.5893e-03 -4.3587e-03 -4.1364e-03 -3.9224e-03 -3.7165e-03 -3.5186e-03 -3.3286e-03 -3.1465e-03 -2.9719e-03 -2.8049e-03 -2.6451e-03 -2.4925e-03 -2.3468e-03 -2.2079e-03 -2.0756e-03 -1.9497e-03 -1.8300e-03 -1.7162e-03 -1.6083e-03 -1.5060e-03 -1.4091e-03 -1.3174e-03 -1.2306e-03 -1.1487e-03 -1.0714e-03 -9.9851e-04 -9.2985e-04 -8.6522e-04 -8.0445e-04 -7.4736e-04 -6.9378e-04 -6.4353e-04 -5.9645e-04 -5.5238e-04 -5.1116e-04 -4.7265e-04
-2.4011e-02 -2.3984e-02 -2.3939e-02 -2.3876e-02 -2.3795e-02 -2.3697e-02 -2.3581e-02 -2.3449e-02 -2.3299e-02 1.1976e-02 -2.2951e-02 -2.2754e-02 -2.2541e-02 -2.2313e-02 -2.2071e-02 -2.1815e-02 -2.1546e-02 -2.1264e-02 -2.0970e-02 -2.0665e-02 -2.0349e-02 -2.0022e-02 -1.9686e-02 -1.9341e-02 -1.8988e-02 -1.8627e-02 -1.8259e-02 -1.7885e-02 -1.7506e-02 -1.7121e-02 -1.6733e-02 -1.6341e-02 -1.5946e-02 -1.5549e-02 -1.5150e-02 -1.4751e-02 -1.4351e-02 -1.3951e-02 -1.3552e-02 -1.3155e-02 -1.2760e-02 -1.2367e-02 -1.1978e-02 -1.1592e-02 -1.1209e-02 -1.0832e-02 -1.0459e-02 -1.0091e-02 -9.7287e-03 -9.3725e-03 -9.0224e-03 -8.6788e-03 -8.3420e-03 -8.0122e-03 -7.6897e-03 -7.3745e-03 -7.0668e-03 -6.7669e-03 -6.4748e-03 -6.1906e-03 -5.9143e-03 -5.6461e-03 -5.3860e-03 -5.1340e-03 -4.8900e-03 -4.6541e-03 -4.4262e-03 -4.2063e-03 -3.9943e-03 -3.7900e-03 -3.5935e-03 -3.4045e-03 -3.2231e-03 -3.0490e-03 -2.8821e-03 -2.7222e-03 -2.5693e-03 -2.4231e-03 -2.2835e-03 -2.1503e-03 -2.0233e-03 -1.9023e-03 -1.7872e-03 -1.6778e-03 -1.5739e-03 -1.4753e-03 -1.3819e-03 -1.2933e-03 -1.2095e-03 -1.1303e-03 -1.0554e-03 -9.8476e-04 -9.1813e-04 -8.5536e-04 -7.9626e-04 -7.4068e-04 -6.8845e-04 -6.3942e-04 -5.9342e-04 -5.5030e-04 -2.4010e-02 -2.3982e-02 -2.3935e-02 -2.3870e-02 -2.3785e-02 -2.3683e-02 -2.3563e-02 -2.3425e-02 -2.3269e-02 0.0000e+00 -2.2907e-02 -2.2701e-02 -2.2480e-02 -2.2243e-02 -2.1992e-02 -2.1726e-02 -2.1447e-02 -2.1155e-02 -2.0850e-02 -2.0534e-02 -2.0206e-02 -1.9869e-02 -1.9521e-02 -1.9165e-02 -1.8800e-02 -1.8428e-02 -1.8049e-02 -1.7664e-02 -1.7274e-02 -1.6879e-02 -1.6480e-02 -1.6078e-02 -1.5674e-02 -1.5267e-02 -1.4860e-02 -1.4452e-02 -1.4044e-02 -1.3637e-02 -1.3232e-02 -1.2828e-02 -1.2427e-02 -1.2029e-02 -1.1635e-02 -1.1245e-02 -1.0859e-02 -1.0479e-02 -1.0104e-02 -9.7343e-03 -9.3710e-03 -9.0143e-03 -8.6643e-03 -8.3214e-03 -7.9858e-03 -7.6577e-03 -7.3374e-03 -7.0249e-03 -6.7205e-03 -6.4242e-03 -6.1361e-03 -5.8564e-03 -5.5851e-03 -5.3221e-03 -5.0676e-03 -4.8214e-03 -4.5836e-03 -4.3541e-03 -4.1329e-03 -3.9198e-03 -3.7148e-03 -3.5178e-03 -3.3285e-03 -3.1470e-03 -2.9731e-03 -2.8066e-03 -2.6473e-03 -2.4951e-03 -2.3498e-03 -2.2113e-03 -2.0792e-03 -1.9535e-03 -1.8340e-03 -1.7205e-03 -1.6127e-03 -1.5104e-03 -1.4136e-03 -1.3219e-03 -1.2352e-03 -1.1533e-03 -1.0759e-03 -1.0030e-03 -9.3427e-04 -8.6957e-04 -8.0871e-04 -7.5153e-04 -6.9783e-04 -6.4747e-04 -6.0027e-04 -5.5608e-04 -5.1473e-04 -4.7608e-04
-2.3810e-02 -2.3783e-02 -2.3739e-02 -2.3678e-02 -2.3599e-02 -2.3503e-02 -2.3390e-02 -2.3260e-02 -2.3114e-02 -2.2951e-02 1.4488e-02 -2.2580e-02 -2.2371e-02 -2.2148e-02 -2.1911e-02 -2.1661e-02 -2.1397e-02 -2.1121e-02 -2.0833e-02 -2.0533e-02 -2.0223e-02 -1.9903e-02 -1.9573e-02 -1.9235e-02 -1.8888e-02 -1.8534e-02 -1.8172e-02 -1.7805e-02 -1.7432e-02 -1.7054e-02 -1.6672e-02 -1.6287e-02 -1.5898e-02 -1.5507e-02 -1.5115e-02 -1.4721e-02 -1.4327e-02 -1.3933e-02 -1.3540e-02 -1.3148e-02 -1.2758e-02 -1.2370e-02 -1.1985e-02 -1.1604e-02 -1.1226e-02 -1.0852e-02 -1.0483e-02 -1.0119e-02 -9.7603e-03 -9.4072e-03 -9.0601e-03 -8.7193e-03 -8.3850e-03 -8.0574e-03 -7.7369e-03 -7.4235e-03 -7.1175e-03 -6.8189e-03 -6.5280e-03 -6.2448e-03 -5.9694e-03 -5.7019e-03 -5.4422e-03 -5.1905e-03 -4.9467e-03 -4.7107e-03 -4.4827e-03 -4.2625e-03 -4.0500e-03 -3.8452e-03 -3.6480e-03 -3.4584e-03 -3.2761e-03 -3.1010e-03 -2.9331e-03 -2.7722e-03 -2.6182e-03 -2.4708e-03 -2.3300e-03 -2.1955e-03 -2.0672e-03 -1.9449e-03 -1.8285e-03 -1.7177e-03 -1.6125e-03 -1.5125e-03 -1.4176e-03 -1.3277e-03 -1.2426e-03 -1.1620e-03 -1.0858e-03 -1.0139e-03 -9.4594e-04 -8.8191e-04 -8.2158e-04 -7.6480e-04 -7.1139e-04 -6.6121e-04 -6.1410e-04 -5.6991e-04 -2.3810e-02 -2.3782e-02 -2.3735e-02 -2.3671e-02 -2.3588e-02 -2.3486e-02 -2.3368e-02 -2.3231e-02 -2.3078e-02 -2.2907e-02 0.0000e+00 -2.2517e-02 -2.2298e-02 -2.2065e-02 -2.1816e-02 -2.1554e-02 -2.1278e-02 -2.0989e-02 -2.0688e-02 -2.0376e-02 -2.0052e-02 -1.9719e-02 -1.9375e-02 -1.9023e-02 -1.8663e-02 -1.8295e-02 -1.7920e-02 -1.7539e-02 -1.7154e-02 -1.6763e-02 -1.6369e-02 -1.5971e-02 -1.5571e-02 -1.5169e-02 -1.4766e-02 -1.4362e-02 -1.3959e-02 -1.3556e-02 -1.3154e-02 -1.2755e-02 -1.2358e-02 -1.1964e-02 -1.1574e-02 -1.1187e-02 -1.0805e-02 -1.0428e-02 -1.0056e-02 -9.6900e-03 -9.3299e-03 -8.9762e-03 -8.6292e-03 -8.2891e-03 -7.9561e-03 -7.6306e-03 -7.3127e-03 -7.0026e-03 -6.7004e-03 -6.4062e-03 -6.1201e-03 -5.8423e-03 -5.5727e-03 -5.3114e-03 -5.0584e-03 -4.8137e-03 -4.5773e-03 -4.3490e-03 -4.1289e-03 -3.9169e-03 -3.7129e-03 -3.5168e-03 -3.3284e-03 -3.1476e-03 -2.9743e-03 -2.8084e-03 -2.6497e-03 -2.4980e-03 -2.3531e-03 -2.2149e-03 -2.0832e-03 -1.9578e-03 -1.8385e-03 -1.7251e-03 -1.6174e-03 -1.5153e-03 -1.4185e-03 -1.3269e-03 -1.2402e-03 -1.1583e-03 -1.0809e-03 -1.0079e-03 -9.3912e-04 -8.7434e-04 -8.1339e-04 -7.5610e-04 -7.0230e-04 -6.5181e-04 -6.0448e-04 -5.6015e-04 -5.1866e-04 -4.7987e-04
-2.3592e-02 -2.3566e-02 -2.3523e-02 -2.3463e-02 -2.3386e-02 -2.3292e-02 -2.3182e-02 -2.3055e-02 -2.2912e-02 -2.2754e-02 -2.2580e-02 1.7237e-02 -2.2187e-02 -2.1969e-02 -2.1737e-02 -2.1492e-02 -2.1235e-02 -2.0965e-02 -2.0683e-02 -2.0390e-02 -2.0086e-02 -1.9773e-02 -1.9450e-02 -1.9119e-02 -1.8779e-02 -1.8432e-02 -1.8078e-02 -1.7717e-02 -1.7351e-02 -1.6981e-02 -1.6606e-02 -1.6227e-02 -1.5845e-02 -1.5461e-02 -1.5075e-02 -1.4688e-02 -1.4301e-02 -1.3913e-02 -1.3526e-02 -1.3140e-02 -1.2755e-02 -1.2373e-02 -1.1993e-02 -1.1616e-02 -1.1243e-02 -1.0874e-02 -1.0509e-02 -1.0149e-02 -9.7941e-03 -9.4444e-03 -9.1005e-03 -8.7627e-03 -8.4311e-03 -8.1061e-03 -7.7878e-03 -7.4764e-03 -7.1722e-03 -6.8752e-03 -6.5856e-03 -6.3035e-03 -6.0290e-03 -5.7622e-03 -5.5031e-03 -5.2517e-03 -5.0080e-03 -4.7721e-03 -4.5439e-03 -4.3234e-03 -4.1105e-03 -3.9052e-03 -3.7074e-03 -3.5169e-03 -3.3337e-03 -3.1577e-03 -2.9887e-03 -2.8267e-03 -2.6714e-03 -2.5228e-03 -2.3806e-03 -2.2448e-03 -2.1151e-03 -1.9914e-03 -1.8736e-03 -1.7613e-03 -1.6546e-03 -1.5531e-03 -1.4568e-03 -1.3654e-03 -1.2788e-03 -1.1967e-03 -1.1191e-03 -1.0457e-03 -9.7644e-04 -9.1103e-04 -8.4936e-04 -7.9126e-04 -7.3658e-04 -6.8515e-04 -6.3684e-04 -5.9147e-04 -2.3592e-02 -2.3564e-02 -2.3518e-02 -2.3454e-02 -2.3373e-02 -2.3273e-02 -2.3156e-02 -2.3021e-02 -2.2870e-02 -2.2701e-02 -2.2517e-02 0.0000e+00 -2.2101e-02 -2.1870e-02 -2.1625e-02 -2.1366e-02 -2.1094e-02 -2.0809e-02 -2.0512e-02 -2.0204e-02 -1.9885e-02 -1.9555e-02 -1.9216e-02 -1.8869e-02 -1.8513e-02 -1.8150e-02 -1.7780e-02 -1.7404e-02 -1.7023e-02 -1.6637e-02 -1.6247e-02 -1.5854e-02 -1.5459e-02 -1.5062e-02 -1.4663e-02 -1.4264e-02 -1.3866e-02 -1.3467e-02 -1.3070e-02 -1.2675e-02 -1.2283e-02 -1.1893e-02 -1.1506e-02 -1.1124e-02 -1.0746e-02 -1.0372e-02 -1.0004e-02 -9.6417e-03 -9.2851e-03 -8.9347e-03 -8.5908e-03 -8.2537e-03 -7.9237e-03 -7.6010e-03 -7.2858e-03 -6.9782e-03 -6.6784e-03 -6.3865e-03 -6.1026e-03 -5.8268e-03 -5.5591e-03 -5.2996e-03 -5.0483e-03 -4.8052e-03 -4.5702e-03 -4.3433e-03 -4.1245e-03 -3.9137e-03 -3.7107e-03 -3.5156e-03 -3.3281e-03 -3.1481e-03 -2.9756e-03 -2.8104e-03 -2.6522e-03 -2.5010e-03 -2.3566e-03 -2.2188e-03 -2.0874e-03 -1.9623e-03 -1.8432e-03 -1.7301e-03 -1.6226e-03 -1.5206e-03 -1.4239e-03 -1.3323e-03 -1.2456e-03 -1.1637e-03 -1.0863e-03 -1.0133e-03 -9.4441e-04 -8.7954e-04 -8.1849e-04 -7.6109e-04 -7.0716e-04 -6.5654e-04 -6.0907e-04 -5.6459e-04 -5.2295e-04 -4.8401e-04
-2.3357e-02 -2.3332e-02 -2.3290e-02 -2.3232e-02 -2.3157e-02 -2.3065e-02 -2.2958e-02 -2.2834e-02 -2.2695e-02 -2.2541e-02 -2.2371e-02 -2.2187e-02 2.0225e-02 -2.1776e-02 -2.1550e-02 -2.1311e-02 -2.1060e-02 -2.0796e-02 -2.0521e-02 -2.0235e-02 -1.9939e-02 -1.9633e-02 -1.9317e-02 -1.8993e-02 -1.8661e-02 -1.8321e-02 -1.7975e-02 -1.7622e-02 -1.7264e-02 -1.6901e-02 -1.6533e-02 -1.6162e-02 -1.5788e-02 -1.5411e-02 -1.5032e-02 -1.4652e-02 -1.4271e-02 -1.3890e-02 -1.3510e-02 -1.3130e-02 -1.2751e-02 -1.2375e-02 -1.2001e-02 -1.1629e-02 -1.1261e-02 -1.0897e-02 -1.0537e-02 -1.0181e-02 -9.8298e-03 -9.4839e-03 -9.1435e-03 -8.8089e-03 -8.4803e-03 -8.1580e-03 -7.8421e-03 -7.5330e-03 -7.2307e-03 -6.9354e-03 -6.6473e-03 -6.3665e-03 -6.0930e-03 -5.8270e-03 -5.5685e-03 -5.3175e-03 -5.0741e-03 -4.8382e-03 -4.6099e-03 -4.3891e-03 -4.1758e-03 -3.9698e-03 -3.7713e-03 -3.5800e-03 -3.3959e-03 -3.2189e-03 -3.0488e-03 -2.8855e-03 -2.7290e-03 -2.5790e-03 -2.4355e-03 -2.2982e-03 -2.1670e-03 -2.0418e-03 -1.9224e-03 -1.8086e-03 -1.7003e-03 -1.5972e-03 -1.4993e-03 -1.4063e-03 -1.3181e-03 -1.2345e-03 -1.1553e-03 -1.0804e-03 -1.0096e-03 -9.4273e-04 -8.7961e-04 -8.2009e-04 -7.6403e-04 -7.1126e-04 -6.6163e-04 -6.1500e-04 -2.3357e-02 -2.3330e-02 -2.3285e-02 -2.3222e-02 -2.3141e-02 -2.3043e-02 -2.2928e-02 -2.2795e-02 -2.2646e-02 -2.2480e-02 -2.2298e-02 -2.2101e-02 0.0000e+00 -2.1661e-02 -2.1420e-02 -2.1165e-02 -2.0896e-02 -2.0616e-02 -2.0323e-02 -2.0019e-02 -1.9704e-02 -1.9379e-02 -1.9045e-02 -1.8702e-02 -1.8352e-02 -1.7993e-02 -1.7628e-02 -1.7258e-02 -1.6882e-02 -1.6501e-02 -1.6116e-02 -1.5729e-02 -1.5338e-02 -1.4946e-02 -1.4553e-02 -1.4159e-02 -1.3765e-02 -1.3372e-02 -1.2979e-02 -1.2589e-02 -1.2201e-02 -1.1816e-02 -1.1434e-02 -1.1056e-02 -1.0682e-02 -1.0312e-02 -9.9482e-03 -9.5895e-03 -9.2365e-03 -8.8896e-03 -8.5492e-03 -8.2154e-03 -7.8886e-03 -7.5689e-03 -7.2565e-03 -6.9517e-03 -6.6544e-03 -6.3650e-03 -6.0835e-03 -5.8099e-03 -5.5443e-03 -5.2868e-03 -5.0373e-03 -4.7959e-03 -4.5625e-03 -4.3371e-03 -4.1196e-03 -3.9101e-03 -3.7083e-03 -3.5142e-03 -3.3277e-03 -3.1486e-03 -2.9769e-03 -2.8123e-03 -2.6548e-03 -2.5042e-03 -2.3603e-03 -2.2229e-03 -2.0920e-03 -1.9672e-03 -1.8484e-03 -1.7354e-03 -1.6281e-03 -1.5262e-03 -1.4296e-03 -1.3381e-03 -1.2515e-03 -1.1695e-03 -1.0921e-03 -1.0190e-03 -9.5011e-04 -8.8515e-04 -8.2400e-04 -7.6648e-04 -7.1242e-04 -6.6166e-04 -6.1404e-04 -5.6940e-04 -5.2760e-04 -4.8849e-04
-2.3107e-02 -2.3082e-02 -2.3042e-02 -2.2985e-02 -2.2912e-02 -2.2823e-02 -2.2718e-02 -2.2599e-02 -2.2463e-02 -2.2313e-02 -2.2148e-02 -2.1969e-02 -2.1776e-02 2.3449e-02 -2.1349e-02 -2.1117e-02 -2.0872e-02 -2.0616e-02 -2.0348e-02 -2.0069e-02 -1.9780e-02 -1.9482e-02 -1.9174e-02 -1.8858e-02 -1.8534e-02 -1.8203e-02 -1.7864e-02 -1.7520e-02 -1.7170e-02 -1.6815e-02 -1.6455e-02 -1.6092e-02 -1.5726e-02 -1.5357e-02 -1.4986e-02 -1.4613e-02 -1.4239e-02 -1.3865e-02 -1.3492e-02 -1.3118e-02 -1.2747e-02 -1.2376e-02 -1.2008e-02 -1.1642e-02 -1.1280e-02 -1.0921e-02 -1.0565e-02 -1.0214e-02 -9.8673e-03 -9.5255e-03 -9.1889e-03 -8.8577e-03 -8.5323e-03 -8.2129e-03 -7.8997e-03 -7.5930e-03 -7.2928e-03 -6.9994e-03 -6.7129e-03 -6.4334e-03 -6.1611e-03 -5.8960e-03 -5.6382e-03 -5.3877e-03 -5.1445e-03 -4.9087e-03 -4.6803e-03 -4.4592e-03 -4.2455e-03 -4.0390e-03 -3.8397e-03 -3.6476e-03 -3.4625e-03 -3.2844e-03 -3.1132e-03 -2.9487e-03 -2.7908e-03 -2.6394e-03 -2.4944e-03 -2.3555e-03 -2.2228e-03 -2.0960e-03 -1.9749e-03 -1.8595e-03 -1.7495e-03 -1.6447e-03 -1.5451e-03 -1.4504e-03 -1.3605e-03 -1.2753e-03 -1.1944e-03 -1.1179e-03 -1.0455e-03 -9.7700e-04 -9.1233e-04 -8.5130e-04 -7.9375e-04 -7.3954e-04 -6.8851e-04 -6.4051e-04 -2.3106e-02 -2.3079e-02 -2.3035e-02 -2.2973e-02 -2.2894e-02 -2.2797e-02 -2.2684e-02 -2.2553e-02 -2.2406e-02 -2.2243e-02 -2.2065e-02 -2.1870e-02 -2.1661e-02 0.0000e+00 -2.1200e-02 -2.0949e-02 -2.0685e-02 -2.0409e-02 -2.0120e-02 -1.9821e-02 -1.9511e-02 -1.9191e-02 -1.8862e-02 -1.8524e-02 -1.8179e-02 -1.7826e-02 -1.7467e-02 -1.7101e-02 -1.6731e-02 -1.6355e-02 -1.5976e-02 -1.5594e-02 -1.5209e-02 -1.4823e-02 -1.4435e-02 -1.4046e-02 -1.3657e-02 -1.3269e-02 -1.2882e-02 -1.2497e-02 -1.2113e-02 -1.1733e-02 -1.1356e-02 -1.0982e-02 -1.0613e-02 -1.0248e-02 -9.8879e-03 -9.5333e-03 -9.1843e-03 -8.8412e-03 -8.5044e-03 -8.1742e-03 -7.8507e-03 -7.5342e-03 -7.2249e-03 -6.9230e-03 -6.6286e-03 -6.3418e-03 -6.0628e-03 -5.7916e-03 -5.5282e-03 -5.2728e-03 -5.0253e-03 -4.7857e-03 -4.5540e-03 -4.3302e-03 -4.1142e-03 -3.9060e-03 -3.7055e-03 -3.5126e-03 -3.3271e-03 -3.1490e-03 -2.9781e-03 -2.8144e-03 -2.6576e-03 -2.5076e-03 -2.3642e-03 -2.2273e-03 -2.0968e-03 -1.9723e-03 -1.8538e-03 -1.7411e-03 -1.6340e-03 -1.5323e-03 -1.4358e-03 -1.3443e-03 -1.2577e-03 -1.1758e-03 -1.0983e-03 -1.0252e-03 -9.5622e-04 -8.9117e-04 -8.2991e-04 -7.7226e-04 -7.1806e-04 -6.6715e-04 -6.1937e-04 -5.7457e-04 -5.3260e-04 -4.9331e-04
-2.2840e-02 -2.2817e-02 -2.2777e-02 -2.2722e-02 -2.2651e-02 -2.2565e-02 -2.2464e-02 -2.2348e-02 -2.2217e-02 -2.2071e-02 -2.1911e-02 -2.1737e-02 -2.1550e-02 -2.1349e-02 2.6910e-02 -2.0910e-02 -2.0673e-02 -2.0423e-02 -2.0163e-02 -1.9892e-02 -1.9611e-02 -1.9321e-02 -1.9022e-02 -1.8714e-02 -1.8399e-02 -1.8076e-02 -1.7746e-02 -1.7410e-02 -1.7069e-02 -1.6722e-02 -1.6372e-02 -1.6017e-02 -1.5659e-02 -1.5298e-02 -1.4935e-02 -1.4570e-02 -1.4204e-02 -1.3838e-02 -1.3471e-02 -1.3105e-02 -1.2740e-02 -1.2377e-02 -1.2015e-02 -1.1655e-02 -1.1298e-02 -1.0945e-02 -1.0595e-02 -1.0248e-02 -9.9063e-03 -9.5688e-03 -9.2362e-03 -8.9089e-03 -8.5869e-03 -8.2707e-03 -7.9603e-03 -7.6562e-03 -7.3583e-03 -7.0669e-03 -6.7822e-03 -6.5042e-03 -6.2331e-03 -5.9690e-03 -5.7120e-03 -5.4620e-03 -5.2192e-03 -4.9835e-03 -4.7551e-03 -4.5338e-03 -4.3196e-03 -4.1126e-03 -3.9126e-03 -3.7196e-03 -3.5335e-03 -3.3543e-03 -3.1818e-03 -3.0160e-03 -2.8567e-03 -2.7038e-03 -2.5573e-03 -2.4168e-03 -2.2824e-03 -2.1539e-03 -2.0311e-03 -1.9139e-03 -1.8021e-03 -1.6956e-03 -1.5942e-03 -1.4978e-03 -1.4061e-03 -1.3190e-03 -1.2364e-03 -1.1582e-03 -1.0840e-03 -1.0139e-03 -9.4755e-04 -8.8490e-04 -8.2577e-04 -7.7002e-04 -7.1748e-04 -6.6803e-04 -2.2840e-02 -2.2813e-02 -2.2770e-02 -2.2709e-02 -2.2631e-02 -2.2536e-02 -2.2425e-02 -2.2296e-02 -2.2152e-02 -2.1992e-02 -2.1816e-02 -2.1625e-02 -2.1420e-02 -2.1200e-02 0.0000e+00 -2.0720e-02 -2.0460e-02 -2.0188e-02 -1.9905e-02 -1.9611e-02 -1.9306e-02 -1.8991e-02 -1.8667e-02 -1.8335e-02 -1.7995e-02 -1.7648e-02 -1.7294e-02 -1.6935e-02 -1.6570e-02 -1.6200e-02 -1.5827e-02 -1.5451e-02 -1.5072e-02 -1.4691e-02 -1.4308e-02 -1.3925e-02 -1.3542e-02 -1.3160e-02 -1.2778e-02 -1.2398e-02 -1.2020e-02 -1.1645e-02 -1.1273e-02 -1.0904e-02 -1.0539e-02 -1.0179e-02 -9.8235e-03 -9.4732e-03 -9.1284e-03 -8.7894e-03 -8.4565e-03 -8.1300e-03 -7.8101e-03 -7.4971e-03 -7.1911e-03 -6.8923e-03 -6.6009e-03 -6.3169e-03 -6.0405e-03 -5.7718e-03 -5.5109e-03 -5.2577e-03 -5.0123e-03 -4.7746e-03 -4.5448e-03 -4.3227e-03 -4.1083e-03 -3.9016e-03 -3.7024e-03 -3.5107e-03 -3.3264e-03 -3.1493e-03 -2.9794e-03 -2.8164e-03 -2.6604e-03 -2.5111e-03 -2.3683e-03 -2.2319e-03 -2.1018e-03 -1.9777e-03 -1.8596e-03 -1.7471e-03 -1.6402e-03 -1.5386e-03 -1.4423e-03 -1.3509e-03 -1.2643e-03 -1.1824e-03 -1.1050e-03 -1.0318e-03 -9.6272e-04 -8.9758e-04 -8.3620e-04 -7.7843e-04 -7.2408e-04 -6.7302e-04 -6.2507e-04 -5.8009e-04 -5.3794e-04 -4.9847e-04
-2.2559e-02 -2.2536e-02 -2.2498e-02 -2.2445e-02 -2.2376e-02 -2.2293e-02 -2.2195e-02 -2.2083e-02 -2.1956e-02 -2.1815e-02 -2.1661e-02 -2.1492e-02 -2.1311e-02 -2.1117e-02 -2.0910e-02 3.0607e-02 -2.0461e-02 -2.0220e-02 -1.9967e-02 -1.9705e-02 -1.9432e-02 -1.9151e-02 -1.8860e-02 -1.8561e-02 -1.8255e-02 -1.7941e-02 -1.7620e-02 -1.7294e-02 -1.6961e-02 -1.6624e-02 -1.6282e-02 -1.5936e-02 -1.5587e-02 -1.5235e-02 -1.4880e-02 -1.4524e-02 -1.4166e-02 -1.3808e-02 -1.3449e-02 -1.3090e-02 -1.2733e-02 -1.2376e-02 -1.2021e-02 -1.1668e-02 -1.1317e-02 -1.0969e-02 -1.0625e-02 -1.0284e-02 -9.9465e-03 -9.6137e-03 -9.2854e-03 -8.9621e-03 -8.6438e-03 -8.3309e-03 -8.0237e-03 -7.7223e-03 -7.4269e-03 -7.1377e-03 -6.8549e-03 -6.5786e-03 -6.3088e-03 -6.0459e-03 -5.7897e-03 -5.5403e-03 -5.2979e-03 -5.0625e-03 -4.8340e-03 -4.6125e-03 -4.3979e-03 -4.1903e-03 -3.9896e-03 -3.7957e-03 -3.6086e-03 -3.4283e-03 -3.2546e-03 -3.0874e-03 -2.9267e-03 -2.7723e-03 -2.6241e-03 -2.4820e-03 -2.3459e-03 -2.2156e-03 -2.0910e-03 -1.9719e-03 -1.8583e-03 -1.7499e-03 -1.6466e-03 -1.5482e-03 -1.4547e-03 -1.3658e-03 -1.2813e-03 -1.2012e-03 -1.1253e-03 -1.0533e-03 -9.8527e-04 -9.2091e-04 -8.6010e-04 -8.0271e-04 -7.4858e-04 -6.9758e-04 -2.2558e-02 -2.2532e-02 -2.2490e-02 -2.2430e-02 -2.2354e-02 -2.2260e-02 -2.2151e-02 -2.2025e-02 -2.1884e-02 -2.1726e-02 -2.1554e-02 -2.1366e-02 -2.1165e-02 -2.0949e-02 -2.0720e-02 0.0000e+00 -2.0222e-02 -1.9955e-02 -1.9677e-02 -1.9388e-02 -1.9089e-02 -1.8780e-02 -1.8462e-02 -1.8135e-02 -1.7801e-02 -1.7460e-02 -1.7112e-02 -1.6758e-02 -1.6399e-02 -1.6036e-02 -1.5669e-02 -1.5299e-02 -1.4926e-02 -1.4551e-02 -1.4175e-02 -1.3798e-02 -1.3420e-02 -1.3044e-02 -1.2668e-02 -1.2293e-02 -1.1921e-02 -1.1551e-02 -1.1184e-02 -1.0821e-02 -1.0461e-02 -1.0106e-02 -9.7550e-03 -9.4093e-03 -9.0689e-03 -8.7342e-03 -8.4054e-03 -8.0829e-03 -7.7668e-03 -7.4574e-03 -7.1549e-03 -6.8595e-03 -6.5712e-03 -6.2902e-03 -6.0167e-03 -5.7507e-03 -5.4922e-03 -5.2414e-03 -4.9983e-03 -4.7627e-03 -4.5348e-03 -4.3146e-03 -4.1019e-03 -3.8967e-03 -3.6989e-03 -3.5086e-03 -3.3254e-03 -3.1495e-03 -2.9805e-03 -2.8185e-03 -2.6632e-03 -2.5146e-03 -2.3725e-03 -2.2367e-03 -2.1070e-03 -1.9834e-03 -1.8656e-03 -1.7534e-03 -1.6467e-03 -1.5454e-03 -1.4491e-03 -1.3579e-03 -1.2713e-03 -1.1894e-03 -1.1120e-03 -1.0387e-03 -9.6960e-04 -9.0437e-04 -8.4288e-04 -7.8497e-04 -7.3048e-04 -6.7925e-04 -6.3113e-04 -5.8597e-04 -5.4362e-04 -5.0395e-04
