1.0020e-04 -1.1900e-04 -1.1331e-04 -1.0580e-04 -9.6864e-05 -8.6964e-05 -7.6560e-05 -6.6093e-05 -5.5948e-05 -4.6441e-05 -3.7800e-05 -3.0170e-05 -2.3611e-05 -1.8120e-05 -1.3635e-05 -1.0061e-05 -7.2790e-06 -5.1640e-06 -3.5923e-06 -2.4503e-06 -1.6388e-06 -1.0747e-06 -6.9106e-07 -4.3571e-07 -2.6936e-07 -1.6327e-07 -9.7037e-08 -5.6547e-08 -3.2309e-08 -1.8100e-08 -9.9419e-09 -5.3542e-09 -2.8271e-09 -1.4636e-09 -7.4291e-10 -3.6972e-10 -1.8039e-10 -8.6296e-11 -4.0474e-11 -1.8611e-11 -8.3902e-12 -3.7084e-12 -1.6069e-12 -6.8267e-13 -2.8433e-13 -1.1610e-13 -4.6478e-14 -1.8241e-14 -7.0183e-15 -2.6473e-15 -9.7897e-16 -3.5491e-16 -1.2613e-16 -4.3948e-17 -1.5011e-17 -5.0265e-18 -1.6500e-18 -5.3099e-19 -1.6751e-19 -5.1805e-20 -1.5706e-20 -4.6679e-21 -1.3600e-21 -3.8844e-22 -1.0876e-22 -2.9850e-23 -8.0315e-24 -2.1183e-24 -5.4771e-25 -1.3882e-25 -3.4491e-26 -8.4005e-27 -2.0056e-27 -4.6941e-28 -1.0769e-28 -2.4220e-29 -5.3394e-30 -1.1539e-30 -2.4443e-31 -5.0757e-32 -1.0332e-32 -2.0616e-33 -4.0323e-34 -7.7311e-35 -1.4530e-35 -2.6769e-36 -4.8341e-37 -8.5573e-38 -1.4849e-38 -2.5257e-39 -4.2111e-40 -6.8824e-41 -1.1026e-41 -1.7315e-42 -2.6653e-43 -4.0216e-44 -5.9481e-45 -8.6236e-46 -1.2255e-46 -1.7072e-47 0.0000e+00 1.1890e-04 1.1310e-04 1.0546e-04 9.6381e-05 8.6342e-05 7.5816e-05 6.5256e-05 5.5054e-05 4.5527e-05 3.6904e-05 2.9321e-05 2.2835e-05 1.7432e-05 1.3044e-05 9.5667e-06 6.8777e-06 4.8466e-06 3.3477e-06 2.2665e-06 1.5042e-06 9.7845e-07 6.2388e-07 3.8992e-07 2.3887e-07 1.4343e-07 8.4423e-08 4.8706e-08 2.7544e-08 1.5268e-08 8.2952e-09 4.4177e-09 2.3061e-09 1.1800e-09 5.9181e-10 2.9094e-10 1.4019e-10 6.6217e-11 3.0656e-11 1.3912e-11 6.1880e-12 2.6980e-12 1.1530e-12 4.8298e-13 1.9831e-13 7.9811e-14 3.1484e-14 1.2174e-14 4.6140e-15 1.7141e-15 6.2416e-16 2.2278e-16 7.7938e-17 2.6726e-17 8.9832e-18 2.9596e-18 9.5574e-19 3.0252e-19 9.3858e-20 2.8543e-20 8.5080e-21 2.4858e-21 7.1187e-22 1.9982e-22 5.4979e-23 1.4827e-23 3.9192e-24 1.0154e-24 2.5788e-25 6.4191e-26 1.5662e-26 3.7454e-27 8.7794e-28 2.0171e-28 4.5424e-29 1.0026e-29 2.1692e-30 4.6001e-31 9.5614e-32 1.9479e-32 3.8898e-33 7.6132e-34 1.4605e-34 2.7462e-35 5.0613e-36 9.1430e-37 1.6188e-37 2.8093e-38 4.7786e-39 7.9669e-40 1.3019e-40 2.0851e-41 3.2733e-42 5.0364e-43 7.5953e-44 1.1227e-44 1.6265e-45 2.3096e-46 3.2144e-47 4.3848e-48
-1.1900e-04 4.0079e-04 -1.1055e-04 -1.0365e-04 -9.5409e-05 -8.6214e-05 -7.6477e-05 -6.6595e-05 -5.6924e-05 -4.7761e-05 -3.9333e-05 -3.1792e-05 -2.5220e-05 -1.9635e-05 -1.5002e-05 -1.1247e-05 -8.2744e-06 -5.9729e-06 -4.2303e-06 -2.9395e-06 -2.0039e-06 -1.3401e-06 -8.7916e-07 -5.6575e-07 -3.5711e-07 -2.2109e-07 -1.3425e-07 -7.9954e-08 -4.6699e-08 -2.6748e-08 -1.5025e-08 -8.2760e-09 -4.4701e-09 -2.3676e-09 -1.2296e-09 -6.2611e-10 -3.1260e-10 -1.5303e-10 -7.3448e-11 -3.4563e-11 -1.5946e-11 -7.2124e-12 -3.1982e-12 -1.3904e-12 -5.9257e-13 -2.4758e-13 -1.0141e-13 -4.0720e-14 -1.6028e-14 -6.1850e-15 -2.3396e-15 -8.6756e-16 -3.1536e-16 -1.1237e-16 -3.9251e-17 -1.3440e-17 -4.5109e-18 -1.4841e-18 -4.7865e-19 -1.5132e-19 -4.6893e-20 -1.4245e-20 -4.2415e-21 -1.2380e-21 -3.5418e-22 -9.9327e-23 -2.7305e-23 -7.3574e-24 -1.9433e-24 -5.0311e-25 -1.2768e-25 -3.1760e-26 -7.7442e-27 -1.8509e-27 -4.3362e-28 -9.9575e-29 -2.2413e-29 -4.9452e-30 -1.0695e-30 -2.2672e-31 -4.7109e-32 -9.5950e-33 -1.9156e-33 -3.7486e-34 -7.1904e-35 -1.3519e-35 -2.4915e-36 -4.5008e-37 -7.9695e-38 -1.3832e-38 -2.3532e-39 -3.9241e-40 -6.4141e-41 -1.0276e-41 -1.6139e-42 -2.4843e-43 -3.7485e-44 -5.5440e-45 -8.0372e-46 -1.1421e-46 1.1890e-04 0.0000e+00 1.0976e-04 1.0234e-04 9.3533e-05 8.3789e-05 7.3574e-05 6.3325e-05 5.3425e-05 4.4179e-05 3.5810e-05 2.8451e-05 2.2156e-05 1.6913e-05 1.2654e-05 9.2801e-06 6.6709e-06 4.7002e-06 3.2460e-06 2.1973e-06 1.4579e-06 9.4810e-07 6.0435e-07 3.7758e-07 2.3122e-07 1.3878e-07 8.1645e-08 4.7077e-08 2.6606e-08 1.4737e-08 8.0010e-09 4.2574e-09 2.2203e-09 1.1349e-09 5.6855e-10 2.7915e-10 1.3433e-10 6.3352e-11 2.9282e-11 1.3264e-11 5.8885e-12 2.5620e-12 1.0924e-12 4.5646e-13 1.8692e-13 7.5009e-14 2.9498e-14 1.1368e-14 4.2928e-15 1.5886e-15 5.7603e-16 2.0467e-16 7.1260e-17 2.4310e-17 8.1256e-18 2.6611e-18 8.5387e-19 2.6843e-19 8.2672e-20 2.4944e-20 7.3730e-21 2.1348e-21 6.0550e-22 1.6822e-22 4.5773e-23 1.2199e-23 3.1838e-24 8.1374e-25 2.0366e-25 4.9906e-26 1.1973e-26 2.8119e-27 6.4642e-28 1.4544e-28 3.2021e-29 6.8976e-30 1.4535e-30 2.9954e-31 6.0360e-32 1.1889e-32 2.2884e-33 4.3023e-34 7.8969e-35 1.4143e-35 2.4698e-36 4.2017e-37 6.9556e-38 1.1188e-38 1.7453e-39 2.6333e-40 3.8284e-41 5.3330e-42 7.0549e-43 8.7266e-44 9.7895e-45 9.2379e-46 5.4244e-47 -4.1628e-48 -2.3130e-48 -5.6375e-49
-1.1331e-04 -1.1055e-04 9.0176e-04 -1.0017e-04 -9.3003e-05 -8.4921e-05 -7.6246e-05 -6.7304e-05 -5.8401e-05 -4.9807e-05 -4.1742e-05 -3.4371e-05 -2.7803e-05 -2.2089e-05 -1.7234e-05 -1.3202e-05 -9.9292e-06 -7.3300e-06 -5.3109e-06 -3.7762e-06 -2.6346e-06 -1.8034e-06 -1.2110e-06 -7.9773e-07 -5.1543e-07 -3.2663e-07 -2.0300e-07 -1.2372e-07 -7.3944e-08 -4.3335e-08 -2.4902e-08 -1.4030e-08 -7.7503e-09 -4.1974e-09 -2.2287e-09 -1.1602e-09 -5.9204e-10 -2.9619e-10 -1.4526e-10 -6.9835e-11 -3.2913e-11 -1.5205e-11 -6.8860e-12 -3.0569e-12 -1.3302e-12 -5.6743e-13 -2.3726e-13 -9.7242e-14 -3.9067e-14 -1.5385e-14 -5.9388e-15 -2.2471e-15 -8.3342e-16 -3.0299e-16 -1.0797e-16 -3.7714e-17 -1.2912e-17 -4.3334e-18 -1.4255e-18 -4.5965e-19 -1.4527e-19 -4.5006e-20 -1.3667e-20 -4.0679e-21 -1.1868e-21 -3.3941e-22 -9.5141e-23 -2.6141e-23 -7.0404e-24 -1.8586e-24 -4.8093e-25 -1.2198e-25 -3.0326e-26 -7.3900e-27 -1.7652e-27 -4.1329e-28 -9.4849e-29 -2.1336e-29 -4.7046e-30 -1.0168e-30 -2.1541e-31 -4.4731e-32 -9.1046e-33 -1.8165e-33 -3.5523e-34 -6.8094e-35 -1.2794e-35 -2.3564e-36 -4.2538e-37 -7.5272e-38 -1.3056e-38 -2.2196e-39 -3.6989e-40 -6.0420e-41 -9.6740e-42 -1.5182e-42 -2.3356e-43 -3.5218e-44 -5.2053e-45 -7.5412e-46 1.1310e-04 1.0976e-04 0.0000e+00 9.7349e-05 8.8969e-05 7.9700e-05 6.9982e-05 6.0230e-05 5.0810e-05 4.2013e-05 3.4049e-05 2.7048e-05 2.1059e-05 1.6071e-05 1.2020e-05 8.8113e-06 6.3306e-06 4.4577e-06 3.0762e-06 2.0806e-06 1.3790e-06 8.9574e-07 5.7018e-07 3.5567e-07 2.1740e-07 1.3022e-07 7.6425e-08 4.3949e-08 2.4762e-08 1.3669e-08 7.3926e-09 3.9167e-09 2.0328e-09 1.0334e-09 5.1461e-10 2.5098e-10 1.1987e-10 5.6065e-11 2.5675e-11 1.1512e-11 5.0527e-12 2.1707e-12 9.1260e-13 3.7542e-13 1.5108e-13 5.9466e-14 2.2886e-14 8.6094e-15 3.1646e-15 1.1361e-15 3.9814e-16 1.3611e-16 4.5358e-17 1.4718e-17 4.6445e-18 1.4229e-18 4.2224e-19 1.2098e-19 3.3310e-20 8.7507e-21 2.1673e-21 4.9502e-22 9.9341e-23 1.5126e-23 4.0244e-25 -9.7676e-25 -5.6517e-25 -2.3151e-25 -8.1894e-26 -2.6532e-26 -8.0759e-27 -2.3407e-27 -6.5114e-28 -1.7474e-28 -4.5392e-29 -1.1442e-29 -2.8040e-30 -6.6891e-31 -1.5550e-31 -3.5256e-32 -7.8015e-33 -1.6857e-33 -3.5585e-34 -7.3415e-35 -1.4807e-35 -2.9205e-36 -5.6343e-37 -1.0634e-37 -1.9639e-38 -3.5494e-39 -6.2790e-40 -1.0873e-40 -1.8433e-41 -3.0597e-42 -4.9730e-43 -7.9149e-44 -1.2337e-44 -1.8833e-45 -2.8158e-46 -4.1237e-47
-1.0580e-04 -1.0365e-04 -1.0017e-04 1.6031e-03 -8.9676e-05 -8.3031e-05 -7.5741e-05 -6.8042e-05 -6.0173e-05 -5.2365e-05 -4.4824e-05 -3.7728e-05 -3.1213e-05 -2.5373e-05 -2.0261e-05 -1.5889e-05 -1.2233e-05 -9.2443e-06 -6.8560e-06 -4.9891e-06 -3.5619e-06 -2.4944e-06 -1.7134e-06 -1.1542e-06 -7.6251e-07 -4.9394e-07 -3.1374e-07 -1.9538e-07 -1.1929e-07 -7.1406e-08 -4.1903e-08 -2.4106e-08 -1.3594e-08 -7.5152e-09 -4.0726e-09 -2.1634e-09 -1.1265e-09 -5.7500e-10 -2.8769e-10 -1.4109e-10 -6.7827e-11 -3.1961e-11 -1.4762e-11 -6.6834e-12 -2.9659e-12 -1.2901e-12 -5.5008e-13 -2.2989e-13 -9.4176e-14 -3.7815e-14 -1.4883e-14 -5.7419e-15 -2.1713e-15 -8.0480e-16 -2.9240e-16 -1.0413e-16 -3.6348e-17 -1.2437e-17 -4.1709e-18 -1.3711e-18 -4.4182e-19 -1.3954e-19 -4.3202e-20 -1.3110e-20 -3.8995e-21 -1.1369e-21 -3.2492e-22 -9.1019e-23 -2.4992e-23 -6.7264e-24 -1.7745e-24 -4.5888e-25 -1.1631e-25 -2.8898e-26 -7.0376e-27 -1.6799e-27 -3.9308e-28 -9.0154e-29 -2.0268e-29 -4.4662e-30 -9.6469e-31 -2.0425e-31 -4.2388e-32 -8.6226e-33 -1.7193e-33 -3.3603e-34 -6.4377e-35 -1.2089e-35 -2.2252e-36 -4.0148e-37 -7.1003e-38 -1.2309e-38 -2.0915e-39 -3.4835e-40 -5.6872e-41 -9.1010e-42 -1.4276e-42 -2.1950e-43 -3.3081e-44 -4.8870e-45 1.0546e-04 1.0234e-04 9.7349e-05 0.0000e+00 8.2951e-05 7.4305e-05 6.5239e-05 5.6141e-05 4.7352e-05 3.9143e-05 3.1712e-05 2.5180e-05 1.9593e-05 1.4940e-05 1.1163e-05 8.1736e-06 5.8638e-06 4.1216e-06 2.8383e-06 1.9147e-06 1.2652e-06 8.1892e-07 5.1910e-07 3.2222e-07 1.9584e-07 1.1653e-07 6.7871e-08 3.8686e-08 2.1576e-08 1.1771e-08 6.2800e-09 3.2755e-09 1.6695e-09 8.3119e-10 4.0398e-10 1.9154e-10 8.8519e-11 3.9831e-11 1.7426e-11 7.3991e-12 3.0413e-12 1.2059e-12 4.5880e-13 1.6614e-13 5.6465e-14 1.7534e-14 4.6712e-15 8.5485e-16 -7.0713e-17 -1.8666e-16 -1.3181e-16 -7.1932e-17 -3.4669e-17 -1.5443e-17 -6.4935e-18 -2.6070e-18 -1.0063e-18 -3.7520e-19 -1.3553e-19 -4.7542e-20 -1.6221e-20 -5.3901e-21 -1.7461e-21 -5.5183e-22 -1.7026e-22 -5.1309e-23 -1.5110e-23 -4.3495e-24 -1.2243e-24 -3.3705e-25 -9.0776e-26 -2.3922e-26 -6.1695e-27 -1.5574e-27 -3.8483e-28 -9.3100e-29 -2.2053e-29 -5.1150e-30 -1.1618e-30 -2.5846e-31 -5.6312e-32 -1.2017e-32 -2.5121e-33 -5.1440e-34 -1.0319e-34 -2.0279e-35 -3.9042e-36 -7.3645e-37 -1.3611e-37 -2.4646e-38 -4.3727e-39 -7.6019e-40 -1.2950e-40 -2.1616e-41 -3.5356e-42 -5.6670e-43 -8.9010e-44 -1.3700e-44 -2.0665e-45 -3.0547e-46
-9.6864e-05 -9.5409e-05 -9.3003e-05 -8.9676e-05 2.5048e-03 -8.0492e-05 -7.4819e-05 -6.8596e-05 -6.1985e-05 -5.5163e-05 -4.8316e-05 -4.1626e-05 -3.5254e-05 -2.9338e-05 -2.3980e-05 -1.9245e-05 -1.5160e-05 -1.1719e-05 -8.8876e-06 -6.6118e-06 -4.8243e-06 -3.4520e-06 -2.4221e-06 -1.6663e-06 -1.1240e-06 -7.4325e-07 -4.8183e-07 -3.0621e-07 -1.9077e-07 -1.1650e-07 -6.9739e-08 -4.0922e-08 -2.3537e-08 -1.3270e-08 -7.3337e-09 -3.9727e-09 -2.1094e-09 -1.0978e-09 -5.6005e-10 -2.8005e-10 -1.3726e-10 -6.5943e-11 -3.1053e-11 -1.4334e-11 -6.4850e-12 -2.8759e-12 -1.2501e-12 -5.3266e-13 -2.2246e-13 -9.1069e-14 -3.6543e-14 -1.4373e-14 -5.5412e-15 -2.0940e-15 -7.7563e-16 -2.8161e-16 -1.0022e-16 -3.4962e-17 -1.1955e-17 -4.0068e-18 -1.3164e-18 -4.2390e-19 -1.3381e-19 -4.1400e-20 -1.2556e-20 -3.7325e-21 -1.0876e-21 -3.1064e-22 -8.6971e-23 -2.3867e-23 -6.4201e-24 -1.6928e-24 -4.3751e-25 -1.1084e-25 -2.7523e-26 -6.6994e-27 -1.5984e-27 -3.7382e-28 -8.5694e-29 -1.9256e-29 -4.2411e-30 -9.1565e-31 -1.9377e-31 -4.0195e-32 -8.1729e-33 -1.6289e-33 -3.1822e-34 -6.0938e-35 -1.1438e-35 -2.1046e-36 -3.7955e-37 -6.7098e-38 -1.1627e-38 -1.9748e-39 -3.2879e-40 -5.3657e-41 -8.5833e-42 -1.3459e-42 -2.0686e-43 -3.1164e-44 9.6381e-05 9.3533e-05 8.8969e-05 8.2951e-05 0.0000e+00 6.7896e-05 5.9601e-05 5.1276e-05 4.3231e-05 3.5717e-05 2.8914e-05 2.2934e-05 1.7822e-05 1.3566e-05 1.0115e-05 7.3858e-06 5.2808e-06 3.6965e-06 2.5327e-06 1.6982e-06 1.1139e-06 7.1462e-07 4.4819e-07 2.7468e-07 1.6442e-07 9.6054e-08 5.4725e-08 3.0374e-08 1.6403e-08 8.6029e-09 4.3721e-09 2.1460e-09 1.0125e-09 4.5582e-10 1.9343e-10 7.5631e-11 2.5912e-11 6.6592e-12 1.8991e-13 -1.3824e-12 -1.3447e-12 -9.4136e-13 -5.7148e-13 -3.1832e-13 -1.6676e-13 -8.3251e-14 -3.9914e-14 -1.8469e-14 -8.2766e-15 -3.6005e-15 -1.5232e-15 -6.2754e-16 -2.5202e-16 -9.8741e-17 -3.7769e-17 -1.4111e-17 -5.1520e-18 -1.8388e-18 -6.4180e-19 -2.1910e-19 -7.3182e-20 -2.3919e-20 -7.6512e-21 -2.3958e-21 -7.3441e-22 -2.2042e-22 -6.4780e-23 -1.8644e-23 -5.2552e-24 -1.4508e-24 -3.9231e-25 -1.0392e-25 -2.6964e-26 -6.8543e-27 -1.7070e-27 -4.1649e-28 -9.9565e-29 -2.3321e-29 -5.3521e-30 -1.2036e-30 -2.6522e-31 -5.7267e-32 -1.2117e-32 -2.5125e-33 -5.1052e-34 -1.0166e-34 -1.9837e-35 -3.7936e-36 -7.1099e-37 -1.3059e-37 -2.3508e-38 -4.1472e-39 -7.1706e-40 -1.2151e-40 -2.0181e-41 -3.2849e-42 -5.2405e-43 -8.1941e-44 -1.2558e-44 -1.8862e-45
-8.6964e-05 -8.6214e-05 -8.4921e-05 -8.3031e-05 -8.0492e-05 3.6068e-03 -7.3338e-05 -6.8745e-05 -6.3560e-05 -5.7900e-05 -5.1918e-05 -4.5787e-05 -3.9689e-05 -3.3794e-05 -2.8253e-05 -2.3184e-05 -1.8666e-05 -1.4743e-05 -1.1421e-05 -8.6766e-06 -6.4632e-06 -4.7204e-06 -3.3799e-06 -2.3725e-06 -1.6325e-06 -1.1012e-06 -7.2809e-07 -4.7189e-07 -2.9979e-07 -1.8669e-07 -1.1395e-07 -6.8177e-08 -3.9982e-08 -2.2983e-08 -1.2949e-08 -7.1515e-09 -3.8713e-09 -2.0542e-09 -1.0684e-09 -5.4464e-10 -2.7216e-10 -1.3330e-10 -6.3998e-11 -3.0117e-11 -1.3892e-11 -6.2811e-12 -2.7837e-12 -1.2093e-12 -5.1491e-13 -2.1491e-13 -8.7926e-14 -3.5260e-14 -1.3860e-14 -5.3403e-15 -2.0169e-15 -7.4666e-16 -2.7094e-16 -9.6372e-17 -3.3601e-17 -1.1483e-17 -3.8467e-18 -1.2631e-18 -4.0655e-19 -1.2827e-19 -3.9666e-20 -1.2024e-20 -3.5728e-21 -1.0406e-21 -2.9708e-22 -8.3136e-23 -2.2805e-23 -6.1317e-24 -1.6161e-24 -4.1750e-25 -1.0572e-25 -2.6243e-26 -6.3853e-27 -1.5229e-27 -3.5601e-28 -8.1581e-29 -1.8325e-29 -4.0346e-30 -8.7074e-31 -1.8420e-31 -3.8197e-32 -7.7639e-33 -1.5469e-33 -3.0209e-34 -5.7830e-35 -1.0852e-35 -1.9959e-36 -3.5985e-37 -6.3595e-38 -1.1016e-38 -1.8706e-39 -3.1135e-40 -5.0795e-41 -8.1232e-42 -1.2734e-42 -1.9566e-43 8.6342e-05 8.3789e-05 7.9700e-05 7.4305e-05 6.7896e-05 0.0000e+00 5.3356e-05 4.5880e-05 3.8653e-05 3.1901e-05 2.5788e-05 2.0414e-05 1.5823e-05 1.2004e-05 8.9120e-06 6.4721e-06 4.5958e-06 3.1894e-06 2.1619e-06 1.4303e-06 9.2267e-07 5.7972e-07 3.5421e-07 2.1005e-07 1.2055e-07 6.6701e-08 3.5368e-08 1.7804e-08 8.3694e-09 3.5541e-09 1.2534e-09 2.5351e-10 -1.1506e-10 -2.0353e-10 -1.8485e-10 -1.3723e-10 -9.1538e-11 -5.6872e-11 -3.3494e-11 -1.8885e-11 -1.0256e-11 -5.3876e-12 -2.7448e-12 -1.3591e-12 -6.5507e-13 -3.0769e-13 -1.4097e-13 -6.3041e-14 -2.7535e-14 -1.1752e-14 -4.9033e-15 -2.0005e-15 -7.9837e-16 -3.1173e-16 -1.1911e-16 -4.4544e-17 -1.6307e-17 -5.8447e-18 -2.0512e-18 -7.0491e-19 -2.3725e-19 -7.8208e-20 -2.5252e-20 -7.9868e-21 -2.4746e-21 -7.5113e-22 -2.2337e-22 -6.5080e-23 -1.8578e-23 -5.1966e-24 -1.4243e-24 -3.8250e-25 -1.0066e-25 -2.5959e-26 -6.5604e-27 -1.6247e-27 -3.9432e-28 -9.3790e-29 -2.1862e-29 -4.9944e-30 -1.1182e-30 -2.4536e-31 -5.2765e-32 -1.1121e-32 -2.2974e-33 -4.6514e-34 -9.2302e-35 -1.7952e-35 -3.4222e-36 -6.3941e-37 -1.1709e-37 -2.1018e-38 -3.6977e-39 -6.3763e-40 -1.0777e-40 -1.7854e-41 -2.8991e-42 -4.6143e-43 -7.1985e-44 -1.1007e-44
-7.6560e-05 -7.6477e-05 -7.6246e-05 -7.5741e-05 -7.4819e-05 -7.3338e-05 4.9090e-03 -6.8286e-05 -6.4633e-05 -6.0274e-05 -5.5316e-05 -4.9913e-05 -4.4249e-05 -3.8517e-05 -3.2907e-05 -2.7583e-05 -2.2678e-05 -1.8286e-05 -1.4457e-05 -1.1207e-05 -8.5166e-06 -6.3447e-06 -4.6334e-06 -3.3168e-06 -2.3273e-06 -1.6007e-06 -1.0792e-06 -7.1312e-07 -4.6190e-07 -2.9325e-07 -1.8249e-07 -1.1131e-07 -6.6553e-08 -3.9003e-08 -2.2404e-08 -1.2615e-08 -6.9620e-09 -3.7662e-09 -1.9970e-09 -1.0380e-09 -5.2881e-10 -2.6408e-10 -1.2926e-10 -6.2022e-11 -2.9169e-11 -1.3447e-11 -6.0765e-12 -2.6915e-12 -1.1686e-12 -4.9732e-13 -2.0746e-13 -8.4833e-14 -3.4003e-14 -1.3359e-14 -5.1448e-15 -1.9421e-15 -7.1865e-16 -2.6066e-16 -9.2674e-17 -3.2297e-17 -1.1033e-17 -3.6943e-18 -1.2126e-18 -3.9013e-19 -1.2303e-19 -3.8034e-20 -1.1525e-20 -3.4232e-21 -9.9666e-22 -2.8444e-22 -7.9569e-23 -2.1819e-23 -5.8646e-24 -1.5452e-24 -3.9905e-25 -1.0102e-25 -2.5068e-26 -6.0973e-27 -1.4538e-27 -3.3975e-28 -7.7832e-29 -1.7478e-29 -3.8470e-30 -8.3003e-31 -1.7554e-31 -3.6391e-32 -7.3949e-33 -1.4730e-33 -2.8759e-34 -5.5040e-35 -1.0325e-35 -1.8987e-36 -3.4224e-37 -6.0469e-38 -1.0472e-38 -1.7778e-39 -2.9584e-40 -4.8255e-41 -7.7153e-42 -1.2092e-42 7.5816e-05 7.3574e-05 6.9982e-05 6.5239e-05 5.9601e-05 5.3356e-05 0.0000e+00 4.0207e-05 3.3831e-05 2.7871e-05 2.2474e-05 1.7730e-05 1.3679e-05 1.0316e-05 7.5981e-06 5.4615e-06 3.8269e-06 2.6104e-06 1.7303e-06 1.1117e-06 6.8988e-07 4.1144e-07 2.3395e-07 1.2514e-07 6.1384e-08 2.6042e-08 7.8442e-09 -5.3546e-10 -3.6490e-09 -4.1863e-09 -3.6430e-09 -2.7869e-09 -1.9675e-09 -1.3106e-09 -8.3353e-10 -5.0984e-10 -3.0130e-10 -1.7259e-10 -9.6046e-11 -5.2011e-11 -2.7442e-11 -1.4122e-11 -7.0930e-12 -3.4795e-12 -1.6680e-12 -7.8163e-13 -3.5819e-13 -1.6057e-13 -7.0427e-14 -3.0230e-14 -1.2702e-14 -5.2244e-15 -2.1041e-15 -8.2977e-16 -3.2047e-16 -1.2122e-16 -4.4914e-17 -1.6301e-17 -5.7957e-18 -2.0188e-18 -6.8893e-19 -2.3035e-19 -7.5466e-20 -2.4225e-20 -7.6202e-21 -2.3488e-21 -7.0947e-22 -2.1000e-22 -6.0917e-23 -1.7317e-23 -4.8247e-24 -1.3173e-24 -3.5251e-25 -9.2450e-26 -2.3763e-26 -5.9865e-27 -1.4781e-27 -3.5771e-28 -8.4845e-29 -1.9725e-29 -4.4945e-30 -1.0038e-30 -2.1974e-31 -4.7148e-32 -9.9157e-33 -2.0440e-33 -4.1300e-34 -8.1793e-35 -1.5878e-35 -3.0212e-36 -5.6348e-37 -1.0301e-37 -1.8460e-38 -3.2424e-39 -5.5824e-40 -9.4209e-41 -1.5584e-41 -2.5270e-42 -4.0164e-43 -6.2573e-44
-6.6093e-05 -6.6595e-05 -6.7304e-05 -6.8042e-05 -6.8596e-05 -6.8745e-05 -6.8286e-05 6.4115e-03 -6.4975e-05 -6.2008e-05 -5.8210e-05 -5.3702e-05 -4.8651e-05 -4.3258e-05 -3.7737e-05 -3.2288e-05 -2.7090e-05 -2.2285e-05 -1.7973e-05 -1.4209e-05 -1.1012e-05 -8.3655e-06 -6.2291e-06 -4.5465e-06 -3.2526e-06 -2.2808e-06 -1.5676e-06 -1.0561e-06 -6.9741e-07 -4.5141e-07 -2.8639e-07 -1.7810e-07 -1.0856e-07 -6.4864e-08 -3.7988e-08 -2.1807e-08 -1.2271e-08 -6.7682e-09 -3.6592e-09 -1.9392e-09 -1.0073e-09 -5.1291e-10 -2.5600e-10 -1.2524e-10 -6.0061e-11 -2.8233e-11 -1.3009e-11 -5.8758e-12 -2.6014e-12 -1.1289e-12 -4.8024e-13 -2.0025e-13 -8.1849e-14 -3.2793e-14 -1.2879e-14 -4.9578e-15 -1.8708e-15 -6.9200e-16 -2.5090e-16 -8.9173e-17 -3.1066e-17 -1.0609e-17 -3.5511e-18 -1.1652e-18 -3.7476e-19 -1.1815e-19 -3.6513e-20 -1.1061e-20 -3.2843e-21 -9.5595e-22 -2.7274e-22 -7.6277e-23 -2.0910e-23 -5.6190e-24 -1.4800e-24 -3.8214e-25 -9.6715e-26 -2.3993e-26 -5.8346e-27 -1.3908e-27 -3.2496e-28 -7.4428e-29 -1.6709e-29 -3.6771e-30 -7.9320e-31 -1.6772e-31 -3.4762e-32 -7.0624e-33 -1.4065e-33 -2.7455e-34 -5.2535e-35 -9.8536e-36 -1.8116e-36 -3.2648e-37 -5.7674e-38 -9.9867e-39 -1.6951e-39 -2.8202e-40 -4.5993e-41 -7.3525e-42 6.5256e-05 6.3325e-05 6.0230e-05 5.6141e-05 5.1276e-05 4.5880e-05 4.0207e-05 0.0000e+00 2.8970e-05 2.3797e-05 1.9110e-05 1.4992e-05 1.1478e-05 8.5653e-06 6.2206e-06 4.3873e-06 2.9962e-06 1.9731e-06 1.2450e-06 7.4516e-07 4.1548e-07 2.0796e-07 8.4658e-08 1.6906e-08 -1.6055e-08 -2.8573e-08 -3.0082e-08 -2.6441e-08 -2.1040e-08 -1.5652e-08 -1.1062e-08 -7.4966e-09 -4.8993e-09 -3.0996e-09 -1.9035e-09 -1.1369e-09 -6.6131e-10 -3.7508e-10 -2.0761e-10 -1.1222e-10 -5.9267e-11 -3.0599e-11 -1.5449e-11 -7.6297e-12 -3.6870e-12 -1.7437e-12 -8.0724e-13 -3.6587e-13 -1.6237e-13 -7.0565e-14 -3.0035e-14 -1.2521e-14 -5.1134e-15 -2.0456e-15 -8.0174e-16 -3.0786e-16 -1.1582e-16 -4.2697e-17 -1.5423e-17 -5.4591e-18 -1.8936e-18 -6.4364e-19 -2.1440e-19 -6.9991e-20 -2.2393e-20 -7.0212e-21 -2.1576e-21 -6.4984e-22 -1.9183e-22 -5.5499e-23 -1.5738e-23 -4.3741e-24 -1.1916e-24 -3.1816e-25 -8.3266e-26 -2.1359e-26 -5.3705e-27 -1.3236e-27 -3.1974e-28 -7.5709e-29 -1.7572e-29 -3.9976e-30 -8.9144e-31 -1.9485e-31 -4.1749e-32 -8.7681e-33 -1.8050e-33 -3.6424e-34 -7.2047e-35 -1.3969e-35 -2.6549e-36 -4.9460e-37 -9.0321e-38 -1.6168e-38 -2.8369e-39 -4.8794e-40 -8.2266e-41 -1.3596e-41 -2.2025e-42 -3.4975e-43
-5.5948e-05 -5.6924e-05 -5.8401e-05 -6.0173e-05 -6.1985e-05 -6.3560e-05 -6.4633e-05 -6.4975e-05 8.1141e-03 -6.2878e-05 -6.0338e-05 -5.6872e-05 -5.2615e-05 -4.7757e-05 -4.2515e-05 -3.7112e-05 -3.1761e-05 -2.6647e-05 -2.1915e-05 -1.7667e-05 -1.3960e-05 -1.0812e-05 -8.2082e-06 -6.1078e-06 -4.4548e-06 -3.1847e-06 -2.2317e-06 -1.5328e-06 -1.0320e-06 -6.8099e-07 -4.4049e-07 -2.7929e-07 -1.7357e-07 -1.0574e-07 -6.3141e-08 -3.6958e-08 -2.1204e-08 -1.1925e-08 -6.5739e-09 -3.5524e-09 -1.8816e-09 -9.7696e-10 -4.9722e-10 -2.4806e-10 -1.2130e-10 -5.8148e-11 -2.7322e-11 -1.2584e-11 -5.6816e-12 -2.5145e-12 -1.0908e-12 -4.6385e-13 -1.9335e-13 -7.9001e-14 -3.1641e-14 -1.2422e-14 -4.7807e-15 -1.8034e-15 -6.6687e-16 -2.4172e-16 -8.5884e-17 -2.9912e-17 -1.0212e-17 -3.4173e-18 -1.1210e-18 -3.6046e-19 -1.1361e-19 -3.5102e-20 -1.0631e-20 -3.1559e-21 -9.1838e-22 -2.6196e-22 -7.3247e-23 -2.0075e-23 -5.3935e-24 -1.4204e-24 -3.6666e-25 -9.2778e-26 -2.3012e-26 -5.5950e-27 -1.3334e-27 -3.1151e-28 -7.1333e-29 -1.6012e-29 -3.5230e-30 -7.5983e-31 -1.6064e-31 -3.3289e-32 -6.7621e-33 -1.3465e-33 -2.6280e-34 -5.0279e-35 -9.4290e-36 -1.7333e-36 -3.1233e-37 -5.5166e-38 -9.5512e-39 -1.6209e-39 -2.6965e-40 -4.3970e-41 5.5054e-05 5.3425e-05 5.0810e-05 4.7352e-05 4.3231e-05 3.8653e-05 3.3831e-05 2.8970e-05 0.0000e+00 1.9834e-05 1.5826e-05 1.2303e-05 9.3001e-06 6.8177e-06 4.8286e-06 3.2857e-06 2.1293e-06 1.2944e-06 7.1663e-07 3.3634e-07 1.0147e-07 -3.1116e-08 -9.5478e-08 -1.1720e-07 -1.1455e-07 -9.9844e-08 -8.0824e-08 -6.1951e-08 -4.5444e-08 -3.2112e-08 -2.1952e-08 -1.4560e-08 -9.3896e-09 -5.8967e-09 -3.6105e-09 -2.1573e-09 -1.2588e-09 -7.1772e-10 -4.0005e-10 -2.1807e-10 -1.1629e-10 -6.0681e-11 -3.0992e-11 -1.5496e-11 -7.5856e-12 -3.6363e-12 -1.7072e-12 -7.8502e-13 -3.5360e-13 -1.5603e-13 -6.7450e-14 -2.8568e-14 -1.1855e-14 -4.8208e-15 -1.9209e-15 -7.5001e-16 -2.8698e-16 -1.0761e-16 -3.9546e-17 -1.4243e-17 -5.0274e-18 -1.7392e-18 -5.8969e-19 -1.9596e-19 -6.3829e-20 -2.0377e-20 -6.3762e-21 -1.9556e-21 -5.8790e-22 -1.7323e-22 -5.0034e-23 -1.4165e-23 -3.9308e-24 -1.0692e-24 -2.8508e-25 -7.4506e-26 -1.9087e-26 -4.7931e-27 -1.1798e-27 -2.8467e-28 -6.7329e-29 -1.5610e-29 -3.5474e-30 -7.9026e-31 -1.7257e-31 -3.6938e-32 -7.7505e-33 -1.5941e-33 -3.2140e-34 -6.3520e-35 -1.2306e-35 -2.3370e-36 -4.3504e-37 -7.9385e-38 -1.4200e-38 -2.4899e-39 -4.2796e-40 -7.2106e-41 -1.1909e-41 -1.9280e-42
-4.6441e-05 -4.7761e-05 -4.9807e-05 -5.2365e-05 -5.5163e-05 -5.7900e-05 -6.0274e-05 -6.2008e-05 -6.2878e-05 1.0017e-02 -6.1495e-05 -5.9183e-05 -5.5884e-05 -5.1755e-05 -4.6999e-05 -4.1842e-05 -3.6517e-05 -3.1239e-05 -2.6195e-05 -2.1530e-05 -1.7345e-05 -1.3696e-05 -1.0600e-05 -8.0415e-06 -5.9796e-06 -4.3583e-06 -3.1137e-06 -2.1804e-06 -1.4967e-06 -1.0070e-06 -6.6413e-07 -4.2934e-07 -2.7207e-07 -1.6900e-07 -1.0290e-07 -6.1412e-08 -3.5928e-08 -2.0604e-08 -1.1582e-08 -6.3822e-09 -3.4473e-09 -1.8252e-09 -9.4730e-10 -4.8194e-10 -2.4034e-10 -1.1749e-10 -5.6299e-11 -2.6445e-11 -1.2176e-11 -5.4956e-12 -2.4314e-12 -1.0545e-12 -4.4826e-13 -1.8680e-13 -7.6303e-14 -3.0552e-14 -1.1992e-14 -4.6137e-15 -1.7400e-15 -6.4327e-16 -2.3311e-16 -8.2806e-17 -2.8833e-17 -9.8415e-18 -3.2927e-18 -1.0799e-18 -3.4717e-19 -1.0940e-19 -3.3795e-20 -1.0233e-20 -3.0373e-21 -8.8371e-22 -2.5203e-22 -7.0457e-23 -1.9308e-23 -5.1864e-24 -1.3656e-24 -3.5247e-25 -8.9174e-26 -2.2115e-26 -5.3761e-27 -1.2811e-27 -2.9923e-28 -6.8513e-29 -1.5377e-29 -3.3829e-30 -7.2951e-31 -1.5421e-31 -3.1953e-32 -6.4899e-33 -1.2921e-33 -2.5216e-34 -4.8238e-35 -9.0453e-36 -1.6626e-36 -2.9955e-37 -5.2904e-38 -9.1586e-39 -1.5542e-39 -2.5852e-40 4.5527e-05 4.4179e-05 4.2013e-05 3.9143e-05 3.5717e-05 3.1901e-05 2.7871e-05 2.3797e-05 1.9834e-05 0.0000e+00 1.2730e-05 9.7558e-06 7.2222e-06 5.1338e-06 3.4706e-06 2.1943e-06 1.2543e-06 5.9473e-07 1.5890e-07 -1.0628e-07 -2.4760e-07 -3.0415e-07 -3.0685e-07 -2.7883e-07 -2.3641e-07 -1.9029e-07 -1.4682e-07 -1.0926e-07 -7.8718e-08 -5.5066e-08 -3.7474e-08 -2.4846e-08 -1.6067e-08 -1.0143e-08 -6.2547e-09 -3.7699e-09 -2.2219e-09 -1.2809e-09 -7.2257e-10 -3.9893e-10 -2.1560e-10 -1.1409e-10 -5.9119e-11 -3.0002e-11 -1.4914e-11 -7.2619e-12 -3.4641e-12 -1.6190e-12 -7.4133e-13 -3.3262e-13 -1.4624e-13 -6.3005e-14 -2.6601e-14 -1.1007e-14 -4.4632e-15 -1.7738e-15 -6.9088e-16 -2.6374e-16 -9.8682e-17 -3.6190e-17 -1.3008e-17 -4.5831e-18 -1.5827e-18 -5.3573e-19 -1.7775e-19 -5.7808e-20 -1.8428e-20 -5.7584e-21 -1.7638e-21 -5.2956e-22 -1.5585e-22 -4.4962e-23 -1.2715e-23 -3.5247e-24 -9.5775e-25 -2.5511e-25 -6.6610e-26 -1.7049e-26 -4.2774e-27 -1.0520e-27 -2.5362e-28 -5.9938e-29 -1.3886e-29 -3.1533e-30 -7.0196e-31 -1.5318e-31 -3.2767e-32 -6.8708e-33 -1.4123e-33 -2.8457e-34 -5.6209e-35 -1.0883e-35 -2.0656e-36 -3.8432e-37 -7.0095e-38 -1.2532e-38 -2.1963e-39 -3.7732e-40 -6.3544e-41 -1.0490e-41
-3.7800e-05 -3.9333e-05 -4.1742e-05 -4.4824e-05 -4.8316e-05 -5.1918e-05 -5.5316e-05 -5.8210e-05 -6.0338e-05 -6.1495e-05 1.2120e-02 -6.0454e-05 -5.8240e-05 -5.5016e-05 -5.0950e-05 -4.6253e-05 -4.1158e-05 -3.5898e-05 -3.0689e-05 -2.5715e-05 -2.1120e-05 -1.7003e-05 -1.3416e-05 -1.0377e-05 -7.8668e-06 -5.8459e-06 -4.2582e-06 -3.0404e-06 -2.1279e-06 -1.4598e-06 -9.8167e-07 -6.4710e-07 -4.1813e-07 -2.6484e-07 -1.6443e-07 -1.0007e-07 -5.9702e-08 -3.4914e-08 -2.0014e-08 -1.1247e-08 -6.1950e-09 -3.3450e-09 -1.7705e-09 -9.1858e-10 -4.6718e-10 -2.3291e-10 -1.1382e-10 -5.4527e-11 -2.5605e-11 -1.1787e-11 -5.3184e-12 -2.3524e-12 -1.0199e-12 -4.3349e-13 -1.8060e-13 -7.3755e-14 -2.9526e-14 -1.1586e-14 -4.4569e-15 -1.6805e-15 -6.2116e-16 -2.2506e-16 -7.9931e-17 -2.7827e-17 -9.4964e-18 -3.1768e-18 -1.0417e-18 -3.3484e-19 -1.0550e-19 -3.2585e-20 -9.8651e-21 -2.9277e-21 -8.5168e-22 -2.4286e-22 -6.7886e-23 -1.8601e-23 -4.9958e-24 -1.3153e-24 -3.3943e-25 -8.5867e-26 -2.1292e-26 -5.1755e-27 -1.2331e-27 -2.8801e-28 -6.5936e-29 -1.4797e-29 -3.2549e-30 -7.0186e-31 -1.4835e-31 -3.0736e-32 -6.2421e-33 -1.2426e-33 -2.4249e-34 -4.6383e-35 -8.6968e-36 -1.5984e-36 -2.8797e-37 -5.0853e-38 -8.8029e-39 -1.4937e-39 3.6904e-05 3.5810e-05 3.4049e-05 3.1712e-05 2.8914e-05 2.5788e-05 2.2474e-05 1.9110e-05 1.5826e-05 1.2730e-05 0.0000e+00 7.4245e-06 5.3076e-06 3.5677e-06 2.1917e-06 1.1498e-06 4.0067e-07 -1.0331e-07 -4.1149e-07 -5.7108e-07 -6.2439e-07 -6.0718e-07 -5.4800e-07 -4.6829e-07 -3.8307e-07 -3.0195e-07 -2.3035e-07 -1.7057e-07 -1.2286e-07 -8.6208e-08 -5.9001e-08 -3.9421e-08 -2.5730e-08 -1.6416e-08 -1.0242e-08 -6.2514e-09 -3.7337e-09 -2.1828e-09 -1.2493e-09 -7.0014e-10 -3.8427e-10 -2.0657e-10 -1.0878e-10 -5.6114e-11 -2.8361e-11 -1.4044e-11 -6.8148e-12 -3.2403e-12 -1.5098e-12 -6.8943e-13 -3.0853e-13 -1.3532e-13 -5.8166e-14 -2.4506e-14 -1.0119e-14 -4.0956e-15 -1.6247e-15 -6.3177e-16 -2.4079e-16 -8.9960e-17 -3.2944e-17 -1.1826e-17 -4.1610e-18 -1.4352e-18 -4.8522e-19 -1.6081e-19 -5.2244e-20 -1.6638e-20 -5.1938e-21 -1.5894e-21 -4.7677e-22 -1.4020e-22 -4.0413e-23 -1.1419e-23 -3.1631e-24 -8.5890e-25 -2.2862e-25 -5.9653e-26 -1.5258e-26 -3.8258e-27 -9.4036e-28 -2.2658e-28 -5.3517e-29 -1.2391e-29 -2.8125e-30 -6.2577e-31 -1.3649e-31 -2.9182e-32 -6.1164e-33 -1.2567e-33 -2.5311e-34 -4.9973e-35 -9.6719e-36 -1.8350e-36 -3.4128e-37 -6.2222e-38 -1.1120e-38 -1.9482e-39 -3.3459e-40 -5.6329e-41
-3.0170e-05 -3.1792e-05 -3.4371e-05 -3.7728e-05 -4.1626e-05 -4.5787e-05 -4.9913e-05 -5.3702e-05 -5.6872e-05 -5.9183e-05 -6.0454e-05 1.4423e-02 -5.9524e-05 -5.7340e-05 -5.4146e-05 -5.0116e-05 -4.5467e-05 -4.0430e-05 -3.5238e-05 -3.0103e-05 -2.5206e-05 -2.0688e-05 -1.6644e-05 -1.3125e-05 -1.0145e-05 -7.6866e-06 -5.7088e-06 -4.1561e-06 -2.9659e-06 -2.0748e-06 -1.4227e-06 -9.5631e-07 -6.3011e-07 -4.0698e-07 -2.5768e-07 -1.5992e-07 -9.7296e-08 -5.8025e-08 -3.3922e-08 -1.9439e-08 -1.0920e-08 -6.0134e-09 -3.2460e-09 -1.7176e-09 -8.9093e-10 -4.5300e-10 -2.2579e-10 -1.1032e-10 -5.2835e-11 -2.4805e-11 -1.1416e-11 -5.1500e-12 -2.2775e-12 -9.8726e-13 -4.1952e-13 -1.7475e-13 -7.1354e-14 -2.8560e-14 -1.1205e-14 -4.3097e-15 -1.6248e-15 -6.0046e-16 -2.1752e-16 -7.7244e-17 -2.6888e-17 -9.1748e-18 -3.0688e-18 -1.0062e-18 -3.2337e-19 -1.0188e-19 -3.1462e-20 -9.5240e-21 -2.8261e-21 -8.2205e-22 -2.3439e-22 -6.5510e-23 -1.7948e-23 -4.8200e-24 -1.2689e-24 -3.2743e-25 -8.2822e-26 -2.0536e-26 -4.9912e-27 -1.1891e-27 -2.7770e-28 -6.3571e-29 -1.4265e-29 -3.1377e-30 -6.7653e-31 -1.4298e-31 -2.9622e-32 -6.0155e-33 -1.1975e-33 -2.3365e-34 -4.4691e-35 -8.3789e-36 -1.5399e-36 -2.7740e-37 -4.8985e-38 -8.4790e-39 2.9321e-05 2.8451e-05 2.7048e-05 2.5180e-05 2.2934e-05 2.0414e-05 1.7730e-05 1.4992e-05 1.2303e-05 9.7558e-06 7.4245e-06 0.0000e+00 3.6055e-06 2.1634e-06 1.0308e-06 1.8636e-07 -4.0265e-07 -7.7581e-07 -9.7559e-07 -1.0438e-06 -1.0188e-06 -9.3364e-07 -8.1531e-07 -6.8421e-07 -5.5476e-07 -4.3611e-07 -3.3324e-07 -2.4794e-07 -1.7988e-07 -1.2736e-07 -8.8089e-08 -5.9547e-08 -3.9362e-08 -2.5453e-08 -1.6107e-08 -9.9762e-09 -6.0497e-09 -3.5924e-09 -2.0892e-09 -1.1901e-09 -6.6410e-10 -3.6306e-10 -1.9447e-10 -1.0207e-10 -5.2496e-11 -2.6458e-11 -1.3068e-11 -6.3260e-12 -3.0012e-12 -1.3955e-12 -6.3600e-13 -2.8410e-13 -1.2439e-13 -5.3384e-14 -2.2457e-14 -9.2602e-15 -3.7429e-15 -1.4830e-15 -5.7596e-16 -2.1927e-16 -8.1832e-17 -2.9937e-17 -1.0736e-17 -3.7741e-18 -1.3006e-18 -4.3935e-19 -1.4549e-19 -4.7231e-20 -1.5030e-20 -4.6888e-21 -1.4339e-21 -4.2986e-22 -1.2633e-22 -3.6393e-23 -1.0278e-23 -2.8453e-24 -7.7219e-25 -2.0544e-25 -5.3579e-26 -1.3698e-26 -3.4331e-27 -8.4347e-28 -2.0315e-28 -4.7963e-29 -1.1101e-29 -2.5187e-30 -5.6020e-31 -1.2214e-31 -2.6106e-32 -5.4699e-33 -1.1235e-33 -2.2621e-34 -4.4649e-35 -8.6390e-36 -1.6386e-36 -3.0467e-37 -5.5532e-38 -9.9221e-39 -1.7379e-39 -2.9839e-40
-2.3611e-05 -2.5220e-05 -2.7803e-05 -3.1213e-05 -3.5254e-05 -3.9689e-05 -4.4249e-05 -4.8651e-05 -5.2615e-05 -5.5884e-05 -5.8240e-05 -5.9524e-05 1.6926e-02 -5.8584e-05 -5.6402e-05 -5.3224e-05 -4.9228e-05 -4.4628e-05 -3.9656e-05 -3.4539e-05 -2.9486e-05 -2.4674e-05 -2.0239e-05 -1.6273e-05 -1.2825e-05 -9.9081e-06 -7.5034e-06 -5.5701e-06 -4.0533e-06 -2.8914e-06 -2.0218e-06 -1.3858e-06 -9.3117e-07 -6.1333e-07 -3.9601e-07 -2.5065e-07 -1.5552e-07 -9.4586e-08 -5.6393e-08 -3.2959e-08 -1.8883e-08 -1.0605e-08 -5.8384e-09 -3.1508e-09 -1.6669e-09 -8.6443e-10 -4.3944e-10 -2.1898e-10 -1.0697e-10 -5.1224e-11 -2.4045e-11 -1.1064e-11 -4.9905e-12 -2.2066e-12 -9.5638e-13 -4.0634e-13 -1.6923e-13 -6.9092e-14 -2.7651e-14 -1.0847e-14 -4.1715e-15 -1.5725e-15 -5.8106e-16 -2.1047e-16 -7.4733e-17 -2.6011e-17 -8.8746e-18 -2.9681e-18 -9.7304e-19 -3.1270e-19 -9.8505e-20 -3.0418e-20 -9.2072e-21 -2.7319e-21 -7.9457e-22 -2.2654e-22 -6.3310e-23 -1.7344e-23 -4.6575e-24 -1.2260e-24 -3.1634e-25 -8.0012e-26 -1.9837e-26 -4.8211e-27 -1.1485e-27 -2.6821e-28 -6.1394e-29 -1.3776e-29 -3.0299e-30 -6.5324e-31 -1.3805e-31 -2.8599e-32 -5.8075e-33 -1.1560e-33 -2.2555e-34 -4.3139e-35 -8.0875e-36 -1.4862e-36 -2.6773e-37 -4.7275e-38 2.2835e-05 2.2156e-05 2.1059e-05 1.9593e-05 1.7822e-05 1.5823e-05 1.3679e-05 1.1478e-05 9.3001e-06 7.2222e-06 5.3076e-06 3.6055e-06 0.0000e+00 9.5311e-07 1.9125e-08 -6.6677e-07 -1.1289e-06 -1.3991e-06 -1.5133e-06 -1.5080e-06 -1.4181e-06 -1.2745e-06 -1.1028e-06 -9.2325e-07 -7.5016e-07 -5.9292e-07 -4.5661e-07 -3.4304e-07 -2.5164e-07 -1.8038e-07 -1.2641e-07 -8.6655e-08 -5.8124e-08 -3.8160e-08 -2.4527e-08 -1.5437e-08 -9.5156e-09 -5.7454e-09 -3.3984e-09 -1.9694e-09 -1.1182e-09 -6.2215e-10 -3.3921e-10 -1.8125e-10 -9.4911e-11 -4.8710e-11 -2.4502e-11 -1.2080e-11 -5.8377e-12 -2.7652e-12 -1.2839e-12 -5.8431e-13 -2.6067e-13 -1.1399e-13 -4.8867e-14 -2.0535e-14 -8.4589e-15 -3.4158e-15 -1.3521e-15 -5.2469e-16 -1.9959e-16 -7.4430e-17 -2.7209e-17 -9.7508e-18 -3.4255e-18 -1.1797e-18 -3.9829e-19 -1.3182e-19 -4.2769e-20 -1.3603e-20 -4.2414e-21 -1.2965e-21 -3.8848e-22 -1.1411e-22 -3.2861e-23 -9.2764e-24 -2.5671e-24 -6.9643e-25 -1.8522e-25 -4.8288e-26 -1.2341e-26 -3.0920e-27 -7.5944e-28 -1.8285e-28 -4.3160e-29 -9.9865e-30 -2.2652e-30 -5.0369e-31 -1.0979e-31 -2.3461e-32 -4.9145e-33 -1.0092e-33 -2.0315e-34 -4.0088e-35 -7.7550e-36 -1.4706e-36 -2.7338e-37 -4.9819e-38 -8.8998e-39 -1.5585e-39
-1.8120e-05 -1.9635e-05 -2.2089e-05 -2.5373e-05 -2.9338e-05 -3.3794e-05 -3.8517e-05 -4.3258e-05 -4.7757e-05 -5.1755e-05 -5.5016e-05 -5.7340e-05 -5.8584e-05 1.9629e-02 -5.7586e-05 -5.5401e-05 -5.2241e-05 -4.8284e-05 -4.3742e-05 -3.8842e-05 -3.3809e-05 -2.8846e-05 -2.4125e-05 -1.9778e-05 -1.5894e-05 -1.2521e-05 -9.6691e-06 -7.3194e-06 -5.4314e-06 -3.9509e-06 -2.8173e-06 -1.9693e-06 -1.3495e-06 -9.0646e-07 -5.9689e-07 -3.8529e-07 -2.4380e-07 -1.5123e-07 -9.1957e-08 -5.4813e-08 -3.2029e-08 -1.8346e-08 -1.0301e-08 -5.6703e-09 -3.0596e-09 -1.6183e-09 -8.3910e-10 -4.2649e-10 -2.1250e-10 -1.0379e-10 -4.9693e-11 -2.3323e-11 -1.0730e-11 -4.8394e-12 -2.1395e-12 -9.2721e-13 -3.9390e-13 -1.6404e-13 -6.6963e-14 -2.6796e-14 -1.0511e-14 -4.0417e-15 -1.5234e-15 -5.6289e-16 -2.0387e-16 -7.2382e-17 -2.5191e-17 -8.5941e-18 -2.8740e-18 -9.4215e-19 -3.0275e-19 -9.5364e-20 -2.9446e-20 -8.9124e-21 -2.6442e-21 -7.6903e-22 -2.1924e-22 -6.1268e-23 -1.6783e-23 -4.5067e-24 -1.1862e-24 -3.0606e-25 -7.7409e-26 -1.9191e-26 -4.6638e-27 -1.1110e-27 -2.5943e-28 -5.9382e-29 -1.3324e-29 -2.9304e-30 -6.3175e-31 -1.3351e-31 -2.7656e-32 -5.6158e-33 -1.1178e-33 -2.1809e-34 -4.1709e-35 -7.8193e-36 -1.4369e-36 -2.5883e-37 1.7432e-05 1.6913e-05 1.6071e-05 1.4940e-05 1.3566e-05 1.2004e-05 1.0316e-05 8.5653e-06 6.8177e-06 5.1338e-06 3.5677e-06 2.1634e-06 9.5311e-07 0.0000e+00 -8.2206e-07 -1.3870e-06 -1.7554e-06 -1.9515e-06 -2.0046e-06 -1.9463e-06 -1.8080e-06 -1.6183e-06 -1.4023e-06 -1.1799e-06 -9.6617e-07 -7.7112e-07 -6.0057e-07 -4.5685e-07 -3.3967e-07 -2.4696e-07 -1.7567e-07 -1.2229e-07 -8.3337e-08 -5.5609e-08 -3.6341e-08 -2.3262e-08 -1.4587e-08 -8.9618e-09 -5.3948e-09 -3.1822e-09 -1.8395e-09 -1.0421e-09 -5.7861e-10 -3.1487e-10 -1.6794e-10 -8.7800e-11 -4.4993e-11 -2.2600e-11 -1.1128e-11 -5.3711e-12 -2.5412e-12 -1.1786e-12 -5.3589e-13 -2.3885e-13 -1.0436e-13 -4.4699e-14 -1.8769e-14 -7.7258e-15 -3.1176e-15 -1.2333e-15 -4.7827e-16 -1.8183e-16 -6.7768e-17 -2.4760e-17 -8.8688e-18 -3.1142e-18 -1.0720e-18 -3.6177e-19 -1.1968e-19 -3.8815e-20 -1.2341e-20 -3.8465e-21 -1.1753e-21 -3.5207e-22 -1.0339e-22 -2.9762e-23 -8.3993e-24 -2.3237e-24 -6.3024e-25 -1.6757e-25 -4.3676e-26 -1.1160e-26 -2.7954e-27 -6.8643e-28 -1.6524e-28 -3.8994e-29 -9.0207e-30 -2.0457e-30 -4.5480e-31 -9.9119e-32 -2.1176e-32 -4.4352e-33 -9.1061e-34 -1.8328e-34 -3.6162e-35 -6.9943e-36 -1.3262e-36 -2.4650e-37 -4.4914e-38 -8.0224e-39
-1.3635e-05 -1.5002e-05 -1.7234e-05 -2.0261e-05 -2.3980e-05 -2.8253e-05 -3.2907e-05 -3.7737e-05 -4.2515e-05 -4.6999e-05 -5.0950e-05 -5.4146e-05 -5.6402e-05 -5.7586e-05 2.2532e-02 -5.6521e-05 -5.4338e-05 -5.1203e-05 -4.7294e-05 -4.2819e-05 -3.8001e-05 -3.3059e-05 -2.8192e-05 -2.3567e-05 -1.9312e-05 -1.5514e-05 -1.2217e-05 -9.4305e-06 -7.1364e-06 -5.2939e-06 -3.8497e-06 -2.7444e-06 -1.9178e-06 -1.3138e-06 -8.8232e-07 -5.8086e-07 -3.7486e-07 -2.3715e-07 -1.4708e-07 -8.9416e-08 -5.3289e-08 -3.1133e-08 -1.7830e-08 -1.0010e-08 -5.5092e-09 -2.9722e-09 -1.5719e-09 -8.1493e-10 -4.1416e-10 -2.0633e-10 -1.0076e-10 -4.8240e-11 -2.2638e-11 -1.0414e-11 -4.6964e-12 -2.0761e-12 -8.9966e-13 -3.8216e-13 -1.5913e-13 -6.4957e-14 -2.5991e-14 -1.0195e-14 -3.9197e-15 -1.4774e-15 -5.4582e-16 -1.9768e-16 -7.0179e-17 -2.4423e-17 -8.3315e-18 -2.7861e-18 -9.1326e-19 -2.9345e-19 -9.2430e-20 -2.8538e-20 -8.6373e-21 -2.5625e-21 -7.4523e-22 -2.1244e-22 -5.9366e-23 -1.6262e-23 -4.3664e-24 -1.1493e-24 -2.9652e-25 -7.4991e-26 -1.8591e-26 -4.5178e-27 -1.0762e-27 -2.5129e-28 -5.7517e-29 -1.2905e-29 -2.8381e-30 -6.1185e-31 -1.2930e-31 -2.6783e-32 -5.4384e-33 -1.0824e-33 -2.1119e-34 -4.0388e-35 -7.5714e-36 -1.3913e-36 1.3044e-05 1.2654e-05 1.2020e-05 1.1163e-05 1.0115e-05 8.9120e-06 7.5981e-06 6.2206e-06 4.8286e-06 3.4706e-06 2.1917e-06 1.0308e-06 1.9125e-08 -8.2206e-07 0.0000e+00 -1.9598e-06 -2.2650e-06 -2.4145e-06 -2.4312e-06 -2.3415e-06 -2.1730e-06 -1.9523e-06 -1.7035e-06 -1.4467e-06 -1.1978e-06 -9.6783e-07 -7.6395e-07 -5.8947e-07 -4.4486e-07 -3.2849e-07 -2.3743e-07 -1.6801e-07 -1.1643e-07 -7.9023e-08 -5.2542e-08 -3.4226e-08 -2.1845e-08 -1.3663e-08 -8.3744e-09 -5.0304e-09 -2.9616e-09 -1.7089e-09 -9.6655e-10 -5.3585e-10 -2.9120e-10 -1.5512e-10 -8.1001e-11 -4.1463e-11 -2.0806e-11 -1.0235e-11 -4.9357e-12 -2.3333e-12 -1.0814e-12 -4.9131e-13 -2.1883e-13 -9.5552e-14 -4.0903e-14 -1.7165e-14 -7.0619e-15 -2.8482e-15 -1.1262e-15 -4.3655e-16 -1.6590e-16 -6.1805e-17 -2.2573e-17 -8.0825e-18 -2.8371e-18 -9.7631e-19 -3.2937e-19 -1.0893e-19 -3.5318e-20 -1.1226e-20 -3.4981e-21 -1.0686e-21 -3.2002e-22 -9.3955e-23 -2.7042e-23 -7.6299e-24 -2.1105e-24 -5.7228e-25 -1.5213e-25 -3.9645e-26 -1.0128e-26 -2.5366e-27 -6.2277e-28 -1.4989e-28 -3.5367e-29 -8.1806e-30 -1.8550e-30 -4.1234e-31 -8.9853e-32 -1.9194e-32 -4.0196e-33 -8.2519e-34 -1.6607e-34 -3.2762e-35 -6.3362e-36 -1.2013e-36 -2.2326e-37 -4.0676e-38
-1.0061e-05 -1.1247e-05 -1.3202e-05 -1.5889e-05 -1.9245e-05 -2.3184e-05 -2.7583e-05 -3.2288e-05 -3.7112e-05 -4.1842e-05 -4.6253e-05 -5.0116e-05 -5.3224e-05 -5.5401e-05 -5.6521e-05 2.5635e-02 -5.5398e-05 -5.3223e-05 -5.0123e-05 -4.6270e-05 -4.1871e-05 -3.7142e-05 -3.2297e-05 -2.7531e-05 -2.3006e-05 -1.8846e-05 -1.5134e-05 -1.1914e-05 -9.1942e-06 -6.9556e-06 -5.1585e-06 -3.7504e-06 -2.6730e-06 -1.8675e-06 -1.2791e-06 -8.5885e-07 -5.6531e-07 -3.6477e-07 -2.3073e-07 -1.4307e-07 -8.6968e-08 -5.1823e-08 -3.0273e-08 -1.7335e-08 -9.7313e-09 -5.3551e-09 -2.8888e-09 -1.5276e-09 -7.9190e-10 -4.0242e-10 -2.0046e-10 -9.7891e-11 -4.6860e-11 -2.1989e-11 -1.0115e-11 -4.5611e-12 -2.0161e-12 -8.7361e-13 -3.7108e-13 -1.5451e-13 -6.3065e-14 -2.5233e-14 -9.8966e-15 -3.8049e-15 -1.4340e-15 -5.2979e-16 -1.9186e-16 -6.8111e-17 -2.3702e-17 -8.0853e-18 -2.7036e-18 -8.8620e-19 -2.8474e-19 -8.9684e-20 -2.7690e-20 -8.3802e-21 -2.4861e-21 -7.2299e-22 -2.0610e-22 -5.7591e-23 -1.5775e-23 -4.2356e-24 -1.1148e-24 -2.8762e-25 -7.2738e-26 -1.8032e-26 -4.3819e-27 -1.0438e-27 -2.4372e-28 -5.5782e-29 -1.2515e-29 -2.7524e-30 -5.9336e-31 -1.2539e-31 -2.5973e-32 -5.2737e-33 -1.0496e-33 -2.0478e-34 -3.9163e-35 -7.3416e-36 9.5667e-06 9.2801e-06 8.8113e-06 8.1736e-06 7.3858e-06 6.4721e-06 5.4615e-06 4.3873e-06 3.2857e-06 2.1943e-06 1.1498e-06 1.8636e-07 -6.6677e-07 -1.3870e-06 -1.9598e-06 0.0000e+00 -2.6473e-06 -2.7746e-06 -2.7777e-06 -2.6776e-06 -2.4979e-06 -2.2627e-06 -1.9947e-06 -1.7143e-06 -1.4380e-06 -1.1784e-06 -9.4407e-07 -7.3980e-07 -5.6729e-07 -4.2582e-07 -3.1297e-07 -2.2528e-07 -1.5884e-07 -1.0972e-07 -7.4261e-08 -4.9250e-08 -3.2009e-08 -2.0388e-08 -1.2728e-08 -7.7882e-09 -4.6711e-09 -2.7462e-09 -1.5826e-09 -8.9406e-10 -4.9512e-10 -2.6880e-10 -1.4305e-10 -7.4637e-11 -3.8176e-11 -1.9143e-11 -9.4102e-12 -4.5350e-12 -2.1427e-12 -9.9246e-13 -4.5068e-13 -2.0064e-13 -8.7567e-14 -3.7469e-14 -1.5718e-14 -6.4639e-15 -2.6061e-15 -1.0301e-15 -3.9918e-16 -1.5165e-16 -5.6481e-17 -2.0623e-17 -7.3823e-18 -2.5907e-18 -8.9131e-19 -3.0063e-19 -9.9405e-20 -3.2224e-20 -1.0240e-20 -3.1904e-21 -9.7445e-22 -2.9178e-22 -8.5648e-23 -2.4647e-23 -6.9532e-24 -1.9230e-24 -5.2139e-25 -1.3858e-25 -3.6110e-26 -9.2242e-27 -2.3099e-27 -5.6706e-28 -1.3647e-28 -3.2197e-29 -7.4466e-30 -1.6884e-30 -3.7527e-31 -8.1770e-32 -1.7466e-32 -3.6574e-33 -7.5078e-34 -1.5108e-34 -2.9804e-35 -5.7636e-36 -1.0926e-36 -2.0306e-37
