1.0199e-04 -2.3795e-03 -2.2651e-03 -2.1142e-03 -1.9349e-03 -1.7362e-03 -1.5275e-03 -1.3177e-03 -1.1145e-03 -9.2424e-04 -7.5152e-04 -5.9914e-04 -4.6834e-04 -3.5895e-04 -2.6974e-04 -1.9874e-04 -1.4357e-04 -1.0169e-04 -7.0619e-05 -4.8084e-05 -3.2100e-05 -2.1011e-05 -1.3484e-05 -8.4841e-06 -5.2339e-06 -3.1657e-06 -1.8773e-06 -1.0915e-06 -6.2219e-07 -3.4773e-07 -1.9054e-07 -1.0236e-07 -5.3914e-08 -2.7841e-08 -1.4095e-08 -6.9963e-09 -3.4046e-09 -1.6243e-09 -7.5978e-10 -3.4841e-10 -1.5664e-10 -6.9043e-11 -2.9835e-11 -1.2639e-11 -5.2495e-12 -2.1375e-12 -8.5325e-13 -3.3392e-13 -1.2811e-13 -4.8186e-14 -1.7768e-14 -6.4231e-15 -2.2763e-15 -7.9083e-16 -2.6935e-16 -8.9936e-17 -2.9439e-17 -9.4467e-18 -2.9718e-18 -9.1647e-19 -2.7707e-19 -8.2116e-20 -2.3858e-20 -6.7952e-21 -1.8973e-21 -5.1931e-22 -1.3934e-22 -3.6652e-23 -9.4510e-24 -2.3890e-24 -5.9197e-25 -1.4379e-25 -3.4241e-26 -7.9927e-27 -1.8289e-27 -4.1025e-28 -9.0210e-29 -1.9445e-29 -4.1088e-30 -8.5107e-31 -1.7281e-31 -3.4396e-32 -6.7110e-33 -1.2836e-33 -2.4066e-34 -4.4229e-35 -7.9684e-36 -1.4072e-36 -2.4362e-37 -4.1341e-38 -6.8771e-39 -1.1214e-39 -1.7925e-40 -2.8085e-41 -4.3136e-42 -6.4945e-43 -9.5847e-44 -1.3866e-44 -1.9663e-45 -2.7333e-46 0.0000e+00 -2.3785e-03 -2.2631e-03 -2.1108e-03 -1.9300e-03 -1.7299e-03 -1.5200e-03 -1.3093e-03 -1.1055e-03 -9.1511e-04 -7.4255e-04 -5.9066e-04 -4.6058e-04 -3.5207e-04 -2.6382e-04 -1.9380e-04 -1.3956e-04 -9.8514e-05 -6.8173e-05 -4.6246e-05 -3.0754e-05 -2.0048e-05 -1.2812e-05 -8.0262e-06 -4.9290e-06 -2.9673e-06 -1.7512e-06 -1.0131e-06 -5.7453e-07 -3.1941e-07 -1.7407e-07 -9.2997e-08 -4.8704e-08 -2.5004e-08 -1.2584e-08 -6.2085e-09 -3.0026e-09 -1.4235e-09 -6.6160e-10 -3.0142e-10 -1.3462e-10 -5.8939e-11 -2.5295e-11 -1.0642e-11 -4.3892e-12 -1.7746e-12 -7.0331e-13 -2.7325e-13 -1.0407e-13 -3.8854e-14 -1.4220e-14 -5.1018e-15 -1.7943e-15 -6.1862e-16 -2.0907e-16 -6.9267e-17 -2.2496e-17 -7.1621e-18 -2.2352e-18 -6.8384e-19 -2.0509e-19 -6.0294e-20 -1.7376e-20 -4.9090e-21 -1.3595e-21 -3.6907e-22 -9.8220e-23 -2.5623e-23 -6.5526e-24 -1.6427e-24 -4.0367e-25 -9.7243e-26 -2.2963e-26 -5.3157e-27 -1.2062e-27 -2.6832e-28 -5.8509e-29 -1.2507e-29 -2.6206e-30 -5.3829e-31 -1.0839e-31 -2.1393e-32 -4.1393e-33 -7.8509e-34 -1.4597e-34 -2.6604e-35 -4.7531e-36 -8.3244e-37 -1.4291e-37 -2.4052e-38 -3.9678e-39 -6.4167e-40 -1.0172e-40 -1.5807e-41 -2.4079e-42 -3.5956e-43 -5.2631e-44 -7.5519e-45 -1.0622e-45 -1.4646e-46
-2.3795e-03 4.0790e-04 -2.2071e-03 -2.0665e-03 -1.8988e-03 -1.7121e-03 -1.5150e-03 -1.3155e-03 -1.1209e-03 -9.3725e-04 -7.6897e-04 -6.1906e-04 -4.8900e-04 -3.7900e-04 -2.8821e-04 -2.1503e-04 -1.5739e-04 -1.1303e-04 -7.9626e-05 -5.5030e-05 -3.7308e-05 -2.4811e-05 -1.6186e-05 -1.0357e-05 -6.5001e-06 -4.0014e-06 -2.4159e-06 -1.4306e-06 -8.3081e-07 -4.7319e-07 -2.6431e-07 -1.4478e-07 -7.7768e-08 -4.0964e-08 -2.1159e-08 -1.0717e-08 -5.3228e-09 -2.5921e-09 -1.2378e-09 -5.7952e-10 -2.6604e-10 -1.1974e-10 -5.2844e-11 -2.2865e-11 -9.6994e-12 -4.0341e-12 -1.6449e-12 -6.5758e-13 -2.5772e-13 -9.9026e-14 -3.7302e-14 -1.3775e-14 -4.9871e-15 -1.7700e-15 -6.1586e-16 -2.1006e-16 -7.0242e-17 -2.3025e-17 -7.3989e-18 -2.3308e-18 -7.1975e-19 -2.1788e-19 -6.4658e-20 -1.8809e-20 -5.3637e-21 -1.4994e-21 -4.1087e-22 -1.1037e-22 -2.9062e-23 -7.5014e-24 -1.8981e-24 -4.7077e-25 -1.1446e-25 -2.7279e-26 -6.3731e-27 -1.4595e-27 -3.2763e-28 -7.2096e-29 -1.5551e-29 -3.2881e-30 -6.8151e-31 -1.3846e-31 -2.7574e-32 -5.3828e-33 -1.0300e-33 -1.9320e-34 -3.5523e-35 -6.4023e-36 -1.1311e-36 -1.9587e-37 -3.3249e-38 -5.5324e-39 -9.0234e-40 -1.4426e-40 -2.2608e-41 -3.4730e-42 -5.2295e-43 -7.7187e-44 -1.1167e-44 -1.5837e-45 -2.3785e-03 0.0000e+00 -2.1992e-03 -2.0534e-03 -1.8800e-03 -1.6879e-03 -1.4860e-03 -1.2828e-03 -1.0859e-03 -9.0143e-04 -7.3374e-04 -5.8564e-04 -4.5836e-04 -3.5178e-04 -2.6473e-04 -1.9535e-04 -1.4136e-04 -1.0030e-04 -6.9783e-05 -4.7608e-05 -3.1848e-05 -2.0891e-05 -1.3437e-05 -8.4750e-06 -5.2412e-06 -3.1782e-06 -1.8898e-06 -1.1018e-06 -6.2988e-07 -3.5308e-07 -1.9407e-07 -1.0459e-07 -5.5270e-08 -2.8638e-08 -1.4549e-08 -7.2477e-09 -3.5400e-09 -1.6954e-09 -7.9610e-10 -3.6654e-10 -1.6547e-10 -7.3241e-11 -3.1786e-11 -1.3525e-11 -5.6429e-12 -2.3083e-12 -9.2580e-13 -3.6406e-13 -1.4037e-13 -5.3061e-14 -1.9666e-14 -7.1464e-15 -2.5461e-15 -8.8940e-16 -3.0460e-16 -1.0228e-16 -3.3671e-17 -1.0868e-17 -3.4391e-18 -1.0670e-18 -3.2455e-19 -9.6787e-20 -2.8298e-20 -8.1117e-21 -2.2796e-21 -6.2809e-22 -1.6966e-22 -4.4931e-23 -1.1666e-23 -2.9694e-24 -7.4100e-25 -1.8129e-25 -4.3482e-26 -1.0225e-26 -2.3571e-27 -5.3272e-28 -1.1803e-28 -2.5639e-29 -5.4599e-30 -1.1399e-30 -2.3329e-31 -4.6810e-32 -9.2078e-33 -1.7756e-33 -3.3569e-34 -6.2214e-35 -1.1304e-35 -2.0134e-36 -3.5158e-37 -6.0185e-38 -1.0100e-38 -1.6616e-39 -2.6799e-40 -4.2370e-41 -6.5673e-42 -9.9787e-43 -1.4864e-43 -2.1705e-44 -3.1071e-45 -4.3603e-46
-2.2651e-03 -2.2071e-03 9.1764e-04 -1.9892e-03 -1.8399e-03 -1.6722e-03 -1.4935e-03 -1.3105e-03 -1.1298e-03 -9.5688e-04 -7.9603e-04 -6.5042e-04 -5.2192e-04 -4.1126e-04 -3.1818e-04 -2.4168e-04 -1.8021e-04 -1.3190e-04 -9.4755e-05 -6.6803e-05 -4.6216e-05 -3.1374e-05 -2.0897e-05 -1.3655e-05 -8.7534e-06 -5.5044e-06 -3.3953e-06 -2.0541e-06 -1.2189e-06 -7.0932e-07 -4.0482e-07 -2.2657e-07 -1.2435e-07 -6.6923e-08 -3.5316e-08 -1.8274e-08 -9.2714e-09 -4.6121e-09 -2.2494e-09 -1.0757e-09 -5.0429e-10 -2.3179e-10 -1.0445e-10 -4.6145e-11 -1.9986e-11 -8.4859e-12 -3.5322e-12 -1.4414e-12 -5.7660e-13 -2.2612e-13 -8.6929e-14 -3.2760e-14 -1.2103e-14 -4.3832e-15 -1.5561e-15 -5.4155e-16 -1.8475e-16 -6.1785e-17 -2.0255e-17 -6.5089e-18 -2.0504e-18 -6.3315e-19 -1.9165e-19 -5.6867e-20 -1.6540e-20 -4.7160e-21 -1.3180e-21 -3.6110e-22 -9.6975e-23 -2.5528e-23 -6.5875e-24 -1.6663e-24 -4.1316e-25 -1.0042e-25 -2.3925e-26 -5.5873e-27 -1.2791e-27 -2.8702e-28 -6.3135e-29 -1.3613e-29 -2.8771e-30 -5.9607e-31 -1.2105e-31 -2.4097e-32 -4.7021e-33 -8.9938e-34 -1.6863e-34 -3.0991e-35 -5.5830e-36 -9.8589e-37 -1.7065e-37 -2.8956e-38 -4.8159e-39 -7.8513e-40 -1.2547e-40 -1.9654e-41 -3.0179e-42 -4.5423e-43 -6.7015e-44 -9.6915e-45 -2.2631e-03 -2.1992e-03 0.0000e+00 -1.9611e-03 -1.7995e-03 -1.6200e-03 -1.4308e-03 -1.2398e-03 -1.0539e-03 -8.7894e-04 -7.1911e-04 -5.7718e-04 -4.5448e-04 -3.5107e-04 -2.6604e-04 -1.9777e-04 -1.4423e-04 -1.0318e-04 -7.2408e-05 -4.9847e-05 -3.3661e-05 -2.2297e-05 -1.4488e-05 -9.2343e-06 -5.7732e-06 -3.5403e-06 -2.1295e-06 -1.2564e-06 -7.2705e-07 -4.1267e-07 -2.2973e-07 -1.2544e-07 -6.7175e-08 -3.5283e-08 -1.8175e-08 -9.1823e-09 -4.5497e-09 -2.2108e-09 -1.0536e-09 -4.9242e-10 -2.2570e-10 -1.0145e-10 -4.4718e-11 -1.9330e-11 -8.1941e-12 -3.4063e-12 -1.3885e-12 -5.5505e-13 -2.1757e-13 -8.3631e-14 -3.1522e-14 -1.1650e-14 -4.2223e-15 -1.5005e-15 -5.2284e-16 -1.7864e-16 -5.9849e-17 -1.9660e-17 -6.3326e-18 -2.0000e-18 -6.1932e-19 -1.8804e-19 -5.5979e-20 -1.6339e-20 -4.6762e-21 -1.3121e-21 -3.6099e-22 -9.7373e-23 -2.5752e-23 -6.6773e-24 -1.6975e-24 -4.2310e-25 -1.0339e-25 -2.4771e-26 -5.8187e-27 -1.3400e-27 -3.0255e-28 -6.6971e-29 -1.4534e-29 -3.0923e-30 -6.4503e-31 -1.3191e-31 -2.6446e-32 -5.1982e-33 -1.0017e-33 -1.8923e-34 -3.5048e-35 -6.3636e-36 -1.1328e-36 -1.9768e-37 -3.3819e-38 -5.6721e-39 -9.3263e-40 -1.5033e-40 -2.3756e-41 -3.6803e-42 -5.5894e-43 -8.3218e-44 -1.2146e-44 -1.7380e-45
-2.1142e-03 -2.0665e-03 -1.9892e-03 1.6310e-03 -1.7598e-03 -1.6168e-03 -1.4620e-03 -1.3008e-03 -1.1387e-03 -9.8032e-04 -8.2990e-04 -6.9065e-04 -5.6489e-04 -4.5399e-04 -3.5844e-04 -2.7795e-04 -2.1165e-04 -1.5824e-04 -1.1613e-04 -8.3654e-05 -5.9137e-05 -4.1021e-05 -2.7918e-05 -1.8640e-05 -1.2208e-05 -7.8429e-06 -4.9418e-06 -3.0538e-06 -1.8507e-06 -1.0998e-06 -6.4094e-07 -3.6625e-07 -2.0521e-07 -1.1273e-07 -6.0723e-08 -3.2068e-08 -1.6603e-08 -8.4280e-09 -4.1942e-09 -2.0463e-09 -9.7876e-10 -4.5894e-10 -2.1097e-10 -9.5071e-11 -4.2000e-11 -1.8189e-11 -7.7221e-12 -3.2138e-12 -1.3112e-12 -5.2439e-13 -2.0559e-13 -7.9014e-14 -2.9768e-14 -1.0994e-14 -3.9801e-15 -1.4125e-15 -4.9139e-16 -1.6757e-16 -5.6018e-17 -1.8357e-17 -5.8966e-18 -1.8567e-18 -5.7311e-19 -1.7340e-19 -5.1431e-20 -1.4953e-20 -4.2615e-21 -1.1905e-21 -3.2603e-22 -8.7520e-23 -2.3030e-23 -5.9403e-24 -1.5020e-24 -3.7227e-25 -9.0443e-26 -2.1539e-26 -5.0283e-27 -1.1506e-27 -2.5810e-28 -5.6752e-29 -1.2232e-29 -2.5843e-30 -5.3522e-31 -1.0865e-31 -2.1622e-32 -4.2175e-33 -8.0642e-34 -1.5115e-34 -2.7769e-35 -5.0009e-36 -8.8282e-37 -1.5276e-37 -2.5912e-38 -4.3083e-39 -7.0218e-40 -1.1218e-40 -1.7567e-41 -2.6966e-42 -4.0576e-43 -5.9847e-44 -2.1108e-03 -2.0534e-03 -1.9611e-03 0.0000e+00 -1.6925e-03 -1.5295e-03 -1.3569e-03 -1.1818e-03 -1.0105e-03 -8.4811e-04 -6.9878e-04 -5.6516e-04 -4.4869e-04 -3.4966e-04 -2.6745e-04 -2.0080e-04 -1.4796e-04 -1.0701e-04 -7.5955e-05 -5.2910e-05 -3.6170e-05 -2.4265e-05 -1.5975e-05 -1.0320e-05 -6.5416e-06 -4.0688e-06 -2.4831e-06 -1.4869e-06 -8.7353e-07 -5.0349e-07 -2.8472e-07 -1.5795e-07 -8.5962e-08 -4.5895e-08 -2.4036e-08 -1.2349e-08 -6.2231e-09 -3.0762e-09 -1.4916e-09 -7.0937e-10 -3.3090e-10 -1.5139e-10 -6.7934e-11 -2.9898e-11 -1.2905e-11 -5.4630e-12 -2.2680e-12 -9.2341e-13 -3.6870e-13 -1.4437e-13 -5.5439e-14 -2.0876e-14 -7.7090e-15 -2.7915e-15 -9.9125e-16 -3.4515e-16 -1.1785e-16 -3.9457e-17 -1.2954e-17 -4.1699e-18 -1.3162e-18 -4.0738e-19 -1.2363e-19 -3.6787e-20 -1.0733e-20 -3.0704e-21 -8.6123e-22 -2.3685e-22 -6.3866e-23 -1.6885e-23 -4.3768e-24 -1.1123e-24 -2.7717e-25 -6.7713e-26 -1.6219e-26 -3.8088e-27 -8.7694e-28 -1.9795e-28 -4.3809e-29 -9.5055e-30 -2.0220e-30 -4.2170e-31 -8.6223e-32 -1.7284e-32 -3.3967e-33 -6.5444e-34 -1.2362e-34 -2.2891e-35 -4.1558e-36 -7.3966e-37 -1.2906e-37 -2.2077e-38 -3.7024e-39 -6.0869e-40 -9.8106e-41 -1.5502e-41 -2.4012e-42 -3.6464e-43 -5.4285e-44 -7.9226e-45
-1.9349e-03 -1.8988e-03 -1.8399e-03 -1.7598e-03 2.5477e-03 -1.5464e-03 -1.4195e-03 -1.2842e-03 -1.1444e-03 -1.0041e-03 -8.6697e-04 -7.3638e-04 -6.1502e-04 -5.0488e-04 -4.0726e-04 -3.2269e-04 -2.5109e-04 -1.9182e-04 -1.4384e-04 -1.0586e-04 -7.6446e-05 -5.4163e-05 -3.7646e-05 -2.5666e-05 -1.7163e-05 -1.1256e-05 -7.2392e-06 -4.5657e-06 -2.8236e-06 -1.7122e-06 -1.0181e-06 -5.9350e-07 -3.3923e-07 -1.9010e-07 -1.0444e-07 -5.6256e-08 -2.9707e-08 -1.5379e-08 -7.8052e-09 -3.8835e-09 -1.8942e-09 -9.0576e-10 -4.2458e-10 -1.9511e-10 -8.7894e-11 -3.8815e-11 -1.6804e-11 -7.1312e-12 -2.9668e-12 -1.2099e-12 -4.8370e-13 -1.8956e-13 -7.2826e-14 -2.7426e-14 -1.0125e-14 -3.6642e-15 -1.2999e-15 -4.5203e-16 -1.5410e-16 -5.1493e-17 -1.6868e-17 -5.4164e-18 -1.7049e-18 -5.2607e-19 -1.5912e-19 -4.7178e-20 -1.3712e-20 -3.9066e-21 -1.0910e-21 -2.9869e-22 -8.0156e-23 -2.1086e-23 -5.4373e-24 -1.3744e-24 -3.4055e-25 -8.2716e-26 -1.9694e-26 -4.5962e-27 -1.0515e-27 -2.3581e-28 -5.1837e-29 -1.1170e-29 -2.3594e-30 -4.8852e-31 -9.9150e-32 -1.9726e-32 -3.8470e-33 -7.3541e-34 -1.3781e-34 -2.5313e-35 -4.5577e-36 -8.0443e-37 -1.3917e-37 -2.3602e-38 -3.9235e-39 -6.3934e-40 -1.0212e-40 -1.5989e-41 -2.4540e-42 -3.6919e-43 -1.9300e-03 -1.8800e-03 -1.7995e-03 -1.6925e-03 0.0000e+00 -1.4204e-03 -1.2673e-03 -1.1110e-03 -9.5685e-04 -8.0960e-04 -6.7295e-04 -5.4947e-04 -4.4069e-04 -3.4716e-04 -2.6860e-04 -2.0410e-04 -1.5230e-04 -1.1160e-04 -8.0294e-05 -5.6723e-05 -3.9342e-05 -2.6789e-05 -1.7907e-05 -1.1750e-05 -7.5675e-06 -4.7838e-06 -2.9681e-06 -1.8073e-06 -1.0799e-06 -6.3327e-07 -3.6439e-07 -2.0574e-07 -1.1398e-07 -6.1953e-08 -3.3039e-08 -1.7285e-08 -8.8721e-09 -4.4673e-09 -2.2066e-09 -1.0692e-09 -5.0817e-10 -2.3691e-10 -1.0834e-10 -4.8592e-11 -2.1377e-11 -9.2234e-12 -3.9031e-12 -1.6199e-12 -6.5937e-13 -2.6321e-13 -1.0304e-13 -3.9560e-14 -1.4894e-14 -5.4992e-15 -1.9910e-15 -7.0691e-16 -2.4612e-16 -8.4026e-17 -2.8130e-17 -9.2342e-18 -2.9724e-18 -9.3818e-19 -2.9035e-19 -8.8111e-20 -2.6218e-20 -7.6490e-21 -2.1881e-21 -6.1372e-22 -1.6878e-22 -4.5510e-23 -1.2032e-23 -3.1187e-24 -7.9260e-25 -1.9750e-25 -4.8249e-26 -1.1557e-26 -2.7140e-27 -6.2486e-28 -1.4105e-28 -3.1216e-29 -6.7732e-30 -1.4408e-30 -3.0049e-31 -6.1441e-32 -1.2316e-32 -2.4205e-33 -4.6635e-34 -8.8090e-35 -1.6313e-35 -2.9616e-36 -5.2712e-37 -9.1977e-38 -1.5734e-38 -2.6386e-39 -4.3381e-40 -6.9921e-41 -1.1048e-41 -1.7114e-42 -2.5990e-43 -3.8692e-44
-1.7362e-03 -1.7121e-03 -1.6722e-03 -1.6168e-03 -1.5464e-03 3.6675e-03 -1.3654e-03 -1.2584e-03 -1.1437e-03 -1.0243e-03 -9.0322e-04 -7.8376e-04 -6.6885e-04 -5.6107e-04 -4.6246e-04 -3.7439e-04 -2.9761e-04 -2.3223e-04 -1.7785e-04 -1.3364e-04 -9.8527e-05 -7.1256e-05 -5.0546e-05 -3.5166e-05 -2.3994e-05 -1.6054e-05 -1.0533e-05 -6.7762e-06 -4.2744e-06 -2.6436e-06 -1.6031e-06 -9.5308e-07 -5.5554e-07 -3.1747e-07 -1.7786e-07 -9.7693e-08 -5.2606e-08 -2.7770e-08 -1.4372e-08 -7.2916e-09 -3.6267e-09 -1.7684e-09 -8.4527e-10 -3.9609e-10 -1.8195e-10 -8.1938e-11 -3.6173e-11 -1.5654e-11 -6.6412e-12 -2.7620e-12 -1.1260e-12 -4.5002e-13 -1.7631e-13 -6.7714e-14 -2.5493e-14 -9.4087e-15 -3.4039e-15 -1.2072e-15 -4.1970e-16 -1.4304e-16 -4.7785e-17 -1.5649e-17 -5.0239e-18 -1.5810e-18 -4.8771e-19 -1.4748e-19 -4.3719e-20 -1.2704e-20 -3.6186e-21 -1.0104e-21 -2.7656e-22 -7.4203e-23 -1.9516e-23 -5.0316e-24 -1.2716e-24 -3.1503e-25 -7.6503e-26 -1.8212e-26 -4.2496e-27 -9.7206e-28 -2.1796e-28 -4.7905e-29 -1.0321e-29 -2.1798e-30 -4.5127e-31 -9.1577e-32 -1.8217e-32 -3.5522e-33 -6.7897e-34 -1.2721e-34 -2.3365e-35 -4.2064e-36 -7.4232e-37 -1.2841e-37 -2.1775e-38 -3.6194e-39 -5.8972e-40 -9.4185e-41 -1.4745e-41 -2.2628e-42 -1.7299e-03 -1.6879e-03 -1.6200e-03 -1.5295e-03 -1.4204e-03 0.0000e+00 -1.1656e-03 -1.0298e-03 -8.9468e-04 -7.6429e-04 -6.4192e-04 -5.3003e-04 -4.3019e-04 -3.4318e-04 -2.6905e-04 -2.0728e-04 -1.5690e-04 -1.1669e-04 -8.5252e-05 -6.1180e-05 -4.3122e-05 -2.9849e-05 -2.0290e-05 -1.3542e-05 -8.8742e-06 -5.7092e-06 -3.6057e-06 -2.2353e-06 -1.3601e-06 -8.1230e-07 -4.7610e-07 -2.7385e-07 -1.5457e-07 -8.5607e-08 -4.6522e-08 -2.4806e-08 -1.2977e-08 -6.6601e-09 -3.3534e-09 -1.6564e-09 -8.0257e-10 -3.8147e-10 -1.7785e-10 -8.1334e-11 -3.6483e-11 -1.6051e-11 -6.9262e-12 -2.9313e-12 -1.2167e-12 -4.9530e-13 -1.9774e-13 -7.7421e-14 -2.9727e-14 -1.1193e-14 -4.1332e-15 -1.4967e-15 -5.3145e-16 -1.8505e-16 -6.3186e-17 -2.1156e-17 -6.9456e-18 -2.2360e-18 -7.0583e-19 -2.1847e-19 -6.6305e-20 -1.9731e-20 -5.7573e-21 -1.6471e-21 -4.6204e-22 -1.2708e-22 -3.4269e-23 -9.0609e-24 -2.3489e-24 -5.9702e-25 -1.4878e-25 -3.6351e-26 -8.7077e-27 -2.0451e-27 -4.7090e-28 -1.0631e-28 -2.3529e-29 -5.1057e-30 -1.0862e-30 -2.2656e-31 -4.6327e-32 -9.2874e-33 -1.8254e-33 -3.5172e-34 -6.6443e-35 -1.2305e-35 -2.2341e-36 -3.9767e-37 -6.9395e-38 -1.1872e-38 -1.9911e-39 -3.2737e-40 -5.2769e-41 -8.3387e-42 -1.2918e-42 -1.9618e-43
-1.5275e-03 -1.5150e-03 -1.4935e-03 -1.4620e-03 -1.4195e-03 -1.3654e-03 4.9900e-03 -1.2218e-03 -1.1338e-03 -1.0372e-03 -9.3459e-04 -8.2869e-04 -7.2262e-04 -6.1932e-04 -5.2144e-04 -4.3112e-04 -3.4993e-04 -2.7876e-04 -2.1789e-04 -1.6709e-04 -1.2570e-04 -9.2745e-05 -6.7114e-05 -4.7628e-05 -3.3144e-05 -2.2617e-05 -1.5133e-05 -9.9285e-06 -6.3866e-06 -4.0280e-06 -2.4907e-06 -1.5100e-06 -8.9749e-07 -5.2299e-07 -2.9878e-07 -1.6734e-07 -9.1887e-08 -4.9464e-08 -2.6104e-08 -1.3505e-08 -6.8499e-09 -3.4060e-09 -1.6603e-09 -7.9338e-10 -3.7167e-10 -1.7069e-10 -7.6846e-11 -3.3916e-11 -1.4674e-11 -6.2238e-12 -2.5878e-12 -1.0548e-12 -4.2146e-13 -1.6508e-13 -6.3388e-14 -2.3860e-14 -8.8042e-15 -3.1847e-15 -1.1292e-15 -3.9252e-16 -1.3375e-16 -4.4676e-17 -1.4629e-17 -4.6955e-18 -1.4774e-18 -4.5570e-19 -1.3778e-19 -4.0837e-20 -1.1865e-20 -3.3792e-21 -9.4344e-22 -2.5820e-22 -6.9268e-23 -1.8216e-23 -4.6959e-24 -1.1866e-24 -2.9394e-25 -7.1375e-26 -1.6989e-26 -3.9640e-27 -9.0663e-28 -2.0327e-28 -4.4672e-29 -9.6238e-30 -2.0323e-30 -4.2070e-31 -8.5367e-32 -1.6980e-32 -3.3108e-33 -6.3277e-34 -1.1855e-34 -2.1771e-35 -3.9193e-36 -6.9161e-37 -1.1963e-37 -2.0284e-38 -3.3714e-39 -5.4928e-40 -8.7721e-41 -1.3732e-41 -1.5200e-03 -1.4860e-03 -1.4308e-03 -1.3569e-03 -1.2673e-03 -1.1656e-03 0.0000e+00 -9.4101e-04 -8.2579e-04 -7.1322e-04 -6.0616e-04 -5.0686e-04 -4.1693e-04 -3.3730e-04 -2.6835e-04 -2.0991e-04 -1.6141e-04 -1.2200e-04 -9.0621e-05 -6.6143e-05 -4.7431e-05 -3.3412e-05 -2.3119e-05 -1.5711e-05 -1.0485e-05 -6.8704e-06 -4.4202e-06 -2.7919e-06 -1.7311e-06 -1.0536e-06 -6.2935e-07 -3.6897e-07 -2.1229e-07 -1.1986e-07 -6.6405e-08 -3.6099e-08 -1.9254e-08 -1.0076e-08 -5.1731e-09 -2.6055e-09 -1.2874e-09 -6.2400e-10 -2.9668e-10 -1.3837e-10 -6.3297e-11 -2.8401e-11 -1.2499e-11 -5.3951e-12 -2.2840e-12 -9.4829e-13 -3.8614e-13 -1.5420e-13 -6.0389e-14 -2.3193e-14 -8.7354e-15 -3.2264e-15 -1.1686e-15 -4.1504e-16 -1.4455e-16 -4.9368e-17 -1.6533e-17 -5.4290e-18 -1.7481e-18 -5.5193e-19 -1.7087e-19 -5.1868e-20 -1.5438e-20 -4.5053e-21 -1.2892e-21 -3.6169e-22 -9.9496e-23 -2.6835e-23 -7.0965e-24 -1.8400e-24 -4.6773e-25 -1.1658e-25 -2.8487e-26 -6.8250e-27 -1.6031e-27 -3.6919e-28 -8.3357e-29 -1.8452e-29 -4.0045e-30 -8.5204e-31 -1.7774e-31 -3.6349e-32 -7.2878e-33 -1.4325e-33 -2.7606e-34 -5.2155e-35 -9.6601e-36 -1.7541e-36 -3.1226e-37 -5.4496e-38 -9.3239e-39 -1.5639e-39 -2.5716e-40 -4.1456e-41 -6.5516e-42 -1.0150e-42
-1.3177e-03 -1.3155e-03 -1.3105e-03 -1.3008e-03 -1.2842e-03 -1.2584e-03 -1.2218e-03 6.5148e-03 -1.1122e-03 -1.0397e-03 -9.5726e-04 -8.6723e-04 -7.7248e-04 -6.7614e-04 -5.8125e-04 -4.9057e-04 -4.0638e-04 -3.3033e-04 -2.6343e-04 -2.0608e-04 -1.5813e-04 -1.1900e-04 -8.7822e-05 -6.3557e-05 -4.5104e-05 -3.1386e-05 -2.1415e-05 -1.4326e-05 -9.3971e-06 -6.0434e-06 -3.8106e-06 -2.3557e-06 -1.4278e-06 -8.4843e-07 -4.9427e-07 -2.8230e-07 -1.5808e-07 -8.6777e-08 -4.6702e-08 -2.4641e-08 -1.2746e-08 -6.4632e-09 -3.2130e-09 -1.5659e-09 -7.4814e-10 -3.5041e-10 -1.6090e-10 -7.2424e-11 -3.1959e-11 -1.3825e-11 -5.8629e-12 -2.4373e-12 -9.9331e-13 -3.9684e-13 -1.5542e-13 -5.9671e-14 -2.2458e-14 -8.2859e-15 -2.9968e-15 -1.0625e-15 -3.6929e-16 -1.2582e-16 -4.2023e-17 -1.3758e-17 -4.4158e-18 -1.3893e-18 -4.2847e-19 -1.2954e-19 -3.8391e-20 -1.1153e-20 -3.1763e-21 -8.8672e-22 -2.4266e-22 -6.5094e-23 -1.7117e-23 -4.4123e-24 -1.1149e-24 -2.7616e-25 -6.7052e-26 -1.5959e-26 -3.7234e-27 -8.5156e-28 -1.9091e-28 -4.1954e-29 -9.0378e-30 -1.9085e-30 -3.9504e-31 -8.0157e-32 -1.5943e-32 -3.1084e-33 -5.9407e-34 -1.1129e-34 -2.0438e-35 -3.6791e-36 -6.4919e-37 -1.1229e-37 -1.9039e-38 -3.1643e-39 -5.1551e-40 -8.2325e-41 -1.3093e-03 -1.2828e-03 -1.2398e-03 -1.1818e-03 -1.1110e-03 -1.0298e-03 -9.4101e-04 0.0000e+00 -7.5214e-04 -6.5760e-04 -5.6626e-04 -4.8013e-04 -4.0075e-04 -3.2920e-04 -2.6609e-04 -2.1156e-04 -1.6544e-04 -1.2721e-04 -9.6154e-05 -7.1441e-05 -5.2163e-05 -3.7423e-05 -2.6377e-05 -1.8262e-05 -1.2418e-05 -8.2924e-06 -5.4375e-06 -3.5007e-06 -2.2126e-06 -1.3728e-06 -8.3608e-07 -4.9976e-07 -2.9318e-07 -1.6879e-07 -9.5358e-08 -5.2862e-08 -2.8753e-08 -1.5345e-08 -8.0345e-09 -4.1271e-09 -2.0798e-09 -1.0281e-09 -4.9856e-10 -2.3715e-10 -1.1065e-10 -5.0641e-11 -2.2732e-11 -1.0008e-11 -4.3215e-12 -1.8302e-12 -7.6015e-13 -3.0964e-13 -1.2369e-13 -4.8458e-14 -1.8617e-14 -7.0140e-15 -2.5914e-15 -9.3885e-16 -3.3355e-16 -1.1620e-16 -3.9696e-17 -1.3297e-17 -4.3676e-18 -1.4067e-18 -4.4424e-19 -1.3756e-19 -4.1767e-20 -1.2434e-20 -3.6295e-21 -1.0388e-21 -2.9150e-22 -8.0204e-23 -2.1636e-23 -5.7227e-24 -1.4840e-24 -3.7732e-25 -9.4060e-26 -2.2989e-26 -5.5086e-27 -1.2941e-27 -2.9808e-28 -6.7312e-29 -1.4903e-29 -3.2347e-30 -6.8834e-31 -1.4361e-31 -2.9373e-32 -5.8901e-33 -1.1579e-33 -2.2318e-34 -4.2169e-35 -7.8115e-36 -1.4186e-36 -2.5257e-37 -4.4084e-38 -7.5433e-39 -1.2654e-39 -2.0810e-40 -3.3550e-41 -5.3027e-42
-1.1145e-03 -1.1209e-03 -1.1298e-03 -1.1387e-03 -1.1444e-03 -1.1437e-03 -1.1338e-03 -1.1122e-03 8.2414e-03 -1.0292e-03 -9.6811e-04 -8.9581e-04 -8.1478e-04 -7.2802e-04 -6.3874e-04 -5.5009e-04 -4.6490e-04 -3.8549e-04 -3.1356e-04 -2.5017e-04 -1.9576e-04 -1.5023e-04 -1.1306e-04 -8.3436e-05 -6.0378e-05 -4.2842e-05 -2.9807e-05 -2.0334e-05 -1.3601e-05 -8.9195e-06 -5.7351e-06 -3.6155e-06 -2.2347e-06 -1.3542e-06 -8.0453e-07 -4.6861e-07 -2.6760e-07 -1.4982e-07 -8.2231e-08 -4.4249e-08 -2.3343e-08 -1.2073e-08 -6.1211e-09 -3.0426e-09 -1.4826e-09 -7.0827e-10 -3.3170e-10 -1.5229e-10 -6.8543e-11 -3.0243e-11 -1.3082e-11 -5.5471e-12 -2.3059e-12 -9.3966e-13 -3.7538e-13 -1.4700e-13 -5.6435e-14 -2.1239e-14 -7.8354e-15 -2.8337e-15 -1.0046e-15 -3.4915e-16 -1.1895e-16 -3.9726e-17 -1.3006e-17 -4.1740e-18 -1.3132e-18 -4.0497e-19 -1.2243e-19 -3.6282e-20 -1.0540e-20 -3.0016e-21 -8.3790e-22 -2.2929e-22 -6.1506e-23 -1.6173e-23 -4.1688e-24 -1.0533e-24 -2.6090e-25 -6.3345e-26 -1.5076e-26 -3.5174e-27 -8.0441e-28 -1.8033e-28 -3.9629e-29 -8.5366e-30 -1.8026e-30 -3.7312e-31 -7.5706e-32 -1.5057e-32 -2.9356e-33 -5.6104e-34 -1.0510e-34 -1.9301e-35 -3.4743e-36 -6.1304e-37 -1.0604e-37 -1.7978e-38 -2.9879e-39 -4.8676e-40 -1.1055e-03 -1.0859e-03 -1.0539e-03 -1.0105e-03 -9.5685e-04 -8.9468e-04 -8.2579e-04 -7.5214e-04 0.0000e+00 -5.9878e-04 -5.2298e-04 -4.5012e-04 -3.8163e-04 -3.1863e-04 -2.6189e-04 -2.1183e-04 -1.6858e-04 -1.3196e-04 -1.0158e-04 -7.6870e-05 -5.7179e-05 -4.1799e-05 -3.0023e-05 -2.1186e-05 -1.4684e-05 -9.9963e-06 -6.6825e-06 -4.3864e-06 -2.8268e-06 -1.7884e-06 -1.1107e-06 -6.7701e-07 -4.0503e-07 -2.3780e-07 -1.3701e-07 -7.7464e-08 -4.2974e-08 -2.3391e-08 -1.2491e-08 -6.5446e-09 -3.3639e-09 -1.6961e-09 -8.3895e-10 -4.0705e-10 -1.9373e-10 -9.0435e-11 -4.1408e-11 -1.8596e-11 -8.1909e-12 -3.5384e-12 -1.4992e-12 -6.2292e-13 -2.5384e-13 -1.0144e-13 -3.9755e-14 -1.5279e-14 -5.7583e-15 -2.1281e-15 -7.7127e-16 -2.7410e-16 -9.5518e-17 -3.2640e-17 -1.0937e-17 -3.5933e-18 -1.1576e-18 -3.6567e-19 -1.1326e-19 -3.4397e-20 -1.0243e-20 -2.9905e-21 -8.5610e-22 -2.4029e-22 -6.6128e-23 -1.7843e-23 -4.7203e-24 -1.2243e-24 -3.1135e-25 -7.7630e-26 -1.8977e-26 -4.5480e-27 -1.0687e-27 -2.4619e-28 -5.5603e-29 -1.2312e-29 -2.6729e-30 -5.6888e-31 -1.1870e-31 -2.4283e-32 -4.8701e-33 -9.5756e-34 -1.8458e-34 -3.4881e-35 -6.4624e-36 -1.1738e-36 -2.0900e-37 -3.6484e-38 -6.2437e-39 -1.0475e-39 -1.7229e-40 -2.7780e-41
-9.2424e-04 -9.3725e-04 -9.5688e-04 -9.8032e-04 -1.0041e-03 -1.0243e-03 -1.0372e-03 -1.0397e-03 -1.0292e-03 1.0170e-02 -9.6487e-04 -9.1157e-04 -8.4631e-04 -7.7167e-04 -6.9076e-04 -6.0685e-04 -5.2311e-04 -4.4237e-04 -3.6696e-04 -2.9856e-04 -2.3824e-04 -1.8643e-04 -1.4307e-04 -1.0766e-04 -7.9443e-05 -5.7482e-05 -4.0782e-05 -2.8370e-05 -1.9351e-05 -1.2941e-05 -8.4859e-06 -5.4557e-06 -3.4389e-06 -2.1253e-06 -1.2877e-06 -7.6496e-07 -4.4552e-07 -2.5439e-07 -1.4241e-07 -7.8158e-08 -4.2053e-08 -2.2183e-08 -1.1472e-08 -5.8161e-09 -2.8908e-09 -1.4086e-09 -6.7286e-10 -3.1510e-10 -1.4466e-10 -6.5106e-11 -2.8725e-11 -1.2424e-11 -5.2682e-12 -2.1899e-12 -8.9234e-13 -3.5646e-13 -1.3959e-13 -5.3587e-14 -2.0166e-14 -7.4396e-15 -2.6905e-15 -9.5382e-16 -3.3148e-16 -1.1293e-16 -3.7714e-17 -1.2347e-17 -3.9625e-18 -1.2466e-18 -3.8443e-19 -1.1622e-19 -3.4441e-20 -1.0005e-20 -2.8491e-21 -7.9533e-22 -2.1764e-22 -5.8379e-23 -1.5351e-23 -3.9567e-24 -9.9975e-25 -2.4762e-25 -6.0121e-26 -1.4309e-26 -3.3382e-27 -7.6343e-28 -1.7115e-28 -3.7610e-29 -8.1015e-30 -1.7107e-30 -3.5409e-31 -7.1845e-32 -1.4289e-32 -2.7859e-33 -5.3242e-34 -9.9740e-35 -1.8316e-35 -3.2970e-36 -5.8175e-37 -1.0062e-37 -1.7060e-38 -2.8353e-39 -9.1511e-04 -9.0143e-04 -8.7894e-04 -8.4811e-04 -8.0960e-04 -7.6429e-04 -7.1322e-04 -6.5760e-04 -5.9878e-04 0.0000e+00 -4.7722e-04 -4.1731e-04 -3.5969e-04 -3.0546e-04 -2.5548e-04 -2.1037e-04 -1.7048e-04 -1.3593e-04 -1.0659e-04 -8.2198e-05 -6.2313e-05 -4.6430e-05 -3.3996e-05 -2.4456e-05 -1.7283e-05 -1.1996e-05 -8.1770e-06 -5.4733e-06 -3.5970e-06 -2.3208e-06 -1.4699e-06 -9.1377e-07 -5.5755e-07 -3.3387e-07 -1.9620e-07 -1.1314e-07 -6.4020e-08 -3.5543e-08 -1.9361e-08 -1.0347e-08 -5.4245e-09 -2.7900e-09 -1.4076e-09 -6.9667e-10 -3.3821e-10 -1.6105e-10 -7.5223e-11 -3.4460e-11 -1.5483e-11 -6.8232e-12 -2.9489e-12 -1.2499e-12 -5.1959e-13 -2.1182e-13 -8.4681e-14 -3.3200e-14 -1.2764e-14 -4.8123e-15 -1.7791e-15 -6.4500e-16 -2.2930e-16 -7.9932e-17 -2.7322e-17 -9.1576e-18 -3.0096e-18 -9.6985e-19 -3.0645e-19 -9.4942e-20 -2.8841e-20 -8.5903e-21 -2.5087e-21 -7.1834e-22 -2.0167e-22 -5.5512e-23 -1.4982e-23 -3.9642e-24 -1.0284e-24 -2.6159e-25 -6.5235e-26 -1.5950e-26 -3.8233e-27 -8.9854e-28 -2.0703e-28 -4.6768e-29 -1.0358e-29 -2.2489e-30 -4.7873e-31 -9.9909e-32 -2.0441e-32 -4.1003e-33 -8.0632e-34 -1.5545e-34 -2.9381e-35 -5.4440e-36 -9.8893e-37 -1.7611e-37 -3.0747e-38 -5.2626e-39 -8.8303e-40 -1.4525e-40
-7.5152e-04 -7.6897e-04 -7.9603e-04 -8.2990e-04 -8.6697e-04 -9.0322e-04 -9.3459e-04 -9.5726e-04 -9.6811e-04 -9.6487e-04 1.2299e-02 -9.1258e-04 -8.6453e-04 -8.0421e-04 -7.3430e-04 -6.5794e-04 -5.7839e-04 -4.9879e-04 -4.2192e-04 -3.5004e-04 -2.8482e-04 -2.2727e-04 -1.7785e-04 -1.3647e-04 -1.0269e-04 -7.5773e-05 -5.4822e-05 -3.8892e-05 -2.7053e-05 -1.8452e-05 -1.2339e-05 -8.0905e-06 -5.2011e-06 -3.2783e-06 -2.0259e-06 -1.2275e-06 -7.2913e-07 -4.2464e-07 -2.4246e-07 -1.3572e-07 -7.4487e-08 -4.0077e-08 -2.1140e-08 -1.0932e-08 -5.5424e-09 -2.7547e-09 -1.3422e-09 -6.4116e-10 -3.0025e-10 -1.3784e-10 -6.2036e-11 -2.7371e-11 -1.1838e-11 -5.0197e-12 -2.0865e-12 -8.5023e-13 -3.3964e-13 -1.3300e-13 -5.1058e-14 -1.9214e-14 -7.0884e-15 -2.5635e-15 -9.0879e-16 -3.1583e-16 -1.0760e-16 -3.5934e-17 -1.1764e-17 -3.7753e-18 -1.1877e-18 -3.6628e-19 -1.1073e-19 -3.2814e-20 -9.5326e-21 -2.7146e-21 -7.5778e-22 -2.0736e-22 -5.5623e-23 -1.4626e-23 -3.7699e-24 -9.5256e-25 -2.3593e-25 -5.7283e-26 -1.3633e-26 -3.1807e-27 -7.2740e-28 -1.6307e-28 -3.5835e-29 -7.7192e-30 -1.6300e-30 -3.3739e-31 -6.8455e-32 -1.3615e-32 -2.6545e-33 -5.0730e-34 -9.5036e-35 -1.7452e-35 -3.1415e-36 -5.5431e-37 -9.5876e-38 -1.6256e-38 -7.4255e-04 -7.3374e-04 -7.1911e-04 -6.9878e-04 -6.7295e-04 -6.4192e-04 -6.0616e-04 -5.6626e-04 -5.2298e-04 -4.7722e-04 0.0000e+00 -3.8228e-04 -3.3520e-04 -2.8972e-04 -2.4672e-04 -2.0691e-04 -1.7082e-04 -1.3878e-04 -1.1091e-04 -8.7177e-05 -6.7370e-05 -5.1176e-05 -3.8204e-05 -2.8024e-05 -2.0194e-05 -1.4294e-05 -9.9364e-06 -6.7829e-06 -4.5462e-06 -2.9916e-06 -1.9325e-06 -1.2253e-06 -7.6257e-07 -4.6577e-07 -2.7919e-07 -1.6422e-07 -9.4780e-08 -5.3675e-08 -2.9823e-08 -1.6258e-08 -8.6946e-09 -4.5616e-09 -2.3477e-09 -1.1853e-09 -5.8697e-10 -2.8512e-10 -1.3585e-10 -6.3485e-11 -2.9098e-11 -1.3081e-11 -5.7671e-12 -2.4937e-12 -1.0575e-12 -4.3976e-13 -1.7935e-13 -7.1730e-14 -2.8133e-14 -1.0820e-14 -4.0809e-15 -1.5093e-15 -5.4735e-16 -1.9465e-16 -6.7875e-17 -2.3208e-17 -7.7810e-18 -2.5580e-18 -8.2454e-19 -2.6060e-19 -8.0761e-20 -2.4540e-20 -7.3110e-21 -2.1356e-21 -6.1166e-22 -1.7176e-22 -4.7290e-23 -1.2765e-23 -3.3785e-24 -8.7668e-25 -2.2304e-25 -5.5631e-26 -1.3604e-26 -3.2617e-27 -7.6670e-28 -1.7669e-28 -3.9921e-29 -8.8427e-30 -1.9203e-30 -4.0885e-31 -8.5338e-32 -1.7463e-32 -3.5034e-33 -6.8905e-34 -1.3286e-34 -2.5115e-35 -4.6543e-36 -8.4559e-37 -1.5061e-37 -2.6298e-38 -4.5017e-39 -7.5544e-40
-5.9914e-04 -6.1906e-04 -6.5042e-04 -6.9065e-04 -7.3638e-04 -7.8376e-04 -8.2869e-04 -8.6723e-04 -8.9581e-04 -9.1157e-04 -9.1258e-04 1.4629e-02 -8.6779e-04 -8.2338e-04 -7.6674e-04 -7.0060e-04 -6.2805e-04 -5.5229e-04 -4.7638e-04 -4.0302e-04 -3.3439e-04 -2.7209e-04 -2.1712e-04 -1.6990e-04 -1.3038e-04 -9.8105e-05 -7.2387e-05 -5.2372e-05 -3.7153e-05 -2.5844e-05 -1.7626e-05 -1.1787e-05 -7.7287e-06 -4.9686e-06 -3.1317e-06 -1.9353e-06 -1.1726e-06 -6.9655e-07 -4.0566e-07 -2.3163e-07 -1.2966e-07 -7.1161e-08 -3.8288e-08 -2.0197e-08 -1.0445e-08 -5.2952e-09 -2.6319e-09 -1.2824e-09 -6.1260e-10 -2.8688e-10 -1.3170e-10 -5.9276e-11 -2.6153e-11 -1.1312e-11 -4.7966e-12 -1.9938e-12 -8.1247e-13 -3.2456e-13 -1.2710e-13 -4.8792e-14 -1.8362e-14 -6.7741e-15 -2.4499e-15 -8.6853e-16 -3.0184e-16 -1.0283e-16 -3.4343e-17 -1.1243e-17 -3.6084e-18 -1.1352e-18 -3.5009e-19 -1.0584e-19 -3.1365e-20 -9.1117e-21 -2.5948e-21 -7.2434e-22 -1.9821e-22 -5.3170e-23 -1.3981e-23 -3.6038e-24 -9.1058e-25 -2.2554e-25 -5.4760e-26 -1.3033e-26 -3.0407e-27 -6.9539e-28 -1.5589e-28 -3.4259e-29 -7.3798e-30 -1.5583e-30 -3.2256e-31 -6.5448e-32 -1.3017e-32 -2.5379e-33 -4.8503e-34 -9.0864e-35 -1.6686e-35 -3.0036e-36 -5.3000e-37 -9.1672e-38 -5.9066e-04 -5.8564e-04 -5.7718e-04 -5.6516e-04 -5.4947e-04 -5.3003e-04 -5.0686e-04 -4.8013e-04 -4.5012e-04 -4.1731e-04 -3.8228e-04 0.0000e+00 -3.0861e-04 -2.7161e-04 -2.3559e-04 -2.0130e-04 -1.6936e-04 -1.4024e-04 -1.1425e-04 -9.1549e-05 -7.2133e-05 -5.5871e-05 -4.2532e-05 -3.1815e-05 -2.3380e-05 -1.6878e-05 -1.1966e-05 -8.3310e-06 -5.6952e-06 -3.8224e-06 -2.5185e-06 -1.6289e-06 -1.0340e-06 -6.4420e-07 -3.9387e-07 -2.3632e-07 -1.3913e-07 -8.0373e-08 -4.5554e-08 -2.5332e-08 -1.3819e-08 -7.3961e-09 -3.8830e-09 -1.9998e-09 -1.0103e-09 -5.0061e-10 -2.4332e-10 -1.1600e-10 -5.4236e-11 -2.4872e-11 -1.1187e-11 -4.9344e-12 -2.1346e-12 -9.0559e-13 -3.7677e-13 -1.5372e-13 -6.1506e-14 -2.4132e-14 -9.2851e-15 -3.5032e-15 -1.2961e-15 -4.7019e-16 -1.6726e-16 -5.8345e-17 -1.9956e-17 -6.6926e-18 -2.2008e-18 -7.0961e-19 -2.2434e-19 -6.9543e-20 -2.1136e-20 -6.2987e-21 -1.8404e-21 -5.2722e-22 -1.4808e-22 -4.0781e-23 -1.1011e-23 -2.9148e-24 -7.5651e-25 -1.9250e-25 -4.8026e-26 -1.1747e-26 -2.8169e-27 -6.6226e-28 -1.5265e-28 -3.4495e-29 -7.6423e-30 -1.6599e-30 -3.5347e-31 -7.3791e-32 -1.5102e-32 -3.0303e-33 -5.9609e-34 -1.1495e-34 -2.1733e-35 -4.0282e-36 -7.3194e-37 -1.3038e-37 -2.2770e-38 -3.8982e-39
-4.6834e-04 -4.8900e-04 -5.2192e-04 -5.6489e-04 -6.1502e-04 -6.6885e-04 -7.2262e-04 -7.7248e-04 -8.1478e-04 -8.4631e-04 -8.6453e-04 -8.6779e-04 1.7159e-02 -8.2775e-04 -7.8606e-04 -7.3242e-04 -6.6952e-04 -6.0036e-04 -5.2804e-04 -4.5553e-04 -3.8542e-04 -3.1981e-04 -2.6025e-04 -2.0769e-04 -1.6253e-04 -1.2473e-04 -9.3858e-05 -6.9256e-05 -5.0110e-05 -3.5550e-05 -2.4730e-05 -1.6868e-05 -1.1281e-05 -7.3967e-06 -4.7554e-06 -2.9975e-06 -1.8525e-06 -1.1224e-06 -6.6679e-07 -3.8835e-07 -2.2175e-07 -1.2414e-07 -6.8134e-08 -3.6661e-08 -1.9339e-08 -1.0002e-08 -5.0708e-09 -2.5205e-09 -1.2282e-09 -5.8671e-10 -2.7477e-10 -1.2615e-10 -5.6777e-11 -2.5052e-11 -1.0836e-11 -4.5949e-12 -1.9101e-12 -7.7837e-13 -3.1095e-13 -1.2177e-13 -4.6749e-14 -1.7594e-14 -6.4908e-15 -2.3475e-15 -8.3226e-16 -2.8925e-16 -9.8545e-17 -3.2912e-17 -1.0775e-17 -3.4582e-18 -1.0880e-18 -3.3554e-19 -1.0144e-19 -3.0063e-20 -8.7335e-21 -2.4871e-21 -6.9431e-22 -1.9000e-22 -5.0968e-23 -1.3402e-23 -3.4547e-24 -8.7293e-25 -2.1622e-25 -5.2498e-26 -1.2495e-26 -2.9152e-27 -6.6671e-28 -1.4947e-28 -3.2847e-29 -7.0758e-30 -1.4942e-30 -3.0928e-31 -6.2755e-32 -1.2482e-32 -2.4336e-33 -4.6509e-34 -8.7131e-35 -1.6001e-35 -2.8803e-36 -5.0825e-37 -4.6058e-04 -4.5836e-04 -4.5448e-04 -4.4869e-04 -4.4069e-04 -4.3019e-04 -4.1693e-04 -4.0075e-04 -3.8163e-04 -3.5969e-04 -3.3520e-04 -3.0861e-04 0.0000e+00 -2.5145e-04 -2.2223e-04 -1.9351e-04 -1.6595e-04 -1.4008e-04 -1.1635e-04 -9.5065e-05 -7.6379e-05 -6.0330e-05 -4.6836e-05 -3.5730e-05 -2.6780e-05 -1.9717e-05 -1.4258e-05 -1.0125e-05 -7.0598e-06 -4.8331e-06 -3.2482e-06 -2.1429e-06 -1.3876e-06 -8.8181e-07 -5.4997e-07 -3.3660e-07 -2.0215e-07 -1.1912e-07 -6.8875e-08 -3.9070e-08 -2.1743e-08 -1.1871e-08 -6.3576e-09 -3.3401e-09 -1.7213e-09 -8.7013e-10 -4.3143e-10 -2.0982e-10 -1.0008e-10 -4.6820e-11 -2.1482e-11 -9.6666e-12 -4.2660e-12 -1.8463e-12 -7.8362e-13 -3.2617e-13 -1.3313e-13 -5.3289e-14 -2.0916e-14 -8.0507e-15 -3.0386e-15 -1.1246e-15 -4.0812e-16 -1.4523e-16 -5.0674e-17 -1.7338e-17 -5.8163e-18 -1.9132e-18 -6.1706e-19 -1.9514e-19 -6.0505e-20 -1.8394e-20 -5.4830e-21 -1.6024e-21 -4.5917e-22 -1.2900e-22 -3.5533e-23 -9.5962e-24 -2.5409e-24 -6.5960e-25 -1.6788e-25 -4.1890e-26 -1.0248e-26 -2.4580e-27 -5.7799e-28 -1.3325e-28 -3.0117e-29 -6.6735e-30 -1.4497e-30 -3.0876e-31 -6.4468e-32 -1.3197e-32 -2.6483e-33 -5.2103e-34 -1.0049e-34 -1.9002e-35 -3.5225e-36 -6.4015e-37 -1.1405e-37 -1.9920e-38
-3.5895e-04 -3.7900e-04 -4.1126e-04 -4.5399e-04 -5.0488e-04 -5.6107e-04 -6.1932e-04 -6.7614e-04 -7.2802e-04 -7.7167e-04 -8.0421e-04 -8.2338e-04 -8.2775e-04 1.9889e-02 -7.9097e-04 -7.5152e-04 -7.0051e-04 -6.4053e-04 -5.7449e-04 -5.0539e-04 -4.3606e-04 -3.6900e-04 -3.0623e-04 -2.4923e-04 -1.9891e-04 -1.5568e-04 -1.1948e-04 -8.9922e-05 -6.6359e-05 -4.8018e-05 -3.4070e-05 -2.3702e-05 -1.6168e-05 -1.0814e-05 -7.0913e-06 -4.5594e-06 -2.8742e-06 -1.7764e-06 -1.0764e-06 -6.3952e-07 -3.7250e-07 -2.1271e-07 -1.1909e-07 -6.5366e-08 -3.5174e-08 -1.8556e-08 -9.5971e-09 -4.8661e-09 -2.4189e-09 -1.1787e-09 -5.6313e-10 -2.6374e-10 -1.2109e-10 -5.4504e-11 -2.4050e-11 -1.0403e-11 -4.4116e-12 -1.8340e-12 -7.4739e-13 -2.9858e-13 -1.1694e-13 -4.4894e-14 -1.6896e-14 -6.2339e-15 -2.2546e-15 -7.9937e-16 -2.7783e-16 -9.4659e-17 -3.1615e-17 -1.0351e-17 -3.3221e-18 -1.0452e-18 -3.2236e-19 -9.7460e-20 -2.8884e-20 -8.3914e-21 -2.3898e-21 -6.6715e-22 -1.8257e-22 -4.8977e-23 -1.2879e-23 -3.3199e-24 -8.3891e-25 -2.0780e-25 -5.0455e-26 -1.2009e-26 -2.8019e-27 -6.4081e-28 -1.4366e-28 -3.1572e-29 -6.8014e-30 -1.4362e-30 -2.9730e-31 -6.0325e-32 -1.1999e-32 -2.3394e-33 -4.4712e-34 -8.3765e-35 -1.5383e-35 -2.7692e-36 -3.5207e-04 -3.5178e-04 -3.5107e-04 -3.4966e-04 -3.4716e-04 -3.4318e-04 -3.3730e-04 -3.2920e-04 -3.1863e-04 -3.0546e-04 -2.8972e-04 -2.7161e-04 -2.5145e-04 0.0000e+00 -2.0689e-04 -1.8364e-04 -1.6054e-04 -1.3817e-04 -1.1703e-04 -9.7503e-05 -7.9889e-05 -6.4354e-05 -5.0954e-05 -3.9646e-05 -3.0307e-05 -2.2759e-05 -1.6787e-05 -1.2159e-05 -8.6483e-06 -6.0392e-06 -4.1402e-06 -2.7861e-06 -1.8403e-06 -1.1930e-06 -7.5901e-07 -4.7388e-07 -2.9032e-07 -1.7452e-07 -1.0293e-07 -5.9563e-08 -3.3814e-08 -1.8833e-08 -1.0289e-08 -5.5146e-09 -2.8992e-09 -1.4951e-09 -7.5622e-10 -3.7518e-10 -1.8256e-10 -8.7127e-11 -4.0782e-11 -1.8721e-11 -8.4283e-12 -3.7213e-12 -1.6113e-12 -6.8418e-13 -2.8489e-13 -1.1633e-13 -4.6583e-14 -1.8291e-14 -7.0429e-15 -2.6592e-15 -9.8450e-16 -3.5740e-16 -1.2722e-16 -4.4406e-17 -1.5198e-17 -5.0999e-18 -1.6780e-18 -5.4136e-19 -1.7125e-19 -5.3112e-20 -1.6151e-20 -4.8154e-21 -1.4077e-21 -4.0346e-22 -1.1338e-22 -3.1237e-23 -8.4377e-24 -2.2346e-24 -5.8022e-25 -1.4770e-25 -3.6864e-26 -9.0202e-27 -2.1639e-27 -5.0893e-28 -1.1735e-28 -2.6528e-29 -5.8793e-30 -1.2774e-30 -2.7211e-31 -5.6825e-32 -1.1634e-32 -2.3350e-33 -4.5947e-34 -8.8634e-35 -1.6762e-35 -3.1077e-36 -5.6484e-37 -1.0065e-37
-2.6974e-04 -2.8821e-04 -3.1818e-04 -3.5844e-04 -4.0726e-04 -4.6246e-04 -5.2144e-04 -5.8125e-04 -6.3874e-04 -6.9076e-04 -7.3430e-04 -7.6674e-04 -7.8606e-04 -7.9097e-04 2.2818e-02 -7.5671e-04 -7.1925e-04 -6.7064e-04 -6.1339e-04 -5.5028e-04 -4.8420e-04 -4.1786e-04 -3.5367e-04 -2.9356e-04 -2.3896e-04 -1.9075e-04 -1.4931e-04 -1.1461e-04 -8.6270e-05 -6.3673e-05 -4.6081e-05 -3.2700e-05 -2.2752e-05 -1.5522e-05 -1.0383e-05 -6.8095e-06 -4.3787e-06 -2.7606e-06 -1.7064e-06 -1.0341e-06 -6.1443e-07 -3.5792e-07 -2.0441e-07 -1.1445e-07 -6.2825e-08 -3.3810e-08 -1.7838e-08 -9.2264e-09 -4.6785e-09 -2.3258e-09 -1.1335e-09 -5.4153e-10 -2.5364e-10 -1.1646e-10 -5.2424e-11 -2.3134e-11 -1.0008e-11 -4.2441e-12 -1.7644e-12 -7.1909e-13 -2.8729e-13 -1.1252e-13 -4.3201e-14 -1.6260e-14 -5.9994e-15 -2.1699e-15 -7.6938e-16 -2.6742e-16 -9.1115e-17 -3.0433e-17 -9.9644e-18 -3.1982e-18 -1.0063e-18 -3.1036e-19 -9.3835e-20 -2.7811e-20 -8.0799e-21 -2.3012e-21 -6.4244e-22 -1.7582e-22 -4.7166e-23 -1.2403e-23 -3.1974e-24 -8.0797e-25 -2.0014e-25 -4.8597e-26 -1.1567e-26 -2.6989e-27 -6.1727e-28 -1.3839e-28 -3.0414e-29 -6.5521e-30 -1.3836e-30 -2.8642e-31 -5.8119e-32 -1.1560e-32 -2.2540e-33 -4.3080e-34 -8.0710e-35 -1.4822e-35 -2.6382e-04 -2.6473e-04 -2.6604e-04 -2.6745e-04 -2.6860e-04 -2.6905e-04 -2.6835e-04 -2.6609e-04 -2.6189e-04 -2.5548e-04 -2.4672e-04 -2.3559e-04 -2.2223e-04 -2.0689e-04 0.0000e+00 -1.7189e-04 -1.5322e-04 -1.3447e-04 -1.1614e-04 -9.8681e-05 -8.2461e-05 -6.7748e-05 -5.4710e-05 -4.3418e-05 -3.3855e-05 -2.5932e-05 -1.9510e-05 -1.4415e-05 -1.0458e-05 -7.4497e-06 -5.2096e-06 -3.5762e-06 -2.4096e-06 -1.5935e-06 -1.0342e-06 -6.5866e-07 -4.1164e-07 -2.5243e-07 -1.5188e-07 -8.9657e-08 -5.1924e-08 -2.9501e-08 -1.6443e-08 -8.9901e-09 -4.8215e-09 -2.5365e-09 -1.3088e-09 -6.6243e-10 -3.2884e-10 -1.6010e-10 -7.6449e-11 -3.5802e-11 -1.6443e-11 -7.4064e-12 -3.2716e-12 -1.4172e-12 -6.0202e-13 -2.5079e-13 -1.0245e-13 -4.1039e-14 -1.6120e-14 -6.2093e-15 -2.3452e-15 -8.6857e-16 -3.1542e-16 -1.1232e-16 -3.9215e-17 -1.3425e-17 -4.5064e-18 -1.4832e-18 -4.7863e-19 -1.5144e-19 -4.6982e-20 -1.4291e-20 -4.2619e-21 -1.2462e-21 -3.5725e-22 -1.0041e-22 -2.7672e-23 -7.4763e-24 -1.9804e-24 -5.1433e-25 -1.3096e-25 -3.2691e-26 -8.0006e-27 -1.9197e-27 -4.5157e-28 -1.0414e-28 -2.3547e-29 -5.2194e-30 -1.1342e-30 -2.4165e-31 -5.0472e-32 -1.0335e-32 -2.0747e-33 -4.0830e-34 -7.8774e-35 -1.4900e-35 -2.7628e-36 -5.0223e-37
-1.9874e-04 -2.1503e-04 -2.4168e-04 -2.7795e-04 -3.2269e-04 -3.7439e-04 -4.3112e-04 -4.9057e-04 -5.5009e-04 -6.0685e-04 -6.5794e-04 -7.0060e-04 -7.3242e-04 -7.5152e-04 -7.5671e-04 2.5947e-02 -7.2461e-04 -6.8899e-04 -6.4264e-04 -5.8796e-04 -5.2762e-04 -4.6438e-04 -4.0085e-04 -3.3935e-04 -2.8174e-04 -2.2938e-04 -1.8314e-04 -1.4339e-04 -1.1009e-04 -8.2878e-05 -6.1181e-05 -4.4284e-05 -3.1430e-05 -2.1872e-05 -1.4924e-05 -9.9841e-06 -6.5489e-06 -4.2117e-06 -2.6556e-06 -1.6417e-06 -9.9505e-07 -5.9128e-07 -3.4447e-07 -1.9675e-07 -1.1017e-07 -6.0484e-08 -3.2553e-08 -1.7176e-08 -8.8850e-09 -4.5058e-09 -2.2401e-09 -1.0918e-09 -5.2167e-10 -2.4436e-10 -1.1221e-10 -5.0513e-11 -2.2292e-11 -9.6442e-12 -4.0902e-12 -1.7006e-12 -6.9311e-13 -2.7693e-13 -1.0847e-13 -4.1648e-14 -1.5677e-14 -5.7844e-15 -2.0923e-15 -7.4189e-16 -2.5787e-16 -8.7868e-17 -2.9350e-17 -9.6103e-18 -3.0847e-18 -9.7059e-19 -2.9937e-19 -9.0517e-20 -2.6828e-20 -7.7948e-21 -2.2201e-21 -6.1982e-22 -1.6963e-22 -4.5509e-23 -1.1968e-23 -3.0853e-24 -7.7967e-25 -1.9314e-25 -4.6898e-26 -1.1163e-26 -2.6047e-27 -5.9575e-28 -1.3357e-28 -2.9356e-29 -6.3243e-30 -1.3356e-30 -2.7648e-31 -5.6103e-32 -1.1160e-32 -2.1759e-33 -4.1589e-34 -7.7919e-35 -1.9380e-04 -1.9535e-04 -1.9777e-04 -2.0080e-04 -2.0410e-04 -2.0728e-04 -2.0991e-04 -2.1156e-04 -2.1183e-04 -2.1037e-04 -2.0691e-04 -2.0130e-04 -1.9351e-04 -1.8364e-04 -1.7189e-04 0.0000e+00 -1.4416e-04 -1.2902e-04 -1.1364e-04 -9.8477e-05 -8.3930e-05 -7.0330e-05 -5.7930e-05 -4.6893e-05 -3.7296e-05 -2.9141e-05 -2.2364e-05 -1.6855e-05 -1.2474e-05 -9.0639e-06 -6.4658e-06 -4.5277e-06 -3.1121e-06 -2.0994e-06 -1.3900e-06 -9.0307e-07 -5.7574e-07 -3.6017e-07 -2.2107e-07 -1.3313e-07 -7.8653e-08 -4.5588e-08 -2.5921e-08 -1.4458e-08 -7.9103e-09 -4.2453e-09 -2.2347e-09 -1.1538e-09 -5.8433e-10 -2.9023e-10 -1.4138e-10 -6.7545e-11 -3.1648e-11 -1.4543e-11 -6.5533e-12 -2.8961e-12 -1.2551e-12 -5.3338e-13 -2.2228e-13 -9.0839e-14 -3.6402e-14 -1.4304e-14 -5.5118e-15 -2.0825e-15 -7.7152e-16 -2.8027e-16 -9.9830e-17 -3.4866e-17 -1.1940e-17 -4.0090e-18 -1.3199e-18 -4.2604e-19 -1.3484e-19 -4.1842e-20 -1.2730e-20 -3.7975e-21 -1.1106e-21 -3.1847e-22 -8.9535e-23 -2.4679e-23 -6.6693e-24 -1.7670e-24 -4.5899e-25 -1.1689e-25 -2.9185e-26 -7.1441e-27 -1.7145e-27 -4.0338e-28 -9.3045e-29 -2.1041e-29 -4.6648e-30 -1.0139e-30 -2.1604e-31 -4.5132e-32 -9.2428e-33 -1.8557e-33 -3.6526e-34 -7.0482e-35 -1.3333e-35 -2.4727e-36
