1.0020e-04 -2.3789e-06 -3.3957e-06 -4.2240e-06 -4.8291e-06 -5.1961e-06 -5.3288e-06 -5.2483e-06 -4.9884e-06 -4.5908e-06 -4.1005e-06 -3.5609e-06 -3.0106e-06 -2.4805e-06 -1.9934e-06 -1.5635e-06 -1.1976e-06 -8.9614e-07 -6.5537e-07 -4.6857e-07 -3.2762e-07 -2.2405e-07 -1.4991e-07 -9.8140e-08 -6.2878e-08 -3.9431e-08 -2.4206e-08 -1.4547e-08 -8.5600e-09 -4.9320e-09 -2.7827e-09 -1.5376e-09 -8.3210e-10 -4.4104e-10 -2.2897e-10 -1.1644e-10 -5.8008e-11 -2.8309e-11 -1.3534e-11 -6.3389e-12 -2.9088e-12 -1.3077e-12 -5.7604e-13 -2.4861e-13 -1.0514e-13 -4.3564e-14 -1.7688e-14 -7.0370e-15 -2.7434e-15 -1.0480e-15 -3.9233e-16 -1.4392e-16 -5.1739e-17 -1.8227e-17 -6.2927e-18 -2.1290e-18 -7.0589e-19 -2.2937e-19 -7.3040e-20 -2.2795e-20 -6.9718e-21 -2.0898e-21 -6.1391e-22 -1.7675e-22 -4.9873e-23 -1.3792e-23 -3.7381e-24 -9.9299e-25 -2.5852e-25 -6.5965e-26 -1.6497e-26 -4.0434e-27 -9.7136e-28 -2.2871e-28 -5.2778e-29 -1.1937e-29 -2.6463e-30 -5.7497e-31 -1.2244e-31 -2.5557e-32 -5.2284e-33 -1.0484e-33 -2.0603e-34 -3.9687e-35 -7.4929e-36 -1.3866e-36 -2.5149e-37 -4.4709e-38 -7.7903e-39 -1.3305e-39 -2.2272e-40 -3.6542e-41 -5.8766e-42 -9.2630e-43 -1.4311e-43 -2.1672e-44 -3.2167e-45 -4.6798e-46 -6.6732e-47 -9.3271e-48 0.0000e+00 2.3782e-06 3.3936e-06 4.2194e-06 4.8211e-06 5.1836e-06 5.3115e-06 5.2260e-06 4.9615e-06 4.5603e-06 4.0676e-06 3.5270e-06 2.9770e-06 2.4485e-06 1.9639e-06 1.5373e-06 1.1749e-06 8.7714e-07 6.3992e-07 4.5636e-07 3.1823e-07 2.1702e-07 1.4478e-07 9.4494e-08 6.0351e-08 3.7722e-08 2.3077e-08 1.3820e-08 8.1025e-09 4.6509e-09 2.6139e-09 1.4386e-09 7.7530e-10 4.0920e-10 2.1152e-10 1.0709e-10 5.3106e-11 2.5795e-11 1.2273e-11 5.7205e-12 2.6119e-12 1.1683e-12 5.1196e-13 2.1979e-13 9.2443e-14 3.8095e-14 1.5381e-14 6.0843e-15 2.3583e-15 8.9561e-16 3.3327e-16 1.2152e-16 4.3416e-17 1.5200e-17 5.2143e-18 1.7528e-18 5.7740e-19 1.8638e-19 5.8957e-20 1.8275e-20 5.5514e-21 1.6525e-21 4.8207e-22 1.3781e-22 3.8610e-23 1.0600e-23 2.8522e-24 7.5207e-25 1.9435e-25 4.9219e-26 1.2216e-26 2.9714e-27 7.0833e-28 1.6548e-28 3.7890e-29 8.5025e-30 1.8699e-30 4.0304e-31 8.5138e-32 1.7626e-32 3.5765e-33 7.1124e-34 1.3862e-34 2.6480e-35 4.9576e-36 9.0967e-37 1.6359e-37 2.8835e-38 4.9813e-39 8.4341e-40 1.3996e-40 2.2764e-41 3.6288e-42 5.6696e-43 8.6820e-44 1.3031e-44 1.9169e-45 2.7637e-46 3.9056e-47 5.4094e-48
-2.3789e-06 4.0079e-04 -6.6055e-06 -8.2310e-06 -9.4314e-06 -1.0176e-05 -1.0470e-05 -1.0350e-05 -9.8783e-06 -9.1334e-06 -8.1999e-06 -7.1609e-06 -6.0910e-06 -5.0513e-06 -4.0877e-06 -3.2300e-06 -2.4934e-06 -1.8812e-06 -1.3877e-06 -1.0012e-06 -7.0665e-07 -4.8804e-07 -3.2988e-07 -2.1826e-07 -1.4137e-07 -8.9659e-08 -5.5681e-08 -3.3865e-08 -2.0172e-08 -1.1769e-08 -6.7263e-09 -3.7658e-09 -2.0654e-09 -1.1098e-09 -5.8426e-10 -3.0136e-10 -1.5231e-10 -7.5425e-11 -3.6600e-11 -1.7403e-11 -8.1087e-12 -3.7024e-12 -1.6566e-12 -7.2642e-13 -3.1215e-13 -1.3145e-13 -5.4253e-14 -2.1943e-14 -8.6982e-15 -3.3791e-15 -1.2866e-15 -4.8008e-16 -1.7557e-16 -6.2929e-17 -2.2106e-17 -7.6111e-18 -2.5683e-18 -8.4941e-19 -2.7534e-19 -8.7475e-20 -2.7238e-20 -8.3129e-21 -2.4866e-21 -7.2901e-22 -2.0948e-22 -5.9000e-23 -1.6287e-23 -4.4065e-24 -1.1686e-24 -3.0373e-25 -7.7378e-26 -1.9321e-26 -4.7287e-27 -1.1343e-27 -2.6670e-28 -6.1460e-29 -1.3882e-29 -3.0734e-30 -6.6692e-31 -1.4185e-31 -2.9571e-32 -6.0422e-33 -1.2101e-33 -2.3755e-34 -4.5706e-35 -8.6196e-36 -1.5933e-36 -2.8867e-37 -5.1264e-38 -8.9231e-39 -1.5224e-39 -2.5457e-40 -4.1727e-41 -6.7036e-42 -1.0556e-42 -1.6293e-43 -2.4649e-44 -3.6550e-45 -5.3122e-46 -7.5678e-47 2.3782e-06 0.0000e+00 6.5897e-06 8.1960e-06 9.3689e-06 1.0079e-05 1.0334e-05 1.0176e-05 9.6689e-06 8.8954e-06 7.9426e-06 6.8949e-06 5.8269e-06 4.7989e-06 3.8547e-06 3.0219e-06 2.3134e-06 1.7301e-06 1.2645e-06 9.0352e-07 6.3131e-07 4.3145e-07 2.8846e-07 1.8871e-07 1.2081e-07 7.5702e-08 4.6433e-08 2.7882e-08 1.6392e-08 9.4360e-09 5.3190e-09 2.9362e-09 1.5874e-09 8.4055e-10 4.3594e-10 2.2146e-10 1.1021e-10 5.3722e-11 2.5655e-11 1.2002e-11 5.5012e-12 2.4703e-12 1.0869e-12 4.6851e-13 1.9788e-13 8.1890e-14 3.3206e-14 1.3194e-14 5.1369e-15 1.9598e-15 7.3266e-16 2.6841e-16 9.6357e-17 3.3898e-17 1.1686e-17 3.9482e-18 1.3072e-18 4.2414e-19 1.3486e-19 4.2027e-20 1.2835e-20 3.8414e-21 1.1268e-21 3.2391e-22 9.1255e-23 2.5197e-23 6.8185e-24 1.8084e-24 4.7005e-25 1.1975e-25 2.9899e-26 7.3164e-27 1.7547e-27 4.1247e-28 9.5027e-29 2.1457e-29 4.7486e-30 1.0300e-30 2.1897e-31 4.5626e-32 9.3178e-33 1.8651e-33 3.6590e-34 7.0356e-35 1.3259e-35 2.4492e-36 4.4343e-37 7.8686e-38 1.3685e-38 2.3329e-39 3.8979e-40 6.3833e-41 1.0246e-41 1.6119e-42 2.4855e-43 3.7566e-44 5.5647e-45 8.0796e-46 1.1498e-46 1.6038e-47
-3.3957e-06 -6.6055e-06 9.0176e-04 -1.1823e-05 -1.3597e-05 -1.4737e-05 -1.5242e-05 -1.5160e-05 -1.4568e-05 -1.3572e-05 -1.2286e-05 -1.0825e-05 -9.2969e-06 -7.7895e-06 -6.3724e-06 -5.0932e-06 -3.9792e-06 -3.0401e-06 -2.2721e-06 -1.6615e-06 -1.1892e-06 -8.3324e-07 -5.7160e-07 -3.8397e-07 -2.5260e-07 -1.6276e-07 -1.0273e-07 -6.3512e-08 -3.8469e-08 -2.2828e-08 -1.3272e-08 -7.5606e-09 -4.2202e-09 -2.3082e-09 -1.2371e-09 -6.4969e-10 -3.3437e-10 -1.6864e-10 -8.3347e-11 -4.0370e-11 -1.9163e-11 -8.9142e-12 -4.0640e-12 -1.8158e-12 -7.9509e-13 -3.4121e-13 -1.4351e-13 -5.9156e-14 -2.3899e-14 -9.4625e-15 -3.6720e-15 -1.3966e-15 -5.2058e-16 -1.9019e-16 -6.8100e-17 -2.3899e-17 -8.2203e-18 -2.7712e-18 -9.1563e-19 -2.9652e-19 -9.4115e-20 -2.9278e-20 -8.9272e-21 -2.6678e-21 -7.8143e-22 -2.2434e-22 -6.3123e-23 -1.7409e-23 -4.7057e-24 -1.2467e-24 -3.2375e-25 -8.2400e-26 -2.0556e-26 -5.0261e-27 -1.2045e-27 -2.8294e-28 -6.5142e-29 -1.4700e-29 -3.2513e-30 -7.0486e-31 -1.4977e-31 -3.1193e-32 -6.3677e-33 -1.2741e-33 -2.4986e-34 -4.8030e-35 -9.0492e-36 -1.6711e-36 -3.0248e-37 -5.3665e-38 -9.3320e-39 -1.5906e-39 -2.6573e-40 -4.3514e-41 -6.9841e-42 -1.0987e-42 -1.6942e-43 -2.5607e-44 -3.7935e-45 -5.5083e-46 3.3936e-06 6.5897e-06 0.0000e+00 1.1710e-05 1.3396e-05 1.4424e-05 1.4806e-05 1.4596e-05 1.3889e-05 1.2798e-05 1.1447e-05 9.9559e-06 8.4311e-06 6.9590e-06 5.6032e-06 4.4037e-06 3.3802e-06 2.5352e-06 1.8585e-06 1.3321e-06 9.3385e-07 6.4041e-07 4.2971e-07 2.8217e-07 1.8135e-07 1.1409e-07 7.0270e-08 4.2377e-08 2.5024e-08 1.4471e-08 8.1955e-09 4.5460e-09 2.4699e-09 1.3144e-09 6.8526e-10 3.4997e-10 1.7510e-10 8.5830e-11 4.1220e-11 1.9395e-11 8.9419e-12 4.0393e-12 1.7879e-12 7.7546e-13 3.2957e-13 1.3725e-13 5.6013e-14 2.2401e-14 8.7790e-15 3.3716e-15 1.2690e-15 4.6804e-16 1.6918e-16 5.9928e-17 2.0805e-17 7.0783e-18 2.3601e-18 7.7124e-19 2.4700e-19 7.7524e-20 2.3847e-20 7.1893e-21 2.1242e-21 6.1511e-22 1.7457e-22 4.8556e-23 1.3236e-23 3.5364e-24 9.2598e-25 2.3763e-25 5.9767e-26 1.4733e-26 3.5592e-27 8.4272e-28 1.9556e-28 4.4475e-29 9.9130e-30 2.1655e-30 4.6360e-31 9.7273e-32 2.0003e-32 4.0311e-33 7.9617e-34 1.5411e-34 2.9234e-35 5.4348e-36 9.9017e-37 1.7679e-37 3.0935e-38 5.3047e-39 8.9144e-40 1.4680e-40 2.3691e-41 3.7467e-42 5.8065e-43 8.8180e-44 1.3123e-44 1.9136e-45 2.7345e-46 3.8288e-47
-4.2240e-06 -8.2310e-06 -1.1823e-05 1.6031e-03 -1.7149e-05 -1.8702e-05 -1.9485e-05 -1.9540e-05 -1.8952e-05 -1.7836e-05 -1.6324e-05 -1.4555e-05 -1.2658e-05 -1.0747e-05 -8.9151e-06 -7.2297e-06 -5.7341e-06 -4.4496e-06 -3.3792e-06 -2.5121e-06 -1.8285e-06 -1.3032e-06 -9.0973e-07 -6.2201e-07 -4.1659e-07 -2.7333e-07 -1.7569e-07 -1.1065e-07 -6.8274e-08 -4.1278e-08 -2.4454e-08 -1.4195e-08 -8.0748e-09 -4.5011e-09 -2.4586e-09 -1.3161e-09 -6.9038e-10 -3.5491e-10 -1.7880e-10 -8.8276e-11 -4.2712e-11 -2.0253e-11 -9.4121e-12 -4.2866e-12 -1.9133e-12 -8.3698e-13 -3.5883e-13 -1.5077e-13 -6.2087e-14 -2.5058e-14 -9.9116e-15 -3.8424e-15 -1.4599e-15 -5.4366e-16 -1.9842e-16 -7.0977e-17 -2.4884e-17 -8.5504e-18 -2.8796e-18 -9.5049e-19 -3.0750e-19 -9.7502e-20 -3.0302e-20 -9.2299e-21 -2.7556e-21 -8.0631e-22 -2.3125e-22 -6.5004e-23 -1.7910e-23 -4.8364e-24 -1.2801e-24 -3.3208e-25 -8.4438e-26 -2.1044e-26 -5.1405e-27 -1.2307e-27 -2.8882e-28 -6.6432e-29 -1.4977e-29 -3.3095e-30 -7.1680e-31 -1.5217e-31 -3.1663e-32 -6.4576e-33 -1.2909e-33 -2.5293e-34 -4.8576e-35 -9.1440e-36 -1.6871e-36 -3.0511e-37 -5.4084e-38 -9.3968e-39 -1.6003e-39 -2.6712e-40 -4.3704e-41 -7.0088e-42 -1.1017e-42 -1.6974e-43 -2.5634e-44 -3.7944e-45 4.2194e-06 8.1960e-06 1.1710e-05 0.0000e+00 1.6702e-05 1.8007e-05 1.8511e-05 1.8281e-05 1.7430e-05 1.6096e-05 1.4431e-05 1.2584e-05 1.0687e-05 8.8483e-06 7.1476e-06 5.6371e-06 4.3429e-06 3.2698e-06 2.4068e-06 1.7326e-06 1.2200e-06 8.4053e-07 5.6672e-07 3.7399e-07 2.4161e-07 1.5282e-07 9.4641e-08 5.7397e-08 3.4091e-08 1.9832e-08 1.1300e-08 6.3071e-09 3.4485e-09 1.8472e-09 9.6934e-10 4.9837e-10 2.5105e-10 1.2391e-10 5.9921e-11 2.8394e-11 1.3184e-11 5.9986e-12 2.6744e-12 1.1684e-12 5.0024e-13 2.0987e-13 8.6283e-14 3.4762e-14 1.3725e-14 5.3102e-15 2.0134e-15 7.4811e-16 2.7241e-16 9.7203e-17 3.3990e-17 1.1648e-17 3.9114e-18 1.2872e-18 4.1508e-19 1.3117e-19 4.0620e-20 1.2326e-20 3.6652e-21 1.0679e-21 3.0491e-22 8.5303e-23 2.3384e-23 6.2808e-24 1.6529e-24 4.2622e-25 1.0768e-25 2.6652e-26 6.4628e-27 1.5353e-27 3.5731e-28 8.1461e-29 1.8192e-29 3.9795e-30 8.5266e-31 1.7893e-31 3.6774e-32 7.4016e-33 1.4588e-33 2.8152e-34 5.3191e-35 9.8389e-36 1.7815e-36 3.1572e-37 5.4756e-38 9.2920e-39 1.5426e-39 2.5050e-40 3.9778e-41 6.1751e-42 9.3687e-43 1.3886e-43 2.0099e-44 2.8394e-45 3.9124e-46 5.2537e-47
-4.8291e-06 -9.4314e-06 -1.3597e-05 -1.7149e-05 2.5048e-03 -2.1933e-05 -2.3060e-05 -2.3364e-05 -2.2919e-05 -2.1838e-05 -2.0254e-05 -1.8315e-05 -1.6167e-05 -1.3941e-05 -1.1752e-05 -9.6902e-06 -7.8178e-06 -6.1733e-06 -4.7722e-06 -3.6123e-06 -2.6778e-06 -1.9442e-06 -1.3827e-06 -9.6327e-07 -6.5744e-07 -4.3960e-07 -2.8800e-07 -1.8486e-07 -1.1627e-07 -7.1652e-08 -4.3268e-08 -2.5603e-08 -1.4846e-08 -8.4353e-09 -4.6968e-09 -2.5628e-09 -1.3703e-09 -7.1807e-10 -3.6874e-10 -1.8557e-10 -9.1520e-11 -4.4235e-11 -2.0953e-11 -9.7267e-12 -4.4252e-12 -1.9731e-12 -8.6219e-13 -3.6925e-13 -1.5498e-13 -6.3754e-14 -2.5704e-14 -1.0156e-14 -3.9332e-15 -1.4929e-15 -5.5536e-16 -2.0248e-16 -7.2356e-17 -2.5341e-17 -8.6990e-18 -2.9267e-18 -9.6509e-19 -3.1192e-19 -9.8807e-20 -3.0678e-20 -9.3355e-21 -2.7845e-21 -8.1401e-22 -2.3324e-22 -6.5504e-23 -1.8031e-23 -4.8648e-24 -1.2865e-24 -3.3344e-25 -8.4712e-26 -2.1094e-26 -5.1483e-27 -1.2316e-27 -2.8878e-28 -6.6369e-29 -1.4950e-29 -3.3010e-30 -7.1439e-31 -1.5154e-31 -3.1508e-32 -6.4210e-33 -1.2826e-33 -2.5112e-34 -4.8193e-35 -9.0652e-36 -1.6714e-36 -3.0205e-37 -5.3504e-38 -9.2895e-39 -1.5809e-39 -2.6371e-40 -4.3117e-41 -6.9100e-42 -1.0855e-42 -1.6713e-43 -2.5224e-44 4.8211e-06 9.3689e-06 1.3396e-05 1.6702e-05 0.0000e+00 2.0683e-05 2.1303e-05 2.1085e-05 2.0153e-05 1.8662e-05 1.6783e-05 1.4684e-05 1.2515e-05 1.0402e-05 8.4372e-06 6.6832e-06 5.1726e-06 3.9133e-06 2.8951e-06 2.0950e-06 1.4833e-06 1.0278e-06 6.9705e-07 4.6279e-07 3.0084e-07 1.9150e-07 1.1938e-07 7.2883e-08 4.3584e-08 2.5530e-08 1.4650e-08 8.2353e-09 4.5354e-09 2.4471e-09 1.2936e-09 6.7003e-10 3.4003e-10 1.6908e-10 8.2376e-11 3.9326e-11 1.8395e-11 8.4312e-12 3.7865e-12 1.6662e-12 7.1843e-13 3.0352e-13 1.2564e-13 5.0957e-14 2.0250e-14 7.8839e-15 3.0073e-15 1.1238e-15 4.1145e-16 1.4757e-16 5.1848e-17 1.7844e-17 6.0155e-18 1.9863e-18 6.4234e-19 2.0344e-19 6.3095e-20 1.9161e-20 5.6976e-21 1.6586e-21 4.7265e-22 1.3183e-22 3.5984e-23 9.6106e-24 2.5111e-24 6.4175e-25 1.6037e-25 3.9179e-26 9.3534e-27 2.1813e-27 4.9669e-28 1.1036e-28 2.3912e-29 5.0477e-30 1.0370e-30 2.0701e-31 4.0080e-32 7.5065e-33 1.3548e-33 2.3434e-34 3.8499e-35 5.9163e-36 8.2505e-37 9.6949e-38 7.1534e-39 -6.4272e-40 -4.5651e-40 -1.3876e-40 -3.3744e-41 -7.3204e-42 -1.4739e-42 -2.8070e-43 -5.1099e-44 -8.9497e-45 -1.5146e-45 -2.4838e-46
-5.1961e-06 -1.0176e-05 -1.4737e-05 -1.8702e-05 -2.1933e-05 3.6068e-03 -2.5862e-05 -2.6520e-05 -2.6361e-05 -2.5476e-05 -2.3988e-05 -2.2039e-05 -1.9777e-05 -1.7348e-05 -1.4883e-05 -1.2493e-05 -1.0265e-05 -8.2564e-06 -6.5028e-06 -5.0157e-06 -3.7891e-06 -2.8039e-06 -2.0324e-06 -1.4433e-06 -1.0041e-06 -6.8437e-07 -4.5703e-07 -2.9904e-07 -1.9171e-07 -1.2043e-07 -7.4131e-08 -4.4712e-08 -2.6426e-08 -1.5305e-08 -8.6864e-09 -4.8310e-09 -2.6330e-09 -1.4063e-09 -7.3606e-10 -3.7755e-10 -1.8979e-10 -9.3498e-11 -4.5140e-11 -2.1358e-11 -9.9042e-12 -4.5011e-12 -2.0048e-12 -8.7512e-13 -3.7439e-13 -1.5698e-13 -6.4510e-14 -2.5982e-14 -1.0256e-14 -3.9680e-15 -1.5046e-15 -5.5919e-16 -2.0369e-16 -7.2719e-17 -2.5445e-17 -8.7267e-18 -2.9334e-18 -9.6646e-19 -3.1209e-19 -9.8778e-20 -3.0643e-20 -9.3172e-21 -2.7767e-21 -8.1110e-22 -2.3222e-22 -6.5168e-23 -1.7925e-23 -4.8324e-24 -1.2770e-24 -3.3074e-25 -8.3964e-26 -2.0893e-26 -5.0956e-27 -1.2182e-27 -2.8543e-28 -6.5556e-29 -1.4758e-29 -3.2563e-30 -7.0427e-31 -1.4930e-31 -3.1022e-32 -6.3182e-33 -1.2613e-33 -2.4681e-34 -4.7336e-35 -8.8989e-36 -1.6398e-36 -2.9617e-37 -5.2434e-38 -9.0988e-39 -1.5476e-39 -2.5802e-40 -4.2165e-41 -6.7539e-42 -1.0604e-42 -1.6319e-43 5.1836e-06 1.0079e-05 1.4424e-05 1.8007e-05 2.0683e-05 0.0000e+00 2.3105e-05 2.2930e-05 2.1983e-05 2.0425e-05 1.8437e-05 1.6196e-05 1.3863e-05 1.1575e-05 9.4346e-06 7.5119e-06 5.8454e-06 4.4475e-06 3.3097e-06 2.4098e-06 1.7170e-06 1.1974e-06 8.1755e-07 5.4653e-07 3.5776e-07 2.2936e-07 1.4401e-07 8.8568e-08 5.3356e-08 3.1487e-08 1.8203e-08 1.0309e-08 5.7198e-09 3.1091e-09 1.6556e-09 8.6375e-10 4.4147e-10 2.2105e-10 1.0843e-10 5.2104e-11 2.4526e-11 1.1309e-11 5.1078e-12 2.2596e-12 9.7902e-13 4.1542e-13 1.7262e-13 7.0234e-14 2.7979e-14 1.0912e-14 4.1656e-15 1.5564e-15 5.6907e-16 2.0357e-16 7.1236e-17 2.4378e-17 8.1560e-18 2.6669e-18 8.5196e-19 2.6577e-19 8.0911e-20 2.4023e-20 6.9501e-21 1.9571e-21 5.3562e-22 1.4220e-22 3.6530e-23 9.0462e-24 2.1478e-24 4.8469e-25 1.0243e-25 1.9693e-26 3.2115e-27 3.4054e-28 -3.2288e-29 -3.6172e-29 -1.5359e-29 -5.1602e-30 -1.5415e-30 -4.2677e-31 -1.1168e-31 -2.7925e-32 -6.7165e-33 -1.5606e-33 -3.5139e-34 -7.6831e-35 -1.6340e-35 -3.3844e-36 -6.8334e-37 -1.3460e-37 -2.5881e-38 -4.8604e-39 -8.9187e-40 -1.5996e-40 -2.8051e-41 -4.8107e-42 -8.0704e-43 -1.3246e-43 -2.1275e-44 -3.3443e-45
-5.3288e-06 -1.0470e-05 -1.5242e-05 -1.9485e-05 -2.3060e-05 -2.5862e-05 4.9090e-03 -2.8923e-05 -2.9175e-05 -2.8641e-05 -2.7416e-05 -2.5623e-05 -2.3402e-05 -2.0902e-05 -1.8265e-05 -1.5621e-05 -1.3078e-05 -1.0720e-05 -8.6056e-06 -6.7656e-06 -5.2099e-06 -3.9297e-06 -2.9037e-06 -2.1018e-06 -1.4905e-06 -1.0356e-06 -7.0492e-07 -4.7014e-07 -3.0722e-07 -1.9671e-07 -1.2342e-07 -7.5875e-08 -4.5708e-08 -2.6982e-08 -1.5608e-08 -8.8479e-09 -4.9151e-09 -2.6757e-09 -1.4275e-09 -7.4631e-10 -3.8239e-10 -1.9201e-10 -9.4490e-11 -4.5571e-11 -2.1540e-11 -9.9781e-12 -4.5301e-12 -2.0157e-12 -8.7904e-13 -3.7571e-13 -1.5739e-13 -6.4618e-14 -2.6002e-14 -1.0255e-14 -3.9641e-15 -1.5019e-15 -5.5770e-16 -2.0298e-16 -7.2407e-17 -2.5316e-17 -8.6758e-18 -2.9141e-18 -9.5937e-19 -3.0957e-19 -9.7911e-20 -3.0352e-20 -9.2225e-21 -2.7466e-21 -8.0177e-22 -2.2940e-22 -6.4334e-23 -1.7684e-23 -4.7647e-24 -1.2583e-24 -3.2570e-25 -8.2637e-26 -2.0551e-26 -5.0093e-27 -1.1969e-27 -2.8029e-28 -6.4339e-29 -1.4476e-29 -3.1925e-30 -6.9011e-31 -1.4622e-31 -3.0368e-32 -6.1820e-33 -1.2335e-33 -2.4125e-34 -4.6249e-35 -8.6906e-36 -1.6007e-36 -2.8898e-37 -5.1138e-38 -8.8701e-39 -1.5081e-39 -2.5132e-40 -4.1053e-41 -6.5732e-42 -1.0316e-42 5.3115e-06 1.0334e-05 1.4806e-05 1.8511e-05 2.1303e-05 2.3105e-05 0.0000e+00 2.3813e-05 2.2910e-05 2.1370e-05 1.9372e-05 1.7096e-05 1.4707e-05 1.2344e-05 1.0118e-05 8.1031e-06 6.3442e-06 4.8577e-06 3.6388e-06 2.6674e-06 1.9138e-06 1.3442e-06 9.2442e-07 6.2251e-07 4.1053e-07 2.6515e-07 1.6773e-07 1.0393e-07 6.3073e-08 3.7494e-08 2.1832e-08 1.2451e-08 6.9557e-09 3.8057e-09 2.0393e-09 1.0702e-09 5.4999e-10 2.7676e-10 1.3636e-10 6.5770e-11 3.1053e-11 1.4349e-11 6.4884e-12 2.8704e-12 1.2421e-12 5.2557e-13 2.1740e-13 8.7874e-14 3.4694e-14 1.3372e-14 5.0283e-15 1.8431e-15 6.5789e-16 2.2838e-16 7.6966e-17 2.5123e-17 7.9170e-18 2.3970e-18 6.9217e-19 1.8829e-19 4.7159e-20 1.0335e-20 1.6915e-21 2.4513e-23 -1.4798e-22 -9.1484e-23 -4.0894e-23 -1.5865e-23 -5.6487e-24 -1.8914e-24 -6.0345e-25 -1.8486e-25 -5.4644e-26 -1.5640e-26 -4.3444e-27 -1.1733e-27 -3.0852e-28 -7.9064e-29 -1.9763e-29 -4.8217e-30 -1.1488e-30 -2.6743e-31 -6.0846e-32 -1.3535e-32 -2.9444e-33 -6.2655e-34 -1.3044e-34 -2.6575e-35 -5.2986e-36 -1.0341e-36 -1.9757e-37 -3.6955e-38 -6.7682e-39 -1.2138e-39 -2.1318e-40 -3.6667e-41 -6.1770e-42 -1.0192e-42 -1.6473e-43 -2.6081e-44
-5.2483e-06 -1.0350e-05 -1.5160e-05 -1.9540e-05 -2.3364e-05 -2.6520e-05 -2.8923e-05 6.4115e-03 -3.1275e-05 -3.1222e-05 -3.0413e-05 -2.8939e-05 -2.6921e-05 -2.4498e-05 -2.1814e-05 -1.9014e-05 -1.6225e-05 -1.3557e-05 -1.1093e-05 -8.8902e-06 -6.9784e-06 -5.3655e-06 -4.0412e-06 -2.9817e-06 -2.1553e-06 -1.5263e-06 -1.0590e-06 -7.1988e-07 -4.7948e-07 -3.1292e-07 -2.0011e-07 -1.2539e-07 -7.6991e-08 -4.6325e-08 -2.7314e-08 -1.5782e-08 -8.9359e-09 -4.9584e-09 -2.6963e-09 -1.4369e-09 -7.5047e-10 -3.8413e-10 -1.9269e-10 -9.4732e-11 -4.5644e-11 -2.1554e-11 -9.9756e-12 -4.5250e-12 -2.0117e-12 -8.7653e-13 -3.7433e-13 -1.5668e-13 -6.4276e-14 -2.5844e-14 -1.0185e-14 -3.9341e-15 -1.4894e-15 -5.5268e-16 -2.0101e-16 -7.1656e-17 -2.5037e-17 -8.5744e-18 -2.8782e-18 -9.4696e-19 -3.0538e-19 -9.6527e-20 -2.9906e-20 -9.0816e-21 -2.7031e-21 -7.8864e-22 -2.2552e-22 -6.3213e-23 -1.7367e-23 -4.6767e-24 -1.2344e-24 -3.1938e-25 -8.0992e-26 -2.0132e-26 -4.9051e-27 -1.1714e-27 -2.7421e-28 -6.2915e-29 -1.4150e-29 -3.1192e-30 -6.7398e-31 -1.4275e-31 -2.9634e-32 -6.0302e-33 -1.2028e-33 -2.3515e-34 -4.5063e-35 -8.4646e-36 -1.5585e-36 -2.8126e-37 -4.9755e-38 -8.6273e-39 -1.4663e-39 -2.4428e-40 -3.9890e-41 -6.3849e-42 5.2260e-06 1.0176e-05 1.4596e-05 1.8281e-05 2.1085e-05 2.2930e-05 2.3813e-05 0.0000e+00 2.2983e-05 2.1533e-05 1.9615e-05 1.7400e-05 1.5052e-05 1.2708e-05 1.0481e-05 8.4479e-06 6.6585e-06 5.1337e-06 3.8729e-06 2.8596e-06 2.0668e-06 1.4625e-06 1.0133e-06 6.8747e-07 4.5674e-07 2.9717e-07 1.8934e-07 1.1814e-07 7.2181e-08 4.3184e-08 2.5297e-08 1.4508e-08 8.1453e-09 4.4760e-09 2.4071e-09 1.2666e-09 6.5195e-10 3.2819e-10 1.6152e-10 7.7689e-11 3.6503e-11 1.6746e-11 7.4955e-12 3.2709e-12 1.3901e-12 5.7459e-13 2.3061e-13 8.9653e-14 3.3651e-14 1.2137e-14 4.1748e-15 1.3529e-15 4.0361e-16 1.0532e-16 2.0489e-17 3.1152e-19 -2.5786e-18 -1.8946e-18 -1.0088e-18 -4.6649e-19 -1.9802e-19 -7.9070e-20 -3.0086e-20 -1.0993e-20 -3.8766e-21 -1.3237e-21 -4.3870e-22 -1.4138e-22 -4.4361e-23 -1.3567e-23 -4.0473e-24 -1.1786e-24 -3.3518e-25 -9.3140e-26 -2.5298e-26 -6.7182e-27 -1.7449e-27 -4.4333e-28 -1.1021e-28 -2.6810e-29 -6.3835e-30 -1.4878e-30 -3.3947e-31 -7.5839e-32 -1.6590e-32 -3.5537e-33 -7.4551e-34 -1.5318e-34 -3.0826e-35 -6.0763e-36 -1.1733e-36 -2.2193e-37 -4.1124e-38 -7.4655e-39 -1.3278e-39 -2.3137e-40 -3.9502e-41 -6.6079e-42 -1.0831e-42 -1.7395e-43
-4.9884e-06 -9.8783e-06 -1.4568e-05 -1.8952e-05 -2.2919e-05 -2.6361e-05 -2.9175e-05 -3.1275e-05 8.1141e-03 -3.3123e-05 -3.2855e-05 -3.1848e-05 -3.0190e-05 -2.7998e-05 -2.5411e-05 -2.2577e-05 -1.9638e-05 -1.6726e-05 -1.3951e-05 -1.1397e-05 -9.1187e-06 -7.1464e-06 -5.4863e-06 -4.1260e-06 -3.0398e-06 -2.1942e-06 -1.5517e-06 -1.0751e-06 -7.2988e-07 -4.8551e-07 -3.1646e-07 -2.0212e-07 -1.2650e-07 -7.7580e-08 -4.6626e-08 -2.7461e-08 -1.5849e-08 -8.9649e-09 -4.9694e-09 -2.6996e-09 -1.4373e-09 -7.4996e-10 -3.8351e-10 -1.9221e-10 -9.4415e-11 -4.5453e-11 -2.1446e-11 -9.9178e-12 -4.4952e-12 -1.9969e-12 -8.6946e-13 -3.7104e-13 -1.5520e-13 -6.3624e-14 -2.5565e-14 -1.0068e-14 -3.8866e-15 -1.4705e-15 -5.4534e-16 -1.9822e-16 -7.0623e-17 -2.4662e-17 -8.4414e-18 -2.8320e-18 -9.3128e-19 -3.0017e-19 -9.4833e-20 -2.9367e-20 -8.9136e-21 -2.6519e-21 -7.7333e-22 -2.2105e-22 -6.1931e-23 -1.7007e-23 -4.5780e-24 -1.2079e-24 -3.1238e-25 -7.9187e-26 -1.9676e-26 -4.7921e-27 -1.1440e-27 -2.6769e-28 -6.1399e-29 -1.3804e-29 -3.0419e-30 -6.5706e-31 -1.3912e-31 -2.8871e-32 -5.8731e-33 -1.1711e-33 -2.2888e-34 -4.3849e-35 -8.2341e-36 -1.5156e-36 -2.7345e-37 -4.8359e-38 -8.3829e-39 -1.4244e-39 -2.3723e-40 -3.8729e-41 4.9615e-06 9.6689e-06 1.3889e-05 1.7430e-05 2.0153e-05 2.1983e-05 2.2910e-05 2.2983e-05 0.0000e+00 2.0997e-05 1.9229e-05 1.7156e-05 1.4931e-05 1.2687e-05 1.0533e-05 8.5491e-06 6.7864e-06 5.2705e-06 4.0056e-06 2.9797e-06 2.1697e-06 1.5468e-06 1.0796e-06 7.3770e-07 4.9352e-07 3.2322e-07 2.0723e-07 1.3004e-07 7.9864e-08 4.7992e-08 2.8213e-08 1.6221e-08 9.1184e-09 5.0096e-09 2.6886e-09 1.4088e-09 7.2027e-10 3.5897e-10 1.7421e-10 8.2217e-11 3.7660e-11 1.6701e-11 7.1453e-12 2.9336e-12 1.1464e-12 4.2038e-13 1.4080e-13 4.0417e-14 7.9258e-15 -7.6790e-16 -2.0697e-15 -1.5718e-15 -9.2527e-16 -4.8148e-16 -2.3167e-16 -1.0525e-16 -4.5662e-17 -1.9051e-17 -7.6776e-18 -2.9982e-18 -1.1371e-18 -4.1949e-19 -1.5073e-19 -5.2802e-20 -1.8048e-20 -6.0225e-21 -1.9631e-21 -6.2532e-22 -1.9472e-22 -5.9294e-23 -1.7660e-23 -5.1459e-24 -1.4673e-24 -4.0944e-25 -1.1184e-25 -2.9904e-26 -7.8286e-27 -2.0067e-27 -5.0372e-28 -1.2383e-28 -2.9812e-29 -7.0301e-30 -1.6238e-30 -3.6740e-31 -8.1433e-32 -1.7682e-32 -3.7614e-33 -7.8391e-34 -1.6007e-34 -3.2024e-35 -6.2776e-36 -1.2058e-36 -2.2693e-37 -4.1851e-38 -7.5631e-39 -1.3393e-39 -2.3242e-40 -3.9524e-41 -6.5866e-42 -1.0757e-42
-4.5908e-06 -9.1334e-06 -1.3572e-05 -1.7836e-05 -2.1838e-05 -2.5476e-05 -2.8641e-05 -3.1222e-05 -3.3123e-05 1.0017e-02 -3.4634e-05 -3.4212e-05 -3.3053e-05 -3.1245e-05 -2.8907e-05 -2.6179e-05 -2.3212e-05 -2.0153e-05 -1.7134e-05 -1.4267e-05 -1.1635e-05 -9.2940e-06 -7.2724e-06 -5.5745e-06 -4.1861e-06 -3.0797e-06 -2.2199e-06 -1.5677e-06 -1.0848e-06 -7.3554e-07 -4.8868e-07 -3.1815e-07 -2.0296e-07 -1.2689e-07 -7.7736e-08 -4.6671e-08 -2.7460e-08 -1.5834e-08 -8.9475e-09 -4.9553e-09 -2.6896e-09 -1.4307e-09 -7.4591e-10 -3.8114e-10 -1.9087e-10 -9.3686e-11 -4.5069e-11 -2.1250e-11 -9.8203e-12 -4.4481e-12 -1.9747e-12 -8.5924e-13 -3.6645e-13 -1.5318e-13 -6.2763e-14 -2.5205e-14 -9.9212e-15 -3.8277e-15 -1.4475e-15 -5.3652e-16 -1.9492e-16 -6.9413e-17 -2.4228e-17 -8.2891e-18 -2.7797e-18 -9.1367e-19 -2.9437e-19 -9.2962e-20 -2.8775e-20 -8.7307e-21 -2.5965e-21 -7.5688e-22 -2.1626e-22 -6.0569e-23 -1.6628e-23 -4.4742e-24 -1.1801e-24 -3.0510e-25 -7.7315e-26 -1.9205e-26 -4.6759e-27 -1.1159e-27 -2.6104e-28 -5.9856e-29 -1.3453e-29 -2.9638e-30 -6.4002e-31 -1.3547e-31 -2.8108e-32 -5.7163e-33 -1.1395e-33 -2.2266e-34 -4.2646e-35 -8.0063e-36 -1.4733e-36 -2.6576e-37 -4.6988e-38 -8.1435e-39 -1.3834e-39 -2.3036e-40 4.5603e-06 8.8954e-06 1.2798e-05 1.6096e-05 1.8662e-05 2.0425e-05 2.1370e-05 2.1533e-05 2.0997e-05 0.0000e+00 1.8309e-05 1.6437e-05 1.4399e-05 1.2318e-05 1.0300e-05 8.4206e-06 6.7339e-06 5.2689e-06 4.0344e-06 3.0233e-06 2.2176e-06 1.5921e-06 1.1187e-06 7.6930e-07 5.1766e-07 3.4078e-07 2.1943e-07 1.3816e-07 8.5029e-08 5.1128e-08 3.0020e-08 1.7201e-08 9.6093e-09 5.2283e-09 2.7667e-09 1.4213e-09 7.0708e-10 3.3942e-10 1.5640e-10 6.8612e-11 2.8261e-11 1.0641e-11 3.4407e-12 7.6674e-13 -7.3399e-14 -2.4296e-13 -2.0869e-13 -1.3834e-13 -8.0970e-14 -4.3801e-14 -2.2367e-14 -1.0907e-14 -5.1149e-15 -2.3170e-15 -1.0171e-15 -4.3359e-16 -1.7982e-16 -7.2641e-17 -2.8610e-17 -1.0995e-17 -4.1257e-18 -1.5122e-18 -5.4172e-19 -1.8971e-19 -6.4973e-20 -2.1766e-20 -7.1341e-21 -2.2882e-21 -7.1830e-22 -2.2072e-22 -6.6400e-23 -1.9558e-23 -5.6409e-24 -1.5932e-24 -4.4072e-25 -1.1940e-25 -3.1686e-26 -8.2365e-27 -2.0974e-27 -5.2320e-28 -1.2787e-28 -3.0615e-29 -7.1820e-30 -1.6508e-30 -3.7177e-31 -8.2038e-32 -1.7739e-32 -3.7585e-33 -7.8035e-34 -1.5877e-34 -3.1654e-35 -6.1847e-36 -1.1842e-36 -2.2220e-37 -4.0861e-38 -7.3638e-39 -1.3006e-39 -2.2512e-40 -3.8189e-41 -6.3491e-42
-4.1005e-06 -8.1999e-06 -1.2286e-05 -1.6324e-05 -2.0254e-05 -2.3988e-05 -2.7416e-05 -3.0413e-05 -3.2855e-05 -3.4634e-05 1.2120e-02 -3.5909e-05 -3.5363e-05 -3.4075e-05 -3.2135e-05 -2.9666e-05 -2.6812e-05 -2.3727e-05 -2.0562e-05 -1.7450e-05 -1.4505e-05 -1.1810e-05 -9.4191e-06 -7.3591e-06 -5.6327e-06 -4.2239e-06 -3.1033e-06 -2.2339e-06 -1.5757e-06 -1.0890e-06 -7.3753e-07 -4.8946e-07 -3.1831e-07 -2.0286e-07 -1.2669e-07 -7.7544e-08 -4.6513e-08 -2.7342e-08 -1.5752e-08 -8.8943e-09 -4.9219e-09 -2.6694e-09 -1.4189e-09 -7.3923e-10 -3.7746e-10 -1.8890e-10 -9.2660e-11 -4.4548e-11 -2.0991e-11 -9.6950e-12 -4.3888e-12 -1.9473e-12 -8.4686e-13 -3.6099e-13 -1.5082e-13 -6.1765e-14 -2.4792e-14 -9.7542e-15 -3.7616e-15 -1.4219e-15 -5.2680e-16 -1.9131e-16 -6.8099e-17 -2.3760e-17 -8.1258e-18 -2.7239e-18 -8.9502e-19 -2.8826e-19 -9.1000e-20 -2.8159e-20 -8.5407e-21 -2.5392e-21 -7.3995e-22 -2.1136e-22 -5.9178e-23 -1.6241e-23 -4.3689e-24 -1.1520e-24 -2.9775e-25 -7.5434e-26 -1.8732e-26 -4.5597e-27 -1.0879e-27 -2.5443e-28 -5.8327e-29 -1.3106e-29 -2.8867e-30 -6.2323e-31 -1.3189e-31 -2.7359e-32 -5.5628e-33 -1.1087e-33 -2.1659e-34 -4.1475e-35 -7.7850e-36 -1.4323e-36 -2.5831e-37 -4.5664e-38 -7.9125e-39 -1.3439e-39 4.0676e-06 7.9426e-06 1.1447e-05 1.4431e-05 1.6783e-05 1.8437e-05 1.9372e-05 1.9615e-05 1.9229e-05 1.8309e-05 0.0000e+00 1.5336e-05 1.3527e-05 1.1656e-05 9.8174e-06 8.0862e-06 6.5149e-06 5.1355e-06 3.9610e-06 2.9893e-06 2.2074e-06 1.5946e-06 1.1268e-06 7.7855e-07 5.2587e-07 3.4707e-07 2.2370e-07 1.4071e-07 8.6304e-08 5.1559e-08 2.9959e-08 1.6900e-08 9.2309e-09 4.8644e-09 2.4598e-09 1.1835e-09 5.3395e-10 2.1959e-10 7.6947e-11 1.7893e-11 -3.0200e-12 -8.0458e-12 -7.3931e-12 -5.3378e-12 -3.4206e-12 -2.0306e-12 -1.1393e-12 -6.1088e-13 -3.1514e-13 -1.5711e-13 -7.5918e-14 -3.5637e-14 -1.6277e-14 -7.2426e-15 -3.1426e-15 -1.3307e-15 -5.5019e-16 -2.2225e-16 -8.7748e-17 -3.3872e-17 -1.2788e-17 -4.7227e-18 -1.7066e-18 -6.0354e-19 -2.0891e-19 -7.0791e-20 -2.3486e-20 -7.6292e-21 -2.4269e-21 -7.5605e-22 -2.3069e-22 -6.8942e-23 -2.0182e-23 -5.7877e-24 -1.6259e-24 -4.4750e-25 -1.2066e-25 -3.1878e-26 -8.2515e-27 -2.0928e-27 -5.2009e-28 -1.2665e-28 -3.0222e-29 -7.0667e-30 -1.6193e-30 -3.6360e-31 -8.0011e-32 -1.7254e-32 -3.6465e-33 -7.5523e-34 -1.5330e-34 -3.0495e-35 -5.9453e-36 -1.1360e-36 -2.1273e-37 -3.9044e-38 -7.0234e-39 -1.2382e-39 -2.1396e-40 -3.6236e-41
-3.5609e-06 -7.1609e-06 -1.0825e-05 -1.4555e-05 -1.8315e-05 -2.2039e-05 -2.5623e-05 -2.8939e-05 -3.1848e-05 -3.4212e-05 -3.5909e-05 1.4423e-02 -3.6994e-05 -3.6336e-05 -3.4930e-05 -3.2868e-05 -3.0279e-05 -2.7311e-05 -2.4124e-05 -2.0868e-05 -1.7680e-05 -1.4672e-05 -1.1927e-05 -9.4981e-06 -7.4102e-06 -5.6641e-06 -4.2418e-06 -3.1126e-06 -2.2380e-06 -1.5767e-06 -1.0886e-06 -7.3646e-07 -4.8826e-07 -3.1723e-07 -2.0198e-07 -1.2604e-07 -7.7076e-08 -4.6195e-08 -2.7134e-08 -1.5621e-08 -8.8137e-09 -4.8739e-09 -2.6416e-09 -1.4033e-09 -7.3062e-10 -3.7284e-10 -1.8648e-10 -9.1422e-11 -4.3929e-11 -2.0689e-11 -9.5505e-12 -4.3212e-12 -1.9164e-12 -8.3306e-13 -3.5495e-13 -1.4823e-13 -6.0680e-14 -2.4347e-14 -9.5752e-15 -3.6912e-15 -1.3947e-15 -5.1656e-16 -1.8753e-16 -6.6729e-17 -2.3275e-17 -7.9572e-18 -2.6666e-18 -8.7591e-19 -2.8202e-19 -8.9004e-20 -2.7533e-20 -8.3488e-21 -2.4814e-21 -7.2294e-22 -2.0645e-22 -5.7788e-23 -1.5856e-23 -4.2643e-24 -1.1242e-24 -2.9049e-25 -7.3577e-26 -1.8268e-26 -4.4456e-27 -1.0605e-27 -2.4797e-28 -5.6833e-29 -1.2768e-29 -2.8117e-30 -6.0693e-31 -1.2842e-31 -2.6633e-32 -5.4143e-33 -1.0789e-33 -2.1074e-34 -4.0348e-35 -7.5722e-36 -1.3930e-36 -2.5118e-37 -4.4395e-38 -7.6915e-39 3.5270e-06 6.8949e-06 9.9559e-06 1.2584e-05 1.4684e-05 1.6196e-05 1.7096e-05 1.7400e-05 1.7156e-05 1.6437e-05 1.5336e-05 0.0000e+00 1.2398e-05 1.0762e-05 9.1323e-06 7.5781e-06 6.1507e-06 4.8831e-06 3.7919e-06 2.8798e-06 2.1385e-06 1.5522e-06 1.1008e-06 7.6228e-07 5.1508e-07 3.3930e-07 2.1762e-07 1.3569e-07 8.2077e-08 4.8019e-08 2.7058e-08 1.4591e-08 7.4521e-09 3.5380e-09 1.5023e-09 5.1363e-10 7.9361e-11 -7.9977e-11 -1.1494e-10 -1.0169e-10 -7.5584e-11 -5.0948e-11 -3.2123e-11 -1.9243e-11 -1.1051e-11 -6.1186e-12 -3.2785e-12 -1.7045e-12 -8.6156e-13 -4.2398e-13 -2.0336e-13 -9.5158e-14 -4.3467e-14 -1.9394e-14 -8.4557e-15 -3.6041e-15 -1.5023e-15 -6.1250e-16 -2.4433e-16 -9.5380e-17 -3.6443e-17 -1.3630e-17 -4.9912e-18 -1.7896e-18 -6.2833e-19 -2.1605e-19 -7.2760e-20 -2.4001e-20 -7.7550e-21 -2.4546e-21 -7.6114e-22 -2.3122e-22 -6.8819e-23 -2.0068e-23 -5.7340e-24 -1.6053e-24 -4.4038e-25 -1.1838e-25 -3.1182e-26 -8.0490e-27 -2.0360e-27 -5.0471e-28 -1.2261e-28 -2.9190e-29 -6.8105e-30 -1.5573e-30 -3.4898e-31 -7.6646e-32 -1.6498e-32 -3.4805e-33 -7.1963e-34 -1.4583e-34 -2.8964e-35 -5.6383e-36 -1.0758e-36 -2.0117e-37 -3.6872e-38 -6.6239e-39 -1.1663e-39 -2.0129e-40
-3.0106e-06 -6.0910e-06 -9.2969e-06 -1.2658e-05 -1.6167e-05 -1.9777e-05 -2.3402e-05 -2.6921e-05 -3.0190e-05 -3.3053e-05 -3.5363e-05 -3.6994e-05 1.6926e-02 -3.7900e-05 -3.7136e-05 -3.5618e-05 -3.3444e-05 -3.0747e-05 -2.7681e-05 -2.4406e-05 -2.1076e-05 -1.7828e-05 -1.4772e-05 -1.1991e-05 -9.5358e-06 -7.4299e-06 -5.6721e-06 -4.2428e-06 -3.1099e-06 -2.2336e-06 -1.5721e-06 -1.0843e-06 -7.3289e-07 -4.8546e-07 -3.1515e-07 -2.0050e-07 -1.2501e-07 -7.6395e-08 -4.5754e-08 -2.6857e-08 -1.5451e-08 -8.7126e-09 -4.8151e-09 -2.6083e-09 -1.3848e-09 -7.2061e-10 -3.6754e-10 -1.8374e-10 -9.0036e-11 -4.3243e-11 -2.0357e-11 -9.3932e-12 -4.2483e-12 -1.8833e-12 -8.1835e-13 -3.4855e-13 -1.4551e-13 -5.9544e-14 -2.3883e-14 -9.3896e-15 -3.6185e-15 -1.3668e-15 -5.0607e-16 -1.8367e-16 -6.5337e-17 -2.2783e-17 -7.7869e-18 -2.6088e-18 -8.5672e-19 -2.7577e-19 -8.7012e-20 -2.6911e-20 -8.1581e-21 -2.4242e-21 -7.0612e-22 -2.0160e-22 -5.6420e-23 -1.5477e-23 -4.1617e-24 -1.0969e-24 -2.8339e-25 -7.1767e-26 -1.7815e-26 -4.3347e-27 -1.0338e-27 -2.4170e-28 -5.5387e-29 -1.2441e-29 -2.7393e-30 -5.9120e-31 -1.2507e-31 -2.5935e-32 -5.2717e-33 -1.0503e-33 -2.0513e-34 -3.9269e-35 -7.3688e-36 -1.3554e-36 -2.4437e-37 -4.3186e-38 2.9770e-06 5.8269e-06 8.4311e-06 1.0687e-05 1.2515e-05 1.3863e-05 1.4707e-05 1.5052e-05 1.4931e-05 1.4399e-05 1.3527e-05 1.2398e-05 0.0000e+00 9.7041e-06 8.2961e-06 6.9347e-06 5.6680e-06 4.5294e-06 3.5381e-06 2.7006e-06 2.0133e-06 1.4649e-06 1.0394e-06 7.1829e-07 4.8278e-07 3.1494e-07 1.9885e-07 1.2102e-07 7.0567e-08 3.9042e-08 2.0146e-08 9.3627e-09 3.5800e-09 7.3628e-10 -4.7630e-10 -8.4933e-10 -8.3633e-10 -6.8001e-10 -4.9850e-10 -3.4093e-10 -2.2123e-10 -1.3751e-10 -8.2370e-11 -4.7734e-11 -2.6836e-11 -1.4666e-11 -7.8029e-12 -4.0462e-12 -2.0468e-12 -1.0108e-12 -4.8755e-13 -2.2982e-13 -1.0591e-13 -4.7727e-14 -2.1040e-14 -9.0750e-15 -3.8306e-15 -1.5827e-15 -6.4012e-16 -2.5349e-16 -9.8291e-17 -3.7323e-17 -1.3880e-17 -5.0557e-18 -1.8038e-18 -6.3043e-19 -2.1585e-19 -7.2401e-20 -2.3793e-20 -7.6607e-21 -2.4168e-21 -7.4705e-22 -2.2627e-22 -6.7158e-23 -1.9532e-23 -5.5669e-24 -1.5548e-24 -4.2556e-25 -1.1415e-25 -3.0006e-26 -7.7303e-27 -1.9518e-27 -4.8295e-28 -1.1712e-28 -2.7838e-29 -6.4849e-30 -1.4806e-30 -3.3131e-31 -7.2664e-32 -1.5620e-32 -3.2910e-33 -6.7962e-34 -1.3756e-34 -2.7290e-35 -5.3064e-36 -1.0114e-36 -1.8893e-37 -3.4594e-38 -6.2086e-39 -1.0922e-39
-2.4805e-06 -5.0513e-06 -7.7895e-06 -1.0747e-05 -1.3941e-05 -1.7348e-05 -2.0902e-05 -2.4498e-05 -2.7998e-05 -3.1245e-05 -3.4075e-05 -3.6336e-05 -3.7900e-05 1.9629e-02 -3.8629e-05 -3.7763e-05 -3.6141e-05 -3.3866e-05 -3.1077e-05 -2.7928e-05 -2.4583e-05 -2.1195e-05 -1.7901e-05 -1.4812e-05 -1.2008e-05 -9.5375e-06 -7.4225e-06 -5.6601e-06 -4.2295e-06 -3.0970e-06 -2.2223e-06 -1.5627e-06 -1.0769e-06 -7.2731e-07 -4.8140e-07 -3.1228e-07 -1.9854e-07 -1.2371e-07 -7.5548e-08 -4.5220e-08 -2.6528e-08 -1.5253e-08 -8.5964e-09 -4.7485e-09 -2.5709e-09 -1.3643e-09 -7.0962e-10 -3.6178e-10 -1.8079e-10 -8.8551e-11 -4.2513e-11 -2.0006e-11 -9.2278e-12 -4.1721e-12 -1.8489e-12 -8.0313e-13 -3.4196e-13 -1.4271e-13 -5.8382e-14 -2.3410e-14 -9.2013e-15 -3.5449e-15 -1.3387e-15 -4.9553e-16 -1.7980e-16 -6.3945e-17 -2.2292e-17 -7.6175e-18 -2.5515e-18 -8.3772e-19 -2.6960e-19 -8.5048e-20 -2.6298e-20 -7.9709e-21 -2.3681e-21 -6.8965e-22 -1.9687e-22 -5.5086e-23 -1.5109e-23 -4.0619e-24 -1.0704e-24 -2.7651e-25 -7.0013e-26 -1.7377e-26 -4.2275e-27 -1.0081e-27 -2.3565e-28 -5.3995e-29 -1.2127e-29 -2.6698e-30 -5.7612e-31 -1.2187e-31 -2.5268e-32 -5.1354e-33 -1.0231e-33 -1.9978e-34 -3.8241e-35 -7.1750e-36 -1.3196e-36 -2.3789e-37 2.4485e-06 4.7989e-06 6.9590e-06 8.8483e-06 1.0402e-05 1.1575e-05 1.2344e-05 1.2708e-05 1.2687e-05 1.2318e-05 1.1656e-05 1.0762e-05 9.7041e-06 0.0000e+00 7.3627e-06 6.1971e-06 5.0975e-06 4.0964e-06 3.2144e-06 2.4612e-06 1.8371e-06 1.3350e-06 9.4291e-07 6.4574e-07 4.2738e-07 2.7204e-07 1.6530e-07 9.4682e-08 4.9947e-08 2.3034e-08 7.8814e-09 1.2374e-10 -3.2459e-09 -4.2012e-09 -3.9692e-09 -3.2643e-09 -2.4677e-09 -1.7565e-09 -1.1924e-09 -7.7790e-10 -4.9008e-10 -2.9916e-10 -1.7736e-10 -1.0230e-10 -5.7483e-11 -3.1497e-11 -1.6843e-11 -8.7962e-12 -4.4883e-12 -2.2387e-12 -1.0919e-12 -5.2088e-13 -2.4312e-13 -1.1104e-13 -4.9642e-14 -2.1725e-14 -9.3085e-15 -3.9053e-15 -1.6045e-15 -6.4563e-16 -2.5445e-16 -9.8228e-17 -3.7146e-17 -1.3761e-17 -4.9946e-18 -1.7760e-18 -6.1876e-19 -2.1123e-19 -7.0654e-20 -2.3158e-20 -7.4378e-21 -2.3409e-21 -7.2201e-22 -2.1823e-22 -6.4641e-23 -1.8765e-23 -5.3384e-24 -1.4884e-24 -4.0672e-25 -1.0892e-25 -2.8590e-26 -7.3547e-27 -1.8544e-27 -4.5825e-28 -1.1099e-28 -2.6349e-29 -6.1308e-30 -1.3982e-30 -3.1253e-31 -6.8474e-32 -1.4705e-32 -3.0951e-33 -6.3857e-34 -1.2913e-34 -2.5596e-35 -4.9730e-36 -9.4703e-37 -1.7678e-37 -3.2344e-38 -5.8006e-39
-1.9934e-06 -4.0877e-06 -6.3724e-06 -8.9151e-06 -1.1752e-05 -1.4883e-05 -1.8265e-05 -2.1814e-05 -2.5411e-05 -2.8907e-05 -3.2135e-05 -3.4930e-05 -3.7136e-05 -3.8629e-05 2.2532e-02 -3.9181e-05 -3.8220e-05 -3.6505e-05 -3.4144e-05 -3.1276e-05 -2.8061e-05 -2.4662e-05 -2.1233e-05 -1.7910e-05 -1.4801e-05 -1.1985e-05 -9.5085e-06 -7.3922e-06 -5.6316e-06 -4.2043e-06 -3.0758e-06 -2.2053e-06 -1.5495e-06 -1.0671e-06 -7.2015e-07 -4.7634e-07 -3.0880e-07 -1.9621e-07 -1.2219e-07 -7.4578e-08 -4.4615e-08 -2.6161e-08 -1.5035e-08 -8.4693e-09 -4.6762e-09 -2.5307e-09 -1.3424e-09 -6.9798e-10 -3.5571e-10 -1.7769e-10 -8.7004e-11 -4.1756e-11 -1.9643e-11 -9.0579e-12 -4.0940e-12 -1.8138e-12 -7.8766e-13 -3.3528e-13 -1.3989e-13 -5.7213e-14 -2.2936e-14 -9.0128e-15 -3.4715e-15 -1.3107e-15 -4.8506e-16 -1.7596e-16 -6.2568e-17 -2.1808e-17 -7.4506e-18 -2.4952e-18 -8.1907e-19 -2.6355e-19 -8.3126e-20 -2.5700e-20 -7.7882e-21 -2.3135e-21 -6.7364e-22 -1.9227e-22 -5.3791e-23 -1.4751e-23 -3.9654e-24 -1.0448e-24 -2.6986e-25 -6.8322e-26 -1.6955e-26 -4.1244e-27 -9.8343e-28 -2.2985e-28 -5.2660e-29 -1.1826e-29 -2.6032e-30 -5.6170e-31 -1.1880e-31 -2.4630e-32 -5.0053e-33 -9.9705e-34 -1.9468e-34 -3.7261e-35 -6.9906e-36 -1.2856e-36 1.9639e-06 3.8547e-06 5.6032e-06 7.1476e-06 8.4372e-06 9.4346e-06 1.0118e-05 1.0481e-05 1.0533e-05 1.0300e-05 9.8174e-06 9.1323e-06 8.2961e-06 7.3627e-06 0.0000e+00 5.4072e-06 4.4717e-06 3.6085e-06 2.8386e-06 2.1740e-06 1.6181e-06 1.1676e-06 8.1400e-07 5.4545e-07 3.4851e-07 2.0948e-07 1.1545e-07 5.4980e-08 1.8502e-08 -1.6167e-09 -1.1173e-08 -1.4357e-08 -1.4042e-08 -1.2086e-08 -9.6056e-09 -7.2049e-09 -5.1612e-09 -3.5562e-09 -2.3679e-09 -1.5283e-09 -9.5843e-10 -5.8492e-10 -3.4784e-10 -2.0176e-10 -1.1423e-10 -6.3172e-11 -3.4139e-11 -1.8036e-11 -9.3184e-12 -4.7097e-12 -2.3291e-12 -1.1273e-12 -5.3405e-13 -2.4770e-13 -1.1248e-13 -5.0022e-14 -2.1785e-14 -9.2926e-15 -3.8826e-15 -1.5891e-15 -6.3713e-16 -2.5027e-16 -9.6315e-17 -3.6317e-17 -1.3418e-17 -4.8574e-18 -1.7231e-18 -5.9896e-19 -2.0403e-19 -6.8108e-20 -2.2281e-20 -7.1431e-21 -2.2443e-21 -6.9107e-22 -2.0855e-22 -6.1683e-23 -1.7880e-23 -5.0799e-24 -1.4145e-24 -3.8605e-25 -1.0327e-25 -2.7074e-26 -6.9573e-27 -1.7523e-27 -4.3260e-28 -1.0468e-28 -2.4827e-29 -5.7715e-30 -1.3151e-30 -2.9373e-31 -6.4302e-32 -1.3798e-32 -2.9022e-33 -5.9833e-34 -1.2091e-34 -2.3951e-35 -4.6503e-36 -8.8502e-37 -1.6510e-37 -3.0190e-38
-1.5635e-06 -3.2300e-06 -5.0932e-06 -7.2297e-06 -9.6902e-06 -1.2493e-05 -1.5621e-05 -1.9014e-05 -2.2577e-05 -2.6179e-05 -2.9666e-05 -3.2868e-05 -3.5618e-05 -3.7763e-05 -3.9181e-05 2.5635e-02 -3.9564e-05 -3.8517e-05 -3.6720e-05 -3.4287e-05 -3.1358e-05 -2.8094e-05 -2.4657e-05 -2.1202e-05 -1.7862e-05 -1.4745e-05 -1.1927e-05 -9.4538e-06 -7.3430e-06 -5.5893e-06 -4.1694e-06 -3.0480e-06 -2.1838e-06 -1.5334e-06 -1.0552e-06 -7.1175e-07 -4.7051e-07 -3.0486e-07 -1.9360e-07 -1.2050e-07 -7.3516e-08 -4.3960e-08 -2.5765e-08 -1.4802e-08 -8.3347e-09 -4.6002e-09 -2.4887e-09 -1.3197e-09 -6.8592e-10 -3.4946e-10 -1.7451e-10 -8.5422e-11 -4.0986e-11 -1.9276e-11 -8.8860e-12 -4.0153e-12 -1.7785e-12 -7.7215e-13 -3.2860e-13 -1.3708e-13 -5.6050e-14 -2.2465e-14 -8.8260e-15 -3.3989e-15 -1.2830e-15 -4.7474e-16 -1.7219e-16 -6.1216e-17 -2.1333e-17 -7.2874e-18 -2.4401e-18 -8.0088e-19 -2.5766e-19 -8.1256e-20 -2.5118e-20 -7.6110e-21 -2.2606e-21 -6.5815e-22 -1.8782e-22 -5.2541e-23 -1.4407e-23 -3.8723e-24 -1.0202e-24 -2.6347e-25 -6.6697e-26 -1.6550e-26 -4.0255e-27 -9.5975e-28 -2.2430e-28 -5.1382e-29 -1.1538e-29 -2.5396e-30 -5.4792e-31 -1.1588e-31 -2.4022e-32 -4.8813e-33 -9.7228e-34 -1.8983e-34 -3.6330e-35 -6.8154e-36 1.5373e-06 3.0219e-06 4.4037e-06 5.6371e-06 6.6832e-06 7.5119e-06 8.1031e-06 8.4479e-06 8.5491e-06 8.4206e-06 8.0862e-06 7.5781e-06 6.9347e-06 6.1971e-06 5.4072e-06 0.0000e+00 3.8227e-06 3.0912e-06 2.4305e-06 1.8537e-06 1.3670e-06 9.7000e-07 6.5731e-07 4.2007e-07 2.4733e-07 1.2732e-07 4.8606e-08 7.4859e-10 -2.5172e-08 -3.6387e-08 -3.8448e-08 -3.5385e-08 -2.9946e-08 -2.3871e-08 -1.8153e-08 -1.3270e-08 -9.3706e-09 -6.4128e-09 -4.2632e-09 -2.7580e-09 -1.7385e-09 -1.0688e-09 -6.4143e-10 -3.7598e-10 -2.1537e-10 -1.2061e-10 -6.6056e-11 -3.5391e-11 -1.8554e-11 -9.5204e-12 -4.7818e-12 -2.3514e-12 -1.1322e-12 -5.3385e-13 -2.4653e-13 -1.1151e-13 -4.9405e-14 -2.1443e-14 -9.1176e-15 -3.7982e-15 -1.5502e-15 -6.1996e-16 -2.4294e-16 -9.3281e-17 -3.5098e-17 -1.2941e-17 -4.6760e-18 -1.6558e-18 -5.7459e-19 -1.9542e-19 -6.5134e-20 -2.1277e-20 -6.8119e-21 -2.1374e-21 -6.5735e-22 -1.9814e-22 -5.8537e-23 -1.6950e-23 -4.8106e-24 -1.3382e-24 -3.6487e-25 -9.7513e-26 -2.5543e-26 -6.5584e-27 -1.6505e-27 -4.0716e-28 -9.8448e-29 -2.3333e-29 -5.4204e-30 -1.2343e-30 -2.7549e-31 -6.0274e-32 -1.2926e-32 -2.7172e-33 -5.5987e-34 -1.1308e-34 -2.2387e-35 -4.3445e-36 -8.2643e-37 -1.5410e-37
-1.1976e-06 -2.4934e-06 -3.9792e-06 -5.7341e-06 -7.8178e-06 -1.0265e-05 -1.3078e-05 -1.6225e-05 -1.9638e-05 -2.3212e-05 -2.6812e-05 -3.0279e-05 -3.3444e-05 -3.6141e-05 -3.8220e-05 -3.9564e-05 2.8937e-02 -3.9788e-05 -3.8665e-05 -3.6802e-05 -3.4310e-05 -3.1336e-05 -2.8037e-05 -2.4578e-05 -2.1111e-05 -1.7767e-05 -1.4653e-05 -1.1841e-05 -9.3779e-06 -7.2783e-06 -5.5360e-06 -4.1267e-06 -3.0148e-06 -2.1587e-06 -1.5149e-06 -1.0419e-06 -7.0240e-07 -4.6411e-07 -3.0056e-07 -1.9079e-07 -1.1870e-07 -7.2389e-08 -4.3270e-08 -2.5351e-08 -1.4559e-08 -8.1952e-09 -4.5217e-09 -2.4455e-09 -1.2964e-09 -6.7363e-10 -3.4310e-10 -1.7130e-10 -8.3827e-11 -4.0211e-11 -1.8907e-11 -8.7141e-12 -3.9368e-12 -1.7434e-12 -7.5675e-13 -3.2199e-13 -1.3429e-13 -5.4902e-14 -2.2001e-14 -8.6422e-15 -3.3276e-15 -1.2559e-15 -4.6464e-16 -1.6850e-16 -5.9897e-17 -2.0871e-17 -7.1284e-18 -2.3866e-18 -7.8321e-19 -2.5195e-19 -7.9444e-20 -2.4555e-20 -7.4396e-21 -2.2094e-21 -6.4319e-22 -1.8354e-22 -5.1337e-23 -1.4075e-23 -3.7828e-24 -9.9655e-25 -2.5734e-25 -6.5138e-26 -1.6162e-26 -3.9307e-27 -9.3708e-28 -2.1898e-28 -5.0161e-29 -1.1263e-29 -2.4788e-30 -5.3478e-31 -1.1309e-31 -2.3442e-32 -4.7633e-33 -9.4870e-34 -1.8521e-34 -3.5444e-35 1.1749e-06 2.3134e-06 3.3802e-06 4.3429e-06 5.1726e-06 5.8454e-06 6.3442e-06 6.6585e-06 6.7864e-06 6.7339e-06 6.5149e-06 6.1507e-06 5.6680e-06 5.0975e-06 4.4717e-06 3.8227e-06 0.0000e+00 2.5692e-06 2.0100e-06 1.5164e-06 1.0962e-06 7.5141e-07 4.7950e-07 2.7412e-07 1.2658e-07 2.6947e-08 -3.4880e-08 -6.8400e-08 -8.1955e-08 -8.2441e-08 -7.5229e-08 -6.4242e-08 -5.2151e-08 -4.0610e-08 -3.0504e-08 -2.2187e-08 -1.5666e-08 -1.0760e-08 -7.1985e-09 -4.6961e-09 -2.9900e-09 -1.8592e-09 -1.1296e-09 -6.7096e-10 -3.8974e-10 -2.2147e-10 -1.2314e-10 -6.7008e-11 -3.5694e-11 -1.8615e-11 -9.5060e-12 -4.7538e-12 -2.3283e-12 -1.1170e-12 -5.2489e-13 -2.4163e-13 -1.0898e-13 -4.8153e-14 -2.0847e-14 -8.8435e-15 -3.6759e-15 -1.4973e-15 -5.9762e-16 -2.3376e-16 -8.9602e-17 -3.3660e-17 -1.2392e-17 -4.4711e-18 -1.5811e-18 -5.4795e-19 -1.8613e-19 -6.1965e-20 -2.0219e-20 -6.4664e-21 -2.0270e-21 -6.2277e-22 -1.8755e-22 -5.5358e-23 -1.6016e-23 -4.5419e-24 -1.2625e-24 -3.4397e-25 -9.1861e-26 -2.4047e-26 -6.1701e-27 -1.5518e-27 -3.8257e-28 -9.2449e-29 -2.1898e-29 -5.0844e-30 -1.1572e-30 -2.5815e-31 -5.6452e-32 -1.2101e-32 -2.5425e-33 -5.2365e-34 -1.0572e-34 -2.0921e-35 -4.0584e-36 -7.7170e-37
