1.0040e-04 -2.3800e-04 -2.2662e-04 -2.1159e-04 -1.9373e-04 -1.7393e-04 -1.5312e-04 -1.3219e-04 -1.1190e-04 -9.2882e-05 -7.5600e-05 -6.0339e-05 -4.7223e-05 -3.6239e-05 -2.7270e-05 -2.0121e-05 -1.4558e-05 -1.0328e-05 -7.1846e-06 -4.9006e-06 -3.2776e-06 -2.1494e-06 -1.3821e-06 -8.7142e-07 -5.3871e-07 -3.2654e-07 -1.9407e-07 -1.1309e-07 -6.4618e-08 -3.6200e-08 -1.9884e-08 -1.0708e-08 -5.6543e-09 -2.9273e-09 -1.4858e-09 -7.3943e-10 -3.6079e-10 -1.7259e-10 -8.0947e-11 -3.7222e-11 -1.6780e-11 -7.4167e-12 -3.2139e-12 -1.3653e-12 -5.6867e-13 -2.3221e-13 -9.2956e-14 -3.6482e-14 -1.4037e-14 -5.2947e-15 -1.9579e-15 -7.0981e-16 -2.5227e-16 -8.7895e-17 -3.0022e-17 -1.0053e-17 -3.3000e-18 -1.0620e-18 -3.3502e-19 -1.0361e-19 -3.1412e-20 -9.3359e-21 -2.7200e-21 -7.7688e-22 -2.1751e-22 -5.9701e-23 -1.6063e-23 -4.2367e-24 -1.0954e-24 -2.7764e-25 -6.8982e-26 -1.6801e-26 -4.0113e-27 -9.3881e-28 -2.1538e-28 -4.8439e-29 -1.0679e-29 -2.3077e-30 -4.8886e-31 -1.0151e-31 -2.0664e-32 -4.1231e-33 -8.0646e-34 -1.5462e-34 -2.9060e-35 -5.3537e-36 -9.6682e-37 -1.7115e-37 -2.9698e-38 -5.0514e-39 -8.4222e-40 -1.3765e-40 -2.2052e-41 -3.4629e-42 -5.3305e-43 -8.0432e-44 -1.1896e-44 -1.7247e-45 -2.4511e-46 -3.4144e-47 0.0000e+00 2.3781e-04 2.2621e-04 2.1092e-04 1.9276e-04 1.7268e-04 1.5163e-04 1.3051e-04 1.1011e-04 9.1054e-05 7.3807e-05 5.8642e-05 4.5670e-05 3.4864e-05 2.6087e-05 1.9133e-05 1.3755e-05 9.6931e-06 6.6953e-06 4.5330e-06 3.0083e-06 1.9569e-06 1.2478e-06 7.7983e-07 4.7773e-07 2.8687e-07 1.6885e-07 9.7413e-08 5.5087e-08 3.0535e-08 1.6590e-08 8.8355e-09 4.6122e-09 2.3600e-09 1.1836e-09 5.8188e-10 2.8039e-10 1.3243e-10 6.1313e-11 2.7824e-11 1.2376e-11 5.3959e-12 2.3060e-12 9.6596e-13 3.9662e-13 1.5962e-13 6.2968e-14 2.4348e-14 9.2280e-15 3.4282e-15 1.2483e-15 4.4555e-16 1.5588e-16 5.3452e-17 1.7966e-17 5.9192e-18 1.9115e-18 6.0504e-19 1.8772e-19 5.7086e-20 1.7016e-20 4.9716e-21 1.4237e-21 3.9965e-22 1.0996e-22 2.9653e-23 7.8384e-24 2.0309e-24 5.1576e-25 1.2838e-25 3.1323e-26 7.4908e-27 1.7559e-27 4.0342e-28 9.0849e-29 2.0053e-29 4.3385e-30 9.2002e-31 1.9123e-31 3.8959e-32 7.7795e-33 1.5226e-33 2.9210e-34 5.4925e-35 1.0123e-35 1.8286e-36 3.2376e-37 5.6187e-38 9.5572e-39 1.5934e-39 2.6037e-40 4.1702e-41 6.5465e-42 1.0073e-42 1.5191e-43 2.2454e-44 3.2530e-45 4.6192e-46 6.4288e-47 8.7695e-48
-2.3800e-04 4.0158e-04 -2.2111e-04 -2.0731e-04 -1.9082e-04 -1.7243e-04 -1.5295e-04 -1.3319e-04 -1.1385e-04 -9.5522e-05 -7.8665e-05 -6.3584e-05 -5.0441e-05 -3.9270e-05 -3.0003e-05 -2.2494e-05 -1.6549e-05 -1.1946e-05 -8.4606e-06 -5.8790e-06 -4.0077e-06 -2.6802e-06 -1.7583e-06 -1.1315e-06 -7.1422e-07 -4.4219e-07 -2.6851e-07 -1.5991e-07 -9.3397e-08 -5.3497e-08 -3.0049e-08 -1.6552e-08 -8.9403e-09 -4.7351e-09 -2.4591e-09 -1.2522e-09 -6.2521e-10 -3.0606e-10 -1.4690e-10 -6.9125e-11 -3.1891e-11 -1.4425e-11 -6.3965e-12 -2.7808e-12 -1.1851e-12 -4.9517e-13 -2.0282e-13 -8.1439e-14 -3.2057e-14 -1.2370e-14 -4.6792e-15 -1.7351e-15 -6.3072e-16 -2.2474e-16 -7.8503e-17 -2.6879e-17 -9.0218e-18 -2.9683e-18 -9.5731e-19 -3.0264e-19 -9.3786e-20 -2.8489e-20 -8.4829e-21 -2.4759e-21 -7.0836e-22 -1.9865e-22 -5.4609e-23 -1.4715e-23 -3.8865e-24 -1.0062e-24 -2.5536e-25 -6.3521e-26 -1.5488e-26 -3.7018e-27 -8.6724e-28 -1.9915e-28 -4.4827e-29 -9.8904e-30 -2.1390e-30 -4.5343e-31 -9.4219e-32 -1.9190e-32 -3.8312e-33 -7.4972e-34 -1.4381e-34 -2.7038e-35 -4.9830e-36 -9.0016e-37 -1.5939e-37 -2.7664e-38 -4.7064e-39 -7.8482e-40 -1.2828e-40 -2.0553e-41 -3.2277e-42 -4.9686e-43 -7.4970e-44 -1.1088e-44 -1.6074e-45 -2.2842e-46 2.3781e-04 0.0000e+00 2.1952e-04 2.0468e-04 1.8707e-04 1.6758e-04 1.4715e-04 1.2665e-04 1.0685e-04 8.8358e-05 7.1619e-05 5.6901e-05 4.4313e-05 3.3825e-05 2.5308e-05 1.8560e-05 1.3342e-05 9.4004e-06 6.4920e-06 4.3946e-06 2.9158e-06 1.8962e-06 1.2087e-06 7.5516e-07 4.6244e-07 2.7756e-07 1.6329e-07 9.4154e-08 5.3211e-08 2.9475e-08 1.6002e-08 8.5148e-09 4.4407e-09 2.2698e-09 1.1371e-09 5.5830e-10 2.6866e-10 1.2670e-10 5.8563e-11 2.6528e-11 1.1777e-11 5.1239e-12 2.1848e-12 9.1291e-13 3.7383e-13 1.5002e-13 5.8995e-14 2.2735e-14 8.5856e-15 3.1771e-15 1.1521e-15 4.0935e-16 1.4252e-16 4.8619e-17 1.6251e-17 5.3222e-18 1.7077e-18 5.3686e-19 1.6534e-19 4.9888e-20 1.4746e-20 4.2697e-21 1.2110e-21 3.3643e-22 9.1545e-23 2.4397e-23 6.3675e-24 1.6275e-24 4.0731e-25 9.9811e-26 2.3946e-26 5.6239e-27 1.2928e-27 2.9088e-28 6.4041e-29 1.3795e-29 2.9070e-30 5.9909e-31 1.2072e-31 2.3779e-32 4.5768e-33 8.6046e-34 1.5794e-34 2.8286e-35 4.9396e-36 8.4034e-37 1.3911e-37 2.2377e-38 3.4906e-39 5.2667e-40 7.6568e-41 1.0666e-41 1.4110e-42 1.7453e-43 1.9579e-44 1.8476e-45 1.0849e-46 -8.3256e-48 -4.6259e-48 -1.1275e-48
-2.2662e-04 -2.2111e-04 9.0353e-04 -2.0033e-04 -1.8601e-04 -1.6984e-04 -1.5249e-04 -1.3461e-04 -1.1680e-04 -9.9614e-05 -8.3484e-05 -6.8743e-05 -5.5606e-05 -4.4178e-05 -3.4468e-05 -2.6405e-05 -1.9858e-05 -1.4660e-05 -1.0622e-05 -7.5524e-06 -5.2691e-06 -3.6068e-06 -2.4220e-06 -1.5955e-06 -1.0309e-06 -6.5326e-07 -4.0600e-07 -2.4745e-07 -1.4789e-07 -8.6670e-08 -4.9803e-08 -2.8060e-08 -1.5501e-08 -8.3949e-09 -4.4574e-09 -2.3203e-09 -1.1841e-09 -5.9237e-10 -2.9052e-10 -1.3967e-10 -6.5825e-11 -3.0410e-11 -1.3772e-11 -6.1138e-12 -2.6605e-12 -1.1349e-12 -4.7451e-13 -1.9448e-13 -7.8134e-14 -3.0770e-14 -1.1878e-14 -4.4942e-15 -1.6668e-15 -6.0598e-16 -2.1594e-16 -7.5427e-17 -2.5825e-17 -8.6669e-18 -2.8510e-18 -9.1929e-19 -2.9055e-19 -9.0012e-20 -2.7333e-20 -8.1358e-21 -2.3737e-21 -6.7882e-22 -1.9028e-22 -5.2282e-23 -1.4081e-23 -3.7172e-24 -9.6185e-25 -2.4396e-25 -6.0651e-26 -1.4780e-26 -3.5304e-27 -8.2659e-28 -1.8970e-28 -4.2673e-29 -9.4092e-30 -2.0336e-30 -4.3082e-31 -8.9461e-32 -1.8209e-32 -3.6330e-33 -7.1046e-34 -1.3619e-34 -2.5589e-35 -4.7127e-36 -8.5077e-37 -1.5054e-37 -2.6111e-38 -4.4392e-39 -7.3978e-40 -1.2084e-40 -1.9348e-41 -3.0365e-42 -4.6712e-43 -7.0436e-44 -1.0411e-44 -1.5082e-45 2.2621e-04 2.1952e-04 0.0000e+00 1.9470e-04 1.7794e-04 1.5940e-04 1.3996e-04 1.2046e-04 1.0162e-04 8.4025e-05 6.8099e-05 5.4095e-05 4.2118e-05 3.2141e-05 2.4040e-05 1.7623e-05 1.2661e-05 8.9153e-06 6.1525e-06 4.1611e-06 2.7580e-06 1.7915e-06 1.1404e-06 7.1134e-07 4.3481e-07 2.6043e-07 1.5285e-07 8.7897e-08 4.9524e-08 2.7339e-08 1.4785e-08 7.8334e-09 4.0656e-09 2.0669e-09 1.0292e-09 5.0195e-10 2.3974e-10 1.1213e-10 5.1351e-11 2.3024e-11 1.0105e-11 4.3413e-12 1.8252e-12 7.5084e-13 3.0217e-13 1.1893e-13 4.5772e-14 1.7219e-14 6.3292e-15 2.2722e-15 7.9629e-16 2.7223e-16 9.0715e-17 2.9436e-17 9.2890e-18 2.8458e-18 8.4448e-19 2.4195e-19 6.6620e-20 1.7501e-20 4.3346e-21 9.9005e-22 1.9868e-22 3.0253e-23 8.0488e-25 -1.9535e-24 -1.1303e-24 -4.6301e-25 -1.6379e-25 -5.3064e-26 -1.6152e-26 -4.6814e-27 -1.3023e-27 -3.4948e-28 -9.0784e-29 -2.2885e-29 -5.6081e-30 -1.3378e-30 -3.1100e-31 -7.0512e-32 -1.5603e-32 -3.3715e-33 -7.1171e-34 -1.4683e-34 -2.9615e-35 -5.8411e-36 -1.1269e-36 -2.1268e-37 -3.9278e-38 -7.0989e-39 -1.2558e-39 -2.1746e-40 -3.6867e-41 -6.1194e-42 -9.9459e-43 -1.5830e-43 -2.4674e-44 -3.7666e-45 -5.6316e-46 -8.2475e-47
-2.1159e-04 -2.0731e-04 -2.0033e-04 1.6062e-03 -1.7935e-04 -1.6606e-04 -1.5148e-04 -1.3608e-04 -1.2035e-04 -1.0473e-04 -8.9649e-05 -7.5456e-05 -6.2426e-05 -5.0747e-05 -4.0523e-05 -3.1777e-05 -2.4465e-05 -1.8489e-05 -1.3712e-05 -9.9782e-06 -7.1237e-06 -4.9889e-06 -3.4268e-06 -2.3085e-06 -1.5250e-06 -9.8789e-07 -6.2747e-07 -3.9076e-07 -2.3858e-07 -1.4281e-07 -8.3806e-08 -4.8211e-08 -2.7188e-08 -1.5030e-08 -8.1452e-09 -4.3268e-09 -2.2531e-09 -1.1500e-09 -5.7538e-10 -2.8219e-10 -1.3565e-10 -6.3922e-11 -2.9524e-11 -1.3367e-11 -5.9319e-12 -2.5803e-12 -1.1002e-12 -4.5979e-13 -1.8835e-13 -7.5630e-14 -2.9767e-14 -1.1484e-14 -4.3425e-15 -1.6096e-15 -5.8479e-16 -2.0826e-16 -7.2696e-17 -2.4873e-17 -8.3419e-18 -2.7423e-18 -8.8363e-19 -2.7909e-19 -8.6403e-20 -2.6220e-20 -7.7991e-21 -2.2739e-21 -6.4984e-22 -1.8204e-22 -4.9984e-23 -1.3453e-23 -3.5491e-24 -9.1775e-25 -2.3262e-25 -5.7796e-26 -1.4075e-26 -3.3599e-27 -7.8616e-28 -1.8031e-28 -4.0535e-29 -8.9324e-30 -1.9294e-30 -4.0849e-31 -8.4775e-32 -1.7245e-32 -3.4386e-33 -6.7206e-34 -1.2875e-34 -2.4178e-35 -4.4504e-36 -8.0296e-37 -1.4201e-37 -2.4617e-38 -4.1830e-39 -6.9670e-40 -1.1374e-40 -1.8202e-41 -2.8552e-42 -4.3900e-43 -6.6162e-44 -9.7740e-45 2.1092e-04 2.0468e-04 1.9470e-04 0.0000e+00 1.6590e-04 1.4861e-04 1.3048e-04 1.1228e-04 9.4703e-05 7.8286e-05 6.3425e-05 5.0359e-05 3.9185e-05 2.9880e-05 2.2327e-05 1.6347e-05 1.1728e-05 8.2432e-06 5.6765e-06 3.8294e-06 2.5305e-06 1.6378e-06 1.0382e-06 6.4445e-07 3.9169e-07 2.3306e-07 1.3574e-07 7.7372e-08 4.3151e-08 2.3542e-08 1.2560e-08 6.5510e-09 3.3390e-09 1.6624e-09 8.0795e-10 3.8308e-10 1.7704e-10 7.9662e-11 3.4852e-11 1.4798e-11 6.0825e-12 2.4117e-12 9.1760e-13 3.3228e-13 1.1293e-13 3.5067e-14 9.3423e-15 1.7097e-15 -1.4143e-16 -3.7332e-16 -2.6361e-16 -1.4386e-16 -6.9337e-17 -3.0887e-17 -1.2987e-17 -5.2139e-18 -2.0127e-18 -7.5039e-19 -2.7107e-19 -9.5085e-20 -3.2442e-20 -1.0780e-20 -3.4921e-21 -1.1037e-21 -3.4051e-22 -1.0262e-22 -3.0219e-23 -8.6989e-24 -2.4485e-24 -6.7409e-25 -1.8155e-25 -4.7844e-26 -1.2339e-26 -3.1147e-27 -7.6967e-28 -1.8620e-28 -4.4105e-29 -1.0230e-29 -2.3237e-30 -5.1691e-31 -1.1262e-31 -2.4035e-32 -5.0242e-33 -1.0288e-33 -2.0638e-34 -4.0557e-35 -7.8085e-36 -1.4729e-36 -2.7221e-37 -4.9292e-38 -8.7455e-39 -1.5204e-39 -2.5899e-40 -4.3231e-41 -7.0712e-42 -1.1334e-42 -1.7802e-43 -2.7401e-44 -4.1330e-45 -6.1093e-46
-1.9373e-04 -1.9082e-04 -1.8601e-04 -1.7935e-04 2.5095e-03 -1.6098e-04 -1.4964e-04 -1.3719e-04 -1.2397e-04 -1.1033e-04 -9.6633e-05 -8.3251e-05 -7.0508e-05 -5.8677e-05 -4.7961e-05 -3.8490e-05 -3.0320e-05 -2.3438e-05 -1.7775e-05 -1.3224e-05 -9.6487e-06 -6.9041e-06 -4.8442e-06 -3.3327e-06 -2.2479e-06 -1.4865e-06 -9.6367e-07 -6.1243e-07 -3.8153e-07 -2.3300e-07 -1.3948e-07 -8.1843e-08 -4.7075e-08 -2.6541e-08 -1.4667e-08 -7.9453e-09 -4.2187e-09 -2.1956e-09 -1.1201e-09 -5.6009e-10 -2.7452e-10 -1.3189e-10 -6.2106e-11 -2.8667e-11 -1.2970e-11 -5.7519e-12 -2.5003e-12 -1.0653e-12 -4.4492e-13 -1.8214e-13 -7.3086e-14 -2.8746e-14 -1.1082e-14 -4.1879e-15 -1.5513e-15 -5.6323e-16 -2.0045e-16 -6.9924e-17 -2.3909e-17 -8.0136e-18 -2.6327e-18 -8.4781e-19 -2.6761e-19 -8.2800e-20 -2.5111e-20 -7.4649e-21 -2.1752e-21 -6.2129e-22 -1.7394e-22 -4.7734e-23 -1.2840e-23 -3.3856e-24 -8.7502e-25 -2.2167e-25 -5.5047e-26 -1.3399e-26 -3.1968e-27 -7.4763e-28 -1.7139e-28 -3.8511e-29 -8.4823e-30 -1.8313e-30 -3.8754e-31 -8.0390e-32 -1.6346e-32 -3.2578e-33 -6.3645e-34 -1.2188e-34 -2.2877e-35 -4.2091e-36 -7.5911e-37 -1.3420e-37 -2.3254e-38 -3.9497e-39 -6.5758e-40 -1.0731e-40 -1.7167e-41 -2.6917e-42 -4.1371e-43 -6.2328e-44 1.9276e-04 1.8707e-04 1.7794e-04 1.6590e-04 0.0000e+00 1.3579e-04 1.1920e-04 1.0255e-04 8.6462e-05 7.1433e-05 5.7829e-05 4.5869e-05 3.5643e-05 2.7132e-05 2.0230e-05 1.4772e-05 1.0562e-05 7.3931e-06 5.0655e-06 3.3964e-06 2.2279e-06 1.4292e-06 8.9638e-07 5.4937e-07 3.2883e-07 1.9211e-07 1.0945e-07 6.0749e-08 3.2805e-08 1.7206e-08 8.7442e-09 4.2920e-09 2.0250e-09 9.1164e-10 3.8686e-10 1.5126e-10 5.1823e-11 1.3318e-11 3.7981e-13 -2.7647e-12 -2.6893e-12 -1.8827e-12 -1.1430e-12 -6.3663e-13 -3.3352e-13 -1.6650e-13 -7.9827e-14 -3.6939e-14 -1.6553e-14 -7.2010e-15 -3.0465e-15 -1.2551e-15 -5.0403e-16 -1.9748e-16 -7.5537e-17 -2.8222e-17 -1.0304e-17 -3.6777e-18 -1.2836e-18 -4.3821e-19 -1.4636e-19 -4.7838e-20 -1.5302e-20 -4.7915e-21 -1.4688e-21 -4.4084e-22 -1.2956e-22 -3.7288e-23 -1.0510e-23 -2.9016e-24 -7.8462e-25 -2.0783e-25 -5.3928e-26 -1.3709e-26 -3.4140e-27 -8.3298e-28 -1.9913e-28 -4.6641e-29 -1.0704e-29 -2.4072e-30 -5.3043e-31 -1.1453e-31 -2.4234e-32 -5.0249e-33 -1.0210e-33 -2.0331e-34 -3.9674e-35 -7.5872e-36 -1.4220e-36 -2.6118e-37 -4.7015e-38 -8.2944e-39 -1.4341e-39 -2.4302e-40 -4.0361e-41 -6.5698e-42 -1.0481e-42 -1.6388e-43 -2.5115e-44 -3.7724e-45
-1.7393e-04 -1.7243e-04 -1.6984e-04 -1.6606e-04 -1.6098e-04 3.6135e-03 -1.4668e-04 -1.3749e-04 -1.2712e-04 -1.1580e-04 -1.0384e-04 -9.1575e-05 -7.9378e-05 -6.7588e-05 -5.6506e-05 -4.6367e-05 -3.7333e-05 -2.9487e-05 -2.2843e-05 -1.7353e-05 -1.2926e-05 -9.4408e-06 -6.7598e-06 -4.7450e-06 -3.2650e-06 -2.2023e-06 -1.4562e-06 -9.4379e-07 -5.9959e-07 -3.7337e-07 -2.2790e-07 -1.3635e-07 -7.9964e-08 -4.5965e-08 -2.5898e-08 -1.4303e-08 -7.7427e-09 -4.1083e-09 -2.1367e-09 -1.0893e-09 -5.4431e-10 -2.6660e-10 -1.2800e-10 -6.0233e-11 -2.7784e-11 -1.2562e-11 -5.5673e-12 -2.4185e-12 -1.0298e-12 -4.2983e-13 -1.7585e-13 -7.0520e-14 -2.7720e-14 -1.0681e-14 -4.0338e-15 -1.4933e-15 -5.4189e-16 -1.9274e-16 -6.7201e-17 -2.2966e-17 -7.6935e-18 -2.5262e-18 -8.1311e-19 -2.5653e-19 -7.9333e-20 -2.4048e-20 -7.1456e-21 -2.0812e-21 -5.9416e-22 -1.6627e-22 -4.5610e-23 -1.2263e-23 -3.2321e-24 -8.3500e-25 -2.1145e-25 -5.2486e-26 -1.2771e-26 -3.0457e-27 -7.1202e-28 -1.6316e-28 -3.6649e-29 -8.0692e-30 -1.7415e-30 -3.6841e-31 -7.6393e-32 -1.5528e-32 -3.0937e-33 -6.0419e-34 -1.1566e-34 -2.1703e-35 -3.9919e-36 -7.1971e-37 -1.2719e-37 -2.2033e-38 -3.7412e-39 -6.2269e-40 -1.0159e-40 -1.6246e-41 -2.5467e-42 -3.9131e-43 1.7268e-04 1.6758e-04 1.5940e-04 1.4861e-04 1.3579e-04 0.0000e+00 1.0671e-04 9.1760e-05 7.7306e-05 6.3802e-05 5.1576e-05 4.0829e-05 3.1646e-05 2.4009e-05 1.7824e-05 1.2944e-05 9.1916e-06 6.3789e-06 4.3239e-06 2.8605e-06 1.8453e-06 1.1594e-06 7.0843e-07 4.2010e-07 2.4111e-07 1.3340e-07 7.0736e-08 3.5608e-08 1.6739e-08 7.1083e-09 2.5067e-09 5.0703e-10 -2.3012e-10 -4.0707e-10 -3.6971e-10 -2.7446e-10 -1.8308e-10 -1.1374e-10 -6.6988e-11 -3.7770e-11 -2.0513e-11 -1.0775e-11 -5.4897e-12 -2.7183e-12 -1.3101e-12 -6.1537e-13 -2.8193e-13 -1.2608e-13 -5.5070e-14 -2.3504e-14 -9.8066e-15 -4.0010e-15 -1.5967e-15 -6.2345e-16 -2.3822e-16 -8.9087e-17 -3.2614e-17 -1.1689e-17 -4.1023e-18 -1.4098e-18 -4.7450e-19 -1.5642e-19 -5.0504e-20 -1.5974e-20 -4.9492e-21 -1.5023e-21 -4.4674e-22 -1.3016e-22 -3.7157e-23 -1.0393e-23 -2.8485e-24 -7.6501e-25 -2.0132e-25 -5.1919e-26 -1.3121e-26 -3.2495e-27 -7.8865e-28 -1.8758e-28 -4.3725e-29 -9.9888e-30 -2.2364e-30 -4.9072e-31 -1.0553e-31 -2.2243e-32 -4.5948e-33 -9.3029e-34 -1.8460e-34 -3.5904e-35 -6.8444e-36 -1.2788e-36 -2.3419e-37 -4.2036e-38 -7.3954e-39 -1.2753e-39 -2.1554e-40 -3.5708e-41 -5.7982e-42 -9.2285e-43 -1.4397e-43 -2.2015e-44
-1.5312e-04 -1.5295e-04 -1.5249e-04 -1.5148e-04 -1.4964e-04 -1.4668e-04 4.9180e-03 -1.3657e-04 -1.2927e-04 -1.2055e-04 -1.1063e-04 -9.9826e-05 -8.8497e-05 -7.7034e-05 -6.5813e-05 -5.5166e-05 -4.5357e-05 -3.6572e-05 -2.8915e-05 -2.2414e-05 -1.7033e-05 -1.2689e-05 -9.2668e-06 -6.6336e-06 -4.6547e-06 -3.2015e-06 -2.1583e-06 -1.4262e-06 -9.2380e-07 -5.8651e-07 -3.6498e-07 -2.2263e-07 -1.3311e-07 -7.8005e-08 -4.4808e-08 -2.5229e-08 -1.3924e-08 -7.5324e-09 -3.9941e-09 -2.0759e-09 -1.0576e-09 -5.2816e-10 -2.5853e-10 -1.2404e-10 -5.8339e-11 -2.6894e-11 -1.2153e-11 -5.3830e-12 -2.3371e-12 -9.9464e-13 -4.1493e-13 -1.6967e-13 -6.8005e-14 -2.6718e-14 -1.0290e-14 -3.8843e-15 -1.4373e-15 -5.2132e-16 -1.8535e-16 -6.4594e-17 -2.2066e-17 -7.3887e-18 -2.4252e-18 -7.8026e-19 -2.4607e-19 -7.6068e-20 -2.3050e-20 -6.8464e-21 -1.9933e-21 -5.6887e-22 -1.5914e-22 -4.3638e-23 -1.1729e-23 -3.0903e-24 -7.9810e-25 -2.0204e-25 -5.0135e-26 -1.2195e-26 -2.9075e-27 -6.7951e-28 -1.5566e-28 -3.4955e-29 -7.6941e-30 -1.6601e-30 -3.5109e-31 -7.2782e-32 -1.4790e-32 -2.9459e-33 -5.7518e-34 -1.1008e-34 -2.0651e-35 -3.7974e-36 -6.8449e-37 -1.2094e-37 -2.0945e-38 -3.5557e-39 -5.9168e-40 -9.6510e-41 -1.5431e-41 -2.4183e-42 1.5163e-04 1.4715e-04 1.3996e-04 1.3048e-04 1.1920e-04 1.0671e-04 0.0000e+00 8.0413e-05 6.7661e-05 5.5742e-05 4.4947e-05 3.5460e-05 2.7359e-05 2.0632e-05 1.5196e-05 1.0923e-05 7.6538e-06 5.2209e-06 3.4605e-06 2.2233e-06 1.3798e-06 8.2289e-07 4.6790e-07 2.5028e-07 1.2277e-07 5.2085e-08 1.5688e-08 -1.0709e-09 -7.2980e-09 -8.3726e-09 -7.2859e-09 -5.5738e-09 -3.9350e-09 -2.6211e-09 -1.6671e-09 -1.0197e-09 -6.0261e-10 -3.4519e-10 -1.9209e-10 -1.0402e-10 -5.4884e-11 -2.8243e-11 -1.4186e-11 -6.9591e-12 -3.3359e-12 -1.5633e-12 -7.1638e-13 -3.2114e-13 -1.4085e-13 -6.0461e-14 -2.5403e-14 -1.0449e-14 -4.2081e-15 -1.6595e-15 -6.4094e-16 -2.4244e-16 -8.9828e-17 -3.2602e-17 -1.1591e-17 -4.0375e-18 -1.3779e-18 -4.6070e-19 -1.5093e-19 -4.8451e-20 -1.5240e-20 -4.6976e-21 -1.4189e-21 -4.2001e-22 -1.2183e-22 -3.4635e-23 -9.6493e-24 -2.6346e-24 -7.0502e-25 -1.8490e-25 -4.7526e-26 -1.1973e-26 -2.9562e-27 -7.1542e-28 -1.6969e-28 -3.9450e-29 -8.9891e-30 -2.0076e-30 -4.3948e-31 -9.4297e-32 -1.9831e-32 -4.0880e-33 -8.2599e-34 -1.6359e-34 -3.1756e-35 -6.0425e-36 -1.1270e-36 -2.0603e-37 -3.6919e-38 -6.4847e-39 -1.1165e-39 -1.8842e-40 -3.1169e-41 -5.0539e-42 -8.0327e-43 -1.2515e-43
-1.3219e-04 -1.3319e-04 -1.3461e-04 -1.3608e-04 -1.3719e-04 -1.3749e-04 -1.3657e-04 6.4230e-03 -1.2995e-04 -1.2402e-04 -1.1642e-04 -1.0740e-04 -9.7302e-05 -8.6517e-05 -7.5473e-05 -6.4576e-05 -5.4181e-05 -4.4571e-05 -3.5946e-05 -2.8419e-05 -2.2024e-05 -1.6731e-05 -1.2458e-05 -9.0929e-06 -6.5051e-06 -4.5616e-06 -3.1353e-06 -2.1122e-06 -1.3948e-06 -9.0282e-07 -5.7279e-07 -3.5620e-07 -2.1712e-07 -1.2973e-07 -7.5976e-08 -4.3615e-08 -2.4542e-08 -1.3536e-08 -7.3183e-09 -3.8783e-09 -2.0146e-09 -1.0258e-09 -5.1199e-10 -2.5049e-10 -1.2012e-10 -5.6466e-11 -2.6018e-11 -1.1752e-11 -5.2027e-12 -2.2579e-12 -9.6047e-13 -4.0050e-13 -1.6370e-13 -6.5586e-14 -2.5757e-14 -9.9156e-15 -3.7417e-15 -1.3840e-15 -5.0181e-16 -1.7835e-16 -6.2132e-17 -2.1217e-17 -7.1022e-18 -2.3304e-18 -7.4952e-19 -2.3630e-19 -7.3026e-20 -2.2121e-20 -6.5687e-21 -1.9119e-21 -5.4548e-22 -1.5255e-22 -4.1821e-23 -1.1238e-23 -2.9601e-24 -7.6428e-25 -1.9343e-25 -4.7987e-26 -1.1669e-26 -2.7816e-27 -6.4993e-28 -1.4886e-28 -3.3419e-29 -7.3542e-30 -1.5864e-30 -3.3544e-31 -6.9524e-32 -1.4125e-32 -2.8129e-33 -5.4911e-34 -1.0507e-34 -1.9707e-35 -3.6232e-36 -6.5297e-37 -1.1535e-37 -1.9973e-38 -3.3902e-39 -5.6404e-40 -9.1987e-41 -1.4705e-41 1.3051e-04 1.2665e-04 1.2046e-04 1.1228e-04 1.0255e-04 9.1760e-05 8.0413e-05 0.0000e+00 5.7939e-05 4.7594e-05 3.8221e-05 2.9983e-05 2.2955e-05 1.7131e-05 1.2441e-05 8.7746e-06 5.9924e-06 3.9461e-06 2.4900e-06 1.4903e-06 8.3096e-07 4.1591e-07 1.6932e-07 3.3812e-08 -3.2110e-08 -5.7145e-08 -6.0163e-08 -5.2882e-08 -4.2080e-08 -3.1304e-08 -2.2125e-08 -1.4993e-08 -9.7986e-09 -6.1992e-09 -3.8070e-09 -2.2737e-09 -1.3226e-09 -7.5016e-10 -4.1522e-10 -2.2443e-10 -1.1853e-10 -6.1198e-11 -3.0897e-11 -1.5259e-11 -7.3740e-12 -3.4874e-12 -1.6145e-12 -7.3174e-13 -3.2474e-13 -1.4113e-13 -6.0070e-14 -2.5043e-14 -1.0227e-14 -4.0913e-15 -1.6035e-15 -6.1572e-16 -2.3165e-16 -8.5395e-17 -3.0846e-17 -1.0918e-17 -3.7871e-18 -1.2873e-18 -4.2880e-19 -1.3998e-19 -4.4785e-20 -1.4042e-20 -4.3153e-21 -1.2997e-21 -3.8365e-22 -1.1100e-22 -3.1475e-23 -8.7481e-24 -2.3831e-24 -6.3632e-25 -1.6653e-25 -4.2719e-26 -1.0741e-26 -2.6472e-27 -6.3948e-28 -1.5142e-28 -3.5143e-29 -7.9951e-30 -1.7829e-30 -3.8971e-31 -8.3498e-32 -1.7536e-32 -3.6101e-33 -7.2848e-34 -1.4409e-34 -2.7938e-35 -5.3098e-36 -9.8920e-37 -1.8064e-37 -3.2336e-38 -5.6738e-39 -9.7588e-40 -1.6453e-40 -2.7191e-41 -4.4050e-42 -6.9950e-43
-1.1190e-04 -1.1385e-04 -1.1680e-04 -1.2035e-04 -1.2397e-04 -1.2712e-04 -1.2927e-04 -1.2995e-04 8.1283e-03 -1.2576e-04 -1.2068e-04 -1.1374e-04 -1.0523e-04 -9.5514e-05 -8.5029e-05 -7.4224e-05 -6.3522e-05 -5.3294e-05 -4.3830e-05 -3.5333e-05 -2.7920e-05 -2.1624e-05 -1.6416e-05 -1.2216e-05 -8.9096e-06 -6.3695e-06 -4.4633e-06 -3.0656e-06 -2.0639e-06 -1.3620e-06 -8.8099e-07 -5.5858e-07 -3.4715e-07 -2.1148e-07 -1.2628e-07 -7.3915e-08 -4.2408e-08 -2.3850e-08 -1.3148e-08 -7.1047e-09 -3.7633e-09 -1.9539e-09 -9.9444e-10 -4.9611e-10 -2.4261e-10 -1.1630e-10 -5.4645e-11 -2.5169e-11 -1.1363e-11 -5.0289e-12 -2.1816e-12 -9.2771e-13 -3.8670e-13 -1.5800e-13 -6.3283e-14 -2.4845e-14 -9.5613e-15 -3.6069e-15 -1.3337e-15 -4.8344e-16 -1.7177e-16 -5.9823e-17 -2.0423e-17 -6.8347e-18 -2.2420e-18 -7.2091e-19 -2.2723e-19 -7.0204e-20 -2.1262e-20 -6.3119e-21 -1.8368e-21 -5.2393e-22 -1.4649e-22 -4.0151e-23 -1.0787e-23 -2.8407e-24 -7.3331e-25 -1.8556e-25 -4.6025e-26 -1.1190e-26 -2.6669e-27 -6.2301e-28 -1.4267e-28 -3.2024e-29 -7.0461e-30 -1.5197e-30 -3.2128e-31 -6.6578e-32 -1.3524e-32 -2.6929e-33 -5.2560e-34 -1.0056e-34 -1.8858e-35 -3.4666e-36 -6.2466e-37 -1.1033e-37 -1.9102e-38 -3.2419e-39 -5.3930e-40 -8.7941e-41 1.1011e-04 1.0685e-04 1.0162e-04 9.4703e-05 8.6462e-05 7.7306e-05 6.7661e-05 5.7939e-05 0.0000e+00 3.9668e-05 3.1652e-05 2.4606e-05 1.8600e-05 1.3635e-05 9.6573e-06 6.5714e-06 4.2586e-06 2.5888e-06 1.4333e-06 6.7267e-07 2.0294e-07 -6.2231e-08 -1.9096e-07 -2.3441e-07 -2.2911e-07 -1.9969e-07 -1.6165e-07 -1.2390e-07 -9.0889e-08 -6.4224e-08 -4.3904e-08 -2.9120e-08 -1.8779e-08 -1.1793e-08 -7.2210e-09 -4.3146e-09 -2.5176e-09 -1.4354e-09 -8.0010e-10 -4.3614e-10 -2.3258e-10 -1.2136e-10 -6.1984e-11 -3.0991e-11 -1.5171e-11 -7.2727e-12 -3.4144e-12 -1.5700e-12 -7.0720e-13 -3.1205e-13 -1.3490e-13 -5.7136e-14 -2.3711e-14 -9.6415e-15 -3.8417e-15 -1.5000e-15 -5.7396e-16 -2.1523e-16 -7.9093e-17 -2.8486e-17 -1.0055e-17 -3.4784e-18 -1.1794e-18 -3.9193e-19 -1.2766e-19 -4.0754e-20 -1.2752e-20 -3.9112e-21 -1.1758e-21 -3.4647e-22 -1.0007e-22 -2.8330e-23 -7.8617e-24 -2.1384e-24 -5.7016e-25 -1.4901e-25 -3.8174e-26 -9.5862e-27 -2.3596e-27 -5.6934e-28 -1.3466e-28 -3.1219e-29 -7.0949e-30 -1.5805e-30 -3.4513e-31 -7.3876e-32 -1.5501e-32 -3.1883e-33 -6.4281e-34 -1.2704e-34 -2.4612e-35 -4.6739e-36 -8.7007e-37 -1.5877e-37 -2.8400e-38 -4.9797e-39 -8.5592e-40 -1.4421e-40 -2.3818e-41 -3.8561e-42
-9.2882e-05 -9.5522e-05 -9.9614e-05 -1.0473e-04 -1.1033e-04 -1.1580e-04 -1.2055e-04 -1.2402e-04 -1.2576e-04 1.0034e-02 -1.2299e-04 -1.1837e-04 -1.1177e-04 -1.0351e-04 -9.3998e-05 -8.3684e-05 -7.3034e-05 -6.2479e-05 -5.2390e-05 -4.3060e-05 -3.4689e-05 -2.7392e-05 -2.1200e-05 -1.6083e-05 -1.1959e-05 -8.7166e-06 -6.2273e-06 -4.3608e-06 -2.9933e-06 -2.0140e-06 -1.3283e-06 -8.5868e-07 -5.4413e-07 -3.3799e-07 -2.0579e-07 -1.2282e-07 -7.1857e-08 -4.1208e-08 -2.3165e-08 -1.2764e-08 -6.8946e-09 -3.6505e-09 -1.8946e-09 -9.6388e-10 -4.8068e-10 -2.3498e-10 -1.1260e-10 -5.2890e-11 -2.4352e-11 -1.0991e-11 -4.8628e-12 -2.1089e-12 -8.9652e-13 -3.7359e-13 -1.5261e-13 -6.1105e-14 -2.3984e-14 -9.2275e-15 -3.4801e-15 -1.2865e-15 -4.6622e-16 -1.6561e-16 -5.7667e-17 -1.9683e-17 -6.5855e-18 -2.1598e-18 -6.9434e-19 -2.1881e-19 -6.7591e-20 -2.0466e-20 -6.0747e-21 -1.7674e-21 -5.0406e-22 -1.4091e-22 -3.8615e-23 -1.0373e-23 -2.7312e-24 -7.0493e-25 -1.7835e-25 -4.4230e-26 -1.0752e-26 -2.5622e-27 -5.9847e-28 -1.3703e-28 -3.0754e-29 -6.7658e-30 -1.4590e-30 -3.0842e-31 -6.3906e-32 -1.2980e-32 -2.5842e-33 -5.0432e-34 -9.6476e-35 -1.8091e-35 -3.3252e-36 -5.9911e-37 -1.0581e-37 -1.8317e-38 -3.1083e-39 -5.1703e-40 9.1054e-05 8.8358e-05 8.4025e-05 7.8286e-05 7.1433e-05 6.3802e-05 5.5742e-05 4.7594e-05 3.9668e-05 0.0000e+00 2.5461e-05 1.9512e-05 1.4444e-05 1.0268e-05 6.9413e-06 4.3885e-06 2.5086e-06 1.1895e-06 3.1779e-07 -2.1255e-07 -4.9520e-07 -6.0831e-07 -6.1370e-07 -5.5766e-07 -4.7282e-07 -3.8057e-07 -2.9365e-07 -2.1851e-07 -1.5744e-07 -1.1013e-07 -7.4948e-08 -4.9691e-08 -3.2134e-08 -2.0285e-08 -1.2509e-08 -7.5398e-09 -4.4437e-09 -2.5618e-09 -1.4451e-09 -7.9785e-10 -4.3121e-10 -2.2818e-10 -1.1824e-10 -6.0005e-11 -2.9827e-11 -1.4524e-11 -6.9282e-12 -3.2379e-12 -1.4827e-12 -6.6524e-13 -2.9248e-13 -1.2601e-13 -5.3202e-14 -2.2013e-14 -8.9264e-15 -3.5475e-15 -1.3818e-15 -5.2749e-16 -1.9736e-16 -7.2379e-17 -2.6017e-17 -9.1662e-18 -3.1654e-18 -1.0715e-18 -3.5550e-19 -1.1562e-19 -3.6856e-20 -1.1517e-20 -3.5276e-21 -1.0591e-21 -3.1171e-22 -8.9925e-23 -2.5430e-23 -7.0493e-24 -1.9155e-24 -5.1022e-25 -1.3322e-25 -3.4097e-26 -8.5549e-27 -2.1040e-27 -5.0725e-28 -1.1988e-28 -2.7771e-29 -6.3066e-30 -1.4039e-30 -3.0636e-31 -6.5533e-32 -1.3742e-32 -2.8246e-33 -5.6915e-34 -1.1242e-34 -2.1766e-35 -4.1313e-36 -7.6865e-37 -1.4019e-37 -2.5064e-38 -4.3926e-39 -7.5465e-40 -1.2709e-40 -2.0980e-41
-7.5600e-05 -7.8665e-05 -8.3484e-05 -8.9649e-05 -9.6633e-05 -1.0384e-04 -1.1063e-04 -1.1642e-04 -1.2068e-04 -1.2299e-04 1.2140e-02 -1.2091e-04 -1.1648e-04 -1.1003e-04 -1.0190e-04 -9.2505e-05 -8.2315e-05 -7.1795e-05 -6.1378e-05 -5.1431e-05 -4.2241e-05 -3.4005e-05 -2.6833e-05 -2.0753e-05 -1.5734e-05 -1.1692e-05 -8.5165e-06 -6.0807e-06 -4.2557e-06 -2.9196e-06 -1.9633e-06 -1.2942e-06 -8.3625e-07 -5.2967e-07 -3.2886e-07 -2.0015e-07 -1.1940e-07 -6.9827e-08 -4.0028e-08 -2.2493e-08 -1.2390e-08 -6.6900e-09 -3.5409e-09 -1.8372e-09 -9.3436e-10 -4.6582e-10 -2.2765e-10 -1.0905e-10 -5.1211e-11 -2.3573e-11 -1.0637e-11 -4.7048e-12 -2.0399e-12 -8.6697e-13 -3.6120e-13 -1.4751e-13 -5.9052e-14 -2.3173e-14 -8.9138e-15 -3.3611e-15 -1.2423e-15 -4.5011e-16 -1.5986e-16 -5.5654e-17 -1.8993e-17 -6.3535e-18 -2.0834e-18 -6.6967e-19 -2.1100e-19 -6.5169e-20 -1.9730e-20 -5.8554e-21 -1.7034e-21 -4.8573e-22 -1.3577e-22 -3.7201e-23 -9.9916e-24 -2.6305e-24 -6.7887e-25 -1.7173e-25 -4.2585e-26 -1.0351e-26 -2.4663e-27 -5.7601e-28 -1.3187e-28 -2.9594e-29 -6.5099e-30 -1.4037e-30 -2.9670e-31 -6.1471e-32 -1.2484e-32 -2.4853e-33 -4.8498e-34 -9.2767e-35 -1.7394e-35 -3.1968e-36 -5.7593e-37 -1.0171e-37 -1.7606e-38 -2.9874e-39 7.3807e-05 7.1619e-05 6.8099e-05 6.3425e-05 5.7829e-05 5.1576e-05 4.4947e-05 3.8221e-05 3.1652e-05 2.5461e-05 0.0000e+00 1.4849e-05 1.0615e-05 7.1354e-06 4.3833e-06 2.2996e-06 8.0135e-07 -2.0661e-07 -8.2299e-07 -1.1422e-06 -1.2488e-06 -1.2144e-06 -1.0960e-06 -9.3658e-07 -7.6613e-07 -6.0391e-07 -4.6070e-07 -3.4114e-07 -2.4571e-07 -1.7242e-07 -1.1800e-07 -7.8842e-08 -5.1461e-08 -3.2832e-08 -2.0484e-08 -1.2503e-08 -7.4675e-09 -4.3656e-09 -2.4986e-09 -1.4003e-09 -7.6854e-10 -4.1314e-10 -2.1755e-10 -1.1223e-10 -5.6722e-11 -2.8089e-11 -1.3630e-11 -6.4806e-12 -3.0197e-12 -1.3789e-12 -6.1706e-13 -2.7063e-13 -1.1633e-13 -4.9011e-14 -2.0238e-14 -8.1912e-15 -3.2495e-15 -1.2635e-15 -4.8159e-16 -1.7992e-16 -6.5887e-17 -2.3651e-17 -8.3220e-18 -2.8703e-18 -9.7045e-19 -3.2162e-19 -1.0449e-19 -3.3275e-20 -1.0388e-20 -3.1788e-21 -9.5355e-22 -2.8040e-22 -8.0826e-23 -2.2839e-23 -6.3263e-24 -1.7178e-24 -4.5724e-25 -1.1931e-25 -3.0516e-26 -7.6516e-27 -1.8807e-27 -4.5316e-28 -1.0703e-28 -2.4783e-29 -5.6250e-30 -1.2515e-30 -2.7297e-31 -5.8365e-32 -1.2233e-32 -2.5134e-33 -5.0621e-34 -9.9945e-35 -1.9344e-35 -3.6700e-36 -6.8257e-37 -1.2444e-37 -2.2241e-38 -3.8965e-39 -6.6918e-40 -1.1266e-40
-6.0339e-05 -6.3584e-05 -6.8743e-05 -7.5456e-05 -8.3251e-05 -9.1575e-05 -9.9826e-05 -1.0740e-04 -1.1374e-04 -1.1837e-04 -1.2091e-04 1.4446e-02 -1.1905e-04 -1.1468e-04 -1.0829e-04 -1.0023e-04 -9.0934e-05 -8.0860e-05 -7.0475e-05 -6.0206e-05 -5.0413e-05 -4.1377e-05 -3.3287e-05 -2.6249e-05 -2.0290e-05 -1.5373e-05 -1.1418e-05 -8.3123e-06 -5.9319e-06 -4.1496e-06 -2.8454e-06 -1.9126e-06 -1.2602e-06 -8.1396e-07 -5.1535e-07 -3.1985e-07 -1.9459e-07 -1.1605e-07 -6.7844e-08 -3.8879e-08 -2.1841e-08 -1.2027e-08 -6.4921e-09 -3.4352e-09 -1.7819e-09 -9.0601e-10 -4.5157e-10 -2.2063e-10 -1.0567e-10 -4.9610e-11 -2.2832e-11 -1.0300e-11 -4.5549e-12 -1.9745e-12 -8.3905e-13 -3.4950e-13 -1.4271e-13 -5.7119e-14 -2.2411e-14 -8.6193e-15 -3.2495e-15 -1.2009e-15 -4.3505e-16 -1.5449e-16 -5.3777e-17 -1.8350e-17 -6.1375e-18 -2.0123e-18 -6.4674e-19 -2.0375e-19 -6.2923e-20 -1.9048e-20 -5.6523e-21 -1.6441e-21 -4.6878e-22 -1.3102e-22 -3.5896e-23 -9.6401e-24 -2.5377e-24 -6.5486e-25 -1.6564e-25 -4.1071e-26 -9.9823e-27 -2.3782e-27 -5.5540e-28 -1.2714e-28 -2.8530e-29 -6.2754e-30 -1.3531e-30 -2.8597e-31 -5.9244e-32 -1.2031e-32 -2.3949e-33 -4.6731e-34 -8.9381e-35 -1.6758e-35 -3.0797e-36 -5.5480e-37 -9.7970e-38 -1.6958e-38 5.8642e-05 5.6901e-05 5.4095e-05 5.0359e-05 4.5869e-05 4.0829e-05 3.5460e-05 2.9983e-05 2.4606e-05 1.9512e-05 1.4849e-05 0.0000e+00 7.2110e-06 4.3268e-06 2.0616e-06 3.7271e-07 -8.0531e-07 -1.5516e-06 -1.9512e-06 -2.0876e-06 -2.0375e-06 -1.8673e-06 -1.6306e-06 -1.3684e-06 -1.1095e-06 -8.7222e-07 -6.6648e-07 -4.9589e-07 -3.5975e-07 -2.5473e-07 -1.7618e-07 -1.1909e-07 -7.8724e-08 -5.0907e-08 -3.2213e-08 -1.9952e-08 -1.2099e-08 -7.1847e-09 -4.1784e-09 -2.3802e-09 -1.3282e-09 -7.2613e-10 -3.8895e-10 -2.0414e-10 -1.0499e-10 -5.2917e-11 -2.6137e-11 -1.2652e-11 -6.0024e-12 -2.7910e-12 -1.2720e-12 -5.6820e-13 -2.4878e-13 -1.0677e-13 -4.4914e-14 -1.8520e-14 -7.4858e-15 -2.9659e-15 -1.1519e-15 -4.3855e-16 -1.6366e-16 -5.9873e-17 -2.1472e-17 -7.5481e-18 -2.6012e-18 -8.7871e-19 -2.9099e-19 -9.4463e-20 -3.0061e-20 -9.3777e-21 -2.8678e-21 -8.5972e-22 -2.5265e-22 -7.2785e-23 -2.0555e-23 -5.6906e-24 -1.5444e-24 -4.1088e-25 -1.0716e-25 -2.7396e-26 -6.8662e-27 -1.6869e-27 -4.0630e-28 -9.5927e-29 -2.2202e-29 -5.0374e-30 -1.1204e-30 -2.4429e-31 -5.2213e-32 -1.0940e-32 -2.2470e-33 -4.5242e-34 -8.9298e-35 -1.7278e-35 -3.2772e-36 -6.0934e-37 -1.1106e-37 -1.9844e-38 -3.4758e-39 -5.9678e-40
-4.7223e-05 -5.0441e-05 -5.5606e-05 -6.2426e-05 -7.0508e-05 -7.9378e-05 -8.8497e-05 -9.7302e-05 -1.0523e-04 -1.1177e-04 -1.1648e-04 -1.1905e-04 1.6952e-02 -1.1717e-04 -1.1280e-04 -1.0645e-04 -9.8457e-05 -8.9257e-05 -7.9312e-05 -6.9077e-05 -5.8972e-05 -4.9348e-05 -4.0478e-05 -3.2545e-05 -2.5650e-05 -1.9816e-05 -1.5007e-05 -1.1140e-05 -8.1067e-06 -5.7827e-06 -4.0436e-06 -2.7717e-06 -1.8623e-06 -1.2267e-06 -7.9203e-07 -5.0130e-07 -3.1103e-07 -1.8917e-07 -1.1279e-07 -6.5918e-08 -3.7766e-08 -2.1210e-08 -1.1677e-08 -6.3017e-09 -3.3338e-09 -1.7289e-09 -8.7888e-10 -4.3797e-10 -2.1394e-10 -1.0245e-10 -4.8089e-11 -2.2128e-11 -9.9809e-12 -4.4131e-12 -1.9128e-12 -8.1268e-13 -3.3847e-13 -1.3818e-13 -5.5302e-14 -2.1695e-14 -8.3429e-15 -3.1450e-15 -1.1621e-15 -4.2095e-16 -1.4947e-16 -5.2023e-17 -1.7749e-17 -5.9361e-18 -1.9461e-18 -6.2540e-19 -1.9701e-19 -6.0835e-20 -1.8414e-20 -5.4638e-21 -1.5891e-21 -4.5307e-22 -1.2662e-22 -3.4688e-23 -9.3149e-24 -2.4520e-24 -6.3268e-25 -1.6002e-25 -3.9675e-26 -9.6423e-27 -2.2971e-27 -5.3641e-28 -1.2279e-28 -2.7551e-29 -6.0598e-30 -1.3065e-30 -2.7611e-31 -5.7199e-32 -1.1615e-32 -2.3120e-33 -4.5110e-34 -8.6277e-35 -1.6175e-35 -2.9725e-36 -5.3546e-37 -9.4549e-38 4.5670e-05 4.4313e-05 4.2118e-05 3.9185e-05 3.5643e-05 3.1646e-05 2.7359e-05 2.2955e-05 1.8600e-05 1.4444e-05 1.0615e-05 7.2110e-06 0.0000e+00 1.9062e-06 3.8251e-08 -1.3335e-06 -2.2578e-06 -2.7983e-06 -3.0265e-06 -3.0160e-06 -2.8362e-06 -2.5489e-06 -2.2056e-06 -1.8465e-06 -1.5003e-06 -1.1858e-06 -9.1322e-07 -6.8607e-07 -5.0328e-07 -3.6076e-07 -2.5282e-07 -1.7331e-07 -1.1625e-07 -7.6319e-08 -4.9054e-08 -3.0874e-08 -1.9031e-08 -1.1491e-08 -6.7967e-09 -3.9387e-09 -2.2364e-09 -1.2443e-09 -6.7842e-10 -3.6249e-10 -1.8982e-10 -9.7421e-11 -4.9004e-11 -2.4160e-11 -1.1675e-11 -5.5304e-12 -2.5677e-12 -1.1686e-12 -5.2135e-13 -2.2799e-13 -9.7734e-14 -4.1070e-14 -1.6918e-14 -6.8315e-15 -2.7043e-15 -1.0494e-15 -3.9919e-16 -1.4886e-16 -5.4418e-17 -1.9502e-17 -6.8510e-18 -2.3594e-18 -7.9657e-19 -2.6364e-19 -8.5537e-20 -2.7206e-20 -8.4829e-21 -2.5929e-21 -7.7695e-22 -2.2823e-22 -6.5721e-23 -1.8553e-23 -5.1343e-24 -1.3929e-24 -3.7043e-25 -9.6575e-26 -2.4683e-26 -6.1841e-27 -1.5189e-27 -3.6571e-28 -8.6319e-29 -1.9973e-29 -4.5304e-30 -1.0074e-30 -2.1959e-31 -4.6922e-32 -9.8290e-33 -2.0184e-33 -4.0630e-34 -8.0177e-35 -1.5510e-35 -2.9412e-36 -5.4676e-37 -9.9639e-38 -1.7800e-38 -3.1171e-39
-3.6239e-05 -3.9270e-05 -4.4178e-05 -5.0747e-05 -5.8677e-05 -6.7588e-05 -7.7034e-05 -8.6517e-05 -9.5514e-05 -1.0351e-04 -1.1003e-04 -1.1468e-04 -1.1717e-04 1.9658e-02 -1.1517e-04 -1.1080e-04 -1.0448e-04 -9.6568e-05 -8.7484e-05 -7.7685e-05 -6.7618e-05 -5.7692e-05 -4.8250e-05 -3.9557e-05 -3.1789e-05 -2.5042e-05 -1.9338e-05 -1.4639e-05 -1.0863e-05 -7.9018e-06 -5.6346e-06 -3.9387e-06 -2.6989e-06 -1.8129e-06 -1.1938e-06 -7.7058e-07 -4.8760e-07 -3.0246e-07 -1.8391e-07 -1.0963e-07 -6.4057e-08 -3.6692e-08 -2.0603e-08 -1.1341e-08 -6.1191e-09 -3.2366e-09 -1.6782e-09 -8.5299e-10 -4.2500e-10 -2.0758e-10 -9.9386e-11 -4.6646e-11 -2.1461e-11 -9.6788e-12 -4.2790e-12 -1.8544e-12 -7.8781e-13 -3.2807e-13 -1.3393e-13 -5.3592e-14 -2.1022e-14 -8.0834e-15 -3.0469e-15 -1.1258e-15 -4.0774e-16 -1.4476e-16 -5.0382e-17 -1.7188e-17 -5.7481e-18 -1.8843e-18 -6.0550e-19 -1.9073e-19 -5.8891e-20 -1.7825e-20 -5.2885e-21 -1.5381e-21 -4.3848e-22 -1.2254e-22 -3.3567e-23 -9.0134e-24 -2.3725e-24 -6.1213e-25 -1.5482e-25 -3.8382e-26 -9.3276e-27 -2.2220e-27 -5.1886e-28 -1.1876e-28 -2.6647e-29 -5.8607e-30 -1.2635e-30 -2.6701e-31 -5.5312e-32 -1.1232e-32 -2.2356e-33 -4.3617e-34 -8.3419e-35 -1.5639e-35 -2.8738e-36 -5.1766e-37 3.4864e-05 3.3825e-05 3.2141e-05 2.9880e-05 2.7132e-05 2.4009e-05 2.0632e-05 1.7131e-05 1.3635e-05 1.0268e-05 7.1354e-06 4.3268e-06 1.9062e-06 0.0000e+00 -1.6441e-06 -2.7741e-06 -3.5108e-06 -3.9029e-06 -4.0091e-06 -3.8926e-06 -3.6159e-06 -3.2366e-06 -2.8046e-06 -2.3598e-06 -1.9323e-06 -1.5422e-06 -1.2011e-06 -9.1370e-07 -6.7933e-07 -4.9392e-07 -3.5133e-07 -2.4458e-07 -1.6667e-07 -1.1122e-07 -7.2682e-08 -4.6524e-08 -2.9174e-08 -1.7924e-08 -1.0790e-08 -6.3645e-09 -3.6791e-09 -2.0842e-09 -1.1572e-09 -6.2974e-10 -3.3588e-10 -1.7560e-10 -8.9986e-11 -4.5201e-11 -2.2256e-11 -1.0742e-11 -5.0825e-12 -2.3573e-12 -1.0718e-12 -4.7769e-13 -2.0872e-13 -8.9398e-14 -3.7538e-14 -1.5452e-14 -6.2351e-15 -2.4666e-15 -9.5655e-16 -3.6366e-16 -1.3554e-16 -4.9521e-17 -1.7738e-17 -6.2284e-18 -2.1440e-18 -7.2353e-19 -2.3936e-19 -7.7631e-20 -2.4682e-20 -7.6931e-21 -2.3507e-21 -7.0413e-22 -2.0677e-22 -5.9525e-23 -1.6799e-23 -4.6475e-24 -1.2605e-24 -3.3513e-25 -8.7351e-26 -2.2320e-26 -5.5908e-27 -1.3729e-27 -3.3048e-28 -7.7987e-29 -1.8041e-29 -4.0915e-30 -9.0960e-31 -1.9824e-31 -4.2353e-32 -8.8704e-33 -1.8212e-33 -3.6656e-34 -7.2323e-35 -1.3989e-35 -2.6523e-36 -4.9299e-37 -8.9828e-38 -1.6045e-38
-2.7270e-05 -3.0003e-05 -3.4468e-05 -4.0523e-05 -4.7961e-05 -5.6506e-05 -6.5813e-05 -7.5473e-05 -8.5029e-05 -9.3998e-05 -1.0190e-04 -1.0829e-04 -1.1280e-04 -1.1517e-04 2.2564e-02 -1.1304e-04 -1.0868e-04 -1.0241e-04 -9.4587e-05 -8.5637e-05 -7.6002e-05 -6.6118e-05 -5.6384e-05 -4.7134e-05 -3.8625e-05 -3.1027e-05 -2.4433e-05 -1.8861e-05 -1.4273e-05 -1.0588e-05 -7.6995e-06 -5.4887e-06 -3.8357e-06 -2.6277e-06 -1.7646e-06 -1.1617e-06 -7.4973e-07 -4.7431e-07 -2.9415e-07 -1.7883e-07 -1.0658e-07 -6.2266e-08 -3.5660e-08 -2.0020e-08 -1.1018e-08 -5.9444e-09 -3.1438e-09 -1.6299e-09 -8.2832e-10 -4.1266e-10 -2.0153e-10 -9.6479e-11 -4.5277e-11 -2.0829e-11 -9.3929e-12 -4.1522e-12 -1.7993e-12 -7.6433e-13 -3.1827e-13 -1.2991e-13 -5.1982e-14 -2.0389e-14 -7.8395e-15 -2.9547e-15 -1.0916e-15 -3.9536e-16 -1.4036e-16 -4.8846e-17 -1.6663e-17 -5.5721e-18 -1.8265e-18 -5.8690e-19 -1.8486e-19 -5.7077e-20 -1.7275e-20 -5.1250e-21 -1.4905e-21 -4.2489e-22 -1.1873e-22 -3.2523e-23 -8.7328e-24 -2.2985e-24 -5.9303e-25 -1.4998e-25 -3.7182e-26 -9.0356e-27 -2.1524e-27 -5.0258e-28 -1.1503e-28 -2.5809e-29 -5.6763e-30 -1.2237e-30 -2.5859e-31 -5.3567e-32 -1.0877e-32 -2.1649e-33 -4.2237e-34 -8.0777e-35 -1.5143e-35 -2.7826e-36 2.6087e-05 2.5308e-05 2.4040e-05 2.2327e-05 2.0230e-05 1.7824e-05 1.5196e-05 1.2441e-05 9.6573e-06 6.9413e-06 4.3833e-06 2.0616e-06 3.8251e-08 -1.6441e-06 0.0000e+00 -3.9196e-06 -4.5300e-06 -4.8289e-06 -4.8623e-06 -4.6829e-06 -4.3459e-06 -3.9046e-06 -3.4070e-06 -2.8934e-06 -2.3955e-06 -1.9357e-06 -1.5279e-06 -1.1789e-06 -8.8972e-07 -6.5699e-07 -4.7485e-07 -3.3602e-07 -2.3285e-07 -1.5805e-07 -1.0508e-07 -6.8452e-08 -4.3691e-08 -2.7326e-08 -1.6749e-08 -1.0061e-08 -5.9231e-09 -3.4179e-09 -1.9331e-09 -1.0717e-09 -5.8239e-10 -3.1024e-10 -1.6200e-10 -8.2926e-11 -4.1613e-11 -2.0470e-11 -9.8714e-12 -4.6667e-12 -2.1628e-12 -9.8262e-13 -4.3766e-13 -1.9110e-13 -8.1806e-14 -3.4330e-14 -1.4124e-14 -5.6965e-15 -2.2524e-15 -8.7311e-16 -3.3180e-16 -1.2361e-16 -4.5147e-17 -1.6165e-17 -5.6742e-18 -1.9526e-18 -6.5873e-19 -2.1786e-19 -7.0637e-20 -2.2452e-20 -6.9963e-21 -2.1372e-21 -6.4005e-22 -1.8791e-22 -5.4083e-23 -1.5260e-23 -4.2209e-24 -1.1446e-24 -3.0426e-25 -7.9290e-26 -2.0256e-26 -5.0731e-27 -1.2455e-27 -2.9979e-28 -7.0734e-29 -1.6361e-29 -3.7099e-30 -8.2467e-31 -1.7971e-31 -3.8389e-32 -8.0392e-33 -1.6504e-33 -3.3213e-34 -6.5525e-35 -1.2672e-35 -2.4025e-36 -4.4652e-37 -8.1352e-38
-2.0121e-05 -2.2494e-05 -2.6405e-05 -3.1777e-05 -3.8490e-05 -4.6367e-05 -5.5166e-05 -6.4576e-05 -7.4224e-05 -8.3684e-05 -9.2505e-05 -1.0023e-04 -1.0645e-04 -1.1080e-04 -1.1304e-04 2.5669e-02 -1.1080e-04 -1.0645e-04 -1.0025e-04 -9.2540e-05 -8.3741e-05 -7.4284e-05 -6.4595e-05 -5.5063e-05 -4.6012e-05 -3.7692e-05 -3.0268e-05 -2.3828e-05 -1.8388e-05 -1.3911e-05 -1.0317e-05 -7.5008e-06 -5.3459e-06 -3.7351e-06 -2.5583e-06 -1.7177e-06 -1.1306e-06 -7.2953e-07 -4.6146e-07 -2.8614e-07 -1.7394e-07 -1.0365e-07 -6.0545e-08 -3.4671e-08 -1.9463e-08 -1.0710e-08 -5.7775e-09 -3.0552e-09 -1.5838e-09 -8.0483e-10 -4.0092e-10 -1.9578e-10 -9.3720e-11 -4.3978e-11 -2.0230e-11 -9.1222e-12 -4.0323e-12 -1.7472e-12 -7.4215e-13 -3.0902e-13 -1.2613e-13 -5.0465e-14 -1.9793e-14 -7.6099e-15 -2.8680e-15 -1.0596e-15 -3.8373e-16 -1.3622e-16 -4.7404e-17 -1.6171e-17 -5.4072e-18 -1.7724e-18 -5.6949e-19 -1.7937e-19 -5.5379e-20 -1.6760e-20 -4.9723e-21 -1.4460e-21 -4.1220e-22 -1.1518e-22 -3.1550e-23 -8.4712e-24 -2.2296e-24 -5.7523e-25 -1.4548e-25 -3.6064e-26 -8.7637e-27 -2.0875e-27 -4.8743e-28 -1.1156e-28 -2.5030e-29 -5.5048e-30 -1.1867e-30 -2.5077e-31 -5.1945e-32 -1.0547e-32 -2.0993e-33 -4.0956e-34 -7.8326e-35 -1.4683e-35 1.9133e-05 1.8560e-05 1.7623e-05 1.6347e-05 1.4772e-05 1.2944e-05 1.0923e-05 8.7746e-06 6.5714e-06 4.3885e-06 2.2996e-06 3.7271e-07 -1.3335e-06 -2.7741e-06 -3.9196e-06 0.0000e+00 -5.2945e-06 -5.5493e-06 -5.5554e-06 -5.3552e-06 -4.9958e-06 -4.5253e-06 -3.9895e-06 -3.4286e-06 -2.8760e-06 -2.3568e-06 -1.8881e-06 -1.4796e-06 -1.1346e-06 -8.5165e-07 -6.2594e-07 -4.5056e-07 -3.1769e-07 -2.1945e-07 -1.4852e-07 -9.8501e-08 -6.4018e-08 -4.0777e-08 -2.5456e-08 -1.5576e-08 -9.3422e-09 -5.4924e-09 -3.1652e-09 -1.7881e-09 -9.9025e-10 -5.3759e-10 -2.8611e-10 -1.4927e-10 -7.6352e-11 -3.8285e-11 -1.8820e-11 -9.0701e-12 -4.2853e-12 -1.9849e-12 -9.0135e-13 -4.0127e-13 -1.7513e-13 -7.4937e-14 -3.1435e-14 -1.2928e-14 -5.2123e-15 -2.0602e-15 -7.9836e-16 -3.0330e-16 -1.1296e-16 -4.1246e-17 -1.4765e-17 -5.1814e-18 -1.7826e-18 -6.0125e-19 -1.9881e-19 -6.4447e-20 -2.0481e-20 -6.3809e-21 -1.9489e-21 -5.8355e-22 -1.7130e-22 -4.9294e-23 -1.3906e-23 -3.8461e-24 -1.0428e-24 -2.7717e-25 -7.2221e-26 -1.8448e-26 -4.6198e-27 -1.1341e-27 -2.7294e-28 -6.4394e-29 -1.4893e-29 -3.3768e-30 -7.5055e-31 -1.6354e-31 -3.4933e-32 -7.3149e-33 -1.5016e-33 -3.0216e-34 -5.9608e-35 -1.1527e-35 -2.1853e-36 -4.0612e-37
