1.0040e-04 -4.1330e-04 -3.4243e-04 -2.6310e-04 -1.8745e-04 -1.2381e-04 -7.5800e-05 -4.3005e-05 -2.2605e-05 -1.1006e-05 -4.9623e-06 -2.0713e-06 -8.0027e-07 -2.8612e-07 -9.4639e-08 -2.8955e-08 -8.1928e-09 -2.1434e-09 -5.1843e-10 -1.1590e-10 -2.3949e-11 -4.5729e-12 -8.0681e-13 -1.3152e-13 -1.9805e-14 -2.7551e-15 -3.5400e-16 -4.2013e-17 -4.6050e-18 -4.6615e-19 -4.3577e-20 -3.7618e-21 -2.9988e-22 -2.2073e-23 -1.5003e-24 -9.4155e-26 -5.4559e-27 -2.9190e-28 -1.4419e-29 -6.5763e-31 -2.7692e-32 -1.0766e-33 -3.8641e-35 -1.2805e-36 -3.9174e-38 -1.1065e-39 -2.8853e-41 -6.9459e-43 -1.5437e-44 -3.1675e-46 -6.0000e-48 -1.0493e-49 -1.6940e-51 -2.5247e-53 -3.4739e-55 -4.4128e-57 -5.1747e-59 -5.6021e-61 -5.5989e-63 -5.1658e-65 -4.4000e-67 -3.4598e-69 -2.5115e-71 -1.6831e-73 -1.0412e-75 -5.9466e-78 -3.1353e-80 -1.5260e-82 -6.8568e-85 -2.8442e-87 -1.0891e-89 -3.8501e-92 -1.2565e-94 -3.7853e-97 -1.0528e-99 -2.7029e-102 -6.4063e-105 -1.4017e-107 -2.8313e-110 -5.2794e-113 -9.0879e-116 -1.4442e-118 -2.1185e-121 -2.8690e-124 -3.5868e-127 -4.1395e-130 -4.4102e-133 -4.3376e-136 -3.9383e-139 -3.3009e-142 -2.5541e-145 -1.8244e-148 -1.2030e-151 -7.3228e-155 -4.1149e-158 -2.1346e-161 -1.0222e-164 -4.5190e-168 -1.8442e-171 -6.9478e-175 0.0000e+00 -4.1068e-04 -3.3758e-04 -2.5656e-04 -1.8029e-04 -1.1713e-04 -7.0355e-05 -3.9071e-05 -2.0060e-05 -9.5217e-06 -4.1783e-06 -1.6950e-06 -6.3565e-07 -2.2036e-07 -7.0617e-08 -2.0918e-08 -5.7275e-09 -1.4495e-09 -3.3907e-10 -7.3308e-11 -1.4648e-11 -2.7051e-12 -4.6166e-13 -7.2812e-14 -1.0612e-14 -1.4293e-15 -1.7788e-16 -2.0456e-17 -2.1736e-18 -2.1340e-19 -1.9357e-20 -1.6223e-21 -1.2562e-22 -8.9862e-24 -5.9387e-25 -3.6258e-26 -2.0449e-27 -1.0654e-28 -5.1278e-30 -2.2797e-31 -9.3620e-33 -3.5513e-34 -1.2443e-35 -4.0269e-37 -1.2037e-38 -3.3232e-40 -8.4741e-42 -1.9957e-43 -4.3410e-45 -8.7206e-47 -1.6179e-48 -2.7722e-50 -4.3868e-52 -6.4107e-54 -8.6517e-56 -1.0783e-57 -1.2410e-59 -1.3191e-61 -1.2947e-63 -1.1735e-65 -9.8216e-68 -7.5911e-70 -5.4178e-72 -3.5706e-74 -2.1729e-76 -1.2211e-78 -6.3362e-81 -3.0359e-83 -1.3432e-85 -5.4872e-88 -2.0699e-90 -7.2095e-93 -2.3186e-95 -6.8853e-98 -1.8879e-100 -4.7796e-103 -1.1173e-105 -2.4115e-108 -4.8057e-111 -8.8426e-114 -1.5023e-116 -2.3565e-119 -3.4129e-122 -4.5638e-125 -5.6347e-128 -6.4232e-131 -6.7604e-134 -6.5693e-137 -5.8939e-140 -4.8822e-143 -3.7339e-146 -2.6366e-149 -1.7188e-152 -1.0346e-155 -5.7492e-159 -2.9497e-162 -1.3972e-165 -6.1106e-169 -2.4673e-172 -9.1975e-176
-4.1330e-04 4.0155e-04 -3.2336e-04 -2.6017e-04 -1.9606e-04 -1.3813e-04 -9.0798e-05 -5.5590e-05 -3.1647e-05 -1.6731e-05 -8.2042e-06 -3.7280e-06 -1.5686e-06 -6.1077e-07 -2.1997e-07 -7.3250e-08 -2.2547e-08 -6.4135e-09 -1.6856e-09 -4.0926e-10 -9.1788e-11 -1.9014e-11 -3.6378e-12 -6.4276e-13 -1.0488e-13 -1.5803e-14 -2.1988e-15 -2.8250e-16 -3.3515e-17 -3.6713e-18 -3.7135e-19 -3.4681e-20 -2.9906e-21 -2.3811e-22 -1.7504e-23 -1.1881e-24 -7.4453e-26 -4.3079e-27 -2.3013e-28 -1.1350e-29 -5.1687e-31 -2.1731e-32 -8.4351e-34 -3.0229e-35 -1.0002e-36 -3.0553e-38 -8.6167e-40 -2.2436e-41 -5.3933e-43 -1.1969e-44 -2.4525e-46 -4.6392e-48 -8.1018e-50 -1.3063e-51 -1.9444e-53 -2.6719e-55 -3.3898e-57 -3.9704e-59 -4.2932e-61 -4.2857e-63 -3.9497e-65 -3.3605e-67 -2.6396e-69 -1.9141e-71 -1.2814e-73 -7.9192e-76 -4.5183e-78 -2.3799e-80 -1.1573e-82 -5.1952e-85 -2.1531e-87 -8.2375e-90 -2.9095e-92 -9.4871e-95 -2.8558e-97 -7.9361e-100 -2.0360e-102 -4.8219e-105 -1.0543e-107 -2.1279e-110 -3.9651e-113 -6.8207e-116 -1.0831e-118 -1.5879e-121 -2.1490e-124 -2.6848e-127 -3.0966e-130 -3.2971e-133 -3.2409e-136 -2.9408e-139 -2.4635e-142 -1.9051e-145 -1.3600e-148 -8.9629e-152 -5.4530e-155 -3.0626e-158 -1.5879e-161 -7.6004e-165 -3.3583e-168 -1.3699e-171 -4.1068e-04 0.0000e+00 -3.0590e-04 -2.3637e-04 -1.6962e-04 -1.1303e-04 -6.9931e-05 -4.0159e-05 -2.1402e-05 -1.0582e-05 -4.8531e-06 -2.0639e-06 -8.1376e-07 -2.9738e-07 -1.0070e-07 -3.1590e-08 -9.1789e-09 -2.4698e-09 -6.1525e-10 -1.4187e-10 -3.0279e-11 -5.9796e-12 -1.0926e-12 -1.8468e-13 -2.8875e-14 -4.1752e-15 -5.5831e-16 -6.9031e-17 -7.8913e-18 -8.3398e-19 -8.1476e-20 -7.3575e-21 -6.1409e-22 -4.7370e-23 -3.3770e-24 -2.2247e-25 -1.3543e-26 -7.6176e-28 -3.9591e-29 -1.9011e-30 -8.4340e-32 -3.4568e-33 -1.3089e-34 -4.5782e-36 -1.4793e-37 -4.4155e-39 -1.2174e-40 -3.1003e-42 -7.2929e-44 -1.5845e-45 -3.1798e-47 -5.8936e-49 -1.0089e-50 -1.5951e-52 -2.3290e-54 -3.1407e-56 -3.9115e-58 -4.4987e-60 -4.7783e-62 -4.6870e-64 -4.2456e-66 -3.5515e-68 -2.7434e-70 -1.9570e-72 -1.2891e-74 -7.8412e-77 -4.4044e-79 -2.2844e-81 -1.0941e-83 -4.8387e-86 -1.9760e-88 -7.4509e-91 -2.5943e-93 -8.3405e-96 -2.4760e-98 -6.7867e-101 -1.7177e-103 -4.0140e-106 -8.6612e-109 -1.7256e-111 -3.1742e-114 -5.3914e-117 -8.4549e-120 -1.2242e-122 -1.6367e-125 -2.0203e-128 -2.3025e-131 -2.4228e-134 -2.3539e-137 -2.1114e-140 -1.7487e-143 -1.3371e-146 -9.4398e-150 -6.1530e-153 -3.7029e-156 -2.0574e-159 -1.0554e-162 -4.9984e-166 -2.1856e-169 -8.8236e-173
-3.4243e-04 -3.2336e-04 9.0338e-04 -2.5169e-04 -2.0486e-04 -1.5675e-04 -1.1221e-04 -7.4878e-05 -4.6446e-05 -2.6729e-05 -1.4251e-05 -7.0333e-06 -3.2108e-06 -1.3552e-06 -5.2873e-07 -1.9062e-07 -6.3494e-08 -1.9539e-08 -5.5541e-09 -1.4583e-09 -3.5367e-10 -7.9218e-11 -1.6388e-11 -3.1308e-12 -5.5239e-13 -9.0005e-14 -1.3543e-14 -1.8817e-15 -2.4144e-16 -2.8607e-17 -3.1299e-18 -3.1620e-19 -2.9497e-20 -2.5408e-21 -2.0208e-22 -1.4841e-23 -1.0063e-24 -6.3006e-26 -3.6423e-27 -1.9441e-28 -9.5811e-30 -4.3596e-31 -1.8315e-32 -7.1044e-34 -2.5443e-35 -8.4128e-37 -2.5683e-38 -7.2387e-40 -1.8837e-41 -4.5257e-43 -1.0039e-44 -2.0558e-46 -3.8868e-48 -6.7847e-50 -1.0934e-51 -1.6268e-53 -2.2346e-55 -2.8338e-57 -3.3177e-59 -3.5861e-61 -3.5785e-63 -3.2967e-65 -2.8039e-67 -2.2016e-69 -1.5960e-71 -1.0681e-73 -6.5989e-76 -3.7639e-78 -1.9820e-80 -9.6350e-83 -4.3241e-85 -1.7916e-87 -6.8526e-90 -2.4197e-92 -7.8881e-95 -2.3739e-97 -6.5954e-100 -1.6916e-102 -4.0054e-105 -8.7556e-108 -1.7669e-110 -3.2916e-113 -5.6610e-116 -8.9879e-119 -1.3174e-121 -1.7825e-124 -2.2266e-127 -2.5677e-130 -2.7335e-133 -2.6864e-136 -2.4372e-139 -2.0413e-142 -1.5783e-145 -1.1266e-148 -7.4234e-152 -4.5157e-155 -2.5358e-158 -1.3146e-161 -6.2912e-165 -2.7794e-168 -3.3758e-04 -3.0590e-04 0.0000e+00 -2.0596e-04 -1.5286e-04 -1.0601e-04 -6.8635e-05 -4.1455e-05 -2.3338e-05 -1.2236e-05 -5.9698e-06 -2.7084e-06 -1.1418e-06 -4.4706e-07 -1.6246e-07 -5.4769e-08 -1.7121e-08 -4.9612e-09 -1.3320e-09 -3.3127e-10 -7.6293e-11 -1.6267e-11 -3.2102e-12 -5.8626e-13 -9.9060e-14 -1.5484e-14 -2.2387e-15 -2.9933e-16 -3.7011e-17 -4.2311e-18 -4.4720e-19 -4.3694e-20 -3.9463e-21 -3.2942e-22 -2.5416e-23 -1.8122e-24 -1.1940e-25 -7.2701e-27 -4.0902e-28 -2.1262e-29 -1.0211e-30 -4.5311e-32 -1.8575e-33 -7.0345e-35 -2.4610e-36 -7.9535e-38 -2.3744e-39 -6.5475e-41 -1.6677e-42 -3.9237e-44 -8.5264e-46 -1.7113e-47 -3.1724e-49 -5.4315e-51 -8.5885e-53 -1.2542e-54 -1.6916e-56 -2.1070e-58 -2.4237e-60 -2.5747e-62 -2.5258e-64 -2.2883e-66 -1.9144e-68 -1.4790e-70 -1.0551e-72 -6.9512e-75 -4.2287e-77 -2.3755e-79 -1.2323e-81 -5.9024e-84 -2.6106e-86 -1.0662e-88 -4.0208e-91 -1.4001e-93 -4.5018e-96 -1.3365e-98 -3.6638e-101 -9.2736e-104 -2.1673e-106 -4.6770e-109 -9.3187e-112 -1.7144e-114 -2.9120e-117 -4.5671e-120 -6.6135e-123 -8.8424e-126 -1.0916e-128 -1.2441e-131 -1.3092e-134 -1.2721e-137 -1.1411e-140 -9.4514e-144 -7.2275e-147 -5.1028e-150 -3.3263e-153 -2.0019e-156 -1.1124e-159 -5.7065e-163 -2.7028e-166 -1.1819e-169
-2.6310e-04 -2.6017e-04 -2.5169e-04 1.6057e-03 -2.0794e-04 -1.7345e-04 -1.3523e-04 -9.8114e-05 -6.6066e-05 -4.1217e-05 -2.3800e-05 -1.2711e-05 -6.2772e-06 -2.8653e-06 -1.2087e-06 -4.7115e-07 -1.6969e-07 -5.6461e-08 -1.7355e-08 -4.9282e-09 -1.2926e-09 -3.1318e-10 -7.0082e-11 -1.4485e-11 -2.7650e-12 -4.8747e-13 -7.9369e-14 -1.1934e-14 -1.6572e-15 -2.1250e-16 -2.5164e-17 -2.7517e-18 -2.7786e-19 -2.5908e-20 -2.2307e-21 -1.7734e-22 -1.3019e-23 -8.8246e-25 -5.5232e-26 -3.1918e-27 -1.7031e-28 -8.3909e-30 -3.8170e-31 -1.6031e-32 -6.2168e-34 -2.2259e-35 -7.3582e-37 -2.2458e-38 -6.3285e-40 -1.6465e-41 -3.9550e-43 -8.7710e-45 -1.7959e-46 -3.3949e-48 -5.9249e-50 -9.5468e-52 -1.4202e-53 -1.9505e-55 -2.4731e-57 -2.8951e-59 -3.1289e-61 -3.1218e-63 -2.8757e-65 -2.4455e-67 -1.9200e-69 -1.3916e-71 -9.3123e-74 -5.7528e-76 -3.2810e-78 -1.7275e-80 -8.3971e-83 -3.7682e-85 -1.5611e-87 -5.9705e-90 -2.1081e-92 -6.8716e-95 -2.0678e-97 -5.7445e-100 -1.4733e-102 -3.4882e-105 -7.6243e-108 -1.5385e-110 -2.8659e-113 -4.9285e-116 -7.8245e-119 -1.1468e-121 -1.5516e-124 -1.9381e-127 -2.2348e-130 -2.3789e-133 -2.3378e-136 -2.1209e-139 -1.7762e-142 -1.3733e-145 -9.8018e-149 -6.4584e-152 -3.9285e-155 -2.2059e-158 -1.1435e-161 -5.4723e-165 -2.5656e-04 -2.3637e-04 -2.0596e-04 0.0000e+00 -1.3152e-04 -9.6026e-05 -6.5841e-05 -4.2313e-05 -2.5441e-05 -1.4288e-05 -7.4846e-06 -3.6523e-06 -1.6585e-06 -7.0014e-07 -2.7457e-07 -9.9953e-08 -3.3758e-08 -1.0572e-08 -3.0690e-09 -8.2542e-10 -2.0562e-10 -4.7431e-11 -1.0128e-11 -2.0016e-12 -3.6603e-13 -6.1928e-14 -9.6916e-15 -1.4028e-15 -1.8777e-16 -2.3240e-17 -2.6594e-18 -2.8134e-19 -2.7512e-20 -2.4868e-21 -2.0776e-22 -1.6041e-23 -1.1445e-24 -7.5465e-26 -4.5977e-27 -2.5883e-28 -1.3462e-29 -6.4694e-31 -2.8722e-32 -1.1780e-33 -4.4635e-35 -1.5623e-36 -5.0513e-38 -1.5087e-39 -4.1620e-41 -1.0605e-42 -2.4961e-44 -5.4263e-46 -1.0895e-47 -2.0204e-49 -3.4603e-51 -5.4734e-53 -7.9957e-55 -1.0787e-56 -1.3440e-58 -1.5465e-60 -1.6433e-62 -1.6125e-64 -1.4612e-66 -1.2228e-68 -9.4493e-71 -6.7429e-73 -4.4432e-75 -2.7036e-77 -1.5191e-79 -7.8818e-82 -3.7761e-84 -1.6705e-86 -6.8239e-89 -2.5739e-91 -8.9644e-94 -2.8828e-96 -8.5603e-99 -2.3470e-101 -5.9417e-104 -1.3889e-106 -2.9976e-109 -5.9735e-112 -1.0991e-114 -1.8673e-117 -2.9289e-120 -4.2419e-123 -5.6723e-126 -7.0032e-129 -7.9831e-132 -8.4021e-135 -8.1646e-138 -7.3251e-141 -6.0678e-144 -4.6406e-147 -3.2768e-150 -2.1362e-153 -1.2858e-156 -7.1454e-160 -3.6661e-163 -1.7366e-166
-1.8745e-04 -1.9606e-04 -2.0486e-04 -2.0794e-04 2.5085e-03 -1.8231e-04 -1.5433e-04 -1.2137e-04 -8.8474e-05 -5.9712e-05 -3.7286e-05 -2.1532e-05 -1.1496e-05 -5.6740e-06 -2.5883e-06 -1.0911e-06 -4.2505e-07 -1.5299e-07 -5.0878e-08 -1.5632e-08 -4.4366e-09 -1.1632e-09 -2.8171e-10 -6.3020e-11 -1.3021e-11 -2.4849e-12 -4.3797e-13 -7.1292e-14 -1.0717e-14 -1.4879e-15 -1.9076e-16 -2.2586e-17 -2.4694e-18 -2.4931e-19 -2.3244e-20 -2.0010e-21 -1.5907e-22 -1.1676e-23 -7.9135e-25 -4.9524e-26 -2.8617e-27 -1.5269e-28 -7.5219e-30 -3.4214e-31 -1.4369e-32 -5.5718e-34 -1.9948e-35 -6.5939e-37 -2.0124e-38 -5.6706e-40 -1.4753e-41 -3.5435e-43 -7.8581e-45 -1.6089e-46 -3.0412e-48 -5.3075e-50 -8.5517e-52 -1.2721e-53 -1.7470e-55 -2.2151e-57 -2.5930e-59 -2.8022e-61 -2.7959e-63 -2.5753e-65 -2.1900e-67 -1.7194e-69 -1.2462e-71 -8.3389e-74 -5.1514e-76 -2.9379e-78 -1.5468e-80 -7.5187e-83 -3.3739e-85 -1.3977e-87 -5.3456e-90 -1.8874e-92 -6.1522e-95 -1.8513e-97 -5.1429e-100 -1.3190e-102 -3.1228e-105 -6.8256e-108 -1.3773e-110 -2.5656e-113 -4.4120e-116 -7.0043e-119 -1.0266e-121 -1.3889e-124 -1.7348e-127 -2.0004e-130 -2.1294e-133 -2.0926e-136 -1.8984e-139 -1.5899e-142 -1.2292e-145 -8.7733e-149 -5.7807e-152 -3.5162e-155 -1.9744e-158 -1.0235e-161 -1.8029e-04 -1.6962e-04 -1.5286e-04 -1.3152e-04 0.0000e+00 -8.3461e-05 -6.1092e-05 -4.2074e-05 -2.7185e-05 -1.6440e-05 -9.2860e-06 -4.8912e-06 -2.3992e-06 -1.0947e-06 -4.6415e-07 -1.8275e-07 -6.6775e-08 -2.2628e-08 -7.1086e-09 -2.0693e-09 -5.5799e-10 -1.3933e-10 -3.2211e-11 -6.8921e-12 -1.3646e-12 -2.4999e-13 -4.2363e-14 -6.6399e-15 -9.6246e-16 -1.2900e-16 -1.5986e-17 -1.8315e-18 -1.9397e-19 -1.8988e-20 -1.7181e-21 -1.4367e-22 -1.1102e-23 -7.9284e-25 -5.2318e-26 -3.1900e-27 -1.7971e-28 -9.3537e-30 -4.4979e-31 -1.9982e-32 -8.2005e-34 -3.1090e-35 -1.0888e-36 -3.5223e-38 -1.0525e-39 -2.9051e-41 -7.4061e-43 -1.7439e-44 -3.7928e-46 -7.6184e-48 -1.4134e-49 -2.4216e-51 -3.8319e-53 -5.5998e-55 -7.5575e-57 -9.4195e-59 -1.0842e-60 -1.1524e-62 -1.1312e-64 -1.0254e-66 -8.5833e-69 -6.6347e-71 -4.7358e-73 -3.1215e-75 -1.8999e-77 -1.0678e-79 -5.5414e-82 -2.6555e-84 -1.1750e-86 -4.8010e-89 -1.8113e-91 -6.3098e-94 -2.0296e-96 -6.0278e-99 -1.6530e-101 -4.1856e-104 -9.7856e-107 -2.1124e-109 -4.2103e-112 -7.7483e-115 -1.3166e-117 -2.0655e-120 -2.9919e-123 -4.0014e-126 -4.9411e-129 -5.6333e-132 -5.9298e-135 -5.7631e-138 -5.1713e-141 -4.2843e-144 -3.2770e-147 -2.3143e-150 -1.5089e-153 -9.0835e-157 -5.0485e-160 -2.5905e-163
-1.2381e-04 -1.3813e-04 -1.5675e-04 -1.7345e-04 -1.8231e-04 3.6114e-03 -1.6468e-04 -1.4012e-04 -1.1046e-04 -8.0603e-05 -5.4418e-05 -3.3981e-05 -1.9621e-05 -1.0474e-05 -5.1688e-06 -2.3575e-06 -9.9371e-07 -3.8706e-07 -1.3931e-07 -4.6325e-08 -1.4232e-08 -4.0393e-09 -1.0590e-09 -2.5648e-10 -5.7376e-11 -1.1855e-11 -2.2624e-12 -3.9876e-13 -6.4912e-14 -9.7585e-15 -1.3548e-15 -1.7371e-16 -2.0567e-17 -2.2487e-18 -2.2704e-19 -2.1167e-20 -1.8223e-21 -1.4487e-22 -1.0634e-23 -7.2076e-25 -4.5108e-26 -2.6066e-27 -1.3908e-28 -6.8517e-30 -3.1167e-31 -1.3090e-32 -5.0758e-34 -1.8173e-35 -6.0073e-37 -1.8334e-38 -5.1664e-40 -1.3441e-41 -3.2285e-43 -7.1598e-45 -1.4660e-46 -2.7711e-48 -4.8363e-50 -7.7925e-52 -1.1592e-53 -1.5920e-55 -2.0186e-57 -2.3630e-59 -2.5537e-61 -2.5480e-63 -2.3471e-65 -1.9959e-67 -1.5670e-69 -1.1358e-71 -7.6003e-74 -4.6952e-76 -2.6777e-78 -1.4099e-80 -6.8532e-83 -3.0753e-85 -1.2740e-87 -4.8727e-90 -1.7205e-92 -5.6080e-95 -1.6876e-97 -4.6882e-100 -1.2024e-102 -2.8468e-105 -6.2223e-108 -1.2556e-110 -2.3389e-113 -4.0222e-116 -6.3856e-119 -9.3589e-122 -1.2663e-124 -1.5817e-127 -1.8238e-130 -1.9415e-133 -1.9079e-136 -1.7309e-139 -1.4496e-142 -1.1208e-145 -7.9993e-149 -5.2707e-152 -3.2060e-155 -1.8003e-158 -1.1713e-04 -1.1303e-04 -1.0601e-04 -9.6026e-05 -8.3461e-05 0.0000e+00 -5.4322e-05 -4.0260e-05 -2.8047e-05 -1.8310e-05 -1.1174e-05 -6.3630e-06 -3.3755e-06 -1.6662e-06 -7.6448e-07 -3.2577e-07 -1.2884e-07 -4.7264e-08 -1.6075e-08 -5.0663e-09 -1.4792e-09 -3.9996e-10 -1.0012e-10 -2.3199e-11 -4.9744e-12 -9.8688e-13 -1.8112e-13 -3.0745e-14 -4.8265e-15 -7.0064e-16 -9.4039e-17 -1.1669e-17 -1.3385e-18 -1.4192e-19 -1.3909e-20 -1.2597e-21 -1.0544e-22 -8.1561e-24 -5.8296e-25 -3.8501e-26 -2.3493e-27 -1.3245e-28 -6.8991e-30 -3.3198e-31 -1.4758e-32 -6.0606e-34 -2.2991e-35 -8.0564e-37 -2.6077e-38 -7.7964e-40 -2.1530e-41 -5.4916e-43 -1.2937e-44 -2.8149e-46 -5.6568e-48 -1.0499e-49 -1.7996e-51 -2.8488e-53 -4.1647e-55 -5.6229e-57 -7.0107e-59 -8.0722e-61 -8.5832e-63 -8.4280e-65 -7.6420e-67 -6.3989e-69 -4.9477e-71 -3.5326e-73 -2.3291e-75 -1.4180e-77 -7.9715e-80 -4.1381e-82 -1.9835e-84 -8.7789e-87 -3.5878e-89 -1.3539e-91 -4.7174e-94 -1.5177e-96 -4.5086e-99 -1.2367e-101 -3.1320e-104 -7.3238e-107 -1.5813e-109 -3.1523e-112 -5.8023e-115 -9.8610e-118 -1.5473e-120 -2.2417e-123 -2.9986e-126 -3.7034e-129 -4.2229e-132 -4.4459e-135 -4.3215e-138 -3.8784e-141 -3.2136e-144 -2.4584e-147 -1.7364e-150 -1.1323e-153 -6.8173e-157 -3.7895e-160
-7.5800e-05 -9.0798e-05 -1.1221e-04 -1.3523e-04 -1.5433e-04 -1.6468e-04 4.9144e-03 -1.5030e-04 -1.2811e-04 -1.0108e-04 -7.3800e-05 -4.9846e-05 -3.1136e-05 -1.7984e-05 -9.6036e-06 -4.7405e-06 -2.1627e-06 -9.1188e-07 -3.5528e-07 -1.2790e-07 -4.2543e-08 -1.3073e-08 -3.7112e-09 -9.7322e-10 -2.3575e-10 -5.2747e-11 -1.0901e-11 -2.0807e-12 -3.6679e-13 -5.9717e-14 -8.9789e-15 -1.2468e-15 -1.5987e-16 -1.8932e-17 -2.0702e-18 -2.0904e-19 -1.9492e-20 -1.6783e-21 -1.3343e-22 -9.7954e-24 -6.6399e-25 -4.1559e-26 -2.4018e-27 -1.2816e-28 -6.3144e-30 -2.8725e-31 -1.2065e-32 -4.6789e-34 -1.6753e-35 -5.5384e-37 -1.6904e-38 -4.7638e-40 -1.2394e-41 -2.9773e-43 -6.6032e-45 -1.3521e-46 -2.5560e-48 -4.4610e-50 -7.1883e-52 -1.0694e-53 -1.4687e-55 -1.8624e-57 -2.1802e-59 -2.3563e-61 -2.3511e-63 -2.1658e-65 -1.8419e-67 -1.4461e-69 -1.0482e-71 -7.0146e-74 -4.3335e-76 -2.4716e-78 -1.3014e-80 -6.3260e-83 -2.8389e-85 -1.1761e-87 -4.4984e-90 -1.5883e-92 -5.1776e-95 -1.5581e-97 -4.3286e-100 -1.1102e-102 -2.6286e-105 -5.7456e-108 -1.1594e-110 -2.1598e-113 -3.7143e-116 -5.8970e-119 -8.6430e-122 -1.1694e-124 -1.4607e-127 -1.6844e-130 -1.7931e-133 -1.7622e-136 -1.5987e-139 -1.3389e-142 -1.0352e-145 -7.3890e-149 -4.8687e-152 -2.9616e-155 -7.0355e-05 -6.9931e-05 -6.8635e-05 -6.5841e-05 -6.1092e-05 -5.4322e-05 0.0000e+00 -3.6728e-05 -2.7635e-05 -1.9501e-05 -1.2871e-05 -7.9291e-06 -4.5519e-06 -2.4319e-06 -1.2078e-06 -5.5722e-07 -2.3860e-07 -9.4775e-08 -3.4903e-08 -1.1913e-08 -3.7665e-09 -1.1029e-09 -2.9901e-10 -7.5035e-11 -1.7425e-11 -3.7442e-12 -7.4425e-13 -1.3684e-13 -2.3267e-14 -3.6583e-15 -5.3183e-16 -7.1480e-17 -8.8812e-18 -1.0200e-18 -1.0827e-19 -1.0622e-20 -9.6309e-22 -8.0692e-23 -6.2473e-24 -4.4692e-25 -2.9541e-26 -1.8040e-27 -1.0179e-28 -5.3056e-30 -2.5548e-31 -1.1365e-32 -4.6701e-34 -1.7727e-35 -6.2154e-37 -2.0129e-38 -6.0215e-40 -1.6637e-41 -4.2457e-43 -1.0007e-44 -2.1784e-46 -4.3795e-48 -8.1317e-50 -1.3944e-51 -2.2083e-53 -3.2296e-55 -4.3620e-57 -5.4406e-59 -6.2666e-61 -6.6656e-63 -6.5472e-65 -5.9386e-67 -4.9741e-69 -3.8472e-71 -2.7477e-73 -1.8121e-75 -1.1035e-77 -6.2054e-80 -3.2221e-82 -1.5448e-84 -6.8392e-87 -2.7957e-89 -1.0552e-91 -3.6777e-94 -1.1835e-96 -3.5165e-99 -9.6473e-102 -2.4438e-104 -5.7157e-107 -1.2343e-109 -2.4611e-112 -4.5309e-115 -7.7017e-118 -1.2087e-120 -1.7515e-123 -2.3432e-126 -2.8944e-129 -3.3010e-132 -3.4759e-135 -3.3792e-138 -3.0331e-141 -2.5136e-144 -1.9232e-147 -1.3586e-150 -8.8608e-154 -5.3355e-157
-4.3005e-05 -5.5590e-05 -7.4878e-05 -9.8114e-05 -1.2137e-04 -1.4012e-04 -1.5030e-04 6.4173e-03 -1.3780e-04 -1.1759e-04 -9.2875e-05 -6.7870e-05 -4.5877e-05 -2.8678e-05 -1.6576e-05 -8.8569e-06 -4.3744e-06 -1.9968e-06 -8.4234e-07 -3.2834e-07 -1.1826e-07 -3.9350e-08 -1.2097e-08 -3.4353e-09 -9.0116e-10 -2.1836e-10 -4.8872e-11 -1.0103e-11 -1.9288e-12 -3.4011e-13 -5.5387e-14 -8.3297e-15 -1.1569e-15 -1.4838e-16 -1.7574e-17 -1.9221e-18 -1.9412e-19 -1.8103e-20 -1.5590e-21 -1.2396e-22 -9.1018e-24 -6.1706e-25 -3.8627e-26 -2.2326e-27 -1.1915e-28 -5.8711e-30 -2.6711e-31 -1.1221e-32 -4.3519e-34 -1.5584e-35 -5.1523e-37 -1.5728e-38 -4.4326e-40 -1.1534e-41 -2.7708e-43 -6.1457e-45 -1.2585e-46 -2.3793e-48 -4.1529e-50 -6.6923e-52 -9.9567e-54 -1.3676e-55 -1.7343e-57 -2.0304e-59 -2.1945e-61 -2.1898e-63 -2.0173e-65 -1.7157e-67 -1.3471e-69 -9.7653e-72 -6.5351e-74 -4.0375e-76 -2.3029e-78 -1.2126e-80 -5.8948e-83 -2.6455e-85 -1.0961e-87 -4.1923e-90 -1.4803e-92 -4.8257e-95 -1.4523e-97 -4.0348e-100 -1.0349e-102 -2.4503e-105 -5.3562e-108 -1.0809e-110 -2.0136e-113 -3.4630e-116 -5.4982e-119 -8.0587e-122 -1.0904e-124 -1.3621e-127 -1.5707e-130 -1.6721e-133 -1.6433e-136 -1.4909e-139 -1.2487e-142 -9.6548e-146 -6.8914e-149 -4.5410e-152 -3.9071e-05 -4.0159e-05 -4.1455e-05 -4.2313e-05 -4.2074e-05 -4.0260e-05 -3.6728e-05 0.0000e+00 -2.5803e-05 -1.9695e-05 -1.4066e-05 -9.3787e-06 -5.8282e-06 -3.3710e-06 -1.8128e-06 -9.0554e-07 -4.1989e-07 -1.8061e-07 -7.2034e-08 -2.6626e-08 -9.1176e-09 -2.8916e-09 -8.4905e-10 -2.3077e-10 -5.8046e-11 -1.3509e-11 -2.9085e-12 -5.7921e-13 -1.0668e-13 -1.8168e-14 -2.8609e-15 -4.1650e-16 -5.6054e-17 -6.9732e-18 -8.0181e-19 -8.5209e-20 -8.3684e-21 -7.5949e-22 -6.3695e-23 -4.9358e-24 -3.5340e-25 -2.3378e-26 -1.4288e-27 -8.0676e-29 -4.2082e-30 -2.0278e-31 -9.0263e-33 -3.7114e-34 -1.4096e-35 -4.9453e-37 -1.6025e-38 -4.7962e-40 -1.3259e-41 -3.3852e-43 -7.9826e-45 -1.7385e-46 -3.4967e-48 -6.4954e-50 -1.1143e-51 -1.7653e-53 -2.5828e-55 -3.4897e-57 -4.3542e-59 -5.0170e-61 -5.3382e-63 -5.2451e-65 -4.7591e-67 -3.9874e-69 -3.0849e-71 -2.2039e-73 -1.4539e-75 -8.8565e-78 -4.9815e-80 -2.5873e-82 -1.2408e-84 -5.4945e-87 -2.2466e-89 -8.4817e-92 -2.9567e-94 -9.5168e-97 -2.8283e-99 -7.7611e-102 -1.9664e-104 -4.6001e-107 -9.9360e-110 -1.9815e-112 -3.6487e-115 -6.2031e-118 -9.7370e-121 -1.4112e-123 -1.8883e-126 -2.3329e-129 -2.6610e-132 -2.8025e-135 -2.7249e-138 -2.4463e-141 -2.0276e-144 -1.5516e-147 -1.0962e-150 -7.1505e-154
-2.2605e-05 -3.1647e-05 -4.6446e-05 -6.6066e-05 -8.8474e-05 -1.1046e-04 -1.2811e-04 -1.3780e-04 8.1201e-03 -1.2680e-04 -1.0837e-04 -8.5699e-05 -6.2698e-05 -4.2426e-05 -2.6546e-05 -1.5357e-05 -8.2121e-06 -4.0589e-06 -1.8541e-06 -7.8260e-07 -3.0523e-07 -1.0999e-07 -3.6618e-08 -1.1262e-08 -3.1996e-09 -8.3968e-10 -2.0354e-10 -4.5571e-11 -9.4235e-12 -1.7997e-12 -3.1744e-13 -5.1709e-14 -7.7787e-15 -1.0806e-15 -1.3863e-16 -1.6423e-17 -1.7966e-18 -1.8148e-19 -1.6929e-20 -1.4581e-21 -1.1596e-22 -8.5157e-24 -5.7742e-25 -3.6151e-26 -2.0898e-27 -1.1155e-28 -5.4972e-30 -2.5014e-31 -1.0509e-32 -4.0763e-34 -1.4599e-35 -4.8272e-37 -1.4737e-38 -4.1538e-40 -1.0809e-41 -2.5971e-43 -5.7608e-45 -1.1798e-46 -2.2307e-48 -3.8939e-50 -6.2755e-52 -9.3373e-54 -1.2826e-55 -1.6266e-57 -1.9045e-59 -2.0586e-61 -2.0544e-63 -1.8927e-65 -1.6098e-67 -1.2641e-69 -9.1637e-72 -6.1329e-74 -3.7893e-76 -2.1614e-78 -1.1382e-80 -5.5333e-83 -2.4834e-85 -1.0290e-87 -3.9359e-90 -1.3899e-92 -4.5310e-95 -1.3636e-97 -3.7887e-100 -9.7179e-103 -2.3011e-105 -5.0302e-108 -1.0151e-110 -1.8912e-113 -3.2527e-116 -5.1644e-119 -7.5698e-122 -1.0243e-124 -1.2796e-127 -1.4756e-130 -1.5709e-133 -1.5439e-136 -1.4008e-139 -1.1732e-142 -9.0717e-146 -6.4754e-149 -2.0060e-05 -2.1402e-05 -2.3338e-05 -2.5441e-05 -2.7185e-05 -2.8047e-05 -2.7635e-05 -2.5803e-05 0.0000e+00 -1.8755e-05 -1.4498e-05 -1.0465e-05 -7.0407e-06 -4.4095e-06 -2.5677e-06 -1.3890e-06 -6.9751e-07 -3.2494e-07 -1.4036e-07 -5.6189e-08 -2.0840e-08 -7.1585e-09 -2.2767e-09 -6.7024e-10 -1.8261e-10 -4.6032e-11 -1.0735e-11 -2.3157e-12 -4.6196e-13 -8.5222e-14 -1.4537e-14 -2.2924e-15 -3.3419e-16 -4.5034e-17 -5.6091e-18 -6.4569e-19 -6.8691e-20 -6.7531e-21 -6.1349e-22 -5.1497e-23 -3.9941e-24 -2.8622e-25 -1.8949e-26 -1.1590e-27 -6.5488e-29 -3.4183e-30 -1.6483e-31 -7.3416e-33 -3.0206e-34 -1.1479e-35 -4.0294e-37 -1.3064e-38 -3.9121e-40 -1.0820e-41 -2.7639e-43 -6.5205e-45 -1.4207e-46 -2.8588e-48 -5.3126e-50 -9.1174e-52 -1.4450e-53 -2.1150e-55 -2.8587e-57 -3.5681e-59 -4.1127e-61 -4.3774e-63 -4.3025e-65 -3.9050e-67 -3.2728e-69 -2.5329e-71 -1.8100e-73 -1.1944e-75 -7.2776e-78 -4.0946e-80 -2.1272e-82 -1.0204e-84 -4.5196e-87 -1.8484e-89 -6.9801e-92 -2.4338e-94 -7.8354e-97 -2.3291e-99 -6.3927e-102 -1.6200e-104 -3.7906e-107 -8.1890e-110 -1.6335e-112 -3.0083e-115 -5.1154e-118 -8.0310e-121 -1.1641e-123 -1.5580e-126 -1.9251e-129 -2.1963e-132 -2.3134e-135 -2.2497e-138 -2.0200e-141 -1.6745e-144 -1.2816e-147 -9.0559e-151
-1.1006e-05 -1.6731e-05 -2.6729e-05 -4.1217e-05 -5.9712e-05 -8.0603e-05 -1.0108e-04 -1.1759e-04 -1.2680e-04 1.0023e-02 -1.1715e-04 -1.0028e-04 -7.9418e-05 -5.8179e-05 -3.9414e-05 -2.4688e-05 -1.4295e-05 -7.6513e-06 -3.7848e-06 -1.7301e-06 -7.3077e-07 -2.8520e-07 -1.0283e-07 -3.4253e-08 -1.0540e-08 -2.9958e-09 -7.8654e-10 -1.9074e-10 -4.2721e-11 -8.8373e-12 -1.6883e-12 -2.9789e-13 -4.8539e-14 -7.3039e-15 -1.0149e-15 -1.3024e-16 -1.5432e-17 -1.6886e-18 -1.7062e-19 -1.5918e-20 -1.3713e-21 -1.0908e-22 -8.0120e-24 -5.4337e-25 -3.4025e-26 -1.9672e-27 -1.0502e-28 -5.1763e-30 -2.3557e-31 -9.8981e-33 -3.8399e-34 -1.3754e-35 -4.5484e-37 -1.3887e-38 -3.9148e-40 -1.0189e-41 -2.4482e-43 -5.4312e-45 -1.1124e-46 -2.1035e-48 -3.6722e-50 -5.9187e-52 -8.8072e-54 -1.2099e-55 -1.5345e-57 -1.7968e-59 -1.9424e-61 -1.9385e-63 -1.7861e-65 -1.5193e-67 -1.1931e-69 -8.6495e-72 -5.7891e-74 -3.5771e-76 -2.0405e-78 -1.0746e-80 -5.2245e-83 -2.3449e-85 -9.7164e-88 -3.7168e-90 -1.3126e-92 -4.2793e-95 -1.2879e-97 -3.5786e-100 -9.1794e-103 -2.1737e-105 -4.7520e-108 -9.5902e-111 -1.7868e-113 -3.0732e-116 -4.8796e-119 -7.1527e-122 -9.6791e-125 -1.2091e-127 -1.3945e-130 -1.4846e-133 -1.4591e-136 -1.3239e-139 -1.1089e-142 -8.5745e-146 -9.5217e-06 -1.0582e-05 -1.2236e-05 -1.4288e-05 -1.6440e-05 -1.8310e-05 -1.9501e-05 -1.9695e-05 -1.8755e-05 0.0000e+00 -1.4032e-05 -1.0967e-05 -7.9897e-06 -5.4186e-06 -3.4171e-06 -2.0019e-06 -1.0888e-06 -5.4934e-07 -2.5700e-07 -1.1144e-07 -4.4767e-08 -1.6656e-08 -5.7378e-09 -1.8297e-09 -5.3996e-10 -1.4744e-10 -3.7245e-11 -8.7025e-12 -1.8806e-12 -3.7579e-13 -6.9434e-14 -1.1861e-14 -1.8730e-15 -2.7341e-16 -3.6888e-17 -4.5998e-18 -5.3009e-19 -5.6452e-20 -5.5553e-21 -5.0514e-22 -4.2440e-23 -3.2944e-24 -2.3627e-25 -1.5654e-26 -9.5816e-28 -5.4178e-29 -2.8299e-30 -1.3654e-31 -6.0855e-33 -2.5052e-34 -9.5261e-36 -3.3457e-37 -1.0853e-38 -3.2517e-40 -8.9977e-42 -2.2995e-43 -5.4274e-45 -1.1831e-46 -2.3816e-48 -4.4276e-50 -7.6017e-52 -1.2053e-53 -1.7647e-55 -2.3861e-57 -2.9793e-59 -3.4351e-61 -3.6575e-63 -3.5960e-65 -3.2648e-67 -2.7371e-69 -2.1189e-71 -1.5146e-73 -9.9974e-76 -6.0932e-78 -3.4291e-80 -1.7819e-82 -8.5498e-85 -3.7879e-87 -1.5495e-89 -5.8527e-92 -2.0412e-94 -6.5728e-97 -1.9542e-99 -5.3648e-102 -1.3598e-104 -3.1823e-107 -6.8764e-110 -1.3719e-112 -2.5270e-115 -4.2978e-118 -6.7486e-121 -9.7841e-124 -1.3097e-126 -1.6186e-129 -1.8468e-132 -1.9456e-135 -1.8924e-138 -1.6994e-141 -1.4089e-144 -1.0785e-147
-4.9623e-06 -8.2042e-06 -1.4251e-05 -2.3800e-05 -3.7286e-05 -5.4418e-05 -7.3800e-05 -9.2875e-05 -1.0837e-04 -1.1715e-04 1.2125e-02 -1.0867e-04 -9.3179e-05 -7.3907e-05 -5.4215e-05 -3.6773e-05 -2.3058e-05 -1.3365e-05 -7.1598e-06 -3.5446e-06 -1.6215e-06 -6.8539e-07 -2.6766e-07 -9.6565e-08 -3.2183e-08 -9.9081e-09 -2.8176e-09 -7.4008e-10 -1.7955e-10 -4.0230e-11 -8.3251e-12 -1.5911e-12 -2.8082e-13 -4.5771e-14 -6.8895e-15 -9.5762e-16 -1.2291e-16 -1.4568e-17 -1.5945e-18 -1.6114e-19 -1.5037e-20 -1.2957e-21 -1.0309e-22 -7.5732e-24 -5.1370e-25 -3.2173e-26 -1.8605e-27 -9.9335e-29 -4.8969e-30 -2.2289e-31 -9.3667e-33 -3.6343e-34 -1.3019e-35 -4.3059e-37 -1.3149e-38 -3.7070e-40 -9.6490e-42 -2.3188e-43 -5.1446e-45 -1.0538e-46 -1.9929e-48 -3.4795e-50 -5.6087e-52 -8.3467e-54 -1.1468e-55 -1.4546e-57 -1.7033e-59 -1.8415e-61 -1.8379e-63 -1.6935e-65 -1.4407e-67 -1.1314e-69 -8.2031e-72 -5.4908e-74 -3.3930e-76 -1.9356e-78 -1.0194e-80 -4.9565e-83 -2.2248e-85 -9.2191e-88 -3.5268e-90 -1.2456e-92 -4.0610e-95 -1.2223e-97 -3.3964e-100 -8.7125e-103 -2.0633e-105 -4.5107e-108 -9.1038e-111 -1.6962e-113 -2.9176e-116 -4.6328e-119 -6.7912e-122 -9.1903e-125 -1.1481e-127 -1.3241e-130 -1.4098e-133 -1.3857e-136 -1.2573e-139 -1.0532e-142 -4.1783e-06 -4.8531e-06 -5.9698e-06 -7.4846e-06 -9.2860e-06 -1.1174e-05 -1.2871e-05 -1.4066e-05 -1.4498e-05 -1.4032e-05 0.0000e+00 -1.0760e-05 -8.4893e-06 -6.2352e-06 -4.2585e-06 -2.7021e-06 -1.5917e-06 -8.6983e-07 -4.4077e-07 -2.0701e-07 -9.0077e-08 -3.6302e-08 -1.3546e-08 -4.6788e-09 -1.4956e-09 -4.4238e-10 -1.2105e-10 -3.0638e-11 -7.1717e-12 -1.5524e-12 -3.1071e-13 -5.7493e-14 -9.8348e-15 -1.5551e-15 -2.2728e-16 -3.0701e-17 -3.8325e-18 -4.4212e-19 -4.7130e-20 -4.6423e-21 -4.2250e-22 -3.5528e-23 -2.7601e-24 -1.9810e-25 -1.3135e-26 -8.0454e-28 -4.5523e-29 -2.3793e-30 -1.1487e-31 -5.1228e-33 -2.1102e-34 -8.0283e-36 -2.8211e-37 -9.1561e-39 -2.7446e-40 -7.5982e-42 -1.9427e-43 -4.5873e-45 -1.0004e-46 -2.0147e-48 -3.7470e-50 -6.4356e-52 -1.0208e-53 -1.4951e-55 -2.0223e-57 -2.5259e-59 -2.9133e-61 -3.1029e-63 -3.0517e-65 -2.7715e-67 -2.3242e-69 -1.7997e-71 -1.2868e-73 -8.4962e-76 -5.1796e-78 -2.9157e-80 -1.5155e-82 -7.2734e-85 -3.2231e-87 -1.3188e-89 -4.9824e-92 -1.7380e-94 -5.5978e-97 -1.6647e-99 -4.5709e-102 -1.1588e-104 -2.7125e-107 -5.8623e-110 -1.1698e-112 -2.1552e-115 -3.6660e-118 -5.7575e-121 -8.3486e-124 -1.1177e-126 -1.3815e-129 -1.5766e-132 -1.6612e-135 -1.6160e-138 -1.4514e-141 -1.2035e-144
-2.0713e-06 -3.7280e-06 -7.0333e-06 -1.2711e-05 -2.1532e-05 -3.3981e-05 -4.9846e-05 -6.7870e-05 -8.5699e-05 -1.0028e-04 -1.0867e-04 1.4427e-02 -1.0122e-04 -8.6930e-05 -6.9053e-05 -5.0721e-05 -3.4444e-05 -2.1622e-05 -1.2545e-05 -6.7262e-06 -3.3326e-06 -1.5257e-06 -6.4534e-07 -2.5218e-07 -9.1033e-08 -3.0356e-08 -9.3504e-09 -2.6603e-09 -6.9908e-10 -1.6967e-10 -3.8032e-11 -7.8732e-12 -1.5052e-12 -2.6576e-13 -4.3330e-14 -6.5239e-15 -9.0706e-16 -1.1646e-16 -1.3807e-17 -1.5115e-18 -1.5279e-19 -1.4261e-20 -1.2291e-21 -9.7806e-23 -7.1866e-24 -4.8756e-25 -3.0541e-26 -1.7664e-27 -9.4329e-29 -4.6509e-30 -2.1172e-31 -8.8987e-33 -3.4532e-34 -1.2372e-35 -4.0925e-37 -1.2498e-38 -3.5241e-40 -9.1740e-42 -2.2049e-43 -4.8925e-45 -1.0023e-46 -1.8956e-48 -3.3100e-50 -5.3360e-52 -7.9416e-54 -1.0912e-55 -1.3842e-57 -1.6211e-59 -1.7527e-61 -1.7495e-63 -1.6122e-65 -1.3715e-67 -1.0772e-69 -7.8108e-72 -5.2285e-74 -3.2311e-76 -1.8434e-78 -9.7093e-81 -4.7210e-83 -2.1192e-85 -8.7823e-88 -3.3599e-90 -1.1867e-92 -3.8692e-95 -1.1647e-97 -3.2364e-100 -8.3025e-103 -1.9663e-105 -4.2989e-108 -8.6767e-111 -1.6167e-113 -2.7810e-116 -4.4161e-119 -6.4738e-122 -8.7612e-125 -1.0946e-127 -1.2624e-130 -1.3441e-133 -1.3212e-136 -1.1988e-139 -1.6950e-06 -2.0639e-06 -2.7084e-06 -3.6523e-06 -4.8912e-06 -6.3630e-06 -7.9291e-06 -9.3787e-06 -1.0465e-05 -1.0967e-05 -1.0760e-05 0.0000e+00 -8.4256e-06 -6.7023e-06 -4.9578e-06 -3.4073e-06 -2.1739e-06 -1.2868e-06 -7.0627e-07 -3.5929e-07 -1.6934e-07 -7.3925e-08 -2.9880e-08 -1.1179e-08 -3.8711e-09 -1.2403e-09 -3.6762e-10 -1.0079e-10 -2.5557e-11 -5.9925e-12 -1.2992e-12 -2.6042e-13 -4.8256e-14 -8.2656e-15 -1.3086e-15 -1.9148e-16 -2.5893e-17 -3.2358e-18 -3.7365e-19 -3.9870e-20 -3.9307e-21 -3.5804e-22 -3.0132e-23 -2.3427e-24 -1.6827e-25 -1.1165e-26 -6.8435e-28 -3.8747e-29 -2.0265e-30 -9.7897e-32 -4.3683e-33 -1.8003e-34 -6.8532e-36 -2.4095e-37 -7.8239e-39 -2.3464e-40 -6.4988e-42 -1.6624e-43 -3.9270e-45 -8.5673e-47 -1.7261e-48 -3.2115e-50 -5.5180e-52 -8.7553e-54 -1.2828e-55 -1.7358e-57 -2.1687e-59 -2.5022e-61 -2.6659e-63 -2.6227e-65 -2.3826e-67 -1.9986e-69 -1.5481e-71 -1.1072e-73 -7.3121e-76 -4.4589e-78 -2.5106e-80 -1.3053e-82 -6.2659e-85 -2.7773e-87 -1.1366e-89 -4.2952e-92 -1.4986e-94 -4.8278e-97 -1.4360e-99 -3.9437e-102 -1.0000e-104 -2.3412e-107 -5.0608e-110 -1.0100e-112 -1.8612e-115 -3.1665e-118 -4.9739e-121 -7.2136e-124 -9.6591e-127 -1.1941e-129 -1.3630e-132 -1.4363e-135 -1.3974e-138 -1.2553e-141
-8.0027e-07 -1.5686e-06 -3.2108e-06 -6.2772e-06 -1.1496e-05 -1.9621e-05 -3.1136e-05 -4.5877e-05 -6.2698e-05 -7.9418e-05 -9.3179e-05 -1.0122e-04 1.6928e-02 -9.4633e-05 -8.1406e-05 -6.4757e-05 -4.7626e-05 -3.2379e-05 -2.0347e-05 -1.1816e-05 -6.3411e-06 -3.1443e-06 -1.4405e-06 -6.0972e-07 -2.3841e-07 -8.6113e-08 -2.8731e-08 -8.8543e-09 -2.5203e-09 -6.6259e-10 -1.6088e-10 -3.6076e-11 -7.4710e-12 -1.4288e-12 -2.5235e-13 -4.1157e-14 -6.1986e-15 -8.6207e-16 -1.1071e-16 -1.3129e-17 -1.4376e-18 -1.4535e-19 -1.3570e-20 -1.1698e-21 -9.3106e-23 -6.8425e-24 -4.6431e-25 -2.9090e-26 -1.6828e-27 -8.9876e-29 -4.4321e-30 -2.0179e-31 -8.4825e-33 -3.2921e-34 -1.1797e-35 -3.9027e-37 -1.1920e-38 -3.3615e-40 -8.7518e-42 -2.1037e-43 -4.6684e-45 -9.5647e-47 -1.8092e-48 -3.1594e-50 -5.0937e-52 -7.5816e-54 -1.0418e-55 -1.3217e-57 -1.5480e-59 -1.6739e-61 -1.6709e-63 -1.5399e-65 -1.3102e-67 -1.0291e-69 -7.4624e-72 -4.9956e-74 -3.0874e-76 -1.7616e-78 -9.2787e-81 -4.5120e-83 -2.0255e-85 -8.3945e-88 -3.2117e-90 -1.1344e-92 -3.6990e-95 -1.1135e-97 -3.0944e-100 -7.9386e-103 -1.8802e-105 -4.1109e-108 -8.2977e-111 -1.5462e-113 -2.6597e-116 -4.2238e-119 -6.1922e-122 -8.3804e-125 -1.0471e-127 -1.2077e-130 -1.2859e-133 -1.2640e-136 -6.3565e-07 -8.1376e-07 -1.1418e-06 -1.6585e-06 -2.3992e-06 -3.3755e-06 -4.5519e-06 -5.8282e-06 -7.0407e-06 -7.9897e-06 -8.4893e-06 -8.4256e-06 0.0000e+00 -6.7174e-06 -5.3820e-06 -4.0062e-06 -2.7685e-06 -1.7751e-06 -1.0553e-06 -5.8153e-07 -2.9689e-07 -1.4039e-07 -6.1466e-08 -2.4911e-08 -9.3438e-09 -3.2429e-09 -1.0412e-09 -3.0923e-10 -8.4937e-11 -2.1574e-11 -5.0667e-12 -1.1002e-12 -2.2083e-13 -4.0975e-14 -7.0272e-15 -1.1138e-15 -1.6316e-16 -2.2088e-17 -2.7630e-18 -3.1936e-19 -3.4107e-20 -3.3655e-21 -3.0681e-22 -2.5841e-23 -2.0106e-24 -1.4452e-25 -9.5956e-27 -5.8854e-28 -3.3344e-29 -1.7449e-30 -8.4344e-32 -3.7656e-33 -1.5528e-34 -5.9140e-36 -2.0803e-37 -6.7583e-39 -2.0277e-40 -5.6188e-42 -1.4379e-43 -3.3981e-45 -7.4165e-47 -1.4948e-48 -2.7823e-50 -4.7822e-52 -7.5905e-54 -1.1126e-55 -1.5059e-57 -1.8821e-59 -2.1722e-61 -2.3150e-63 -2.2782e-65 -2.0702e-67 -1.7370e-69 -1.3458e-71 -9.6282e-74 -6.3602e-76 -3.8794e-78 -2.1849e-80 -1.1362e-82 -5.4556e-85 -2.4187e-87 -9.9010e-90 -3.7422e-92 -1.3060e-94 -4.2080e-97 -1.2519e-99 -3.4388e-102 -8.7214e-105 -2.0422e-107 -4.4154e-110 -8.8138e-113 -1.6244e-115 -2.7641e-118 -4.3426e-121 -6.2990e-124 -8.4358e-127 -1.0431e-129 -1.1909e-132 -1.2551e-135 -1.2213e-138
-2.8612e-07 -6.1077e-07 -1.3552e-06 -2.8653e-06 -5.6740e-06 -1.0474e-05 -1.7984e-05 -2.8678e-05 -4.2426e-05 -5.8179e-05 -7.3907e-05 -8.6930e-05 -9.4633e-05 1.9630e-02 -8.8796e-05 -7.6500e-05 -6.0936e-05 -4.4870e-05 -3.0539e-05 -1.9209e-05 -1.1166e-05 -5.9969e-06 -2.9759e-06 -1.3644e-06 -5.7785e-07 -2.2608e-07 -8.1707e-08 -2.7275e-08 -8.4097e-09 -2.3949e-09 -6.2988e-10 -1.5300e-10 -3.4322e-11 -7.1104e-12 -1.3603e-12 -2.4033e-13 -3.9208e-14 -5.9068e-15 -8.2172e-16 -1.0556e-16 -1.2520e-17 -1.3713e-18 -1.3868e-19 -1.2950e-20 -1.1166e-21 -8.8891e-23 -6.5340e-24 -4.4345e-25 -2.7788e-26 -1.6077e-27 -8.5883e-29 -4.2358e-30 -1.9288e-31 -8.1093e-33 -3.1477e-34 -1.1281e-35 -3.7325e-37 -1.1402e-38 -3.2157e-40 -8.3732e-42 -2.0129e-43 -4.4674e-45 -9.1540e-47 -1.7317e-48 -3.0244e-50 -4.8764e-52 -7.2590e-54 -9.9759e-56 -1.2657e-57 -1.4826e-59 -1.6032e-61 -1.6005e-63 -1.4751e-65 -1.2552e-67 -9.8596e-70 -7.1501e-72 -4.7870e-74 -2.9587e-76 -1.6882e-78 -8.8930e-81 -4.3247e-83 -1.9416e-85 -8.0470e-88 -3.0790e-90 -1.0876e-92 -3.5465e-95 -1.0677e-97 -2.9672e-100 -7.6127e-103 -1.8031e-105 -3.9425e-108 -7.9582e-111 -1.4830e-113 -2.5512e-116 -4.0516e-119 -5.9400e-122 -8.0396e-125 -1.0045e-127 -1.1587e-130 -1.2338e-133 -2.2036e-07 -2.9738e-07 -4.4706e-07 -7.0014e-07 -1.0947e-06 -1.6662e-06 -2.4319e-06 -3.3710e-06 -4.4095e-06 -5.4186e-06 -6.2352e-06 -6.7023e-06 -6.7174e-06 0.0000e+00 -5.4397e-06 -4.3859e-06 -3.2830e-06 -2.2800e-06 -1.4683e-06 -8.7642e-07 -4.8468e-07 -2.4826e-07 -1.1774e-07 -5.1691e-08 -2.1002e-08 -7.8958e-09 -2.7462e-09 -8.8348e-10 -2.6287e-10 -7.2328e-11 -1.8401e-11 -4.3281e-12 -9.4109e-13 -1.8916e-13 -3.5141e-14 -6.0339e-15 -9.5748e-16 -1.4041e-16 -1.9026e-17 -2.3823e-18 -2.7561e-19 -2.9460e-20 -2.9094e-21 -2.6544e-22 -2.2373e-23 -1.7420e-24 -1.2530e-25 -8.3250e-27 -5.1093e-28 -2.8965e-29 -1.5167e-30 -7.3351e-32 -3.2766e-33 -1.3519e-34 -5.1512e-36 -1.8129e-37 -5.8922e-39 -1.7687e-40 -4.9031e-42 -1.2552e-43 -2.9677e-45 -6.4797e-47 -1.3065e-48 -2.4326e-50 -4.1828e-52 -6.6414e-54 -9.7377e-56 -1.3184e-57 -1.6484e-59 -1.9030e-61 -2.0287e-63 -1.9970e-65 -1.8152e-67 -1.5235e-69 -1.1807e-71 -8.4493e-74 -5.5828e-76 -3.4061e-78 -1.9188e-80 -9.9804e-83 -4.7933e-85 -2.1256e-87 -8.7029e-90 -3.2901e-92 -1.1484e-94 -3.7011e-97 -1.1013e-99 -3.0258e-102 -7.6753e-105 -1.7976e-107 -3.8877e-110 -7.7616e-113 -1.4307e-115 -2.4348e-118 -3.8257e-121 -5.5502e-124 -7.4342e-127 -9.1935e-130 -1.0497e-132 -1.1065e-135
-9.4639e-08 -2.1997e-07 -5.2873e-07 -1.2087e-06 -2.5883e-06 -5.1688e-06 -9.6036e-06 -1.6576e-05 -2.6546e-05 -3.9414e-05 -5.4215e-05 -6.9053e-05 -8.1406e-05 -8.8796e-05 2.2531e-02 -8.3597e-05 -7.2122e-05 -5.7520e-05 -4.2403e-05 -2.8889e-05 -1.8189e-05 -1.0581e-05 -5.6877e-06 -2.8245e-06 -1.2958e-06 -5.4916e-07 -2.1498e-07 -7.7737e-08 -2.5963e-08 -8.0090e-09 -2.2818e-09 -6.0038e-10 -1.4589e-10 -3.2740e-11 -6.7849e-12 -1.2985e-12 -2.2947e-13 -3.7449e-14 -5.6433e-15 -7.8528e-16 -1.0090e-16 -1.1971e-17 -1.3115e-18 -1.3266e-19 -1.2390e-20 -1.0685e-21 -8.5083e-23 -6.2552e-24 -4.2461e-25 -2.6612e-26 -1.5400e-27 -8.2275e-29 -4.0585e-30 -1.8484e-31 -7.7721e-33 -3.0173e-34 -1.0815e-35 -3.5788e-37 -1.0934e-38 -3.0840e-40 -8.0313e-42 -1.9309e-43 -4.2860e-45 -8.7830e-47 -1.6617e-48 -2.9024e-50 -4.6802e-52 -6.9676e-54 -9.5764e-56 -1.2151e-57 -1.4234e-59 -1.5394e-61 -1.5369e-63 -1.4167e-65 -1.2055e-67 -9.4702e-70 -6.8682e-72 -4.5986e-74 -2.8424e-76 -1.6220e-78 -8.5448e-81 -4.1556e-83 -1.8658e-85 -7.7334e-88 -2.9592e-90 -1.0453e-92 -3.4089e-95 -1.0263e-97 -2.8524e-100 -7.3185e-103 -1.7335e-105 -3.7906e-108 -7.6519e-111 -1.4260e-113 -2.4532e-116 -3.8962e-119 -5.7125e-122 -7.7320e-125 -9.6612e-128 -1.1144e-130 -7.0617e-08 -1.0070e-07 -1.6246e-07 -2.7457e-07 -4.6415e-07 -7.6448e-07 -1.2078e-06 -1.8128e-06 -2.5677e-06 -3.4171e-06 -4.2585e-06 -4.9578e-06 -5.3820e-06 -5.4397e-06 0.0000e+00 -4.4655e-06 -3.6207e-06 -2.7237e-06 -1.9000e-06 -1.2285e-06 -7.3592e-07 -4.0832e-07 -2.0977e-07 -9.9759e-08 -4.3906e-08 -1.7881e-08 -6.7367e-09 -2.3477e-09 -7.5670e-10 -2.2554e-10 -6.2156e-11 -1.5837e-11 -3.7303e-12 -8.1221e-13 -1.6346e-13 -3.0403e-14 -5.2262e-15 -8.3020e-16 -1.2186e-16 -1.6529e-17 -2.0715e-18 -2.3987e-19 -2.5661e-20 -2.5362e-21 -2.3157e-22 -1.9532e-23 -1.5219e-24 -1.0954e-25 -7.2824e-27 -4.4721e-28 -2.5367e-29 -1.3290e-30 -6.4312e-32 -2.8743e-33 -1.1865e-34 -4.5233e-36 -1.5926e-37 -5.1787e-39 -1.5552e-40 -4.3130e-42 -1.1046e-43 -2.6127e-45 -5.7066e-47 -1.1510e-48 -2.1440e-50 -3.6877e-52 -5.8573e-54 -8.5909e-56 -1.1635e-57 -1.4552e-59 -1.6805e-61 -1.7920e-63 -1.7645e-65 -1.6043e-67 -1.3469e-69 -1.0441e-71 -7.4733e-74 -4.9392e-76 -3.0141e-78 -1.6984e-80 -8.8360e-83 -4.2446e-85 -1.8827e-87 -7.7100e-90 -2.9157e-92 -1.0179e-94 -3.2811e-97 -9.7646e-100 -2.6832e-102 -6.8077e-105 -1.5947e-107 -3.4490e-110 -6.8872e-113 -1.2698e-115 -2.1614e-118 -3.3968e-121 -4.9287e-124 -6.6027e-127 -8.1665e-130 -9.3254e-133
-2.8955e-08 -7.3250e-08 -1.9062e-07 -4.7115e-07 -1.0911e-06 -2.3575e-06 -4.7405e-06 -8.8569e-06 -1.5357e-05 -2.4688e-05 -3.6773e-05 -5.0721e-05 -6.4757e-05 -7.6500e-05 -8.3597e-05 2.5632e-02 -7.8944e-05 -6.8195e-05 -5.4452e-05 -4.0184e-05 -2.7404e-05 -1.7269e-05 -1.0054e-05 -5.4084e-06 -2.6877e-06 -1.2338e-06 -5.2320e-07 -2.0493e-07 -7.4141e-08 -2.4774e-08 -7.6457e-09 -2.1792e-09 -5.7362e-10 -1.3944e-10 -3.1303e-11 -6.4895e-12 -1.2423e-12 -2.1962e-13 -3.5851e-14 -5.4041e-15 -7.5218e-16 -9.6672e-17 -1.1472e-17 -1.2571e-18 -1.2719e-19 -1.1882e-20 -1.0249e-21 -8.1622e-23 -6.0019e-24 -4.0749e-25 -2.5543e-26 -1.4783e-27 -7.8996e-29 -3.8973e-30 -1.7752e-31 -7.4657e-33 -2.8987e-34 -1.0391e-35 -3.4390e-37 -1.0508e-38 -2.9643e-40 -7.7204e-42 -1.8564e-43 -4.1210e-45 -8.4458e-47 -1.5981e-48 -2.7915e-50 -4.5019e-52 -6.7028e-54 -9.2132e-56 -1.1691e-57 -1.3697e-59 -1.4814e-61 -1.4792e-63 -1.3635e-65 -1.1604e-67 -9.1163e-70 -6.6120e-72 -4.4274e-74 -2.7368e-76 -1.5618e-78 -8.2283e-81 -4.0020e-83 -1.7969e-85 -7.4484e-88 -2.8503e-90 -1.0069e-92 -3.2839e-95 -9.8870e-98 -2.7480e-100 -7.0512e-103 -1.6703e-105 -3.6525e-108 -7.3736e-111 -1.3742e-113 -2.3642e-116 -3.7551e-119 -5.5058e-122 -7.4525e-125 -9.3124e-128 -2.0918e-08 -3.1590e-08 -5.4769e-08 -9.9953e-08 -1.8275e-07 -3.2577e-07 -5.5722e-07 -9.0554e-07 -1.3890e-06 -2.0019e-06 -2.7021e-06 -3.4073e-06 -4.0062e-06 -4.3859e-06 -4.4655e-06 0.0000e+00 -3.7101e-06 -3.0232e-06 -2.2844e-06 -1.6000e-06 -1.0382e-06 -6.2400e-07 -3.4726e-07 -1.7889e-07 -8.5290e-08 -3.7626e-08 -1.5356e-08 -5.7971e-09 -2.0240e-09 -6.5350e-10 -1.9509e-10 -5.3848e-11 -1.3740e-11 -3.2407e-12 -7.0649e-13 -1.4235e-13 -2.6507e-14 -4.5614e-15 -7.2532e-16 -1.0657e-16 -1.4469e-17 -1.8148e-18 -2.1032e-19 -2.2518e-20 -2.2272e-21 -2.0350e-22 -1.7177e-23 -1.3392e-24 -9.6453e-26 -6.4165e-27 -3.9427e-28 -2.2377e-29 -1.1730e-30 -5.6791e-32 -2.5395e-33 -1.0488e-34 -4.0001e-36 -1.4090e-37 -4.5838e-39 -1.3771e-40 -3.8207e-42 -9.7894e-44 -2.3163e-45 -5.0611e-47 -1.0212e-48 -1.9028e-50 -3.2740e-52 -5.2019e-54 -7.6320e-56 -1.0340e-57 -1.2935e-59 -1.4942e-61 -1.5939e-63 -1.5698e-65 -1.4277e-67 -1.1989e-69 -9.2962e-72 -6.6557e-74 -4.3999e-76 -2.6860e-78 -1.5138e-80 -7.8771e-83 -3.7846e-85 -1.6790e-87 -6.8774e-90 -2.6010e-92 -9.0825e-95 -2.9283e-97 -8.7169e-100 -2.3958e-102 -6.0795e-105 -1.4244e-107 -3.0812e-110 -6.1537e-113 -1.1347e-115 -1.9318e-118 -3.0365e-121 -4.4066e-124 -5.9042e-127 -7.3037e-130
