1.0199e-04 -2.4950e-03 -2.4900e-03 -2.4831e-03 -2.4741e-03 -2.4633e-03 -2.4505e-03 -2.4359e-03 -2.4194e-03 -2.4011e-03 -2.3810e-03 -2.3592e-03 -2.3357e-03 -2.3107e-03 -2.2840e-03 -2.2559e-03 -2.2263e-03 -2.1954e-03 -2.1632e-03 -2.1297e-03 -2.0951e-03 -2.0594e-03 -2.0227e-03 -1.9850e-03 -1.9465e-03 -1.9072e-03 -1.8672e-03 -1.8266e-03 -1.7855e-03 -1.7439e-03 -1.7019e-03 -1.6595e-03 -1.6170e-03 -1.5742e-03 -1.5314e-03 -1.4885e-03 -1.4457e-03 -1.4030e-03 -1.3605e-03 -1.3182e-03 -1.2762e-03 -1.2346e-03 -1.1933e-03 -1.1525e-03 -1.1122e-03 -1.0725e-03 -1.0334e-03 -9.9486e-04 -9.5702e-04 -9.1988e-04 -8.8348e-04 -8.4784e-04 -8.1299e-04 -7.7895e-04 -7.4574e-04 -7.1337e-04 -6.8186e-04 -6.5122e-04 -6.2147e-04 -5.9259e-04 -5.6461e-04 -5.3752e-04 -5.1132e-04 -4.8601e-04 -4.6158e-04 -4.3803e-04 -4.1535e-04 -3.9353e-04 -3.7256e-04 -3.5242e-04 -3.3310e-04 -3.1460e-04 -2.9688e-04 -2.7994e-04 -2.6375e-04 -2.4830e-04 -2.3357e-04 -2.1953e-04 -2.0618e-04 -1.9348e-04 -1.8142e-04 -1.6998e-04 -1.5913e-04 -1.4885e-04 -1.3913e-04 -1.2993e-04 -1.2125e-04 -1.1306e-04 -1.0534e-04 -9.8061e-05 -9.1216e-05 -8.4781e-05 -7.8738e-05 -7.3066e-05 -6.7749e-05 -6.2769e-05 -5.8108e-05 -5.3750e-05 -4.9680e-05 -4.5881e-05 0.0000e+00 -2.4950e-03 -2.4900e-03 -2.4831e-03 -2.4741e-03 -2.4633e-03 -2.4505e-03 -2.4359e-03 -2.4193e-03 -2.4010e-03 -2.3810e-03 -2.3592e-03 -2.3357e-03 -2.3106e-03 -2.2840e-03 -2.2558e-03 -2.2262e-03 -2.1953e-03 -2.1631e-03 -2.1296e-03 -2.0949e-03 -2.0592e-03 -2.0225e-03 -1.9848e-03 -1.9463e-03 -1.9070e-03 -1.8670e-03 -1.8264e-03 -1.7852e-03 -1.7436e-03 -1.7016e-03 -1.6593e-03 -1.6167e-03 -1.5739e-03 -1.5311e-03 -1.4882e-03 -1.4454e-03 -1.4027e-03 -1.3602e-03 -1.3179e-03 -1.2759e-03 -1.2342e-03 -1.1930e-03 -1.1522e-03 -1.1119e-03 -1.0721e-03 -1.0330e-03 -9.9449e-04 -9.5665e-04 -9.1951e-04 -8.8311e-04 -8.4748e-04 -8.1263e-04 -7.7859e-04 -7.4538e-04 -7.1301e-04 -6.8151e-04 -6.5087e-04 -6.2112e-04 -5.9225e-04 -5.6428e-04 -5.3719e-04 -5.1100e-04 -4.8569e-04 -4.6127e-04 -4.3773e-04 -4.1505e-04 -3.9324e-04 -3.7227e-04 -3.5214e-04 -3.3284e-04 -3.1434e-04 -2.9663e-04 -2.7969e-04 -2.6351e-04 -2.4807e-04 -2.3335e-04 -2.1932e-04 -2.0597e-04 -1.9328e-04 -1.8123e-04 -1.6979e-04 -1.5895e-04 -1.4868e-04 -1.3897e-04 -1.2978e-04 -1.2110e-04 -1.1292e-04 -1.0520e-04 -9.7934e-05 -9.1096e-05 -8.4667e-05 -7.8629e-05 -7.2963e-05 -6.7651e-05 -6.2676e-05 -5.8021e-05 -5.3668e-05 -4.9602e-05 -4.5807e-05
-2.4950e-03 4.0796e-04 -2.4871e-03 -2.4801e-03 -2.4712e-03 -2.4604e-03 -2.4477e-03 -2.4331e-03 -2.4166e-03 -2.3984e-03 -2.3783e-03 -2.3566e-03 -2.3332e-03 -2.3082e-03 -2.2817e-03 -2.2536e-03 -2.2241e-03 -2.1933e-03 -2.1611e-03 -2.1278e-03 -2.0932e-03 -2.0576e-03 -2.0210e-03 -1.9835e-03 -1.9451e-03 -1.9059e-03 -1.8660e-03 -1.8255e-03 -1.7844e-03 -1.7429e-03 -1.7010e-03 -1.6588e-03 -1.6163e-03 -1.5737e-03 -1.5309e-03 -1.4882e-03 -1.4454e-03 -1.4028e-03 -1.3604e-03 -1.3181e-03 -1.2762e-03 -1.2346e-03 -1.1935e-03 -1.1527e-03 -1.1125e-03 -1.0729e-03 -1.0338e-03 -9.9531e-04 -9.5752e-04 -9.2043e-04 -8.8407e-04 -8.4847e-04 -8.1366e-04 -7.7965e-04 -7.4646e-04 -7.1412e-04 -6.8264e-04 -6.5202e-04 -6.2228e-04 -5.9342e-04 -5.6545e-04 -5.3836e-04 -5.1217e-04 -4.8686e-04 -4.6243e-04 -4.3888e-04 -4.1619e-04 -3.9437e-04 -3.7338e-04 -3.5324e-04 -3.3391e-04 -3.1539e-04 -2.9766e-04 -2.8070e-04 -2.6450e-04 -2.4903e-04 -2.3428e-04 -2.2023e-04 -2.0686e-04 -1.9414e-04 -1.8206e-04 -1.7059e-04 -1.5972e-04 -1.4943e-04 -1.3968e-04 -1.3047e-04 -1.2177e-04 -1.1355e-04 -1.0581e-04 -9.8514e-05 -9.1650e-05 -8.5196e-05 -7.9133e-05 -7.3443e-05 -6.8107e-05 -6.3109e-05 -5.8431e-05 -5.4057e-05 -4.9970e-05 -4.6156e-05 -2.4950e-03 0.0000e+00 -2.4870e-03 -2.4801e-03 -2.4712e-03 -2.4603e-03 -2.4476e-03 -2.4330e-03 -2.4165e-03 -2.3982e-03 -2.3782e-03 -2.3564e-03 -2.3330e-03 -2.3079e-03 -2.2813e-03 -2.2532e-03 -2.2237e-03 -2.1928e-03 -2.1606e-03 -2.1272e-03 -2.0927e-03 -2.0570e-03 -2.0203e-03 -1.9827e-03 -1.9443e-03 -1.9050e-03 -1.8651e-03 -1.8246e-03 -1.7835e-03 -1.7419e-03 -1.6999e-03 -1.6577e-03 -1.6152e-03 -1.5725e-03 -1.5297e-03 -1.4869e-03 -1.4442e-03 -1.4015e-03 -1.3590e-03 -1.3168e-03 -1.2749e-03 -1.2333e-03 -1.1921e-03 -1.1513e-03 -1.1111e-03 -1.0714e-03 -1.0323e-03 -9.9385e-04 -9.5605e-04 -9.1896e-04 -8.8261e-04 -8.4701e-04 -8.1220e-04 -7.7820e-04 -7.4502e-04 -7.1269e-04 -6.8122e-04 -6.5062e-04 -6.2089e-04 -5.9205e-04 -5.6410e-04 -5.3704e-04 -5.1087e-04 -4.8559e-04 -4.6118e-04 -4.3766e-04 -4.1500e-04 -3.9320e-04 -3.7225e-04 -3.5213e-04 -3.3284e-04 -3.1435e-04 -2.9665e-04 -2.7972e-04 -2.6355e-04 -2.4812e-04 -2.3340e-04 -2.1938e-04 -2.0603e-04 -1.9335e-04 -1.8130e-04 -1.6986e-04 -1.5902e-04 -1.4876e-04 -1.3904e-04 -1.2985e-04 -1.2118e-04 -1.1299e-04 -1.0528e-04 -9.8007e-05 -9.1167e-05 -8.4737e-05 -7.8698e-05 -7.3030e-05 -6.7717e-05 -6.2740e-05 -5.8082e-05 -5.3727e-05 -4.9659e-05 -4.5862e-05
-2.4900e-03 -2.4871e-03 9.1789e-04 -2.4752e-03 -2.4664e-03 -2.4556e-03 -2.4429e-03 -2.4284e-03 -2.4120e-03 -2.3939e-03 -2.3739e-03 -2.3523e-03 -2.3290e-03 -2.3042e-03 -2.2777e-03 -2.2498e-03 -2.2205e-03 -2.1898e-03 -2.1578e-03 -2.1245e-03 -2.0902e-03 -2.0547e-03 -2.0183e-03 -1.9809e-03 -1.9426e-03 -1.9036e-03 -1.8639e-03 -1.8235e-03 -1.7827e-03 -1.7413e-03 -1.6996e-03 -1.6575e-03 -1.6152e-03 -1.5727e-03 -1.5301e-03 -1.4875e-03 -1.4449e-03 -1.4024e-03 -1.3601e-03 -1.3180e-03 -1.2762e-03 -1.2348e-03 -1.1937e-03 -1.1531e-03 -1.1130e-03 -1.0734e-03 -1.0344e-03 -9.9607e-04 -9.5836e-04 -9.2135e-04 -8.8506e-04 -8.4952e-04 -8.1477e-04 -7.8081e-04 -7.4767e-04 -7.1537e-04 -6.8393e-04 -6.5334e-04 -6.2362e-04 -5.9479e-04 -5.6683e-04 -5.3976e-04 -5.1357e-04 -4.8827e-04 -4.6384e-04 -4.4029e-04 -4.1760e-04 -3.9576e-04 -3.7476e-04 -3.5460e-04 -3.3526e-04 -3.1672e-04 -2.9896e-04 -2.8198e-04 -2.6575e-04 -2.5025e-04 -2.3547e-04 -2.2139e-04 -2.0799e-04 -1.9524e-04 -1.8312e-04 -1.7162e-04 -1.6072e-04 -1.5039e-04 -1.4061e-04 -1.3136e-04 -1.2262e-04 -1.1438e-04 -1.0660e-04 -9.9270e-05 -9.2373e-05 -8.5886e-05 -7.9792e-05 -7.4071e-05 -6.8705e-05 -6.3677e-05 -5.8971e-05 -5.4568e-05 -5.0455e-05 -4.6614e-05 -2.4900e-03 -2.4870e-03 0.0000e+00 -2.4752e-03 -2.4663e-03 -2.4555e-03 -2.4428e-03 -2.4282e-03 -2.4117e-03 -2.3935e-03 -2.3735e-03 -2.3518e-03 -2.3285e-03 -2.3035e-03 -2.2770e-03 -2.2490e-03 -2.2195e-03 -2.1887e-03 -2.1566e-03 -2.1233e-03 -2.0888e-03 -2.0533e-03 -2.0167e-03 -1.9792e-03 -1.9409e-03 -1.9018e-03 -1.8619e-03 -1.8215e-03 -1.7805e-03 -1.7390e-03 -1.6972e-03 -1.6550e-03 -1.6126e-03 -1.5701e-03 -1.5274e-03 -1.4847e-03 -1.4421e-03 -1.3995e-03 -1.3571e-03 -1.3150e-03 -1.2732e-03 -1.2317e-03 -1.1906e-03 -1.1499e-03 -1.1098e-03 -1.0702e-03 -1.0312e-03 -9.9278e-04 -9.5506e-04 -9.1804e-04 -8.8176e-04 -8.4623e-04 -8.1149e-04 -7.7755e-04 -7.4443e-04 -7.1216e-04 -6.8074e-04 -6.5019e-04 -6.2052e-04 -5.9172e-04 -5.6381e-04 -5.3679e-04 -5.1066e-04 -4.8541e-04 -4.6104e-04 -4.3755e-04 -4.1492e-04 -3.9314e-04 -3.7222e-04 -3.5212e-04 -3.3284e-04 -3.1437e-04 -2.9669e-04 -2.7978e-04 -2.6362e-04 -2.4819e-04 -2.3348e-04 -2.1947e-04 -2.0614e-04 -1.9346e-04 -1.8141e-04 -1.6998e-04 -1.5914e-04 -1.4888e-04 -1.3916e-04 -1.2998e-04 -1.2130e-04 -1.1312e-04 -1.0540e-04 -9.8128e-05 -9.1286e-05 -8.4854e-05 -7.8812e-05 -7.3142e-05 -6.7825e-05 -6.2845e-05 -5.8184e-05 -5.3826e-05 -4.9754e-05 -4.5954e-05
-2.4831e-03 -2.4801e-03 -2.4752e-03 1.6318e-03 -2.4596e-03 -2.4489e-03 -2.4363e-03 -2.4219e-03 -2.4056e-03 -2.3876e-03 -2.3678e-03 -2.3463e-03 -2.3232e-03 -2.2985e-03 -2.2722e-03 -2.2445e-03 -2.2153e-03 -2.1848e-03 -2.1530e-03 -2.1200e-03 -2.0859e-03 -2.0506e-03 -2.0144e-03 -1.9772e-03 -1.9392e-03 -1.9004e-03 -1.8610e-03 -1.8208e-03 -1.7802e-03 -1.7391e-03 -1.6975e-03 -1.6557e-03 -1.6136e-03 -1.5713e-03 -1.5290e-03 -1.4866e-03 -1.4442e-03 -1.4019e-03 -1.3598e-03 -1.3179e-03 -1.2763e-03 -1.2350e-03 -1.1941e-03 -1.1536e-03 -1.1137e-03 -1.0742e-03 -1.0354e-03 -9.9712e-04 -9.5953e-04 -9.2262e-04 -8.8643e-04 -8.5099e-04 -8.1631e-04 -7.8243e-04 -7.4936e-04 -7.1712e-04 -6.8572e-04 -6.5518e-04 -6.2550e-04 -5.9670e-04 -5.6877e-04 -5.4171e-04 -5.1554e-04 -4.9024e-04 -4.6581e-04 -4.4225e-04 -4.1955e-04 -3.9770e-04 -3.7669e-04 -3.5651e-04 -3.3714e-04 -3.1857e-04 -3.0078e-04 -2.8376e-04 -2.6749e-04 -2.5196e-04 -2.3714e-04 -2.2301e-04 -2.0956e-04 -1.9677e-04 -1.8461e-04 -1.7306e-04 -1.6211e-04 -1.5173e-04 -1.4190e-04 -1.3261e-04 -1.2382e-04 -1.1553e-04 -1.0770e-04 -1.0033e-04 -9.3385e-05 -8.6853e-05 -8.0714e-05 -7.4950e-05 -6.9542e-05 -6.4473e-05 -5.9726e-05 -5.5285e-05 -5.1134e-05 -4.7257e-05 -2.4831e-03 -2.4801e-03 -2.4752e-03 0.0000e+00 -2.4594e-03 -2.4486e-03 -2.4360e-03 -2.4215e-03 -2.4051e-03 -2.3870e-03 -2.3671e-03 -2.3454e-03 -2.3222e-03 -2.2973e-03 -2.2709e-03 -2.2430e-03 -2.2137e-03 -2.1830e-03 -2.1510e-03 -2.1179e-03 -2.0835e-03 -2.0481e-03 -2.0117e-03 -1.9743e-03 -1.9361e-03 -1.8972e-03 -1.8575e-03 -1.8172e-03 -1.7764e-03 -1.7351e-03 -1.6934e-03 -1.6514e-03 -1.6091e-03 -1.5667e-03 -1.5242e-03 -1.4816e-03 -1.4391e-03 -1.3967e-03 -1.3545e-03 -1.3125e-03 -1.2708e-03 -1.2294e-03 -1.1885e-03 -1.1479e-03 -1.1079e-03 -1.0684e-03 -1.0295e-03 -9.9128e-04 -9.5367e-04 -9.1676e-04 -8.8057e-04 -8.4514e-04 -8.1049e-04 -7.7664e-04 -7.4361e-04 -7.1142e-04 -6.8007e-04 -6.4959e-04 -6.1999e-04 -5.9126e-04 -5.6341e-04 -5.3644e-04 -5.1036e-04 -4.8516e-04 -4.6084e-04 -4.3739e-04 -4.1480e-04 -3.9306e-04 -3.7216e-04 -3.5210e-04 -3.3285e-04 -3.1440e-04 -2.9674e-04 -2.7985e-04 -2.6371e-04 -2.4830e-04 -2.3360e-04 -2.1960e-04 -2.0628e-04 -1.9361e-04 -1.8157e-04 -1.7014e-04 -1.5931e-04 -1.4905e-04 -1.3933e-04 -1.3015e-04 -1.2148e-04 -1.1329e-04 -1.0557e-04 -9.8297e-05 -9.1453e-05 -8.5018e-05 -7.8972e-05 -7.3298e-05 -6.7977e-05 -6.2993e-05 -5.8327e-05 -5.3964e-05 -4.9887e-05 -4.6082e-05
-2.4741e-03 -2.4712e-03 -2.4664e-03 -2.4596e-03 2.5497e-03 -2.4403e-03 -2.4278e-03 -2.4135e-03 -2.3974e-03 -2.3795e-03 -2.3599e-03 -2.3386e-03 -2.3157e-03 -2.2912e-03 -2.2651e-03 -2.2376e-03 -2.2087e-03 -2.1785e-03 -2.1470e-03 -2.1142e-03 -2.0803e-03 -2.0454e-03 -2.0095e-03 -1.9726e-03 -1.9349e-03 -1.8964e-03 -1.8572e-03 -1.8174e-03 -1.7770e-03 -1.7362e-03 -1.6949e-03 -1.6534e-03 -1.6116e-03 -1.5696e-03 -1.5275e-03 -1.4853e-03 -1.4432e-03 -1.4012e-03 -1.3593e-03 -1.3177e-03 -1.2763e-03 -1.2352e-03 -1.1945e-03 -1.1543e-03 -1.1145e-03 -1.0752e-03 -1.0365e-03 -9.9846e-04 -9.6101e-04 -9.2424e-04 -8.8818e-04 -8.5285e-04 -8.1829e-04 -7.8450e-04 -7.5152e-04 -7.1935e-04 -6.8802e-04 -6.5754e-04 -6.2791e-04 -5.9914e-04 -5.7124e-04 -5.4422e-04 -5.1806e-04 -4.9277e-04 -4.6834e-04 -4.4478e-04 -4.2206e-04 -4.0019e-04 -3.7916e-04 -3.5895e-04 -3.3955e-04 -3.2094e-04 -3.0311e-04 -2.8605e-04 -2.6974e-04 -2.5415e-04 -2.3928e-04 -2.2510e-04 -2.1159e-04 -1.9874e-04 -1.8652e-04 -1.7491e-04 -1.6390e-04 -1.5346e-04 -1.4357e-04 -1.3421e-04 -1.2536e-04 -1.1701e-04 -1.0912e-04 -1.0169e-04 -9.4687e-05 -8.8097e-05 -8.1901e-05 -7.6081e-05 -7.0619e-05 -6.5497e-05 -6.0699e-05 -5.6208e-05 -5.2008e-05 -4.8084e-05 -2.4741e-03 -2.4712e-03 -2.4663e-03 -2.4594e-03 0.0000e+00 -2.4399e-03 -2.4273e-03 -2.4129e-03 -2.3966e-03 -2.3785e-03 -2.3588e-03 -2.3373e-03 -2.3141e-03 -2.2894e-03 -2.2631e-03 -2.2354e-03 -2.2062e-03 -2.1757e-03 -2.1439e-03 -2.1108e-03 -2.0767e-03 -2.0414e-03 -2.0052e-03 -1.9680e-03 -1.9300e-03 -1.8913e-03 -1.8518e-03 -1.8117e-03 -1.7710e-03 -1.7299e-03 -1.6885e-03 -1.6466e-03 -1.6046e-03 -1.5624e-03 -1.5200e-03 -1.4777e-03 -1.4354e-03 -1.3932e-03 -1.3511e-03 -1.3093e-03 -1.2678e-03 -1.2266e-03 -1.1858e-03 -1.1454e-03 -1.1055e-03 -1.0662e-03 -1.0275e-03 -9.8935e-04 -9.5188e-04 -9.1511e-04 -8.7905e-04 -8.4374e-04 -8.0921e-04 -7.7547e-04 -7.4255e-04 -7.1046e-04 -6.7921e-04 -6.4883e-04 -6.1931e-04 -5.9066e-04 -5.6289e-04 -5.3599e-04 -5.0998e-04 -4.8484e-04 -4.6058e-04 -4.3718e-04 -4.1464e-04 -3.9295e-04 -3.7210e-04 -3.5207e-04 -3.3286e-04 -3.1444e-04 -2.9681e-04 -2.7994e-04 -2.6382e-04 -2.4843e-04 -2.3376e-04 -2.1977e-04 -2.0646e-04 -1.9380e-04 -1.8177e-04 -1.7035e-04 -1.5952e-04 -1.4927e-04 -1.3956e-04 -1.3037e-04 -1.2170e-04 -1.1351e-04 -1.0579e-04 -9.8514e-05 -9.1667e-05 -8.5228e-05 -7.9178e-05 -7.3499e-05 -6.8173e-05 -6.3182e-05 -5.8510e-05 -5.4141e-05 -5.0058e-05 -4.6246e-05
-2.4633e-03 -2.4604e-03 -2.4556e-03 -2.4489e-03 -2.4403e-03 3.6714e-03 -2.4175e-03 -2.4033e-03 -2.3874e-03 -2.3697e-03 -2.3503e-03 -2.3292e-03 -2.3065e-03 -2.2823e-03 -2.2565e-03 -2.2293e-03 -2.2007e-03 -2.1708e-03 -2.1396e-03 -2.1072e-03 -2.0736e-03 -2.0390e-03 -2.0034e-03 -1.9669e-03 -1.9295e-03 -1.8914e-03 -1.8526e-03 -1.8131e-03 -1.7731e-03 -1.7326e-03 -1.6918e-03 -1.6506e-03 -1.6091e-03 -1.5674e-03 -1.5257e-03 -1.4839e-03 -1.4421e-03 -1.4003e-03 -1.3588e-03 -1.3174e-03 -1.2763e-03 -1.2355e-03 -1.1950e-03 -1.1550e-03 -1.1155e-03 -1.0765e-03 -1.0380e-03 -1.0001e-03 -9.6281e-04 -9.2621e-04 -8.9030e-04 -8.5512e-04 -8.2068e-04 -7.8701e-04 -7.5413e-04 -7.2206e-04 -6.9082e-04 -6.6040e-04 -6.3083e-04 -6.0212e-04 -5.7426e-04 -5.4726e-04 -5.2112e-04 -4.9584e-04 -4.7141e-04 -4.4784e-04 -4.2512e-04 -4.0323e-04 -3.8217e-04 -3.6192e-04 -3.4248e-04 -3.2383e-04 -3.0595e-04 -2.8884e-04 -2.7247e-04 -2.5682e-04 -2.4189e-04 -2.2764e-04 -2.1406e-04 -2.0114e-04 -1.8885e-04 -1.7717e-04 -1.6608e-04 -1.5557e-04 -1.4560e-04 -1.3617e-04 -1.2725e-04 -1.1882e-04 -1.1086e-04 -1.0335e-04 -9.6278e-05 -8.9618e-05 -8.3353e-05 -7.7465e-05 -7.1936e-05 -6.6750e-05 -6.1889e-05 -5.7337e-05 -5.3078e-05 -4.9097e-05 -2.4633e-03 -2.4603e-03 -2.4555e-03 -2.4486e-03 -2.4399e-03 0.0000e+00 -2.4168e-03 -2.4024e-03 -2.3863e-03 -2.3683e-03 -2.3486e-03 -2.3273e-03 -2.3043e-03 -2.2797e-03 -2.2536e-03 -2.2260e-03 -2.1971e-03 -2.1667e-03 -2.1351e-03 -2.1023e-03 -2.0684e-03 -2.0333e-03 -1.9973e-03 -1.9604e-03 -1.9226e-03 -1.8841e-03 -1.8448e-03 -1.8050e-03 -1.7646e-03 -1.7237e-03 -1.6825e-03 -1.6409e-03 -1.5991e-03 -1.5571e-03 -1.5150e-03 -1.4729e-03 -1.4308e-03 -1.3888e-03 -1.3470e-03 -1.3054e-03 -1.2641e-03 -1.2231e-03 -1.1825e-03 -1.1423e-03 -1.1027e-03 -1.0635e-03 -1.0250e-03 -9.8700e-04 -9.4971e-04 -9.1309e-04 -8.7719e-04 -8.4204e-04 -8.0765e-04 -7.7405e-04 -7.4126e-04 -7.0929e-04 -6.7816e-04 -6.4789e-04 -6.1847e-04 -5.8993e-04 -5.6225e-04 -5.3544e-04 -5.0951e-04 -4.8445e-04 -4.6026e-04 -4.3693e-04 -4.1445e-04 -3.9281e-04 -3.7201e-04 -3.5203e-04 -3.3286e-04 -3.1449e-04 -2.9689e-04 -2.8005e-04 -2.6396e-04 -2.4860e-04 -2.3394e-04 -2.1998e-04 -2.0668e-04 -1.9403e-04 -1.8201e-04 -1.7060e-04 -1.5978e-04 -1.4953e-04 -1.3982e-04 -1.3064e-04 -1.2197e-04 -1.1378e-04 -1.0606e-04 -9.8779e-05 -9.1928e-05 -8.5484e-05 -7.9428e-05 -7.3743e-05 -6.8411e-05 -6.3413e-05 -5.8734e-05 -5.4357e-05 -5.0267e-05 -4.6447e-05
-2.4505e-03 -2.4477e-03 -2.4429e-03 -2.4363e-03 -2.4278e-03 -2.4175e-03 4.9972e-03 -2.3913e-03 -2.3756e-03 -2.3581e-03 -2.3390e-03 -2.3182e-03 -2.2958e-03 -2.2718e-03 -2.2464e-03 -2.2195e-03 -2.1913e-03 -2.1617e-03 -2.1309e-03 -2.0988e-03 -2.0657e-03 -2.0315e-03 -1.9963e-03 -1.9602e-03 -1.9233e-03 -1.8856e-03 -1.8471e-03 -1.8081e-03 -1.7685e-03 -1.7285e-03 -1.6880e-03 -1.6472e-03 -1.6062e-03 -1.5649e-03 -1.5235e-03 -1.4821e-03 -1.4407e-03 -1.3993e-03 -1.3581e-03 -1.3171e-03 -1.2763e-03 -1.2358e-03 -1.1956e-03 -1.1559e-03 -1.1166e-03 -1.0779e-03 -1.0396e-03 -1.0020e-03 -9.6491e-04 -9.2851e-04 -8.9278e-04 -8.5777e-04 -8.2348e-04 -7.8995e-04 -7.5720e-04 -7.2524e-04 -6.9409e-04 -6.6376e-04 -6.3426e-04 -6.0561e-04 -5.7779e-04 -5.5083e-04 -5.2471e-04 -4.9945e-04 -4.7503e-04 -4.5145e-04 -4.2871e-04 -4.0680e-04 -3.8571e-04 -3.6542e-04 -3.4594e-04 -3.2723e-04 -3.0930e-04 -2.9212e-04 -2.7569e-04 -2.5997e-04 -2.4496e-04 -2.3064e-04 -2.1698e-04 -2.0397e-04 -1.9160e-04 -1.7983e-04 -1.6866e-04 -1.5806e-04 -1.4800e-04 -1.3848e-04 -1.2947e-04 -1.2096e-04 -1.1291e-04 -1.0532e-04 -9.8159e-05 -9.1416e-05 -8.5069e-05 -7.9101e-05 -7.3495e-05 -6.8233e-05 -6.3298e-05 -5.8674e-05 -5.4345e-05 -5.0297e-05 -2.4505e-03 -2.4476e-03 -2.4428e-03 -2.4360e-03 -2.4273e-03 -2.4168e-03 0.0000e+00 -2.3901e-03 -2.3741e-03 -2.3563e-03 -2.3368e-03 -2.3156e-03 -2.2928e-03 -2.2684e-03 -2.2425e-03 -2.2151e-03 -2.1863e-03 -2.1562e-03 -2.1249e-03 -2.0923e-03 -2.0586e-03 -2.0238e-03 -1.9881e-03 -1.9514e-03 -1.9139e-03 -1.8756e-03 -1.8367e-03 -1.7971e-03 -1.7570e-03 -1.7164e-03 -1.6754e-03 -1.6341e-03 -1.5926e-03 -1.5509e-03 -1.5091e-03 -1.4672e-03 -1.4254e-03 -1.3837e-03 -1.3421e-03 -1.3008e-03 -1.2597e-03 -1.2190e-03 -1.1786e-03 -1.1387e-03 -1.0992e-03 -1.0603e-03 -1.0220e-03 -9.8423e-04 -9.4714e-04 -9.1072e-04 -8.7500e-04 -8.4002e-04 -8.0580e-04 -7.7236e-04 -7.3973e-04 -7.0791e-04 -6.7692e-04 -6.4678e-04 -6.1749e-04 -5.8906e-04 -5.6149e-04 -5.3479e-04 -5.0896e-04 -4.8399e-04 -4.5988e-04 -4.3662e-04 -4.1422e-04 -3.9265e-04 -3.7191e-04 -3.5199e-04 -3.3287e-04 -3.1454e-04 -2.9698e-04 -2.8018e-04 -2.6412e-04 -2.4879e-04 -2.3416e-04 -2.2021e-04 -2.0694e-04 -1.9431e-04 -1.8230e-04 -1.7090e-04 -1.6009e-04 -1.4984e-04 -1.4014e-04 -1.3096e-04 -1.2229e-04 -1.1410e-04 -1.0637e-04 -9.9090e-05 -9.2234e-05 -8.5785e-05 -7.9723e-05 -7.4031e-05 -6.8691e-05 -6.3686e-05 -5.8998e-05 -5.4612e-05 -5.0513e-05 -4.6684e-05
-2.4359e-03 -2.4331e-03 -2.4284e-03 -2.4219e-03 -2.4135e-03 -2.4033e-03 -2.3913e-03 6.5268e-03 -2.3621e-03 -2.3449e-03 -2.3260e-03 -2.3055e-03 -2.2834e-03 -2.2599e-03 -2.2348e-03 -2.2083e-03 -2.1804e-03 -2.1513e-03 -2.1209e-03 -2.0893e-03 -2.0566e-03 -2.0229e-03 -1.9881e-03 -1.9525e-03 -1.9160e-03 -1.8788e-03 -1.8409e-03 -1.8023e-03 -1.7632e-03 -1.7237e-03 -1.6837e-03 -1.6434e-03 -1.6028e-03 -1.5620e-03 -1.5210e-03 -1.4800e-03 -1.4390e-03 -1.3981e-03 -1.3573e-03 -1.3166e-03 -1.2762e-03 -1.2361e-03 -1.1963e-03 -1.1569e-03 -1.1179e-03 -1.0795e-03 -1.0415e-03 -1.0041e-03 -9.6730e-04 -9.3112e-04 -8.9561e-04 -8.6079e-04 -8.2668e-04 -7.9331e-04 -7.6071e-04 -7.2887e-04 -6.9784e-04 -6.6761e-04 -6.3819e-04 -6.0960e-04 -5.8184e-04 -5.5492e-04 -5.2883e-04 -5.0359e-04 -4.7917e-04 -4.5559e-04 -4.3283e-04 -4.1090e-04 -3.8977e-04 -3.6944e-04 -3.4990e-04 -3.3114e-04 -3.1315e-04 -2.9590e-04 -2.7939e-04 -2.6359e-04 -2.4849e-04 -2.3408e-04 -2.2034e-04 -2.0724e-04 -1.9476e-04 -1.8290e-04 -1.7163e-04 -1.6092e-04 -1.5077e-04 -1.4115e-04 -1.3204e-04 -1.2342e-04 -1.1528e-04 -1.0758e-04 -1.0033e-04 -9.3491e-05 -8.7051e-05 -8.0992e-05 -7.5296e-05 -6.9946e-05 -6.4926e-05 -6.0219e-05 -5.5811e-05 -5.1685e-05 -2.4359e-03 -2.4330e-03 -2.4282e-03 -2.4215e-03 -2.4129e-03 -2.4024e-03 -2.3901e-03 0.0000e+00 -2.3601e-03 -2.3425e-03 -2.3231e-03 -2.3021e-03 -2.2795e-03 -2.2553e-03 -2.2296e-03 -2.2025e-03 -2.1740e-03 -2.1442e-03 -2.1131e-03 -2.0808e-03 -2.0474e-03 -2.0129e-03 -1.9774e-03 -1.9411e-03 -1.9039e-03 -1.8659e-03 -1.8273e-03 -1.7880e-03 -1.7482e-03 -1.7080e-03 -1.6673e-03 -1.6263e-03 -1.5851e-03 -1.5437e-03 -1.5022e-03 -1.4607e-03 -1.4192e-03 -1.3778e-03 -1.3365e-03 -1.2955e-03 -1.2547e-03 -1.2142e-03 -1.1741e-03 -1.1345e-03 -1.0953e-03 -1.0567e-03 -1.0185e-03 -9.8105e-04 -9.4418e-04 -9.0798e-04 -8.7247e-04 -8.3770e-04 -8.0367e-04 -7.7042e-04 -7.3796e-04 -7.0631e-04 -6.7549e-04 -6.4550e-04 -6.1635e-04 -5.8806e-04 -5.6062e-04 -5.3404e-04 -5.0831e-04 -4.8345e-04 -4.5944e-04 -4.3627e-04 -4.1395e-04 -3.9246e-04 -3.7179e-04 -3.5193e-04 -3.3287e-04 -3.1459e-04 -2.9708e-04 -2.8033e-04 -2.6431e-04 -2.4901e-04 -2.3441e-04 -2.2049e-04 -2.0723e-04 -1.9462e-04 -1.8263e-04 -1.7124e-04 -1.6044e-04 -1.5020e-04 -1.4050e-04 -1.3133e-04 -1.2265e-04 -1.1446e-04 -1.0673e-04 -9.9448e-05 -9.2587e-05 -8.6131e-05 -8.0062e-05 -7.4362e-05 -6.9014e-05 -6.3999e-05 -5.9302e-05 -5.4906e-05 -5.0796e-05 -4.6956e-05
-2.4194e-03 -2.4166e-03 -2.4120e-03 -2.4056e-03 -2.3974e-03 -2.3874e-03 -2.3756e-03 -2.3621e-03 8.2603e-03 -2.3299e-03 -2.3114e-03 -2.2912e-03 -2.2695e-03 -2.2463e-03 -2.2217e-03 -2.1956e-03 -2.1682e-03 -2.1395e-03 -2.1096e-03 -2.0785e-03 -2.0463e-03 -2.0131e-03 -1.9789e-03 -1.9438e-03 -1.9079e-03 -1.8712e-03 -1.8338e-03 -1.7958e-03 -1.7573e-03 -1.7182e-03 -1.6788e-03 -1.6390e-03 -1.5989e-03 -1.5586e-03 -1.5182e-03 -1.4777e-03 -1.4372e-03 -1.3967e-03 -1.3563e-03 -1.3161e-03 -1.2761e-03 -1.2364e-03 -1.1970e-03 -1.1580e-03 -1.1194e-03 -1.0812e-03 -1.0436e-03 -1.0065e-03 -9.6996e-04 -9.3404e-04 -8.9877e-04 -8.6417e-04 -8.3026e-04 -7.9708e-04 -7.6463e-04 -7.3295e-04 -7.0204e-04 -6.7192e-04 -6.4260e-04 -6.1409e-04 -5.8640e-04 -5.5952e-04 -5.3347e-04 -5.0824e-04 -4.8383e-04 -4.6025e-04 -4.3747e-04 -4.1551e-04 -3.9434e-04 -3.7397e-04 -3.5438e-04 -3.3555e-04 -3.1749e-04 -3.0016e-04 -2.8356e-04 -2.6768e-04 -2.5249e-04 -2.3798e-04 -2.2413e-04 -2.1092e-04 -1.9834e-04 -1.8637e-04 -1.7498e-04 -1.6417e-04 -1.5390e-04 -1.4417e-04 -1.3494e-04 -1.2621e-04 -1.1796e-04 -1.1015e-04 -1.0279e-04 -9.5844e-05 -8.9299e-05 -8.3136e-05 -7.7339e-05 -7.1891e-05 -6.6775e-05 -6.1975e-05 -5.7476e-05 -5.3262e-05 -2.4193e-03 -2.4165e-03 -2.4117e-03 -2.4051e-03 -2.3966e-03 -2.3863e-03 -2.3741e-03 -2.3601e-03 0.0000e+00 -2.3269e-03 -2.3078e-03 -2.2870e-03 -2.2646e-03 -2.2406e-03 -2.2152e-03 -2.1884e-03 -2.1601e-03 -2.1306e-03 -2.0998e-03 -2.0678e-03 -2.0347e-03 -2.0006e-03 -1.9654e-03 -1.9294e-03 -1.8926e-03 -1.8550e-03 -1.8167e-03 -1.7778e-03 -1.7383e-03 -1.6985e-03 -1.6582e-03 -1.6176e-03 -1.5767e-03 -1.5357e-03 -1.4945e-03 -1.4534e-03 -1.4122e-03 -1.3711e-03 -1.3302e-03 -1.2895e-03 -1.2490e-03 -1.2089e-03 -1.1691e-03 -1.1298e-03 -1.0909e-03 -1.0525e-03 -1.0147e-03 -9.7744e-04 -9.4083e-04 -9.0488e-04 -8.6962e-04 -8.3507e-04 -8.0127e-04 -7.6822e-04 -7.3597e-04 -7.0451e-04 -6.7386e-04 -6.4404e-04 -6.1506e-04 -5.8692e-04 -5.5962e-04 -5.3318e-04 -5.0758e-04 -4.8283e-04 -4.5893e-04 -4.3587e-04 -4.1364e-04 -3.9224e-04 -3.7165e-04 -3.5186e-04 -3.3286e-04 -3.1465e-04 -2.9719e-04 -2.8049e-04 -2.6451e-04 -2.4925e-04 -2.3468e-04 -2.2079e-04 -2.0756e-04 -1.9497e-04 -1.8300e-04 -1.7162e-04 -1.6083e-04 -1.5060e-04 -1.4091e-04 -1.3174e-04 -1.2306e-04 -1.1487e-04 -1.0714e-04 -9.9851e-05 -9.2985e-05 -8.6522e-05 -8.0445e-05 -7.4736e-05 -6.9378e-05 -6.4353e-05 -5.9645e-05 -5.5238e-05 -5.1116e-05 -4.7265e-05
-2.4011e-03 -2.3984e-03 -2.3939e-03 -2.3876e-03 -2.3795e-03 -2.3697e-03 -2.3581e-03 -2.3449e-03 -2.3299e-03 1.0198e-02 -2.2951e-03 -2.2754e-03 -2.2541e-03 -2.2313e-03 -2.2071e-03 -2.1815e-03 -2.1546e-03 -2.1264e-03 -2.0970e-03 -2.0665e-03 -2.0349e-03 -2.0022e-03 -1.9686e-03 -1.9341e-03 -1.8988e-03 -1.8627e-03 -1.8259e-03 -1.7885e-03 -1.7506e-03 -1.7121e-03 -1.6733e-03 -1.6341e-03 -1.5946e-03 -1.5549e-03 -1.5150e-03 -1.4751e-03 -1.4351e-03 -1.3951e-03 -1.3552e-03 -1.3155e-03 -1.2760e-03 -1.2367e-03 -1.1978e-03 -1.1592e-03 -1.1209e-03 -1.0832e-03 -1.0459e-03 -1.0091e-03 -9.7287e-04 -9.3725e-04 -9.0224e-04 -8.6788e-04 -8.3420e-04 -8.0122e-04 -7.6897e-04 -7.3745e-04 -7.0668e-04 -6.7669e-04 -6.4748e-04 -6.1906e-04 -5.9143e-04 -5.6461e-04 -5.3860e-04 -5.1340e-04 -4.8900e-04 -4.6541e-04 -4.4262e-04 -4.2063e-04 -3.9943e-04 -3.7900e-04 -3.5935e-04 -3.4045e-04 -3.2231e-04 -3.0490e-04 -2.8821e-04 -2.7222e-04 -2.5693e-04 -2.4231e-04 -2.2835e-04 -2.1503e-04 -2.0233e-04 -1.9023e-04 -1.7872e-04 -1.6778e-04 -1.5739e-04 -1.4753e-04 -1.3819e-04 -1.2933e-04 -1.2095e-04 -1.1303e-04 -1.0554e-04 -9.8476e-05 -9.1813e-05 -8.5536e-05 -7.9626e-05 -7.4068e-05 -6.8845e-05 -6.3942e-05 -5.9342e-05 -5.5030e-05 -2.4010e-03 -2.3982e-03 -2.3935e-03 -2.3870e-03 -2.3785e-03 -2.3683e-03 -2.3563e-03 -2.3425e-03 -2.3269e-03 0.0000e+00 -2.2907e-03 -2.2701e-03 -2.2480e-03 -2.2243e-03 -2.1992e-03 -2.1726e-03 -2.1447e-03 -2.1155e-03 -2.0850e-03 -2.0534e-03 -2.0206e-03 -1.9869e-03 -1.9521e-03 -1.9165e-03 -1.8800e-03 -1.8428e-03 -1.8049e-03 -1.7664e-03 -1.7274e-03 -1.6879e-03 -1.6480e-03 -1.6078e-03 -1.5674e-03 -1.5267e-03 -1.4860e-03 -1.4452e-03 -1.4044e-03 -1.3637e-03 -1.3232e-03 -1.2828e-03 -1.2427e-03 -1.2029e-03 -1.1635e-03 -1.1245e-03 -1.0859e-03 -1.0479e-03 -1.0104e-03 -9.7343e-04 -9.3710e-04 -9.0143e-04 -8.6643e-04 -8.3214e-04 -7.9858e-04 -7.6577e-04 -7.3374e-04 -7.0249e-04 -6.7205e-04 -6.4242e-04 -6.1361e-04 -5.8564e-04 -5.5851e-04 -5.3221e-04 -5.0676e-04 -4.8214e-04 -4.5836e-04 -4.3541e-04 -4.1329e-04 -3.9198e-04 -3.7148e-04 -3.5178e-04 -3.3285e-04 -3.1470e-04 -2.9731e-04 -2.8066e-04 -2.6473e-04 -2.4951e-04 -2.3498e-04 -2.2113e-04 -2.0792e-04 -1.9535e-04 -1.8340e-04 -1.7205e-04 -1.6127e-04 -1.5104e-04 -1.4136e-04 -1.3219e-04 -1.2352e-04 -1.1533e-04 -1.0759e-04 -1.0030e-04 -9.3427e-05 -8.6957e-05 -8.0871e-05 -7.5153e-05 -6.9783e-05 -6.4747e-05 -6.0027e-05 -5.5608e-05 -5.1473e-05 -4.7608e-05
-2.3810e-03 -2.3783e-03 -2.3739e-03 -2.3678e-03 -2.3599e-03 -2.3503e-03 -2.3390e-03 -2.3260e-03 -2.3114e-03 -2.2951e-03 1.2339e-02 -2.2580e-03 -2.2371e-03 -2.2148e-03 -2.1911e-03 -2.1661e-03 -2.1397e-03 -2.1121e-03 -2.0833e-03 -2.0533e-03 -2.0223e-03 -1.9903e-03 -1.9573e-03 -1.9235e-03 -1.8888e-03 -1.8534e-03 -1.8172e-03 -1.7805e-03 -1.7432e-03 -1.7054e-03 -1.6672e-03 -1.6287e-03 -1.5898e-03 -1.5507e-03 -1.5115e-03 -1.4721e-03 -1.4327e-03 -1.3933e-03 -1.3540e-03 -1.3148e-03 -1.2758e-03 -1.2370e-03 -1.1985e-03 -1.1604e-03 -1.1226e-03 -1.0852e-03 -1.0483e-03 -1.0119e-03 -9.7603e-04 -9.4072e-04 -9.0601e-04 -8.7193e-04 -8.3850e-04 -8.0574e-04 -7.7369e-04 -7.4235e-04 -7.1175e-04 -6.8189e-04 -6.5280e-04 -6.2448e-04 -5.9694e-04 -5.7019e-04 -5.4422e-04 -5.1905e-04 -4.9467e-04 -4.7107e-04 -4.4827e-04 -4.2625e-04 -4.0500e-04 -3.8452e-04 -3.6480e-04 -3.4584e-04 -3.2761e-04 -3.1010e-04 -2.9331e-04 -2.7722e-04 -2.6182e-04 -2.4708e-04 -2.3300e-04 -2.1955e-04 -2.0672e-04 -1.9449e-04 -1.8285e-04 -1.7177e-04 -1.6125e-04 -1.5125e-04 -1.4176e-04 -1.3277e-04 -1.2426e-04 -1.1620e-04 -1.0858e-04 -1.0139e-04 -9.4594e-05 -8.8191e-05 -8.2158e-05 -7.6480e-05 -7.1139e-05 -6.6121e-05 -6.1410e-05 -5.6991e-05 -2.3810e-03 -2.3782e-03 -2.3735e-03 -2.3671e-03 -2.3588e-03 -2.3486e-03 -2.3368e-03 -2.3231e-03 -2.3078e-03 -2.2907e-03 0.0000e+00 -2.2517e-03 -2.2298e-03 -2.2065e-03 -2.1816e-03 -2.1554e-03 -2.1278e-03 -2.0989e-03 -2.0688e-03 -2.0376e-03 -2.0052e-03 -1.9719e-03 -1.9375e-03 -1.9023e-03 -1.8663e-03 -1.8295e-03 -1.7920e-03 -1.7539e-03 -1.7154e-03 -1.6763e-03 -1.6369e-03 -1.5971e-03 -1.5571e-03 -1.5169e-03 -1.4766e-03 -1.4362e-03 -1.3959e-03 -1.3556e-03 -1.3154e-03 -1.2755e-03 -1.2358e-03 -1.1964e-03 -1.1574e-03 -1.1187e-03 -1.0805e-03 -1.0428e-03 -1.0056e-03 -9.6900e-04 -9.3299e-04 -8.9762e-04 -8.6292e-04 -8.2891e-04 -7.9561e-04 -7.6306e-04 -7.3127e-04 -7.0026e-04 -6.7004e-04 -6.4062e-04 -6.1201e-04 -5.8423e-04 -5.5727e-04 -5.3114e-04 -5.0584e-04 -4.8137e-04 -4.5773e-04 -4.3490e-04 -4.1289e-04 -3.9169e-04 -3.7129e-04 -3.5168e-04 -3.3284e-04 -3.1476e-04 -2.9743e-04 -2.8084e-04 -2.6497e-04 -2.4980e-04 -2.3531e-04 -2.2149e-04 -2.0832e-04 -1.9578e-04 -1.8385e-04 -1.7251e-04 -1.6174e-04 -1.5153e-04 -1.4185e-04 -1.3269e-04 -1.2402e-04 -1.1583e-04 -1.0809e-04 -1.0079e-04 -9.3912e-05 -8.7434e-05 -8.1339e-05 -7.5610e-05 -7.0230e-05 -6.5181e-05 -6.0448e-05 -5.6015e-05 -5.1866e-05 -4.7987e-05
-2.3592e-03 -2.3566e-03 -2.3523e-03 -2.3463e-03 -2.3386e-03 -2.3292e-03 -2.3182e-03 -2.3055e-03 -2.2912e-03 -2.2754e-03 -2.2580e-03 1.4684e-02 -2.2187e-03 -2.1969e-03 -2.1737e-03 -2.1492e-03 -2.1235e-03 -2.0965e-03 -2.0683e-03 -2.0390e-03 -2.0086e-03 -1.9773e-03 -1.9450e-03 -1.9119e-03 -1.8779e-03 -1.8432e-03 -1.8078e-03 -1.7717e-03 -1.7351e-03 -1.6981e-03 -1.6606e-03 -1.6227e-03 -1.5845e-03 -1.5461e-03 -1.5075e-03 -1.4688e-03 -1.4301e-03 -1.3913e-03 -1.3526e-03 -1.3140e-03 -1.2755e-03 -1.2373e-03 -1.1993e-03 -1.1616e-03 -1.1243e-03 -1.0874e-03 -1.0509e-03 -1.0149e-03 -9.7941e-04 -9.4444e-04 -9.1005e-04 -8.7627e-04 -8.4311e-04 -8.1061e-04 -7.7878e-04 -7.4764e-04 -7.1722e-04 -6.8752e-04 -6.5856e-04 -6.3035e-04 -6.0290e-04 -5.7622e-04 -5.5031e-04 -5.2517e-04 -5.0080e-04 -4.7721e-04 -4.5439e-04 -4.3234e-04 -4.1105e-04 -3.9052e-04 -3.7074e-04 -3.5169e-04 -3.3337e-04 -3.1577e-04 -2.9887e-04 -2.8267e-04 -2.6714e-04 -2.5228e-04 -2.3806e-04 -2.2448e-04 -2.1151e-04 -1.9914e-04 -1.8736e-04 -1.7613e-04 -1.6546e-04 -1.5531e-04 -1.4568e-04 -1.3654e-04 -1.2788e-04 -1.1967e-04 -1.1191e-04 -1.0457e-04 -9.7644e-05 -9.1103e-05 -8.4936e-05 -7.9126e-05 -7.3658e-05 -6.8515e-05 -6.3684e-05 -5.9147e-05 -2.3592e-03 -2.3564e-03 -2.3518e-03 -2.3454e-03 -2.3373e-03 -2.3273e-03 -2.3156e-03 -2.3021e-03 -2.2870e-03 -2.2701e-03 -2.2517e-03 0.0000e+00 -2.2101e-03 -2.1870e-03 -2.1625e-03 -2.1366e-03 -2.1094e-03 -2.0809e-03 -2.0512e-03 -2.0204e-03 -1.9885e-03 -1.9555e-03 -1.9216e-03 -1.8869e-03 -1.8513e-03 -1.8150e-03 -1.7780e-03 -1.7404e-03 -1.7023e-03 -1.6637e-03 -1.6247e-03 -1.5854e-03 -1.5459e-03 -1.5062e-03 -1.4663e-03 -1.4264e-03 -1.3866e-03 -1.3467e-03 -1.3070e-03 -1.2675e-03 -1.2283e-03 -1.1893e-03 -1.1506e-03 -1.1124e-03 -1.0746e-03 -1.0372e-03 -1.0004e-03 -9.6417e-04 -9.2851e-04 -8.9347e-04 -8.5908e-04 -8.2537e-04 -7.9237e-04 -7.6010e-04 -7.2858e-04 -6.9782e-04 -6.6784e-04 -6.3865e-04 -6.1026e-04 -5.8268e-04 -5.5591e-04 -5.2996e-04 -5.0483e-04 -4.8052e-04 -4.5702e-04 -4.3433e-04 -4.1245e-04 -3.9137e-04 -3.7107e-04 -3.5156e-04 -3.3281e-04 -3.1481e-04 -2.9756e-04 -2.8104e-04 -2.6522e-04 -2.5010e-04 -2.3566e-04 -2.2188e-04 -2.0874e-04 -1.9623e-04 -1.8432e-04 -1.7301e-04 -1.6226e-04 -1.5206e-04 -1.4239e-04 -1.3323e-04 -1.2456e-04 -1.1637e-04 -1.0863e-04 -1.0133e-04 -9.4441e-05 -8.7954e-05 -8.1849e-05 -7.6109e-05 -7.0716e-05 -6.5654e-05 -6.0907e-05 -5.6459e-05 -5.2295e-05 -4.8401e-05
-2.3357e-03 -2.3332e-03 -2.3290e-03 -2.3232e-03 -2.3157e-03 -2.3065e-03 -2.2958e-03 -2.2834e-03 -2.2695e-03 -2.2541e-03 -2.2371e-03 -2.2187e-03 1.7232e-02 -2.1776e-03 -2.1550e-03 -2.1311e-03 -2.1060e-03 -2.0796e-03 -2.0521e-03 -2.0235e-03 -1.9939e-03 -1.9633e-03 -1.9317e-03 -1.8993e-03 -1.8661e-03 -1.8321e-03 -1.7975e-03 -1.7622e-03 -1.7264e-03 -1.6901e-03 -1.6533e-03 -1.6162e-03 -1.5788e-03 -1.5411e-03 -1.5032e-03 -1.4652e-03 -1.4271e-03 -1.3890e-03 -1.3510e-03 -1.3130e-03 -1.2751e-03 -1.2375e-03 -1.2001e-03 -1.1629e-03 -1.1261e-03 -1.0897e-03 -1.0537e-03 -1.0181e-03 -9.8298e-04 -9.4839e-04 -9.1435e-04 -8.8089e-04 -8.4803e-04 -8.1580e-04 -7.8421e-04 -7.5330e-04 -7.2307e-04 -6.9354e-04 -6.6473e-04 -6.3665e-04 -6.0930e-04 -5.8270e-04 -5.5685e-04 -5.3175e-04 -5.0741e-04 -4.8382e-04 -4.6099e-04 -4.3891e-04 -4.1758e-04 -3.9698e-04 -3.7713e-04 -3.5800e-04 -3.3959e-04 -3.2189e-04 -3.0488e-04 -2.8855e-04 -2.7290e-04 -2.5790e-04 -2.4355e-04 -2.2982e-04 -2.1670e-04 -2.0418e-04 -1.9224e-04 -1.8086e-04 -1.7003e-04 -1.5972e-04 -1.4993e-04 -1.4063e-04 -1.3181e-04 -1.2345e-04 -1.1553e-04 -1.0804e-04 -1.0096e-04 -9.4273e-05 -8.7961e-05 -8.2009e-05 -7.6403e-05 -7.1126e-05 -6.6163e-05 -6.1500e-05 -2.3357e-03 -2.3330e-03 -2.3285e-03 -2.3222e-03 -2.3141e-03 -2.3043e-03 -2.2928e-03 -2.2795e-03 -2.2646e-03 -2.2480e-03 -2.2298e-03 -2.2101e-03 0.0000e+00 -2.1661e-03 -2.1420e-03 -2.1165e-03 -2.0896e-03 -2.0616e-03 -2.0323e-03 -2.0019e-03 -1.9704e-03 -1.9379e-03 -1.9045e-03 -1.8702e-03 -1.8352e-03 -1.7993e-03 -1.7628e-03 -1.7258e-03 -1.6882e-03 -1.6501e-03 -1.6116e-03 -1.5729e-03 -1.5338e-03 -1.4946e-03 -1.4553e-03 -1.4159e-03 -1.3765e-03 -1.3372e-03 -1.2979e-03 -1.2589e-03 -1.2201e-03 -1.1816e-03 -1.1434e-03 -1.1056e-03 -1.0682e-03 -1.0312e-03 -9.9482e-04 -9.5895e-04 -9.2365e-04 -8.8896e-04 -8.5492e-04 -8.2154e-04 -7.8886e-04 -7.5689e-04 -7.2565e-04 -6.9517e-04 -6.6544e-04 -6.3650e-04 -6.0835e-04 -5.8099e-04 -5.5443e-04 -5.2868e-04 -5.0373e-04 -4.7959e-04 -4.5625e-04 -4.3371e-04 -4.1196e-04 -3.9101e-04 -3.7083e-04 -3.5142e-04 -3.3277e-04 -3.1486e-04 -2.9769e-04 -2.8123e-04 -2.6548e-04 -2.5042e-04 -2.3603e-04 -2.2229e-04 -2.0920e-04 -1.9672e-04 -1.8484e-04 -1.7354e-04 -1.6281e-04 -1.5262e-04 -1.4296e-04 -1.3381e-04 -1.2515e-04 -1.1695e-04 -1.0921e-04 -1.0190e-04 -9.5011e-05 -8.8515e-05 -8.2400e-05 -7.6648e-05 -7.1242e-05 -6.6166e-05 -6.1404e-05 -5.6940e-05 -5.2760e-05 -4.8849e-05
-2.3107e-03 -2.3082e-03 -2.3042e-03 -2.2985e-03 -2.2912e-03 -2.2823e-03 -2.2718e-03 -2.2599e-03 -2.2463e-03 -2.2313e-03 -2.2148e-03 -2.1969e-03 -2.1776e-03 1.9985e-02 -2.1349e-03 -2.1117e-03 -2.0872e-03 -2.0616e-03 -2.0348e-03 -2.0069e-03 -1.9780e-03 -1.9482e-03 -1.9174e-03 -1.8858e-03 -1.8534e-03 -1.8203e-03 -1.7864e-03 -1.7520e-03 -1.7170e-03 -1.6815e-03 -1.6455e-03 -1.6092e-03 -1.5726e-03 -1.5357e-03 -1.4986e-03 -1.4613e-03 -1.4239e-03 -1.3865e-03 -1.3492e-03 -1.3118e-03 -1.2747e-03 -1.2376e-03 -1.2008e-03 -1.1642e-03 -1.1280e-03 -1.0921e-03 -1.0565e-03 -1.0214e-03 -9.8673e-04 -9.5255e-04 -9.1889e-04 -8.8577e-04 -8.5323e-04 -8.2129e-04 -7.8997e-04 -7.5930e-04 -7.2928e-04 -6.9994e-04 -6.7129e-04 -6.4334e-04 -6.1611e-04 -5.8960e-04 -5.6382e-04 -5.3877e-04 -5.1445e-04 -4.9087e-04 -4.6803e-04 -4.4592e-04 -4.2455e-04 -4.0390e-04 -3.8397e-04 -3.6476e-04 -3.4625e-04 -3.2844e-04 -3.1132e-04 -2.9487e-04 -2.7908e-04 -2.6394e-04 -2.4944e-04 -2.3555e-04 -2.2228e-04 -2.0960e-04 -1.9749e-04 -1.8595e-04 -1.7495e-04 -1.6447e-04 -1.5451e-04 -1.4504e-04 -1.3605e-04 -1.2753e-04 -1.1944e-04 -1.1179e-04 -1.0455e-04 -9.7700e-05 -9.1233e-05 -8.5130e-05 -7.9375e-05 -7.3954e-05 -6.8851e-05 -6.4051e-05 -2.3106e-03 -2.3079e-03 -2.3035e-03 -2.2973e-03 -2.2894e-03 -2.2797e-03 -2.2684e-03 -2.2553e-03 -2.2406e-03 -2.2243e-03 -2.2065e-03 -2.1870e-03 -2.1661e-03 0.0000e+00 -2.1200e-03 -2.0949e-03 -2.0685e-03 -2.0409e-03 -2.0120e-03 -1.9821e-03 -1.9511e-03 -1.9191e-03 -1.8862e-03 -1.8524e-03 -1.8179e-03 -1.7826e-03 -1.7467e-03 -1.7101e-03 -1.6731e-03 -1.6355e-03 -1.5976e-03 -1.5594e-03 -1.5209e-03 -1.4823e-03 -1.4435e-03 -1.4046e-03 -1.3657e-03 -1.3269e-03 -1.2882e-03 -1.2497e-03 -1.2113e-03 -1.1733e-03 -1.1356e-03 -1.0982e-03 -1.0613e-03 -1.0248e-03 -9.8879e-04 -9.5333e-04 -9.1843e-04 -8.8412e-04 -8.5044e-04 -8.1742e-04 -7.8507e-04 -7.5342e-04 -7.2249e-04 -6.9230e-04 -6.6286e-04 -6.3418e-04 -6.0628e-04 -5.7916e-04 -5.5282e-04 -5.2728e-04 -5.0253e-04 -4.7857e-04 -4.5540e-04 -4.3302e-04 -4.1142e-04 -3.9060e-04 -3.7055e-04 -3.5126e-04 -3.3271e-04 -3.1490e-04 -2.9781e-04 -2.8144e-04 -2.6576e-04 -2.5076e-04 -2.3642e-04 -2.2273e-04 -2.0968e-04 -1.9723e-04 -1.8538e-04 -1.7411e-04 -1.6340e-04 -1.5323e-04 -1.4358e-04 -1.3443e-04 -1.2577e-04 -1.1758e-04 -1.0983e-04 -1.0252e-04 -9.5622e-05 -8.9117e-05 -8.2991e-05 -7.7226e-05 -7.1806e-05 -6.6715e-05 -6.1937e-05 -5.7457e-05 -5.3260e-05 -4.9331e-05
-2.2840e-03 -2.2817e-03 -2.2777e-03 -2.2722e-03 -2.2651e-03 -2.2565e-03 -2.2464e-03 -2.2348e-03 -2.2217e-03 -2.2071e-03 -2.1911e-03 -2.1737e-03 -2.1550e-03 -2.1349e-03 2.2941e-02 -2.0910e-03 -2.0673e-03 -2.0423e-03 -2.0163e-03 -1.9892e-03 -1.9611e-03 -1.9321e-03 -1.9022e-03 -1.8714e-03 -1.8399e-03 -1.8076e-03 -1.7746e-03 -1.7410e-03 -1.7069e-03 -1.6722e-03 -1.6372e-03 -1.6017e-03 -1.5659e-03 -1.5298e-03 -1.4935e-03 -1.4570e-03 -1.4204e-03 -1.3838e-03 -1.3471e-03 -1.3105e-03 -1.2740e-03 -1.2377e-03 -1.2015e-03 -1.1655e-03 -1.1298e-03 -1.0945e-03 -1.0595e-03 -1.0248e-03 -9.9063e-04 -9.5688e-04 -9.2362e-04 -8.9089e-04 -8.5869e-04 -8.2707e-04 -7.9603e-04 -7.6562e-04 -7.3583e-04 -7.0669e-04 -6.7822e-04 -6.5042e-04 -6.2331e-04 -5.9690e-04 -5.7120e-04 -5.4620e-04 -5.2192e-04 -4.9835e-04 -4.7551e-04 -4.5338e-04 -4.3196e-04 -4.1126e-04 -3.9126e-04 -3.7196e-04 -3.5335e-04 -3.3543e-04 -3.1818e-04 -3.0160e-04 -2.8567e-04 -2.7038e-04 -2.5573e-04 -2.4168e-04 -2.2824e-04 -2.1539e-04 -2.0311e-04 -1.9139e-04 -1.8021e-04 -1.6956e-04 -1.5942e-04 -1.4978e-04 -1.4061e-04 -1.3190e-04 -1.2364e-04 -1.1582e-04 -1.0840e-04 -1.0139e-04 -9.4755e-05 -8.8490e-05 -8.2577e-05 -7.7002e-05 -7.1748e-05 -6.6803e-05 -2.2840e-03 -2.2813e-03 -2.2770e-03 -2.2709e-03 -2.2631e-03 -2.2536e-03 -2.2425e-03 -2.2296e-03 -2.2152e-03 -2.1992e-03 -2.1816e-03 -2.1625e-03 -2.1420e-03 -2.1200e-03 0.0000e+00 -2.0720e-03 -2.0460e-03 -2.0188e-03 -1.9905e-03 -1.9611e-03 -1.9306e-03 -1.8991e-03 -1.8667e-03 -1.8335e-03 -1.7995e-03 -1.7648e-03 -1.7294e-03 -1.6935e-03 -1.6570e-03 -1.6200e-03 -1.5827e-03 -1.5451e-03 -1.5072e-03 -1.4691e-03 -1.4308e-03 -1.3925e-03 -1.3542e-03 -1.3160e-03 -1.2778e-03 -1.2398e-03 -1.2020e-03 -1.1645e-03 -1.1273e-03 -1.0904e-03 -1.0539e-03 -1.0179e-03 -9.8235e-04 -9.4732e-04 -9.1284e-04 -8.7894e-04 -8.4565e-04 -8.1300e-04 -7.8101e-04 -7.4971e-04 -7.1911e-04 -6.8923e-04 -6.6009e-04 -6.3169e-04 -6.0405e-04 -5.7718e-04 -5.5109e-04 -5.2577e-04 -5.0123e-04 -4.7746e-04 -4.5448e-04 -4.3227e-04 -4.1083e-04 -3.9016e-04 -3.7024e-04 -3.5107e-04 -3.3264e-04 -3.1493e-04 -2.9794e-04 -2.8164e-04 -2.6604e-04 -2.5111e-04 -2.3683e-04 -2.2319e-04 -2.1018e-04 -1.9777e-04 -1.8596e-04 -1.7471e-04 -1.6402e-04 -1.5386e-04 -1.4423e-04 -1.3509e-04 -1.2643e-04 -1.1824e-04 -1.1050e-04 -1.0318e-04 -9.6272e-05 -8.9758e-05 -8.3620e-05 -7.7843e-05 -7.2408e-05 -6.7302e-05 -6.2507e-05 -5.8009e-05 -5.3794e-05 -4.9847e-05
-2.2559e-03 -2.2536e-03 -2.2498e-03 -2.2445e-03 -2.2376e-03 -2.2293e-03 -2.2195e-03 -2.2083e-03 -2.1956e-03 -2.1815e-03 -2.1661e-03 -2.1492e-03 -2.1311e-03 -2.1117e-03 -2.0910e-03 2.6101e-02 -2.0461e-03 -2.0220e-03 -1.9967e-03 -1.9705e-03 -1.9432e-03 -1.9151e-03 -1.8860e-03 -1.8561e-03 -1.8255e-03 -1.7941e-03 -1.7620e-03 -1.7294e-03 -1.6961e-03 -1.6624e-03 -1.6282e-03 -1.5936e-03 -1.5587e-03 -1.5235e-03 -1.4880e-03 -1.4524e-03 -1.4166e-03 -1.3808e-03 -1.3449e-03 -1.3090e-03 -1.2733e-03 -1.2376e-03 -1.2021e-03 -1.1668e-03 -1.1317e-03 -1.0969e-03 -1.0625e-03 -1.0284e-03 -9.9465e-04 -9.6137e-04 -9.2854e-04 -8.9621e-04 -8.6438e-04 -8.3309e-04 -8.0237e-04 -7.7223e-04 -7.4269e-04 -7.1377e-04 -6.8549e-04 -6.5786e-04 -6.3088e-04 -6.0459e-04 -5.7897e-04 -5.5403e-04 -5.2979e-04 -5.0625e-04 -4.8340e-04 -4.6125e-04 -4.3979e-04 -4.1903e-04 -3.9896e-04 -3.7957e-04 -3.6086e-04 -3.4283e-04 -3.2546e-04 -3.0874e-04 -2.9267e-04 -2.7723e-04 -2.6241e-04 -2.4820e-04 -2.3459e-04 -2.2156e-04 -2.0910e-04 -1.9719e-04 -1.8583e-04 -1.7499e-04 -1.6466e-04 -1.5482e-04 -1.4547e-04 -1.3658e-04 -1.2813e-04 -1.2012e-04 -1.1253e-04 -1.0533e-04 -9.8527e-05 -9.2091e-05 -8.6010e-05 -8.0271e-05 -7.4858e-05 -6.9758e-05 -2.2558e-03 -2.2532e-03 -2.2490e-03 -2.2430e-03 -2.2354e-03 -2.2260e-03 -2.2151e-03 -2.2025e-03 -2.1884e-03 -2.1726e-03 -2.1554e-03 -2.1366e-03 -2.1165e-03 -2.0949e-03 -2.0720e-03 0.0000e+00 -2.0222e-03 -1.9955e-03 -1.9677e-03 -1.9388e-03 -1.9089e-03 -1.8780e-03 -1.8462e-03 -1.8135e-03 -1.7801e-03 -1.7460e-03 -1.7112e-03 -1.6758e-03 -1.6399e-03 -1.6036e-03 -1.5669e-03 -1.5299e-03 -1.4926e-03 -1.4551e-03 -1.4175e-03 -1.3798e-03 -1.3420e-03 -1.3044e-03 -1.2668e-03 -1.2293e-03 -1.1921e-03 -1.1551e-03 -1.1184e-03 -1.0821e-03 -1.0461e-03 -1.0106e-03 -9.7550e-04 -9.4093e-04 -9.0689e-04 -8.7342e-04 -8.4054e-04 -8.0829e-04 -7.7668e-04 -7.4574e-04 -7.1549e-04 -6.8595e-04 -6.5712e-04 -6.2902e-04 -6.0167e-04 -5.7507e-04 -5.4922e-04 -5.2414e-04 -4.9983e-04 -4.7627e-04 -4.5348e-04 -4.3146e-04 -4.1019e-04 -3.8967e-04 -3.6989e-04 -3.5086e-04 -3.3254e-04 -3.1495e-04 -2.9805e-04 -2.8185e-04 -2.6632e-04 -2.5146e-04 -2.3725e-04 -2.2367e-04 -2.1070e-04 -1.9834e-04 -1.8656e-04 -1.7534e-04 -1.6467e-04 -1.5454e-04 -1.4491e-04 -1.3579e-04 -1.2713e-04 -1.1894e-04 -1.1120e-04 -1.0387e-04 -9.6960e-05 -9.0437e-05 -8.4288e-05 -7.8497e-05 -7.3048e-05 -6.7925e-05 -6.3113e-05 -5.8597e-05 -5.4362e-05 -5.0395e-05
