1.0099e-04 -1.2494e-03 -1.2488e-03 -1.2479e-03 -1.2468e-03 -1.2454e-03 -1.2438e-03 -1.2419e-03 -1.2398e-03 -1.2374e-03 -1.2348e-03 -1.2320e-03 -1.2289e-03 -1.2256e-03 -1.2221e-03 -1.2183e-03 -1.2143e-03 -1.2100e-03 -1.2056e-03 -1.2009e-03 -1.1960e-03 -1.1908e-03 -1.1855e-03 -1.1799e-03 -1.1742e-03 -1.1682e-03 -1.1620e-03 -1.1556e-03 -1.1491e-03 -1.1423e-03 -1.1354e-03 -1.1282e-03 -1.1209e-03 -1.1134e-03 -1.1058e-03 -1.0980e-03 -1.0900e-03 -1.0818e-03 -1.0735e-03 -1.0651e-03 -1.0565e-03 -1.0478e-03 -1.0389e-03 -1.0299e-03 -1.0208e-03 -1.0115e-03 -1.0022e-03 -9.9270e-04 -9.8312e-04 -9.7344e-04 -9.6366e-04 -9.5379e-04 -9.4383e-04 -9.3378e-04 -9.2366e-04 -9.1347e-04 -9.0320e-04 -8.9288e-04 -8.8249e-04 -8.7206e-04 -8.6157e-04 -8.5104e-04 -8.4047e-04 -8.2986e-04 -8.1923e-04 -8.0857e-04 -7.9789e-04 -7.8719e-04 -7.7648e-04 -7.6576e-04 -7.5504e-04 -7.4432e-04 -7.3361e-04 -7.2291e-04 -7.1222e-04 -7.0155e-04 -6.9089e-04 -6.8027e-04 -6.6967e-04 -6.5911e-04 -6.4859e-04 -6.3810e-04 -6.2766e-04 -6.1727e-04 -6.0693e-04 -5.9664e-04 -5.8641e-04 -5.7623e-04 -5.6613e-04 -5.5608e-04 -5.4611e-04 -5.3621e-04 -5.2638e-04 -5.1663e-04 -5.0696e-04 -4.9737e-04 -4.8787e-04 -4.7845e-04 -4.6911e-04 -4.5987e-04 0.0000e+00 -1.2494e-03 -1.2488e-03 -1.2479e-03 -1.2468e-03 -1.2454e-03 -1.2438e-03 -1.2419e-03 -1.2398e-03 -1.2374e-03 -1.2348e-03 -1.2320e-03 -1.2289e-03 -1.2256e-03 -1.2221e-03 -1.2183e-03 -1.2143e-03 -1.2100e-03 -1.2056e-03 -1.2009e-03 -1.1960e-03 -1.1908e-03 -1.1855e-03 -1.1799e-03 -1.1742e-03 -1.1682e-03 -1.1620e-03 -1.1556e-03 -1.1491e-03 -1.1423e-03 -1.1354e-03 -1.1282e-03 -1.1209e-03 -1.1134e-03 -1.1058e-03 -1.0980e-03 -1.0900e-03 -1.0818e-03 -1.0735e-03 -1.0651e-03 -1.0565e-03 -1.0478e-03 -1.0389e-03 -1.0299e-03 -1.0208e-03 -1.0115e-03 -1.0022e-03 -9.9268e-04 -9.8310e-04 -9.7342e-04 -9.6363e-04 -9.5376e-04 -9.4380e-04 -9.3375e-04 -9.2363e-04 -9.1344e-04 -9.0317e-04 -8.9285e-04 -8.8246e-04 -8.7202e-04 -8.6154e-04 -8.5101e-04 -8.4043e-04 -8.2983e-04 -8.1919e-04 -8.0853e-04 -7.9785e-04 -7.8715e-04 -7.7644e-04 -7.6573e-04 -7.5500e-04 -7.4429e-04 -7.3357e-04 -7.2287e-04 -7.1218e-04 -7.0150e-04 -6.9085e-04 -6.8023e-04 -6.6963e-04 -6.5907e-04 -6.4855e-04 -6.3806e-04 -6.2762e-04 -6.1723e-04 -6.0688e-04 -5.9659e-04 -5.8636e-04 -5.7619e-04 -5.6608e-04 -5.5604e-04 -5.4607e-04 -5.3616e-04 -5.2634e-04 -5.1659e-04 -5.0692e-04 -4.9733e-04 -4.8782e-04 -4.7840e-04 -4.6907e-04 -4.5983e-04
-1.2494e-03 4.0398e-04 -1.2484e-03 -1.2475e-03 -1.2464e-03 -1.2450e-03 -1.2434e-03 -1.2415e-03 -1.2394e-03 -1.2371e-03 -1.2345e-03 -1.2316e-03 -1.2286e-03 -1.2253e-03 -1.2217e-03 -1.2179e-03 -1.2139e-03 -1.2097e-03 -1.2052e-03 -1.2005e-03 -1.1956e-03 -1.1905e-03 -1.1852e-03 -1.1796e-03 -1.1738e-03 -1.1679e-03 -1.1617e-03 -1.1553e-03 -1.1488e-03 -1.1420e-03 -1.1351e-03 -1.1280e-03 -1.1207e-03 -1.1132e-03 -1.1055e-03 -1.0977e-03 -1.0897e-03 -1.0816e-03 -1.0733e-03 -1.0649e-03 -1.0563e-03 -1.0475e-03 -1.0387e-03 -1.0297e-03 -1.0206e-03 -1.0113e-03 -1.0020e-03 -9.9251e-04 -9.8293e-04 -9.7326e-04 -9.6348e-04 -9.5362e-04 -9.4366e-04 -9.3362e-04 -9.2351e-04 -9.1332e-04 -9.0306e-04 -8.9274e-04 -8.8237e-04 -8.7193e-04 -8.6145e-04 -8.5093e-04 -8.4037e-04 -8.2977e-04 -8.1914e-04 -8.0848e-04 -7.9781e-04 -7.8712e-04 -7.7641e-04 -7.6570e-04 -7.5499e-04 -7.4427e-04 -7.3357e-04 -7.2287e-04 -7.1218e-04 -7.0152e-04 -6.9087e-04 -6.8025e-04 -6.6966e-04 -6.5910e-04 -6.4858e-04 -6.3810e-04 -6.2767e-04 -6.1728e-04 -6.0694e-04 -5.9666e-04 -5.8643e-04 -5.7626e-04 -5.6616e-04 -5.5612e-04 -5.4615e-04 -5.3625e-04 -5.2643e-04 -5.1668e-04 -5.0701e-04 -4.9743e-04 -4.8793e-04 -4.7851e-04 -4.6918e-04 -4.5994e-04 -1.2494e-03 0.0000e+00 -1.2484e-03 -1.2475e-03 -1.2464e-03 -1.2450e-03 -1.2434e-03 -1.2415e-03 -1.2394e-03 -1.2371e-03 -1.2345e-03 -1.2316e-03 -1.2286e-03 -1.2253e-03 -1.2217e-03 -1.2179e-03 -1.2139e-03 -1.2097e-03 -1.2052e-03 -1.2005e-03 -1.1956e-03 -1.1905e-03 -1.1851e-03 -1.1796e-03 -1.1738e-03 -1.1678e-03 -1.1617e-03 -1.1553e-03 -1.1487e-03 -1.1420e-03 -1.1350e-03 -1.1279e-03 -1.1206e-03 -1.1131e-03 -1.1055e-03 -1.0976e-03 -1.0897e-03 -1.0815e-03 -1.0732e-03 -1.0648e-03 -1.0562e-03 -1.0475e-03 -1.0386e-03 -1.0296e-03 -1.0205e-03 -1.0112e-03 -1.0019e-03 -9.9242e-04 -9.8284e-04 -9.7316e-04 -9.6338e-04 -9.5351e-04 -9.4356e-04 -9.3352e-04 -9.2340e-04 -9.1321e-04 -9.0295e-04 -8.9262e-04 -8.8224e-04 -8.7181e-04 -8.6133e-04 -8.5080e-04 -8.4023e-04 -8.2963e-04 -8.1900e-04 -8.0834e-04 -7.9766e-04 -7.8697e-04 -7.7627e-04 -7.6555e-04 -7.5484e-04 -7.4412e-04 -7.3341e-04 -7.2271e-04 -7.1202e-04 -7.0136e-04 -6.9071e-04 -6.8009e-04 -6.6949e-04 -6.5894e-04 -6.4841e-04 -6.3793e-04 -6.2750e-04 -6.1711e-04 -6.0677e-04 -5.9648e-04 -5.8625e-04 -5.7608e-04 -5.6598e-04 -5.5594e-04 -5.4597e-04 -5.3607e-04 -5.2625e-04 -5.1650e-04 -5.0683e-04 -4.9725e-04 -4.8774e-04 -4.7833e-04 -4.6900e-04 -4.5976e-04
-1.2488e-03 -1.2484e-03 9.0895e-04 -1.2469e-03 -1.2458e-03 -1.2444e-03 -1.2428e-03 -1.2409e-03 -1.2388e-03 -1.2365e-03 -1.2339e-03 -1.2310e-03 -1.2280e-03 -1.2247e-03 -1.2211e-03 -1.2174e-03 -1.2133e-03 -1.2091e-03 -1.2047e-03 -1.2000e-03 -1.1951e-03 -1.1899e-03 -1.1846e-03 -1.1791e-03 -1.1733e-03 -1.1673e-03 -1.1612e-03 -1.1548e-03 -1.1483e-03 -1.1415e-03 -1.1346e-03 -1.1275e-03 -1.1202e-03 -1.1127e-03 -1.1051e-03 -1.0973e-03 -1.0893e-03 -1.0812e-03 -1.0729e-03 -1.0645e-03 -1.0559e-03 -1.0472e-03 -1.0383e-03 -1.0293e-03 -1.0202e-03 -1.0110e-03 -1.0016e-03 -9.9219e-04 -9.8262e-04 -9.7295e-04 -9.6319e-04 -9.5333e-04 -9.4339e-04 -9.3336e-04 -9.2326e-04 -9.1308e-04 -9.0283e-04 -8.9252e-04 -8.8216e-04 -8.7173e-04 -8.6126e-04 -8.5075e-04 -8.4020e-04 -8.2961e-04 -8.1899e-04 -8.0834e-04 -7.9768e-04 -7.8700e-04 -7.7630e-04 -7.6560e-04 -7.5490e-04 -7.4419e-04 -7.3349e-04 -7.2280e-04 -7.1213e-04 -7.0147e-04 -6.9083e-04 -6.8022e-04 -6.6964e-04 -6.5909e-04 -6.4858e-04 -6.3811e-04 -6.2768e-04 -6.1730e-04 -6.0697e-04 -5.9669e-04 -5.8647e-04 -5.7631e-04 -5.6621e-04 -5.5618e-04 -5.4622e-04 -5.3633e-04 -5.2651e-04 -5.1677e-04 -5.0710e-04 -4.9752e-04 -4.8803e-04 -4.7861e-04 -4.6929e-04 -4.6006e-04 -1.2488e-03 -1.2484e-03 0.0000e+00 -1.2469e-03 -1.2458e-03 -1.2444e-03 -1.2428e-03 -1.2409e-03 -1.2388e-03 -1.2365e-03 -1.2339e-03 -1.2310e-03 -1.2280e-03 -1.2246e-03 -1.2211e-03 -1.2173e-03 -1.2133e-03 -1.2091e-03 -1.2046e-03 -1.1999e-03 -1.1950e-03 -1.1899e-03 -1.1846e-03 -1.1790e-03 -1.1732e-03 -1.1673e-03 -1.1611e-03 -1.1547e-03 -1.1482e-03 -1.1414e-03 -1.1345e-03 -1.1274e-03 -1.1201e-03 -1.1126e-03 -1.1049e-03 -1.0971e-03 -1.0892e-03 -1.0810e-03 -1.0727e-03 -1.0643e-03 -1.0557e-03 -1.0470e-03 -1.0381e-03 -1.0291e-03 -1.0200e-03 -1.0108e-03 -1.0014e-03 -9.9198e-04 -9.8241e-04 -9.7273e-04 -9.6296e-04 -9.5310e-04 -9.4315e-04 -9.3312e-04 -9.2301e-04 -9.1282e-04 -9.0257e-04 -8.9225e-04 -8.8188e-04 -8.7145e-04 -8.6098e-04 -8.5046e-04 -8.3990e-04 -8.2930e-04 -8.1868e-04 -8.0803e-04 -7.9736e-04 -7.8667e-04 -7.7597e-04 -7.6526e-04 -7.5455e-04 -7.4384e-04 -7.3314e-04 -7.2245e-04 -7.1177e-04 -7.0111e-04 -6.9047e-04 -6.7985e-04 -6.6926e-04 -6.5871e-04 -6.4820e-04 -6.3772e-04 -6.2729e-04 -6.1691e-04 -6.0657e-04 -5.9629e-04 -5.8607e-04 -5.7591e-04 -5.6581e-04 -5.5577e-04 -5.4581e-04 -5.3592e-04 -5.2610e-04 -5.1636e-04 -5.0669e-04 -4.9711e-04 -4.8761e-04 -4.7820e-04 -4.6888e-04 -4.5964e-04
-1.2479e-03 -1.2475e-03 -1.2469e-03 1.6159e-03 -1.2449e-03 -1.2435e-03 -1.2419e-03 -1.2401e-03 -1.2380e-03 -1.2356e-03 -1.2330e-03 -1.2302e-03 -1.2271e-03 -1.2238e-03 -1.2203e-03 -1.2165e-03 -1.2125e-03 -1.2083e-03 -1.2039e-03 -1.1992e-03 -1.1943e-03 -1.1892e-03 -1.1838e-03 -1.1783e-03 -1.1726e-03 -1.1666e-03 -1.1605e-03 -1.1541e-03 -1.1476e-03 -1.1408e-03 -1.1339e-03 -1.1268e-03 -1.1195e-03 -1.1121e-03 -1.1044e-03 -1.0966e-03 -1.0887e-03 -1.0806e-03 -1.0723e-03 -1.0639e-03 -1.0553e-03 -1.0466e-03 -1.0378e-03 -1.0288e-03 -1.0197e-03 -1.0105e-03 -1.0012e-03 -9.9173e-04 -9.8218e-04 -9.7253e-04 -9.6278e-04 -9.5294e-04 -9.4301e-04 -9.3299e-04 -9.2290e-04 -9.1274e-04 -9.0251e-04 -8.9221e-04 -8.8186e-04 -8.7145e-04 -8.6100e-04 -8.5050e-04 -8.3996e-04 -8.2938e-04 -8.1878e-04 -8.0815e-04 -7.9750e-04 -7.8683e-04 -7.7615e-04 -7.6546e-04 -7.5477e-04 -7.4408e-04 -7.3339e-04 -7.2271e-04 -7.1205e-04 -7.0140e-04 -6.9078e-04 -6.8018e-04 -6.6961e-04 -6.5907e-04 -6.4857e-04 -6.3811e-04 -6.2769e-04 -6.1732e-04 -6.0700e-04 -5.9673e-04 -5.8652e-04 -5.7637e-04 -5.6629e-04 -5.5626e-04 -5.4631e-04 -5.3643e-04 -5.2662e-04 -5.1688e-04 -5.0723e-04 -4.9766e-04 -4.8817e-04 -4.7876e-04 -4.6944e-04 -4.6022e-04 -1.2479e-03 -1.2475e-03 -1.2469e-03 0.0000e+00 -1.2449e-03 -1.2435e-03 -1.2419e-03 -1.2400e-03 -1.2379e-03 -1.2356e-03 -1.2330e-03 -1.2302e-03 -1.2271e-03 -1.2238e-03 -1.2203e-03 -1.2165e-03 -1.2125e-03 -1.2082e-03 -1.2038e-03 -1.1991e-03 -1.1942e-03 -1.1891e-03 -1.1837e-03 -1.1782e-03 -1.1724e-03 -1.1665e-03 -1.1603e-03 -1.1540e-03 -1.1474e-03 -1.1407e-03 -1.1337e-03 -1.1266e-03 -1.1193e-03 -1.1119e-03 -1.1042e-03 -1.0964e-03 -1.0884e-03 -1.0803e-03 -1.0720e-03 -1.0636e-03 -1.0550e-03 -1.0463e-03 -1.0375e-03 -1.0285e-03 -1.0194e-03 -1.0102e-03 -1.0008e-03 -9.9137e-04 -9.8180e-04 -9.7214e-04 -9.6238e-04 -9.5252e-04 -9.4258e-04 -9.3256e-04 -9.2246e-04 -9.1228e-04 -9.0204e-04 -8.9173e-04 -8.8137e-04 -8.7095e-04 -8.6049e-04 -8.4997e-04 -8.3942e-04 -8.2884e-04 -8.1822e-04 -8.0758e-04 -7.9692e-04 -7.8625e-04 -7.7556e-04 -7.6486e-04 -7.5416e-04 -7.4346e-04 -7.3277e-04 -7.2208e-04 -7.1141e-04 -7.0076e-04 -6.9013e-04 -6.7952e-04 -6.6894e-04 -6.5840e-04 -6.4789e-04 -6.3743e-04 -6.2700e-04 -6.1663e-04 -6.0630e-04 -5.9603e-04 -5.8582e-04 -5.7566e-04 -5.6557e-04 -5.5554e-04 -5.4559e-04 -5.3570e-04 -5.2589e-04 -5.1615e-04 -5.0650e-04 -4.9692e-04 -4.8743e-04 -4.7803e-04 -4.6871e-04 -4.5948e-04
-1.2468e-03 -1.2464e-03 -1.2458e-03 -1.2449e-03 2.5249e-03 -1.2424e-03 -1.2408e-03 -1.2390e-03 -1.2369e-03 -1.2345e-03 -1.2319e-03 -1.2291e-03 -1.2261e-03 -1.2228e-03 -1.2192e-03 -1.2155e-03 -1.2115e-03 -1.2073e-03 -1.2028e-03 -1.1982e-03 -1.1933e-03 -1.1882e-03 -1.1829e-03 -1.1773e-03 -1.1716e-03 -1.1657e-03 -1.1595e-03 -1.1532e-03 -1.1467e-03 -1.1399e-03 -1.1330e-03 -1.1260e-03 -1.1187e-03 -1.1112e-03 -1.1036e-03 -1.0958e-03 -1.0879e-03 -1.0798e-03 -1.0716e-03 -1.0632e-03 -1.0546e-03 -1.0459e-03 -1.0371e-03 -1.0282e-03 -1.0191e-03 -1.0099e-03 -1.0006e-03 -9.9115e-04 -9.8161e-04 -9.7198e-04 -9.6225e-04 -9.5243e-04 -9.4252e-04 -9.3252e-04 -9.2245e-04 -9.1231e-04 -9.0209e-04 -8.9182e-04 -8.8148e-04 -8.7109e-04 -8.6065e-04 -8.5017e-04 -8.3965e-04 -8.2909e-04 -8.1851e-04 -8.0789e-04 -7.9726e-04 -7.8661e-04 -7.7595e-04 -7.6528e-04 -7.5460e-04 -7.4393e-04 -7.3326e-04 -7.2260e-04 -7.1195e-04 -7.0132e-04 -6.9071e-04 -6.8013e-04 -6.6957e-04 -6.5905e-04 -6.4856e-04 -6.3811e-04 -6.2771e-04 -6.1735e-04 -6.0705e-04 -5.9679e-04 -5.8660e-04 -5.7646e-04 -5.6638e-04 -5.5637e-04 -5.4643e-04 -5.3656e-04 -5.2676e-04 -5.1703e-04 -5.0739e-04 -4.9783e-04 -4.8835e-04 -4.7895e-04 -4.6964e-04 -4.6042e-04 -1.2468e-03 -1.2464e-03 -1.2458e-03 -1.2449e-03 0.0000e+00 -1.2424e-03 -1.2408e-03 -1.2389e-03 -1.2368e-03 -1.2345e-03 -1.2319e-03 -1.2291e-03 -1.2260e-03 -1.2227e-03 -1.2192e-03 -1.2154e-03 -1.2114e-03 -1.2072e-03 -1.2027e-03 -1.1980e-03 -1.1932e-03 -1.1880e-03 -1.1827e-03 -1.1772e-03 -1.1714e-03 -1.1655e-03 -1.1593e-03 -1.1530e-03 -1.1464e-03 -1.1397e-03 -1.1328e-03 -1.1257e-03 -1.1184e-03 -1.1109e-03 -1.1033e-03 -1.0955e-03 -1.0875e-03 -1.0794e-03 -1.0712e-03 -1.0627e-03 -1.0542e-03 -1.0455e-03 -1.0366e-03 -1.0277e-03 -1.0186e-03 -1.0094e-03 -1.0000e-03 -9.9058e-04 -9.8103e-04 -9.7137e-04 -9.6162e-04 -9.5178e-04 -9.4185e-04 -9.3184e-04 -9.2175e-04 -9.1159e-04 -9.0136e-04 -8.9107e-04 -8.8071e-04 -8.7031e-04 -8.5986e-04 -8.4936e-04 -8.3882e-04 -8.2825e-04 -8.1764e-04 -8.0702e-04 -7.9637e-04 -7.8570e-04 -7.7502e-04 -7.6434e-04 -7.5365e-04 -7.4296e-04 -7.3228e-04 -7.2161e-04 -7.1095e-04 -7.0031e-04 -6.8969e-04 -6.7909e-04 -6.6853e-04 -6.5800e-04 -6.4750e-04 -6.3704e-04 -6.2663e-04 -6.1627e-04 -6.0595e-04 -5.9569e-04 -5.8549e-04 -5.7534e-04 -5.6526e-04 -5.5525e-04 -5.4530e-04 -5.3542e-04 -5.2562e-04 -5.1589e-04 -5.0625e-04 -4.9668e-04 -4.8720e-04 -4.7780e-04 -4.6849e-04 -4.5927e-04
-1.2454e-03 -1.2450e-03 -1.2444e-03 -1.2435e-03 -1.2424e-03 3.6358e-03 -1.2395e-03 -1.2376e-03 -1.2355e-03 -1.2332e-03 -1.2306e-03 -1.2278e-03 -1.2247e-03 -1.2215e-03 -1.2179e-03 -1.2142e-03 -1.2102e-03 -1.2060e-03 -1.2016e-03 -1.1969e-03 -1.1921e-03 -1.1870e-03 -1.1817e-03 -1.1762e-03 -1.1704e-03 -1.1645e-03 -1.1584e-03 -1.1521e-03 -1.1456e-03 -1.1389e-03 -1.1320e-03 -1.1249e-03 -1.1177e-03 -1.1102e-03 -1.1026e-03 -1.0949e-03 -1.0870e-03 -1.0789e-03 -1.0706e-03 -1.0623e-03 -1.0537e-03 -1.0451e-03 -1.0363e-03 -1.0274e-03 -1.0183e-03 -1.0091e-03 -9.9984e-04 -9.9043e-04 -9.8092e-04 -9.7131e-04 -9.6160e-04 -9.5180e-04 -9.4191e-04 -9.3194e-04 -9.2190e-04 -9.1177e-04 -9.0158e-04 -8.9133e-04 -8.8102e-04 -8.7065e-04 -8.6024e-04 -8.4978e-04 -8.3928e-04 -8.2874e-04 -8.1818e-04 -8.0759e-04 -7.9697e-04 -7.8634e-04 -7.7570e-04 -7.6505e-04 -7.5440e-04 -7.4374e-04 -7.3309e-04 -7.2245e-04 -7.1183e-04 -7.0122e-04 -6.9063e-04 -6.8006e-04 -6.6952e-04 -6.5902e-04 -6.4855e-04 -6.3812e-04 -6.2773e-04 -6.1739e-04 -6.0710e-04 -5.9686e-04 -5.8668e-04 -5.7656e-04 -5.6650e-04 -5.5650e-04 -5.4657e-04 -5.3671e-04 -5.2693e-04 -5.1722e-04 -5.0759e-04 -4.9803e-04 -4.8856e-04 -4.7918e-04 -4.6988e-04 -4.6067e-04 -1.2454e-03 -1.2450e-03 -1.2444e-03 -1.2435e-03 -1.2424e-03 0.0000e+00 -1.2394e-03 -1.2376e-03 -1.2355e-03 -1.2331e-03 -1.2306e-03 -1.2277e-03 -1.2247e-03 -1.2214e-03 -1.2178e-03 -1.2141e-03 -1.2101e-03 -1.2059e-03 -1.2014e-03 -1.1968e-03 -1.1919e-03 -1.1868e-03 -1.1814e-03 -1.1759e-03 -1.1702e-03 -1.1642e-03 -1.1581e-03 -1.1518e-03 -1.1452e-03 -1.1385e-03 -1.1316e-03 -1.1245e-03 -1.1172e-03 -1.1098e-03 -1.1022e-03 -1.0944e-03 -1.0864e-03 -1.0783e-03 -1.0701e-03 -1.0617e-03 -1.0531e-03 -1.0444e-03 -1.0356e-03 -1.0266e-03 -1.0176e-03 -1.0084e-03 -9.9904e-04 -9.8961e-04 -9.8008e-04 -9.7044e-04 -9.6070e-04 -9.5088e-04 -9.4096e-04 -9.3097e-04 -9.2089e-04 -9.1075e-04 -9.0053e-04 -8.9025e-04 -8.7992e-04 -8.6952e-04 -8.5909e-04 -8.4860e-04 -8.3808e-04 -8.2752e-04 -8.1693e-04 -8.0632e-04 -7.9569e-04 -7.8504e-04 -7.7437e-04 -7.6370e-04 -7.5303e-04 -7.4236e-04 -7.3169e-04 -7.2103e-04 -7.1039e-04 -6.9976e-04 -6.8915e-04 -6.7857e-04 -6.6802e-04 -6.5750e-04 -6.4702e-04 -6.3658e-04 -6.2618e-04 -6.1583e-04 -6.0553e-04 -5.9528e-04 -5.8509e-04 -5.7496e-04 -5.6489e-04 -5.5488e-04 -5.4495e-04 -5.3508e-04 -5.2529e-04 -5.1558e-04 -5.0594e-04 -4.9639e-04 -4.8692e-04 -4.7753e-04 -4.6823e-04 -4.5902e-04
-1.2438e-03 -1.2434e-03 -1.2428e-03 -1.2419e-03 -1.2408e-03 -1.2395e-03 4.9487e-03 -1.2360e-03 -1.2339e-03 -1.2316e-03 -1.2290e-03 -1.2262e-03 -1.2232e-03 -1.2199e-03 -1.2164e-03 -1.2127e-03 -1.2087e-03 -1.2045e-03 -1.2001e-03 -1.1955e-03 -1.1906e-03 -1.1855e-03 -1.1803e-03 -1.1748e-03 -1.1691e-03 -1.1632e-03 -1.1571e-03 -1.1508e-03 -1.1443e-03 -1.1376e-03 -1.1307e-03 -1.1237e-03 -1.1164e-03 -1.1090e-03 -1.1015e-03 -1.0937e-03 -1.0858e-03 -1.0778e-03 -1.0696e-03 -1.0612e-03 -1.0527e-03 -1.0441e-03 -1.0353e-03 -1.0264e-03 -1.0174e-03 -1.0082e-03 -9.9897e-04 -9.8959e-04 -9.8011e-04 -9.7052e-04 -9.6084e-04 -9.5107e-04 -9.4121e-04 -9.3126e-04 -9.2124e-04 -9.1115e-04 -9.0098e-04 -8.9076e-04 -8.8047e-04 -8.7013e-04 -8.5974e-04 -8.4931e-04 -8.3883e-04 -8.2833e-04 -8.1779e-04 -8.0722e-04 -7.9663e-04 -7.8603e-04 -7.7541e-04 -7.6479e-04 -7.5416e-04 -7.4353e-04 -7.3290e-04 -7.2228e-04 -7.1168e-04 -7.0109e-04 -6.9052e-04 -6.7998e-04 -6.6947e-04 -6.5898e-04 -6.4853e-04 -6.3812e-04 -6.2776e-04 -6.1744e-04 -6.0716e-04 -5.9695e-04 -5.8678e-04 -5.7668e-04 -5.6663e-04 -5.5665e-04 -5.4674e-04 -5.3690e-04 -5.2713e-04 -5.1743e-04 -5.0782e-04 -4.9828e-04 -4.8882e-04 -4.7945e-04 -4.7017e-04 -4.6097e-04 -1.2438e-03 -1.2434e-03 -1.2428e-03 -1.2419e-03 -1.2408e-03 -1.2394e-03 0.0000e+00 -1.2360e-03 -1.2339e-03 -1.2315e-03 -1.2290e-03 -1.2261e-03 -1.2231e-03 -1.2198e-03 -1.2163e-03 -1.2125e-03 -1.2085e-03 -1.2043e-03 -1.1999e-03 -1.1952e-03 -1.1904e-03 -1.1853e-03 -1.1800e-03 -1.1744e-03 -1.1687e-03 -1.1628e-03 -1.1566e-03 -1.1503e-03 -1.1438e-03 -1.1371e-03 -1.1302e-03 -1.1231e-03 -1.1158e-03 -1.1084e-03 -1.1008e-03 -1.0930e-03 -1.0851e-03 -1.0770e-03 -1.0688e-03 -1.0604e-03 -1.0519e-03 -1.0432e-03 -1.0344e-03 -1.0254e-03 -1.0164e-03 -1.0072e-03 -9.9789e-04 -9.8847e-04 -9.7896e-04 -9.6934e-04 -9.5962e-04 -9.4981e-04 -9.3991e-04 -9.2993e-04 -9.1988e-04 -9.0975e-04 -8.9955e-04 -8.8929e-04 -8.7897e-04 -8.6860e-04 -8.5818e-04 -8.4771e-04 -8.3721e-04 -8.2667e-04 -8.1610e-04 -8.0550e-04 -7.9489e-04 -7.8425e-04 -7.7361e-04 -7.6296e-04 -7.5230e-04 -7.4164e-04 -7.3099e-04 -7.2035e-04 -7.0972e-04 -6.9911e-04 -6.8852e-04 -6.7796e-04 -6.6743e-04 -6.5692e-04 -6.4646e-04 -6.3603e-04 -6.2565e-04 -6.1531e-04 -6.0502e-04 -5.9479e-04 -5.8461e-04 -5.7450e-04 -5.6444e-04 -5.5445e-04 -5.4453e-04 -5.3468e-04 -5.2490e-04 -5.1520e-04 -5.0558e-04 -4.9604e-04 -4.8658e-04 -4.7721e-04 -4.6792e-04 -4.5872e-04
-1.2419e-03 -1.2415e-03 -1.2409e-03 -1.2401e-03 -1.2390e-03 -1.2376e-03 -1.2360e-03 6.4636e-03 -1.2321e-03 -1.2298e-03 -1.2272e-03 -1.2244e-03 -1.2214e-03 -1.2181e-03 -1.2147e-03 -1.2109e-03 -1.2070e-03 -1.2028e-03 -1.1984e-03 -1.1938e-03 -1.1889e-03 -1.1839e-03 -1.1786e-03 -1.1732e-03 -1.1675e-03 -1.1616e-03 -1.1555e-03 -1.1492e-03 -1.1428e-03 -1.1361e-03 -1.1293e-03 -1.1222e-03 -1.1150e-03 -1.1077e-03 -1.1001e-03 -1.0924e-03 -1.0845e-03 -1.0765e-03 -1.0683e-03 -1.0600e-03 -1.0515e-03 -1.0429e-03 -1.0342e-03 -1.0253e-03 -1.0163e-03 -1.0072e-03 -9.9796e-04 -9.8862e-04 -9.7917e-04 -9.6961e-04 -9.5996e-04 -9.5022e-04 -9.4039e-04 -9.3048e-04 -9.2048e-04 -9.1042e-04 -9.0029e-04 -8.9009e-04 -8.7984e-04 -8.6953e-04 -8.5917e-04 -8.4877e-04 -8.3832e-04 -8.2785e-04 -8.1734e-04 -8.0680e-04 -7.9624e-04 -7.8567e-04 -7.7508e-04 -7.6448e-04 -7.5388e-04 -7.4328e-04 -7.3268e-04 -7.2209e-04 -7.1151e-04 -7.0095e-04 -6.9041e-04 -6.7989e-04 -6.6940e-04 -6.5894e-04 -6.4851e-04 -6.3813e-04 -6.2779e-04 -6.1749e-04 -6.0724e-04 -5.9704e-04 -5.8690e-04 -5.7681e-04 -5.6679e-04 -5.5683e-04 -5.4693e-04 -5.3711e-04 -5.2736e-04 -5.1768e-04 -5.0808e-04 -4.9856e-04 -4.8912e-04 -4.7976e-04 -4.7049e-04 -4.6131e-04 -1.2419e-03 -1.2415e-03 -1.2409e-03 -1.2400e-03 -1.2389e-03 -1.2376e-03 -1.2360e-03 0.0000e+00 -1.2320e-03 -1.2297e-03 -1.2271e-03 -1.2243e-03 -1.2213e-03 -1.2180e-03 -1.2145e-03 -1.2107e-03 -1.2068e-03 -1.2026e-03 -1.1981e-03 -1.1935e-03 -1.1886e-03 -1.1835e-03 -1.1782e-03 -1.1727e-03 -1.1670e-03 -1.1611e-03 -1.1550e-03 -1.1487e-03 -1.1422e-03 -1.1355e-03 -1.1286e-03 -1.1215e-03 -1.1143e-03 -1.1068e-03 -1.0993e-03 -1.0915e-03 -1.0836e-03 -1.0755e-03 -1.0673e-03 -1.0589e-03 -1.0504e-03 -1.0418e-03 -1.0330e-03 -1.0240e-03 -1.0150e-03 -1.0058e-03 -9.9656e-04 -9.8716e-04 -9.7766e-04 -9.6806e-04 -9.5837e-04 -9.4858e-04 -9.3870e-04 -9.2874e-04 -9.1871e-04 -9.0860e-04 -8.9842e-04 -8.8818e-04 -8.7788e-04 -8.6753e-04 -8.5713e-04 -8.4668e-04 -8.3620e-04 -8.2568e-04 -8.1513e-04 -8.0456e-04 -7.9396e-04 -7.8335e-04 -7.7272e-04 -7.6209e-04 -7.5146e-04 -7.4082e-04 -7.3019e-04 -7.1957e-04 -7.0896e-04 -6.9837e-04 -6.8780e-04 -6.7725e-04 -6.6674e-04 -6.5625e-04 -6.4581e-04 -6.3540e-04 -6.2503e-04 -6.1471e-04 -6.0444e-04 -5.9423e-04 -5.8407e-04 -5.7397e-04 -5.6393e-04 -5.5396e-04 -5.4405e-04 -5.3422e-04 -5.2446e-04 -5.1477e-04 -5.0517e-04 -4.9564e-04 -4.8619e-04 -4.7684e-04 -4.6756e-04 -4.5838e-04
-1.2398e-03 -1.2394e-03 -1.2388e-03 -1.2380e-03 -1.2369e-03 -1.2355e-03 -1.2339e-03 -1.2321e-03 8.1805e-03 -1.2277e-03 -1.2252e-03 -1.2224e-03 -1.2194e-03 -1.2161e-03 -1.2127e-03 -1.2090e-03 -1.2050e-03 -1.2009e-03 -1.1965e-03 -1.1919e-03 -1.1871e-03 -1.1820e-03 -1.1768e-03 -1.1713e-03 -1.1657e-03 -1.1598e-03 -1.1538e-03 -1.1475e-03 -1.1411e-03 -1.1344e-03 -1.1276e-03 -1.1206e-03 -1.1135e-03 -1.1061e-03 -1.0986e-03 -1.0909e-03 -1.0831e-03 -1.0751e-03 -1.0669e-03 -1.0586e-03 -1.0502e-03 -1.0416e-03 -1.0329e-03 -1.0241e-03 -1.0151e-03 -1.0060e-03 -9.9683e-04 -9.8752e-04 -9.7810e-04 -9.6858e-04 -9.5897e-04 -9.4926e-04 -9.3946e-04 -9.2958e-04 -9.1963e-04 -9.0960e-04 -8.9950e-04 -8.8934e-04 -8.7912e-04 -8.6885e-04 -8.5852e-04 -8.4815e-04 -8.3775e-04 -8.2730e-04 -8.1682e-04 -8.0632e-04 -7.9580e-04 -7.8525e-04 -7.7470e-04 -7.6413e-04 -7.5356e-04 -7.4299e-04 -7.3242e-04 -7.2187e-04 -7.1132e-04 -7.0079e-04 -6.9027e-04 -6.7978e-04 -6.6932e-04 -6.5889e-04 -6.4849e-04 -6.3813e-04 -6.2782e-04 -6.1754e-04 -6.0732e-04 -5.9714e-04 -5.8703e-04 -5.7696e-04 -5.6696e-04 -5.5702e-04 -5.4715e-04 -5.3735e-04 -5.2762e-04 -5.1796e-04 -5.0838e-04 -4.9888e-04 -4.8945e-04 -4.8011e-04 -4.7086e-04 -4.6169e-04 -1.2398e-03 -1.2394e-03 -1.2388e-03 -1.2379e-03 -1.2368e-03 -1.2355e-03 -1.2339e-03 -1.2320e-03 0.0000e+00 -1.2276e-03 -1.2251e-03 -1.2223e-03 -1.2192e-03 -1.2159e-03 -1.2124e-03 -1.2087e-03 -1.2047e-03 -1.2005e-03 -1.1961e-03 -1.1915e-03 -1.1866e-03 -1.1816e-03 -1.1763e-03 -1.1708e-03 -1.1651e-03 -1.1592e-03 -1.1531e-03 -1.1468e-03 -1.1403e-03 -1.1336e-03 -1.1267e-03 -1.1197e-03 -1.1125e-03 -1.1051e-03 -1.0975e-03 -1.0898e-03 -1.0819e-03 -1.0738e-03 -1.0656e-03 -1.0573e-03 -1.0488e-03 -1.0401e-03 -1.0314e-03 -1.0225e-03 -1.0135e-03 -1.0043e-03 -9.9505e-04 -9.8568e-04 -9.7620e-04 -9.6663e-04 -9.5695e-04 -9.4718e-04 -9.3733e-04 -9.2739e-04 -9.1738e-04 -9.0730e-04 -8.9714e-04 -8.8693e-04 -8.7665e-04 -8.6632e-04 -8.5594e-04 -8.4552e-04 -8.3506e-04 -8.2457e-04 -8.1404e-04 -8.0349e-04 -7.9292e-04 -7.8233e-04 -7.7172e-04 -7.6111e-04 -7.5050e-04 -7.3989e-04 -7.2928e-04 -7.1868e-04 -7.0809e-04 -6.9752e-04 -6.8698e-04 -6.7645e-04 -6.6596e-04 -6.5549e-04 -6.4507e-04 -6.3468e-04 -6.2434e-04 -6.1404e-04 -6.0379e-04 -5.9359e-04 -5.8345e-04 -5.7337e-04 -5.6335e-04 -5.5340e-04 -5.4351e-04 -5.3370e-04 -5.2395e-04 -5.1428e-04 -5.0469e-04 -4.9518e-04 -4.8576e-04 -4.7641e-04 -4.6716e-04 -4.5799e-04
-1.2374e-03 -1.2371e-03 -1.2365e-03 -1.2356e-03 -1.2345e-03 -1.2332e-03 -1.2316e-03 -1.2298e-03 -1.2277e-03 1.0099e-02 -1.2229e-03 -1.2201e-03 -1.2171e-03 -1.2139e-03 -1.2104e-03 -1.2067e-03 -1.2028e-03 -1.1987e-03 -1.1943e-03 -1.1898e-03 -1.1850e-03 -1.1799e-03 -1.1747e-03 -1.1693e-03 -1.1637e-03 -1.1578e-03 -1.1518e-03 -1.1456e-03 -1.1392e-03 -1.1326e-03 -1.1258e-03 -1.1188e-03 -1.1117e-03 -1.1044e-03 -1.0969e-03 -1.0892e-03 -1.0814e-03 -1.0735e-03 -1.0654e-03 -1.0571e-03 -1.0487e-03 -1.0402e-03 -1.0315e-03 -1.0227e-03 -1.0138e-03 -1.0047e-03 -9.9556e-04 -9.8629e-04 -9.7691e-04 -9.6743e-04 -9.5785e-04 -9.4819e-04 -9.3843e-04 -9.2859e-04 -9.1867e-04 -9.0868e-04 -8.9862e-04 -8.8850e-04 -8.7832e-04 -8.6809e-04 -8.5780e-04 -8.4747e-04 -8.3710e-04 -8.2669e-04 -8.1625e-04 -8.0579e-04 -7.9530e-04 -7.8479e-04 -7.7427e-04 -7.6374e-04 -7.5321e-04 -7.4267e-04 -7.3214e-04 -7.2161e-04 -7.1110e-04 -7.0060e-04 -6.9012e-04 -6.7966e-04 -6.6923e-04 -6.5883e-04 -6.4847e-04 -6.3814e-04 -6.2785e-04 -6.1760e-04 -6.0741e-04 -5.9726e-04 -5.8717e-04 -5.7713e-04 -5.6716e-04 -5.5724e-04 -5.4740e-04 -5.3762e-04 -5.2791e-04 -5.1827e-04 -5.0871e-04 -4.9923e-04 -4.8983e-04 -4.8051e-04 -4.7127e-04 -4.6212e-04 -1.2374e-03 -1.2371e-03 -1.2365e-03 -1.2356e-03 -1.2345e-03 -1.2331e-03 -1.2315e-03 -1.2297e-03 -1.2276e-03 0.0000e+00 -1.2228e-03 -1.2200e-03 -1.2169e-03 -1.2137e-03 -1.2102e-03 -1.2064e-03 -1.2025e-03 -1.1983e-03 -1.1939e-03 -1.1893e-03 -1.1844e-03 -1.1794e-03 -1.1741e-03 -1.1686e-03 -1.1629e-03 -1.1571e-03 -1.1510e-03 -1.1447e-03 -1.1382e-03 -1.1316e-03 -1.1247e-03 -1.1177e-03 -1.1105e-03 -1.1031e-03 -1.0955e-03 -1.0878e-03 -1.0800e-03 -1.0719e-03 -1.0638e-03 -1.0554e-03 -1.0470e-03 -1.0383e-03 -1.0296e-03 -1.0207e-03 -1.0117e-03 -1.0026e-03 -9.9337e-04 -9.8402e-04 -9.7457e-04 -9.6502e-04 -9.5537e-04 -9.4563e-04 -9.3580e-04 -9.2589e-04 -9.1590e-04 -9.0584e-04 -8.9572e-04 -8.8552e-04 -8.7528e-04 -8.6497e-04 -8.5462e-04 -8.4423e-04 -8.3379e-04 -8.2332e-04 -8.1282e-04 -8.0229e-04 -7.9175e-04 -7.8118e-04 -7.7061e-04 -7.6002e-04 -7.4943e-04 -7.3885e-04 -7.2826e-04 -7.1769e-04 -7.0713e-04 -6.9658e-04 -6.8606e-04 -6.7556e-04 -6.6509e-04 -6.5465e-04 -6.4424e-04 -6.3388e-04 -6.2356e-04 -6.1328e-04 -6.0306e-04 -5.9288e-04 -5.8276e-04 -5.7270e-04 -5.6271e-04 -5.5277e-04 -5.4291e-04 -5.3311e-04 -5.2339e-04 -5.1374e-04 -5.0417e-04 -4.9468e-04 -4.8527e-04 -4.7594e-04 -4.6670e-04 -4.5755e-04
-1.2348e-03 -1.2345e-03 -1.2339e-03 -1.2330e-03 -1.2319e-03 -1.2306e-03 -1.2290e-03 -1.2272e-03 -1.2252e-03 -1.2229e-03 1.2220e-02 -1.2176e-03 -1.2146e-03 -1.2114e-03 -1.2080e-03 -1.2043e-03 -1.2004e-03 -1.1963e-03 -1.1920e-03 -1.1874e-03 -1.1826e-03 -1.1777e-03 -1.1725e-03 -1.1671e-03 -1.1615e-03 -1.1557e-03 -1.1497e-03 -1.1435e-03 -1.1371e-03 -1.1305e-03 -1.1238e-03 -1.1168e-03 -1.1097e-03 -1.1025e-03 -1.0950e-03 -1.0874e-03 -1.0796e-03 -1.0717e-03 -1.0636e-03 -1.0554e-03 -1.0471e-03 -1.0386e-03 -1.0299e-03 -1.0212e-03 -1.0123e-03 -1.0033e-03 -9.9416e-04 -9.8493e-04 -9.7560e-04 -9.6616e-04 -9.5663e-04 -9.4700e-04 -9.3729e-04 -9.2749e-04 -9.1762e-04 -9.0767e-04 -8.9765e-04 -8.8757e-04 -8.7744e-04 -8.6724e-04 -8.5700e-04 -8.4671e-04 -8.3638e-04 -8.2602e-04 -8.1562e-04 -8.0520e-04 -7.9475e-04 -7.8428e-04 -7.7380e-04 -7.6331e-04 -7.5282e-04 -7.4232e-04 -7.3183e-04 -7.2134e-04 -7.1086e-04 -7.0040e-04 -6.8995e-04 -6.7953e-04 -6.6914e-04 -6.5877e-04 -6.4844e-04 -6.3814e-04 -6.2788e-04 -6.1767e-04 -6.0750e-04 -5.9739e-04 -5.8732e-04 -5.7732e-04 -5.6737e-04 -5.5748e-04 -5.4766e-04 -5.3791e-04 -5.2822e-04 -5.1861e-04 -5.0908e-04 -4.9962e-04 -4.9024e-04 -4.8094e-04 -4.7172e-04 -4.6259e-04 -1.2348e-03 -1.2345e-03 -1.2339e-03 -1.2330e-03 -1.2319e-03 -1.2306e-03 -1.2290e-03 -1.2271e-03 -1.2251e-03 -1.2228e-03 0.0000e+00 -1.2174e-03 -1.2144e-03 -1.2111e-03 -1.2077e-03 -1.2039e-03 -1.2000e-03 -1.1958e-03 -1.1914e-03 -1.1868e-03 -1.1820e-03 -1.1770e-03 -1.1717e-03 -1.1662e-03 -1.1606e-03 -1.1547e-03 -1.1486e-03 -1.1424e-03 -1.1359e-03 -1.1293e-03 -1.1225e-03 -1.1155e-03 -1.1083e-03 -1.1009e-03 -1.0934e-03 -1.0857e-03 -1.0779e-03 -1.0698e-03 -1.0617e-03 -1.0534e-03 -1.0449e-03 -1.0364e-03 -1.0276e-03 -1.0188e-03 -1.0098e-03 -1.0007e-03 -9.9152e-04 -9.8220e-04 -9.7277e-04 -9.6325e-04 -9.5363e-04 -9.4391e-04 -9.3411e-04 -9.2423e-04 -9.1427e-04 -9.0424e-04 -8.9414e-04 -8.8398e-04 -8.7376e-04 -8.6348e-04 -8.5316e-04 -8.4279e-04 -8.3239e-04 -8.2195e-04 -8.1148e-04 -8.0098e-04 -7.9046e-04 -7.7992e-04 -7.6937e-04 -7.5882e-04 -7.4826e-04 -7.3770e-04 -7.2714e-04 -7.1659e-04 -7.0606e-04 -6.9554e-04 -6.8504e-04 -6.7457e-04 -6.6413e-04 -6.5371e-04 -6.4334e-04 -6.3300e-04 -6.2270e-04 -6.1245e-04 -6.0225e-04 -5.9210e-04 -5.8200e-04 -5.7197e-04 -5.6199e-04 -5.5208e-04 -5.4224e-04 -5.3246e-04 -5.2276e-04 -5.1314e-04 -5.0359e-04 -4.9412e-04 -4.8473e-04 -4.7542e-04 -4.6620e-04 -4.5707e-04
-1.2320e-03 -1.2316e-03 -1.2310e-03 -1.2302e-03 -1.2291e-03 -1.2278e-03 -1.2262e-03 -1.2244e-03 -1.2224e-03 -1.2201e-03 -1.2176e-03 1.4543e-02 -1.2119e-03 -1.2087e-03 -1.2053e-03 -1.2017e-03 -1.1978e-03 -1.1937e-03 -1.1894e-03 -1.1848e-03 -1.1801e-03 -1.1751e-03 -1.1700e-03 -1.1646e-03 -1.1590e-03 -1.1533e-03 -1.1473e-03 -1.1411e-03 -1.1348e-03 -1.1283e-03 -1.1216e-03 -1.1147e-03 -1.1076e-03 -1.1004e-03 -1.0930e-03 -1.0854e-03 -1.0777e-03 -1.0698e-03 -1.0618e-03 -1.0536e-03 -1.0453e-03 -1.0368e-03 -1.0282e-03 -1.0195e-03 -1.0107e-03 -1.0017e-03 -9.9264e-04 -9.8345e-04 -9.7416e-04 -9.6477e-04 -9.5528e-04 -9.4570e-04 -9.3604e-04 -9.2629e-04 -9.1646e-04 -9.0656e-04 -8.9659e-04 -8.8656e-04 -8.7647e-04 -8.6632e-04 -8.5612e-04 -8.4588e-04 -8.3560e-04 -8.2528e-04 -8.1493e-04 -8.0455e-04 -7.9414e-04 -7.8372e-04 -7.7329e-04 -7.6284e-04 -7.5239e-04 -7.4193e-04 -7.3148e-04 -7.2103e-04 -7.1059e-04 -7.0017e-04 -6.8977e-04 -6.7938e-04 -6.6903e-04 -6.5870e-04 -6.4840e-04 -6.3814e-04 -6.2792e-04 -6.1774e-04 -6.0761e-04 -5.9752e-04 -5.8749e-04 -5.7752e-04 -5.6760e-04 -5.5774e-04 -5.4795e-04 -5.3823e-04 -5.2857e-04 -5.1898e-04 -5.0947e-04 -5.0004e-04 -4.9068e-04 -4.8141e-04 -4.7221e-04 -4.6310e-04 -1.2320e-03 -1.2316e-03 -1.2310e-03 -1.2302e-03 -1.2291e-03 -1.2277e-03 -1.2261e-03 -1.2243e-03 -1.2223e-03 -1.2200e-03 -1.2174e-03 0.0000e+00 -1.2116e-03 -1.2084e-03 -1.2049e-03 -1.2012e-03 -1.1973e-03 -1.1931e-03 -1.1888e-03 -1.1842e-03 -1.1793e-03 -1.1743e-03 -1.1691e-03 -1.1636e-03 -1.1580e-03 -1.1522e-03 -1.1461e-03 -1.1399e-03 -1.1334e-03 -1.1268e-03 -1.1200e-03 -1.1130e-03 -1.1059e-03 -1.0985e-03 -1.0910e-03 -1.0834e-03 -1.0755e-03 -1.0676e-03 -1.0594e-03 -1.0512e-03 -1.0427e-03 -1.0342e-03 -1.0255e-03 -1.0167e-03 -1.0077e-03 -9.9867e-04 -9.8949e-04 -9.8020e-04 -9.7081e-04 -9.6131e-04 -9.5172e-04 -9.4204e-04 -9.3227e-04 -9.2242e-04 -9.1249e-04 -9.0249e-04 -8.9242e-04 -8.8229e-04 -8.7210e-04 -8.6186e-04 -8.5157e-04 -8.4123e-04 -8.3085e-04 -8.2044e-04 -8.1000e-04 -7.9954e-04 -7.8905e-04 -7.7854e-04 -7.6803e-04 -7.5750e-04 -7.4697e-04 -7.3644e-04 -7.2592e-04 -7.1540e-04 -7.0489e-04 -6.9440e-04 -6.8394e-04 -6.7349e-04 -6.6308e-04 -6.5269e-04 -6.4234e-04 -6.3203e-04 -6.2176e-04 -6.1154e-04 -6.0136e-04 -5.9124e-04 -5.8117e-04 -5.7116e-04 -5.6121e-04 -5.5133e-04 -5.4151e-04 -5.3176e-04 -5.2208e-04 -5.1248e-04 -5.0295e-04 -4.9350e-04 -4.8414e-04 -4.7485e-04 -4.6566e-04 -4.5655e-04
-1.2289e-03 -1.2286e-03 -1.2280e-03 -1.2271e-03 -1.2261e-03 -1.2247e-03 -1.2232e-03 -1.2214e-03 -1.2194e-03 -1.2171e-03 -1.2146e-03 -1.2119e-03 1.7068e-02 -1.2058e-03 -1.2024e-03 -1.1988e-03 -1.1949e-03 -1.1908e-03 -1.1866e-03 -1.1821e-03 -1.1773e-03 -1.1724e-03 -1.1673e-03 -1.1620e-03 -1.1564e-03 -1.1507e-03 -1.1448e-03 -1.1386e-03 -1.1323e-03 -1.1258e-03 -1.1192e-03 -1.1123e-03 -1.1053e-03 -1.0981e-03 -1.0907e-03 -1.0832e-03 -1.0755e-03 -1.0677e-03 -1.0597e-03 -1.0516e-03 -1.0433e-03 -1.0349e-03 -1.0264e-03 -1.0177e-03 -1.0089e-03 -1.0000e-03 -9.9097e-04 -9.8184e-04 -9.7260e-04 -9.6326e-04 -9.5382e-04 -9.4430e-04 -9.3468e-04 -9.2498e-04 -9.1521e-04 -9.0536e-04 -8.9544e-04 -8.8546e-04 -8.7542e-04 -8.6532e-04 -8.5517e-04 -8.4498e-04 -8.3475e-04 -8.2448e-04 -8.1417e-04 -8.0384e-04 -7.9349e-04 -7.8311e-04 -7.7272e-04 -7.6232e-04 -7.5192e-04 -7.4151e-04 -7.3110e-04 -7.2070e-04 -7.1031e-04 -6.9993e-04 -6.8956e-04 -6.7922e-04 -6.6890e-04 -6.5862e-04 -6.4836e-04 -6.3814e-04 -6.2795e-04 -6.1781e-04 -6.0772e-04 -5.9767e-04 -5.8767e-04 -5.7773e-04 -5.6785e-04 -5.5802e-04 -5.4826e-04 -5.3857e-04 -5.2894e-04 -5.1938e-04 -5.0990e-04 -5.0049e-04 -4.9116e-04 -4.8191e-04 -4.7274e-04 -4.6366e-04 -1.2289e-03 -1.2286e-03 -1.2280e-03 -1.2271e-03 -1.2260e-03 -1.2247e-03 -1.2231e-03 -1.2213e-03 -1.2192e-03 -1.2169e-03 -1.2144e-03 -1.2116e-03 0.0000e+00 -1.2054e-03 -1.2019e-03 -1.1982e-03 -1.1943e-03 -1.1902e-03 -1.1858e-03 -1.1813e-03 -1.1765e-03 -1.1715e-03 -1.1662e-03 -1.1608e-03 -1.1552e-03 -1.1494e-03 -1.1433e-03 -1.1371e-03 -1.1307e-03 -1.1241e-03 -1.1173e-03 -1.1104e-03 -1.1033e-03 -1.0959e-03 -1.0885e-03 -1.0808e-03 -1.0730e-03 -1.0651e-03 -1.0570e-03 -1.0487e-03 -1.0404e-03 -1.0318e-03 -1.0232e-03 -1.0144e-03 -1.0055e-03 -9.9644e-04 -9.8729e-04 -9.7803e-04 -9.6867e-04 -9.5921e-04 -9.4965e-04 -9.4000e-04 -9.3027e-04 -9.2045e-04 -9.1055e-04 -9.0059e-04 -8.9055e-04 -8.8046e-04 -8.7030e-04 -8.6009e-04 -8.4983e-04 -8.3953e-04 -8.2919e-04 -8.1881e-04 -8.0841e-04 -7.9798e-04 -7.8752e-04 -7.7705e-04 -7.6656e-04 -7.5607e-04 -7.4557e-04 -7.3508e-04 -7.2458e-04 -7.1410e-04 -7.0363e-04 -6.9317e-04 -6.8273e-04 -6.7232e-04 -6.6194e-04 -6.5158e-04 -6.4126e-04 -6.3098e-04 -6.2074e-04 -6.1055e-04 -6.0040e-04 -5.9031e-04 -5.8027e-04 -5.7028e-04 -5.6036e-04 -5.5050e-04 -5.4071e-04 -5.3099e-04 -5.2134e-04 -5.1176e-04 -5.0226e-04 -4.9284e-04 -4.8349e-04 -4.7424e-04 -4.6506e-04 -4.5597e-04
-1.2256e-03 -1.2253e-03 -1.2247e-03 -1.2238e-03 -1.2228e-03 -1.2215e-03 -1.2199e-03 -1.2181e-03 -1.2161e-03 -1.2139e-03 -1.2114e-03 -1.2087e-03 -1.2058e-03 1.9794e-02 -1.1993e-03 -1.1957e-03 -1.1918e-03 -1.1878e-03 -1.1835e-03 -1.1791e-03 -1.1744e-03 -1.1695e-03 -1.1644e-03 -1.1591e-03 -1.1536e-03 -1.1479e-03 -1.1420e-03 -1.1359e-03 -1.1297e-03 -1.1232e-03 -1.1166e-03 -1.1098e-03 -1.1028e-03 -1.0956e-03 -1.0883e-03 -1.0809e-03 -1.0732e-03 -1.0654e-03 -1.0575e-03 -1.0494e-03 -1.0412e-03 -1.0328e-03 -1.0244e-03 -1.0157e-03 -1.0070e-03 -9.9815e-04 -9.8918e-04 -9.8010e-04 -9.7092e-04 -9.6163e-04 -9.5225e-04 -9.4278e-04 -9.3322e-04 -9.2357e-04 -9.1385e-04 -9.0406e-04 -8.9419e-04 -8.8427e-04 -8.7428e-04 -8.6424e-04 -8.5415e-04 -8.4401e-04 -8.3383e-04 -8.2361e-04 -8.1336e-04 -8.0308e-04 -7.9278e-04 -7.8245e-04 -7.7212e-04 -7.6177e-04 -7.5141e-04 -7.4105e-04 -7.3069e-04 -7.2034e-04 -7.0999e-04 -6.9966e-04 -6.8934e-04 -6.7904e-04 -6.6877e-04 -6.5853e-04 -6.4831e-04 -6.3813e-04 -6.2799e-04 -6.1789e-04 -6.0783e-04 -5.9782e-04 -5.8787e-04 -5.7796e-04 -5.6811e-04 -5.5832e-04 -5.4860e-04 -5.3893e-04 -5.2934e-04 -5.1981e-04 -5.1036e-04 -5.0098e-04 -4.9168e-04 -4.8245e-04 -4.7331e-04 -4.6425e-04 -1.2256e-03 -1.2253e-03 -1.2246e-03 -1.2238e-03 -1.2227e-03 -1.2214e-03 -1.2198e-03 -1.2180e-03 -1.2159e-03 -1.2137e-03 -1.2111e-03 -1.2084e-03 -1.2054e-03 0.0000e+00 -1.1987e-03 -1.1951e-03 -1.1912e-03 -1.1870e-03 -1.1827e-03 -1.1781e-03 -1.1734e-03 -1.1684e-03 -1.1632e-03 -1.1578e-03 -1.1522e-03 -1.1464e-03 -1.1404e-03 -1.1342e-03 -1.1278e-03 -1.1212e-03 -1.1145e-03 -1.1075e-03 -1.1004e-03 -1.0932e-03 -1.0857e-03 -1.0781e-03 -1.0703e-03 -1.0624e-03 -1.0544e-03 -1.0461e-03 -1.0378e-03 -1.0293e-03 -1.0207e-03 -1.0119e-03 -1.0030e-03 -9.9403e-04 -9.8492e-04 -9.7570e-04 -9.6637e-04 -9.5695e-04 -9.4742e-04 -9.3781e-04 -9.2811e-04 -9.1833e-04 -9.0847e-04 -8.9854e-04 -8.8854e-04 -8.7848e-04 -8.6836e-04 -8.5819e-04 -8.4797e-04 -8.3770e-04 -8.2740e-04 -8.1706e-04 -8.0669e-04 -7.9629e-04 -7.8587e-04 -7.7544e-04 -7.6499e-04 -7.5453e-04 -7.4407e-04 -7.3361e-04 -7.2315e-04 -7.1270e-04 -7.0226e-04 -6.9184e-04 -6.8144e-04 -6.7106e-04 -6.6071e-04 -6.5038e-04 -6.4010e-04 -6.2985e-04 -6.1964e-04 -6.0948e-04 -5.9937e-04 -5.8930e-04 -5.7929e-04 -5.6934e-04 -5.5945e-04 -5.4962e-04 -5.3986e-04 -5.3016e-04 -5.2054e-04 -5.1099e-04 -5.0151e-04 -4.9212e-04 -4.8280e-04 -4.7357e-04 -4.6442e-04 -4.5536e-04
-1.2221e-03 -1.2217e-03 -1.2211e-03 -1.2203e-03 -1.2192e-03 -1.2179e-03 -1.2164e-03 -1.2147e-03 -1.2127e-03 -1.2104e-03 -1.2080e-03 -1.2053e-03 -1.2024e-03 -1.1993e-03 2.2723e-02 -1.1923e-03 -1.1885e-03 -1.1845e-03 -1.1803e-03 -1.1759e-03 -1.1712e-03 -1.1663e-03 -1.1613e-03 -1.1560e-03 -1.1506e-03 -1.1449e-03 -1.1391e-03 -1.1330e-03 -1.1268e-03 -1.1204e-03 -1.1138e-03 -1.1070e-03 -1.1001e-03 -1.0930e-03 -1.0858e-03 -1.0783e-03 -1.0707e-03 -1.0630e-03 -1.0551e-03 -1.0471e-03 -1.0389e-03 -1.0306e-03 -1.0222e-03 -1.0137e-03 -1.0050e-03 -9.9618e-04 -9.8726e-04 -9.7824e-04 -9.6911e-04 -9.5989e-04 -9.5056e-04 -9.4115e-04 -9.3164e-04 -9.2206e-04 -9.1240e-04 -9.0266e-04 -8.9286e-04 -8.8299e-04 -8.7306e-04 -8.6308e-04 -8.5304e-04 -8.4296e-04 -8.3284e-04 -8.2268e-04 -8.1248e-04 -8.0226e-04 -7.9201e-04 -7.8175e-04 -7.7146e-04 -7.6117e-04 -7.5086e-04 -7.4055e-04 -7.3025e-04 -7.1994e-04 -7.0965e-04 -6.9937e-04 -6.8910e-04 -6.7885e-04 -6.6863e-04 -6.5843e-04 -6.4826e-04 -6.3812e-04 -6.2803e-04 -6.1797e-04 -6.0795e-04 -5.9799e-04 -5.8807e-04 -5.7820e-04 -5.6839e-04 -5.5864e-04 -5.4895e-04 -5.3932e-04 -5.2976e-04 -5.2027e-04 -5.1085e-04 -5.0150e-04 -4.9223e-04 -4.8303e-04 -4.7392e-04 -4.6489e-04 -1.2221e-03 -1.2217e-03 -1.2211e-03 -1.2203e-03 -1.2192e-03 -1.2178e-03 -1.2163e-03 -1.2145e-03 -1.2124e-03 -1.2102e-03 -1.2077e-03 -1.2049e-03 -1.2019e-03 -1.1987e-03 0.0000e+00 -1.1916e-03 -1.1878e-03 -1.1837e-03 -1.1793e-03 -1.1748e-03 -1.1700e-03 -1.1651e-03 -1.1599e-03 -1.1545e-03 -1.1489e-03 -1.1432e-03 -1.1372e-03 -1.1310e-03 -1.1247e-03 -1.1181e-03 -1.1114e-03 -1.1045e-03 -1.0974e-03 -1.0902e-03 -1.0828e-03 -1.0752e-03 -1.0675e-03 -1.0596e-03 -1.0515e-03 -1.0434e-03 -1.0350e-03 -1.0266e-03 -1.0180e-03 -1.0093e-03 -1.0004e-03 -9.9146e-04 -9.8238e-04 -9.7320e-04 -9.6391e-04 -9.5452e-04 -9.4504e-04 -9.3546e-04 -9.2580e-04 -9.1606e-04 -9.0624e-04 -8.9634e-04 -8.8639e-04 -8.7636e-04 -8.6628e-04 -8.5615e-04 -8.4597e-04 -8.3574e-04 -8.2548e-04 -8.1518e-04 -8.0484e-04 -7.9449e-04 -7.8411e-04 -7.7371e-04 -7.6330e-04 -7.5288e-04 -7.4246e-04 -7.3203e-04 -7.2161e-04 -7.1120e-04 -7.0080e-04 -6.9041e-04 -6.8005e-04 -6.6970e-04 -6.5939e-04 -6.4910e-04 -6.3885e-04 -6.2864e-04 -6.1846e-04 -6.0834e-04 -5.9825e-04 -5.8822e-04 -5.7825e-04 -5.6833e-04 -5.5847e-04 -5.4867e-04 -5.3894e-04 -5.2927e-04 -5.1968e-04 -5.1016e-04 -5.0071e-04 -4.9135e-04 -4.8206e-04 -4.7285e-04 -4.6373e-04 -4.5470e-04
-1.2183e-03 -1.2179e-03 -1.2174e-03 -1.2165e-03 -1.2155e-03 -1.2142e-03 -1.2127e-03 -1.2109e-03 -1.2090e-03 -1.2067e-03 -1.2043e-03 -1.2017e-03 -1.1988e-03 -1.1957e-03 -1.1923e-03 2.5854e-02 -1.1850e-03 -1.1810e-03 -1.1768e-03 -1.1724e-03 -1.1678e-03 -1.1630e-03 -1.1580e-03 -1.1528e-03 -1.1473e-03 -1.1417e-03 -1.1359e-03 -1.1299e-03 -1.1237e-03 -1.1174e-03 -1.1109e-03 -1.1041e-03 -1.0973e-03 -1.0902e-03 -1.0830e-03 -1.0756e-03 -1.0681e-03 -1.0604e-03 -1.0526e-03 -1.0446e-03 -1.0365e-03 -1.0283e-03 -1.0199e-03 -1.0114e-03 -1.0028e-03 -9.9407e-04 -9.8521e-04 -9.7625e-04 -9.6719e-04 -9.5802e-04 -9.4876e-04 -9.3941e-04 -9.2997e-04 -9.2044e-04 -9.1084e-04 -9.0117e-04 -8.9143e-04 -8.8162e-04 -8.7176e-04 -8.6183e-04 -8.5186e-04 -8.4184e-04 -8.3178e-04 -8.2168e-04 -8.1155e-04 -8.0138e-04 -7.9119e-04 -7.8099e-04 -7.7076e-04 -7.6052e-04 -7.5027e-04 -7.4002e-04 -7.2977e-04 -7.1952e-04 -7.0928e-04 -6.9905e-04 -6.8884e-04 -6.7864e-04 -6.6847e-04 -6.5832e-04 -6.4820e-04 -6.3811e-04 -6.2806e-04 -6.1805e-04 -6.0808e-04 -5.9815e-04 -5.8828e-04 -5.7846e-04 -5.6869e-04 -5.5897e-04 -5.4932e-04 -5.3973e-04 -5.3021e-04 -5.2075e-04 -5.1136e-04 -5.0205e-04 -4.9281e-04 -4.8365e-04 -4.7456e-04 -4.6556e-04 -1.2183e-03 -1.2179e-03 -1.2173e-03 -1.2165e-03 -1.2154e-03 -1.2141e-03 -1.2125e-03 -1.2107e-03 -1.2087e-03 -1.2064e-03 -1.2039e-03 -1.2012e-03 -1.1982e-03 -1.1951e-03 -1.1916e-03 0.0000e+00 -1.1841e-03 -1.1801e-03 -1.1757e-03 -1.1712e-03 -1.1665e-03 -1.1616e-03 -1.1564e-03 -1.1511e-03 -1.1455e-03 -1.1397e-03 -1.1338e-03 -1.1277e-03 -1.1213e-03 -1.1148e-03 -1.1081e-03 -1.1013e-03 -1.0942e-03 -1.0870e-03 -1.0796e-03 -1.0721e-03 -1.0644e-03 -1.0565e-03 -1.0485e-03 -1.0404e-03 -1.0321e-03 -1.0237e-03 -1.0151e-03 -1.0064e-03 -9.9764e-04 -9.8871e-04 -9.7968e-04 -9.7053e-04 -9.6128e-04 -9.5194e-04 -9.4249e-04 -9.3296e-04 -9.2334e-04 -9.1363e-04 -9.0385e-04 -8.9400e-04 -8.8409e-04 -8.7411e-04 -8.6407e-04 -8.5398e-04 -8.4384e-04 -8.3365e-04 -8.2343e-04 -8.1317e-04 -8.0288e-04 -7.9256e-04 -7.8222e-04 -7.7187e-04 -7.6150e-04 -7.5112e-04 -7.4074e-04 -7.3035e-04 -7.1997e-04 -7.0960e-04 -6.9924e-04 -6.8889e-04 -6.7856e-04 -6.6826e-04 -6.5798e-04 -6.4773e-04 -6.3752e-04 -6.2734e-04 -6.1721e-04 -6.0711e-04 -5.9707e-04 -5.8707e-04 -5.7713e-04 -5.6725e-04 -5.5742e-04 -5.4766e-04 -5.3796e-04 -5.2833e-04 -5.1876e-04 -5.0927e-04 -4.9986e-04 -4.9052e-04 -4.8127e-04 -4.7209e-04 -4.6300e-04 -4.5399e-04
