1.0020e-04 -3.2854e-07 -6.0764e-07 -8.2100e-07 -9.0142e-07 -8.4331e-07 -6.8946e-07 -5.0008e-07 -3.2494e-07 -1.9041e-07 -1.0109e-07 -4.8802e-08 -2.1477e-08 -8.6339e-09 -3.1757e-09 -1.0701e-09 -3.3071e-10 -9.3810e-11 -2.4443e-11 -5.8536e-12 -1.2891e-12 -2.6116e-13 -4.8692e-14 -8.3577e-15 -1.3210e-15 -1.9232e-16 -2.5794e-17 -3.1877e-18 -3.6307e-19 -3.8114e-20 -3.6884e-21 -3.2908e-22 -2.7071e-23 -2.0535e-24 -1.4365e-25 -9.2674e-27 -5.5144e-28 -3.0265e-29 -1.5322e-30 -7.1555e-32 -3.0827e-33 -1.2252e-34 -4.4926e-36 -1.5198e-37 -4.7438e-39 -1.3662e-40 -3.6302e-42 -8.9007e-44 -2.0137e-45 -4.2038e-47 -8.0982e-49 -1.4396e-50 -2.3615e-52 -3.5748e-54 -4.9938e-56 -6.4379e-58 -7.6593e-60 -8.4096e-62 -8.5211e-64 -7.9683e-66 -6.8768e-68 -5.4773e-70 -4.0263e-72 -2.7315e-74 -1.7103e-76 -9.8833e-79 -5.2712e-81 -2.5947e-83 -1.1788e-85 -4.9431e-88 -1.9131e-90 -6.8335e-93 -2.2529e-95 -6.8555e-98 -1.9254e-100 -4.9913e-103 -1.1942e-105 -2.6374e-108 -5.3759e-111 -1.0114e-113 -1.7564e-116 -2.8152e-119 -4.1650e-122 -5.6876e-125 -7.1688e-128 -8.3402e-131 -8.9562e-134 -8.8773e-137 -8.1219e-140 -6.8588e-143 -5.3463e-146 -3.8467e-149 -2.5547e-152 -1.5660e-155 -8.8612e-159 -4.6281e-162 -2.2312e-165 -9.9290e-169 -4.0784e-172 -1.5463e-175 0.0000e+00 3.2784e-07 6.0474e-07 8.1405e-07 8.8954e-07 8.2739e-07 6.7185e-07 4.8352e-07 3.1143e-07 1.8072e-07 9.4928e-08 4.5297e-08 1.9687e-08 7.8090e-09 2.8318e-09 9.4003e-10 2.8595e-10 7.9785e-11 2.0433e-11 4.8064e-12 1.0390e-12 2.0648e-13 3.7743e-14 6.3477e-15 9.8256e-16 1.4002e-16 1.8373e-17 2.2204e-18 2.4721e-19 2.5357e-20 2.3969e-21 2.0880e-22 1.6766e-23 1.2410e-24 8.4691e-26 5.3288e-27 3.0917e-28 1.6541e-29 8.1618e-31 3.7143e-32 1.5590e-33 6.0361e-35 2.1558e-36 7.1025e-38 2.1587e-39 6.0532e-41 1.5660e-42 3.7379e-44 8.2319e-46 1.6728e-47 3.1365e-49 5.4267e-51 8.6639e-53 1.2764e-54 1.7353e-56 2.1772e-58 2.5208e-60 2.6935e-62 2.6560e-64 2.4171e-66 2.0301e-68 1.5736e-70 1.1257e-72 7.4327e-75 4.5294e-77 2.5475e-79 1.3224e-81 6.3358e-84 2.8017e-86 1.1435e-88 4.3080e-91 1.4980e-93 4.8075e-96 1.4241e-98 3.8939e-101 9.8273e-104 2.2893e-106 4.9223e-109 9.7690e-112 1.7896e-114 3.0260e-117 4.7230e-120 6.8042e-123 9.0481e-126 1.1106e-128 1.2583e-131 1.3160e-134 1.2703e-137 1.1319e-140 9.3099e-144 7.0681e-147 4.9531e-150 3.2040e-153 1.9130e-156 1.0543e-159 5.3638e-163 2.5187e-166 1.0918e-169 4.3681e-173 1.6132e-176
-3.2854e-07 4.0077e-04 -2.2025e-06 -3.0253e-06 -3.3920e-06 -3.2544e-06 -2.7399e-06 -2.0545e-06 -1.3851e-06 -8.4497e-07 -4.6853e-07 -2.3691e-07 -1.0950e-07 -4.6342e-08 -1.7986e-08 -6.4078e-09 -2.0975e-09 -6.3126e-10 -1.7477e-10 -4.4531e-11 -1.0446e-11 -2.2569e-12 -4.4916e-13 -8.2365e-14 -1.3919e-14 -2.1681e-15 -3.1133e-16 -4.1215e-17 -5.0310e-18 -5.6631e-19 -5.8788e-20 -5.6285e-21 -4.9704e-22 -4.0486e-23 -3.0421e-24 -2.1087e-25 -1.3484e-26 -7.9551e-28 -4.3300e-29 -2.1745e-30 -1.0076e-31 -4.3079e-33 -1.6995e-34 -6.1867e-36 -2.0782e-37 -6.4420e-39 -1.8428e-40 -4.8644e-42 -1.1850e-43 -2.6640e-45 -5.5270e-47 -1.0583e-48 -1.8700e-50 -3.0497e-52 -4.5902e-54 -6.3763e-56 -8.1748e-58 -9.6730e-60 -1.0564e-61 -1.0648e-63 -9.9058e-66 -8.5056e-68 -6.7408e-70 -4.9308e-72 -3.3290e-74 -2.0745e-76 -1.1932e-78 -6.3346e-81 -3.1041e-83 -1.4040e-85 -5.8613e-88 -2.2586e-90 -8.0335e-93 -2.6375e-95 -7.9925e-98 -2.2356e-100 -5.7722e-103 -1.3756e-105 -3.0261e-108 -6.1447e-111 -1.1517e-113 -1.9925e-116 -3.1820e-119 -4.6906e-122 -6.3824e-125 -8.0162e-128 -9.2938e-131 -9.9460e-134 -9.8251e-137 -8.9591e-140 -7.5410e-143 -5.8590e-146 -4.2021e-149 -2.7819e-152 -1.7000e-155 -9.5898e-159 -4.9935e-162 -2.4002e-165 -1.0649e-168 -4.3616e-172 3.2784e-07 0.0000e+00 2.1609e-06 2.9251e-06 3.2194e-06 3.0207e-06 2.4782e-06 1.8047e-06 1.1780e-06 6.9380e-07 3.7044e-07 1.7993e-07 7.9717e-08 3.2280e-08 1.1966e-08 4.0658e-09 1.2677e-09 3.6298e-10 9.5519e-11 2.3115e-11 5.1464e-12 1.0547e-12 1.9901e-13 3.4589e-14 5.5387e-15 8.1731e-16 1.1116e-16 1.3938e-17 1.6114e-18 1.7178e-19 1.6889e-20 1.5316e-21 1.2811e-22 9.8858e-24 7.0376e-25 4.6223e-26 2.8011e-27 1.5663e-28 8.0812e-30 3.8475e-31 1.6904e-32 6.8533e-34 2.5641e-35 8.8531e-37 2.8209e-38 8.2951e-40 2.2511e-41 5.6376e-43 1.3030e-44 2.7792e-46 5.4706e-48 9.9378e-50 1.6660e-51 2.5773e-53 3.6795e-55 4.8476e-57 5.8933e-59 6.6113e-61 6.8438e-63 6.5370e-65 5.7614e-67 4.6851e-69 3.5152e-71 2.4333e-73 1.5539e-75 9.1548e-78 4.9754e-80 2.4943e-82 1.1534e-84 4.9189e-87 1.9347e-89 7.0176e-92 2.3471e-94 7.2379e-97 2.0577e-99 5.3923e-102 1.3024e-104 2.8988e-107 5.9444e-110 1.1229e-112 1.9534e-115 3.1288e-118 4.6123e-121 6.2556e-124 7.8024e-127 8.9443e-130 9.4175e-133 9.0997e-136 8.0606e-139 6.5366e-142 4.8440e-145 3.2722e-148 2.0081e-151 1.1138e-154 5.5392e-158 2.4372e-161 9.2465e-165 2.8517e-168 5.8523e-172 -2.8376e-176
-6.0764e-07 -2.2025e-06 9.0169e-04 -5.9300e-06 -6.8742e-06 -6.8604e-06 -6.0400e-06 -4.7584e-06 -3.3842e-06 -2.1854e-06 -1.2865e-06 -6.9226e-07 -3.4118e-07 -1.5424e-07 -6.4026e-08 -2.4426e-08 -8.5697e-09 -2.7665e-09 -8.2208e-10 -2.2495e-10 -5.6698e-11 -1.3166e-11 -2.8174e-12 -5.5568e-13 -1.0103e-13 -1.6935e-14 -2.6174e-15 -3.7304e-16 -4.9032e-17 -5.9441e-18 -6.6466e-19 -6.8556e-20 -6.5232e-21 -5.7260e-22 -4.6372e-23 -3.4649e-24 -2.3887e-25 -1.5194e-26 -8.9182e-28 -4.8301e-29 -2.4140e-30 -1.1133e-31 -4.7384e-33 -1.8611e-34 -6.7457e-36 -2.2565e-37 -6.9661e-39 -1.9848e-40 -5.2190e-42 -1.2666e-43 -2.8370e-45 -5.8649e-47 -1.1190e-48 -1.9707e-50 -3.2032e-52 -4.8055e-54 -6.6543e-56 -8.5048e-58 -1.0033e-59 -1.0925e-61 -1.0980e-63 -1.0186e-65 -8.7222e-68 -6.8938e-70 -5.0294e-72 -3.3869e-74 -2.1053e-76 -1.2079e-78 -6.3973e-81 -3.1274e-83 -1.4112e-85 -5.8783e-88 -2.2602e-90 -8.0215e-93 -2.6279e-95 -7.9470e-98 -2.2184e-100 -5.7161e-103 -1.3596e-105 -2.9851e-108 -6.0499e-111 -1.1318e-113 -1.9546e-116 -3.1159e-119 -4.5850e-122 -6.2280e-125 -7.8092e-128 -9.0387e-131 -9.6573e-134 -9.5247e-137 -8.6715e-140 -7.2876e-143 -5.6536e-146 -4.0487e-149 -2.6764e-152 -1.6332e-155 -9.2000e-159 -4.7839e-162 -2.2963e-165 -1.0175e-168 6.0474e-07 2.1609e-06 0.0000e+00 5.5040e-06 6.1298e-06 5.8347e-06 4.8681e-06 3.6141e-06 2.4105e-06 1.4540e-06 7.9679e-07 3.9805e-07 1.8174e-07 7.5986e-08 2.9136e-08 1.0258e-08 3.3191e-09 9.8780e-10 2.7056e-10 6.8235e-11 1.5852e-11 3.3936e-12 6.6961e-13 1.2181e-13 2.0432e-14 3.1606e-15 4.5094e-16 5.9345e-17 7.2044e-18 8.0683e-19 8.3359e-20 7.9453e-21 6.9865e-22 5.6676e-23 4.2415e-24 2.9282e-25 1.8647e-26 1.0954e-27 5.9346e-29 2.9654e-30 1.3664e-31 5.8058e-33 2.2743e-34 8.2129e-36 2.7336e-37 8.3842e-39 2.3692e-40 6.1667e-42 1.4780e-43 3.2608e-45 6.6195e-47 1.2359e-48 2.1207e-50 3.3426e-52 4.8344e-54 6.4090e-56 7.7761e-58 8.6180e-60 8.7005e-62 7.9708e-64 6.5881e-66 4.8677e-68 3.1639e-70 1.7520e-72 7.6283e-75 1.8612e-77 -7.6564e-80 -1.4812e-81 -1.3058e-83 -8.7925e-86 -4.9952e-88 -2.4854e-90 -1.1028e-92 -4.4082e-95 -1.5974e-97 -5.2690e-100 -1.5866e-102 -4.3709e-105 -1.1033e-107 -2.5546e-110 -5.4314e-113 -1.0611e-115 -1.9060e-118 -3.1495e-121 -4.7893e-124 -6.7046e-127 -8.6432e-130 -1.0263e-132 -1.1228e-135 -1.1318e-138 -1.0515e-141 -9.0050e-145 -7.1090e-148 -5.1744e-151 -3.4727e-154 -2.1492e-157 -1.2266e-160 -6.4570e-164 -3.1350e-167 -1.4040e-170
-8.2100e-07 -3.0253e-06 -5.9300e-06 1.6029e-03 -1.0502e-05 -1.1022e-05 -1.0260e-05 -8.5828e-06 -6.5027e-06 -4.4847e-06 -2.8249e-06 -1.6289e-06 -8.6122e-07 -4.1802e-07 -1.8644e-07 -7.6464e-08 -2.8852e-08 -1.0021e-08 -3.2049e-09 -9.4413e-10 -2.5625e-10 -6.4095e-11 -1.4777e-11 -3.1405e-12 -6.1540e-13 -1.1120e-13 -1.8530e-14 -2.8480e-15 -4.0374e-16 -5.2796e-17 -6.3692e-18 -7.0886e-19 -7.2787e-20 -6.8959e-21 -6.0282e-22 -4.8625e-23 -3.6193e-24 -2.4859e-25 -1.5757e-26 -9.2168e-28 -4.9754e-29 -2.4787e-30 -1.1396e-31 -4.8359e-33 -1.8939e-34 -6.8457e-36 -2.2838e-37 -7.0321e-39 -1.9985e-40 -5.2423e-42 -1.2692e-43 -2.8364e-45 -5.8506e-47 -1.1139e-48 -1.9575e-50 -3.1753e-52 -4.7543e-54 -6.5707e-56 -8.3822e-58 -9.8705e-60 -1.0729e-61 -1.0764e-63 -9.9691e-66 -8.5225e-68 -6.7253e-70 -4.8988e-72 -3.2939e-74 -2.0445e-76 -1.1713e-78 -6.1949e-81 -3.0243e-83 -1.3629e-85 -5.6695e-88 -2.1771e-90 -7.7170e-93 -2.5251e-95 -7.6268e-98 -2.1265e-100 -5.4732e-103 -1.3004e-105 -2.8519e-108 -5.7738e-111 -1.0790e-113 -1.8615e-116 -2.9645e-119 -4.3581e-122 -5.9140e-125 -7.4085e-128 -8.5670e-131 -9.1450e-134 -9.0114e-137 -8.1971e-140 -6.8830e-143 -5.3353e-146 -3.8176e-149 -2.5216e-152 -1.5375e-155 -8.6542e-159 -4.4966e-162 -2.1568e-165 8.1405e-07 2.9251e-06 5.5040e-06 0.0000e+00 8.6230e-06 8.3715e-06 7.1469e-06 5.4459e-06 3.7390e-06 2.3279e-06 1.3201e-06 6.8405e-07 3.2465e-07 1.4137e-07 5.6555e-08 2.0807e-08 7.0451e-09 2.1967e-09 6.3102e-10 1.6705e-10 4.0766e-11 9.1719e-12 1.9027e-12 3.6397e-13 6.4201e-14 1.0442e-14 1.5660e-15 2.1651e-16 2.7594e-17 3.2413e-18 3.5083e-19 3.4981e-20 3.2121e-21 2.7153e-22 2.1120e-23 1.5108e-24 9.9322e-26 5.9959e-27 3.3203e-28 1.6843e-29 7.8126e-31 3.3057e-32 1.2716e-33 4.4245e-35 1.3818e-36 3.8233e-38 9.1437e-40 1.7871e-41 2.3745e-43 -3.4106e-46 -1.5564e-46 -6.5317e-48 -1.9315e-49 -4.7097e-51 -9.9609e-53 -1.8695e-54 -3.1522e-56 -4.8098e-58 -6.6736e-60 -8.4471e-62 -9.7765e-64 -1.0364e-65 -1.0077e-67 -8.9947e-70 -7.3769e-72 -5.5625e-74 -3.8583e-76 -2.4629e-78 -1.4474e-80 -7.8329e-83 -3.9047e-85 -1.7934e-87 -7.5908e-90 -2.9612e-92 -1.0649e-94 -3.5304e-97 -1.0792e-99 -3.0421e-102 -7.9081e-105 -1.8960e-107 -4.1928e-110 -8.5526e-113 -1.6093e-115 -2.7936e-118 -4.4738e-121 -6.6101e-124 -9.0109e-127 -1.1334e-129 -1.3154e-132 -1.4086e-135 -1.3919e-138 -1.2692e-141 -1.0680e-144 -8.2935e-148 -5.9432e-151 -3.9304e-154 -2.3988e-157 -1.3512e-160 -7.0238e-164 -3.3698e-167
-9.0142e-07 -3.3920e-06 -6.8742e-06 -1.0502e-05 2.5042e-03 -1.4907e-05 -1.4777e-05 -1.3206e-05 -1.0714e-05 -7.9248e-06 -5.3599e-06 -3.3213e-06 -1.8883e-06 -9.8612e-07 -4.7338e-07 -2.0904e-07 -8.4954e-08 -3.1789e-08 -1.0956e-08 -3.4791e-09 -1.0181e-09 -2.7461e-10 -6.8287e-11 -1.5657e-11 -3.3106e-12 -6.4558e-13 -1.1612e-13 -1.9266e-14 -2.9489e-15 -4.1642e-16 -5.4254e-17 -6.5220e-18 -7.2343e-19 -7.4046e-20 -6.9938e-21 -6.0960e-22 -4.9035e-23 -3.6400e-24 -2.4938e-25 -1.5768e-26 -9.2017e-28 -4.9560e-29 -2.4637e-30 -1.1304e-31 -4.7871e-33 -1.8712e-34 -6.7508e-36 -2.2481e-37 -6.9102e-39 -1.9606e-40 -5.1345e-42 -1.2412e-43 -2.7695e-45 -5.7044e-47 -1.0845e-48 -1.9033e-50 -3.0832e-52 -4.6105e-54 -6.3640e-56 -8.1087e-58 -9.5372e-60 -1.0355e-61 -1.0377e-63 -9.6005e-66 -8.1988e-68 -6.4633e-70 -4.7033e-72 -3.1594e-74 -1.9591e-76 -1.1214e-78 -5.9256e-81 -2.8903e-83 -1.3014e-85 -5.4093e-88 -2.0755e-90 -7.3511e-93 -2.4035e-95 -7.2543e-98 -2.0212e-100 -5.1983e-103 -1.2342e-105 -2.7050e-108 -5.4726e-111 -1.0221e-113 -1.7622e-116 -2.8045e-119 -4.1203e-122 -5.5881e-125 -6.9961e-128 -8.0855e-131 -8.6262e-134 -8.4955e-137 -7.7236e-140 -6.4821e-143 -5.0219e-146 -3.5915e-149 -2.3711e-152 -1.4451e-155 -8.1298e-159 -4.2222e-162 8.8954e-07 3.2194e-06 6.1298e-06 8.6230e-06 0.0000e+00 9.9175e-06 8.7121e-06 6.8549e-06 4.8754e-06 3.1534e-06 1.8626e-06 1.0075e-06 5.0009e-07 2.2813e-07 9.5736e-08 3.6986e-08 1.3161e-08 4.3150e-09 1.3036e-09 3.6295e-10 9.3120e-11 2.2013e-11 4.7935e-12 9.6125e-13 1.7744e-13 3.0135e-14 4.7055e-15 6.7500e-16 8.8860e-17 1.0721e-17 1.1833e-18 1.1918e-19 1.0918e-20 9.0521e-22 6.7393e-23 4.4477e-24 2.5390e-25 1.1860e-26 3.7824e-28 -1.0259e-30 -1.3831e-30 -1.3934e-31 -9.8619e-33 -5.7520e-34 -2.9098e-35 -1.3063e-36 -5.2694e-38 -1.9239e-39 -6.3885e-41 -1.9356e-42 -5.3633e-44 -1.3615e-45 -3.1703e-47 -6.7786e-49 -1.3319e-50 -2.4065e-52 -4.0005e-54 -6.1210e-56 -8.6233e-58 -1.1189e-59 -1.3376e-61 -1.4734e-63 -1.4958e-65 -1.3998e-67 -1.2077e-69 -9.6074e-72 -7.0477e-74 -4.7679e-76 -2.9750e-78 -1.7122e-80 -9.0901e-83 -4.4519e-85 -2.0115e-87 -8.3850e-90 -3.2249e-92 -1.1444e-94 -3.7473e-97 -1.1322e-99 -3.1568e-102 -8.1220e-105 -1.9284e-107 -4.2253e-110 -8.5439e-113 -1.5944e-115 -2.7460e-118 -4.3648e-121 -6.4032e-124 -8.6697e-127 -1.0834e-129 -1.2496e-132 -1.3302e-135 -1.3070e-138 -1.1854e-141 -9.9223e-145 -7.6663e-148 -5.4672e-151 -3.5989e-154 -2.1867e-157 -1.2264e-160 -6.3485e-164
-8.4331e-07 -3.2544e-06 -6.8604e-06 -1.1022e-05 -1.4907e-05 3.6057e-03 -1.8741e-05 -1.7955e-05 -1.5640e-05 -1.2433e-05 -9.0443e-06 -6.0311e-06 -3.6918e-06 -2.0764e-06 -1.0740e-06 -5.1113e-07 -2.2395e-07 -9.0368e-08 -3.3595e-08 -1.1510e-08 -3.6346e-09 -1.0581e-09 -2.8406e-10 -7.0324e-11 -1.6058e-11 -3.3821e-12 -6.5714e-13 -1.1780e-13 -1.9482e-14 -2.9729e-15 -4.1861e-16 -5.4391e-17 -6.5218e-18 -7.2165e-19 -7.3694e-20 -6.9453e-21 -6.0411e-22 -4.8497e-23 -3.5933e-24 -2.4573e-25 -1.5511e-26 -9.0364e-28 -4.8593e-29 -2.4119e-30 -1.1050e-31 -4.6731e-33 -1.8242e-34 -6.5728e-36 -2.1861e-37 -6.7115e-39 -1.9020e-40 -4.9756e-42 -1.2015e-43 -2.6782e-45 -5.5106e-47 -1.0467e-48 -1.8351e-50 -2.9702e-52 -4.4375e-54 -6.1201e-56 -7.7915e-58 -9.1568e-60 -9.9339e-62 -9.9484e-64 -9.1969e-66 -7.8485e-68 -6.1829e-70 -4.4963e-72 -3.0184e-74 -1.8705e-76 -1.0700e-78 -5.6507e-81 -2.7546e-83 -1.2396e-85 -5.1496e-88 -1.9748e-90 -6.9908e-93 -2.2845e-95 -6.8917e-98 -1.9192e-100 -4.9337e-103 -1.1708e-105 -2.5649e-108 -5.1871e-111 -9.6834e-114 -1.6688e-116 -2.6548e-119 -3.8988e-122 -5.2856e-125 -6.6148e-128 -7.6419e-131 -8.1499e-134 -8.0235e-137 -7.2919e-140 -6.1176e-143 -4.7379e-146 -3.3873e-149 -2.2356e-152 -1.3620e-155 -7.6602e-159 8.2739e-07 3.0207e-06 5.8347e-06 8.3715e-06 9.9175e-06 0.0000e+00 9.2331e-06 7.5404e-06 5.5844e-06 3.7714e-06 2.3312e-06 1.3221e-06 6.8901e-07 3.3033e-07 1.4578e-07 5.9238e-08 2.2166e-08 7.6371e-09 2.4219e-09 7.0661e-10 1.8953e-10 4.6696e-11 1.0554e-11 2.1850e-12 4.1340e-13 7.1268e-14 1.1146e-14 1.5710e-15 1.9741e-16 2.1690e-17 2.0004e-18 1.3823e-19 3.5840e-21 -8.8493e-22 -2.0719e-22 -2.9366e-23 -3.3199e-24 -3.2154e-25 -2.7477e-26 -2.1030e-27 -1.4541e-28 -9.1339e-30 -5.2312e-31 -2.7387e-32 -1.3131e-33 -5.7743e-35 -2.3313e-36 -8.6492e-38 -2.9507e-39 -9.2613e-41 -2.6756e-42 -7.1178e-44 -1.7441e-45 -3.9374e-47 -8.1914e-49 -1.5707e-50 -2.7766e-52 -4.5255e-54 -6.8013e-56 -9.4267e-58 -1.2050e-59 -1.4208e-61 -1.5454e-63 -1.5506e-65 -1.4354e-67 -1.2260e-69 -9.6608e-72 -7.0245e-74 -4.7130e-76 -2.9179e-78 -1.6671e-80 -8.7895e-83 -4.2767e-85 -1.9204e-87 -7.9585e-90 -3.0439e-92 -1.0745e-94 -3.5007e-97 -1.0527e-99 -2.9215e-102 -7.4839e-105 -1.7695e-107 -3.8617e-110 -7.7788e-113 -1.4463e-115 -2.4822e-118 -3.9322e-121 -5.7498e-124 -7.7607e-127 -9.6690e-130 -1.1120e-132 -1.1804e-135 -1.1567e-138 -1.0463e-141 -8.7363e-145 -6.7335e-148 -4.7908e-151 -3.1464e-154 -1.9075e-157 -1.0675e-160
-6.8946e-07 -2.7399e-06 -6.0400e-06 -1.0260e-05 -1.4777e-05 -1.8741e-05 4.9072e-03 -2.1928e-05 -2.0537e-05 -1.7567e-05 -1.3758e-05 -9.8814e-06 -6.5176e-06 -3.9515e-06 -2.2038e-06 -1.1313e-06 -5.3476e-07 -2.3287e-07 -9.3448e-08 -3.4565e-08 -1.1787e-08 -3.7064e-09 -1.0748e-09 -2.8749e-10 -7.0935e-11 -1.6147e-11 -3.3909e-12 -6.5706e-13 -1.1748e-13 -1.9383e-14 -2.9512e-15 -4.1468e-16 -5.3774e-17 -6.4356e-18 -7.1086e-19 -7.2469e-20 -6.8190e-21 -5.9222e-22 -4.7474e-23 -3.5126e-24 -2.3990e-25 -1.5124e-26 -8.8005e-28 -4.7270e-29 -2.3437e-30 -1.0727e-31 -4.5317e-33 -1.7673e-34 -6.3619e-36 -2.1141e-37 -6.4849e-39 -1.8363e-40 -4.7998e-42 -1.1582e-43 -2.5797e-45 -5.3043e-47 -1.0068e-48 -1.7641e-50 -2.8533e-52 -4.2603e-54 -5.8721e-56 -7.4715e-58 -8.7758e-60 -9.5154e-62 -9.5243e-64 -8.8004e-66 -7.5064e-68 -5.9106e-70 -4.2962e-72 -2.8828e-74 -1.7857e-76 -1.0211e-78 -5.3899e-81 -2.6264e-83 -1.1815e-85 -4.9061e-88 -1.8807e-90 -6.6553e-93 -2.1741e-95 -6.5564e-98 -1.8252e-100 -4.6906e-103 -1.1128e-105 -2.4370e-108 -4.9267e-111 -9.1947e-114 -1.5841e-116 -2.5194e-119 -3.6988e-122 -5.0131e-125 -6.2721e-128 -7.2441e-131 -7.7237e-134 -7.6021e-137 -6.9072e-140 -5.7935e-143 -4.4858e-146 -3.2063e-149 -2.1156e-152 -1.2887e-155 6.7185e-07 2.4782e-06 4.8681e-06 7.1469e-06 8.7121e-06 9.2331e-06 0.0000e+00 7.4158e-06 5.7420e-06 4.0640e-06 2.6372e-06 1.5720e-06 8.6164e-07 4.3449e-07 2.0157e-07 8.6004e-08 3.3727e-08 1.2144e-08 4.0089e-09 1.2110e-09 3.3380e-10 8.3627e-11 1.8929e-11 3.8342e-12 6.8354e-13 1.0372e-13 1.2300e-14 7.8067e-16 -1.1092e-16 -5.4496e-17 -1.3131e-17 -2.4415e-18 -3.8461e-19 -5.3192e-20 -6.5719e-21 -7.3252e-22 -7.4109e-23 -6.8326e-24 -5.7568e-25 -4.4415e-26 -3.1425e-27 -2.0413e-28 -1.2185e-29 -6.6888e-31 -3.3783e-32 -1.5706e-33 -6.7246e-35 -2.6521e-36 -9.6376e-38 -3.2278e-39 -9.9651e-41 -2.8364e-42 -7.4442e-44 -1.8017e-45 -4.0220e-47 -8.2815e-49 -1.5730e-50 -2.7562e-52 -4.4557e-54 -6.6459e-56 -9.1463e-58 -1.1615e-59 -1.3611e-61 -1.4718e-63 -1.4687e-65 -1.3526e-67 -1.1496e-69 -9.0179e-72 -6.5286e-74 -4.3622e-76 -2.6902e-78 -1.5313e-80 -8.0449e-83 -3.9012e-85 -1.7462e-87 -7.2142e-90 -2.7511e-92 -9.6841e-95 -3.1466e-97 -9.4373e-100 -2.6127e-102 -6.6769e-105 -1.5751e-107 -3.4298e-110 -6.8943e-113 -1.2793e-115 -2.1912e-118 -3.4645e-121 -5.0567e-124 -6.8131e-127 -8.4738e-130 -9.7291e-133 -1.0312e-135 -1.0089e-138 -9.1121e-142 -7.5972e-145 -5.8473e-148 -4.1546e-151 -2.7249e-154 -1.6499e-157
-5.0008e-07 -2.0545e-06 -4.7584e-06 -8.5828e-06 -1.3206e-05 -1.7955e-05 -2.1928e-05 6.4087e-03 -2.4457e-05 -2.2528e-05 -1.9008e-05 -1.4715e-05 -1.0465e-05 -6.8438e-06 -4.1182e-06 -2.2816e-06 -1.1643e-06 -5.4750e-07 -2.3729e-07 -9.4813e-08 -3.4933e-08 -1.1870e-08 -3.7204e-09 -1.0757e-09 -2.8692e-10 -7.0614e-11 -1.6035e-11 -3.3602e-12 -6.4978e-13 -1.1596e-13 -1.9098e-14 -2.9029e-15 -4.0724e-16 -5.2731e-17 -6.3019e-18 -6.9517e-19 -7.0782e-20 -6.6523e-21 -5.7710e-22 -4.6212e-23 -3.4159e-24 -2.3307e-25 -1.4679e-26 -8.5345e-28 -4.5803e-29 -2.2692e-30 -1.0377e-31 -4.3810e-33 -1.7073e-34 -6.1419e-36 -2.0396e-37 -6.2527e-39 -1.7695e-40 -4.6226e-42 -1.1148e-43 -2.4818e-45 -5.1003e-47 -9.6759e-49 -1.6946e-50 -2.7396e-52 -4.0888e-54 -5.6333e-56 -7.1646e-58 -8.4120e-60 -9.1174e-62 -9.1224e-64 -8.4259e-66 -7.1845e-68 -5.6551e-70 -4.1092e-72 -2.7564e-74 -1.7068e-76 -9.7570e-79 -5.1488e-81 -2.5082e-83 -1.1280e-85 -4.6827e-88 -1.7946e-90 -6.3488e-93 -2.0735e-95 -6.2513e-98 -1.7399e-100 -4.4702e-103 -1.0602e-105 -2.3214e-108 -4.6921e-111 -8.7550e-114 -1.5080e-116 -2.3979e-119 -3.5198e-122 -4.7695e-125 -5.9662e-128 -6.8896e-131 -7.3443e-134 -7.2273e-137 -6.5656e-140 -5.5060e-143 -4.2625e-146 -3.0462e-149 -2.0097e-152 4.8352e-07 1.8047e-06 3.6141e-06 5.4459e-06 6.8549e-06 7.5404e-06 7.4158e-06 0.0000e+00 5.3612e-06 3.9860e-06 2.7200e-06 1.7054e-06 9.8275e-07 5.2029e-07 2.5283e-07 1.1259e-07 4.5846e-08 1.7011e-08 5.7233e-09 1.7326e-09 4.6589e-10 1.0860e-10 2.0778e-11 2.7337e-12 -1.8667e-14 -1.6261e-13 -6.7800e-14 -1.9784e-14 -4.7565e-15 -9.9235e-16 -1.8388e-16 -3.0637e-17 -4.6241e-18 -6.3523e-19 -7.9683e-20 -9.1479e-21 -9.6277e-22 -9.3009e-23 -8.2557e-24 -6.7380e-25 -5.0598e-26 -3.4976e-27 -2.2265e-28 -1.3056e-29 -7.0551e-31 -3.5136e-32 -1.6132e-33 -6.8286e-35 -2.6656e-36 -9.5962e-38 -3.1865e-39 -9.7605e-41 -2.7581e-42 -7.1904e-44 -1.7296e-45 -3.8387e-47 -7.8615e-49 -1.4857e-50 -2.5911e-52 -4.1704e-54 -6.1947e-56 -8.4921e-58 -1.0745e-59 -1.2547e-61 -1.3523e-63 -1.3453e-65 -1.2353e-67 -1.0470e-69 -8.1909e-72 -5.9148e-74 -3.9425e-76 -2.4258e-78 -1.3777e-80 -7.2228e-83 -3.4955e-85 -1.5615e-87 -6.4394e-90 -2.4513e-92 -8.6138e-95 -2.7942e-97 -8.3672e-100 -2.3129e-102 -5.9022e-105 -1.3903e-107 -3.0234e-110 -6.0694e-113 -1.1247e-115 -1.9241e-118 -3.0387e-121 -4.4301e-124 -5.9622e-127 -7.4075e-130 -8.4960e-133 -8.9955e-136 -8.7925e-139 -7.9337e-142 -6.6087e-145 -5.0819e-148 -3.6076e-151 -2.3642e-154
-3.2494e-07 -1.3851e-06 -3.3842e-06 -6.5027e-06 -1.0714e-05 -1.5640e-05 -2.0537e-05 -2.4457e-05 8.1100e-03 -2.6347e-05 -2.3965e-05 -2.0008e-05 -1.5352e-05 -1.0834e-05 -7.0382e-06 -4.2106e-06 -2.3208e-06 -1.1790e-06 -5.5212e-07 -2.3842e-07 -9.4950e-08 -3.4879e-08 -1.1819e-08 -3.6953e-09 -1.0660e-09 -2.8374e-10 -6.9694e-11 -1.5798e-11 -3.3050e-12 -6.3811e-13 -1.1371e-13 -1.8702e-14 -2.8392e-15 -3.9784e-16 -5.1456e-17 -6.1431e-18 -6.7698e-19 -6.8866e-20 -6.4665e-21 -5.6051e-22 -4.4848e-23 -3.3126e-24 -2.2586e-25 -1.4216e-26 -8.2595e-28 -4.4300e-29 -2.1934e-30 -1.0025e-31 -4.2300e-33 -1.6476e-34 -5.9242e-36 -1.9664e-37 -6.0255e-39 -1.7044e-40 -4.4508e-42 -1.0729e-43 -2.3876e-45 -4.9050e-47 -9.3020e-49 -1.6285e-50 -2.6319e-52 -3.9268e-54 -5.4084e-56 -6.8765e-58 -8.0713e-60 -8.7456e-62 -8.7480e-64 -8.0780e-66 -6.8860e-68 -5.4188e-70 -3.9365e-72 -2.6399e-74 -1.6344e-76 -9.3405e-79 -4.9280e-81 -2.4001e-83 -1.0791e-85 -4.4790e-88 -1.7162e-90 -6.0705e-93 -1.9822e-95 -5.9750e-98 -1.6627e-100 -4.2711e-103 -1.0129e-105 -2.2173e-108 -4.4810e-111 -8.3597e-114 -1.4397e-116 -2.2889e-119 -3.3594e-122 -4.5515e-125 -5.6928e-128 -6.5729e-131 -7.0058e-134 -6.8934e-137 -6.2614e-140 -5.2503e-143 -4.0640e-146 -2.9040e-149 3.1143e-07 1.1780e-06 2.4105e-06 3.7390e-06 4.8754e-06 5.5844e-06 5.7420e-06 5.3612e-06 0.0000e+00 3.5763e-06 2.5667e-06 1.6909e-06 1.0216e-06 5.6499e-07 2.8521e-07 1.3082e-07 5.4152e-08 1.9997e-08 6.4520e-09 1.7395e-09 3.4442e-10 1.9167e-11 -2.4126e-11 -1.5624e-11 -6.4793e-12 -2.1696e-12 -6.2569e-13 -1.5969e-13 -3.6580e-14 -7.5827e-15 -1.4298e-15 -2.4611e-16 -3.8762e-17 -5.5965e-18 -7.4168e-19 -9.0315e-20 -1.0113e-20 -1.0420e-21 -9.8831e-23 -8.6335e-24 -6.9483e-25 -5.1533e-26 -3.5230e-27 -2.2205e-28 -1.2905e-29 -6.9171e-31 -3.4196e-32 -1.5594e-33 -6.5604e-35 -2.5463e-36 -9.1188e-38 -3.0133e-39 -9.1881e-41 -2.5854e-42 -6.7139e-44 -1.6090e-45 -3.5589e-47 -7.2650e-49 -1.3688e-50 -2.3804e-52 -3.8209e-54 -5.6611e-56 -7.7419e-58 -9.7729e-60 -1.1388e-61 -1.2248e-63 -1.2161e-65 -1.1146e-67 -9.4297e-70 -7.3644e-72 -5.3093e-74 -3.5335e-76 -2.1708e-78 -1.2312e-80 -6.4457e-83 -3.1153e-85 -1.3899e-87 -5.7248e-90 -2.1767e-92 -7.6404e-95 -2.4758e-97 -7.4059e-100 -2.0451e-102 -5.2137e-105 -1.2270e-107 -2.6659e-110 -5.3469e-113 -9.9002e-116 -1.6923e-118 -2.6704e-121 -3.8902e-124 -5.2316e-127 -6.4952e-130 -7.4444e-133 -7.8767e-136 -7.6939e-139 -6.9380e-142 -5.7756e-145 -4.4386e-148 -3.1491e-151
-1.9041e-07 -8.4497e-07 -2.1854e-06 -4.4847e-06 -7.9248e-06 -1.2433e-05 -1.7567e-05 -2.2528e-05 -2.6347e-05 1.0011e-02 -2.7656e-05 -2.4914e-05 -2.0633e-05 -1.5722e-05 -1.1031e-05 -7.1289e-06 -4.2457e-06 -2.3309e-06 -1.1799e-06 -5.5085e-07 -2.3720e-07 -9.4226e-08 -3.4533e-08 -1.1678e-08 -3.6441e-09 -1.0494e-09 -2.7887e-10 -6.8398e-11 -1.5483e-11 -3.2350e-12 -6.2386e-13 -1.1105e-13 -1.8246e-14 -2.7673e-15 -3.8742e-16 -5.0066e-17 -5.9725e-18 -6.5769e-19 -6.6856e-20 -6.2736e-21 -5.4345e-22 -4.3458e-23 -3.2080e-24 -2.1861e-25 -1.3753e-26 -7.9866e-28 -4.2817e-29 -2.1190e-30 -9.6812e-32 -4.0832e-33 -1.5898e-34 -5.7143e-36 -1.8961e-37 -5.8080e-39 -1.6424e-40 -4.2874e-42 -1.0332e-43 -2.2986e-45 -4.7207e-47 -8.9502e-49 -1.5665e-50 -2.5311e-52 -3.7754e-54 -5.1987e-56 -6.6085e-58 -7.7550e-60 -8.4011e-62 -8.4017e-64 -7.7566e-66 -6.6108e-68 -5.2013e-70 -3.7778e-72 -2.5331e-74 -1.5679e-76 -8.9594e-79 -4.7261e-81 -2.3015e-83 -1.0346e-85 -4.2937e-88 -1.6449e-90 -5.8176e-93 -1.8994e-95 -5.7246e-98 -1.5928e-100 -4.0911e-103 -9.7004e-106 -2.1233e-108 -4.2905e-111 -8.0035e-114 -1.3782e-116 -2.1909e-119 -3.2152e-122 -4.3557e-125 -5.4473e-128 -6.2889e-131 -6.7025e-134 -6.5942e-137 -5.9891e-140 -5.0215e-143 -3.8866e-146 1.8072e-07 6.9380e-07 1.4540e-06 2.3279e-06 3.1534e-06 3.7714e-06 4.0640e-06 3.9860e-06 3.5763e-06 0.0000e+00 2.2169e-06 1.5295e-06 9.6311e-07 5.5084e-07 2.8398e-07 1.3027e-07 5.1903e-08 1.7007e-08 3.8446e-09 -3.5838e-11 -6.6688e-10 -4.7947e-10 -2.4109e-10 -9.9940e-11 -3.5976e-11 -1.1510e-11 -3.3139e-12 -8.6484e-13 -2.0556e-13 -4.4640e-14 -8.8771e-15 -1.6192e-15 -2.7122e-16 -4.1762e-17 -5.9151e-18 -7.7116e-19 -9.2580e-20 -1.0239e-20 -1.0435e-21 -9.8021e-23 -8.4890e-24 -6.7792e-25 -4.9928e-26 -3.3917e-27 -2.1254e-28 -1.2287e-29 -6.5541e-31 -3.2257e-32 -1.4649e-33 -6.1395e-35 -2.3746e-36 -8.4758e-38 -2.7922e-39 -8.4896e-41 -2.3825e-42 -6.1712e-44 -1.4755e-45 -3.2562e-47 -6.6332e-49 -1.2473e-50 -2.1650e-52 -3.4690e-54 -5.1310e-56 -7.0057e-58 -8.8302e-60 -1.0274e-61 -1.1036e-63 -1.0942e-65 -1.0016e-67 -8.4639e-70 -6.6026e-72 -4.7548e-74 -3.1611e-76 -1.9401e-78 -1.0992e-80 -5.7497e-83 -2.7764e-85 -1.2377e-87 -5.0934e-90 -1.9351e-92 -6.7871e-95 -2.1976e-97 -6.5692e-100 -1.8128e-102 -4.6184e-105 -1.0862e-107 -2.3584e-110 -4.7275e-113 -8.7482e-116 -1.4945e-118 -2.3570e-121 -3.4318e-124 -4.6129e-127 -5.7241e-130 -6.5574e-133 -6.9350e-136 -6.7709e-139 -6.1029e-142 -5.0783e-145 -3.9011e-148
-1.0109e-07 -4.6853e-07 -1.2865e-06 -2.8249e-06 -5.3599e-06 -9.0443e-06 -1.3758e-05 -1.9008e-05 -2.3965e-05 -2.7656e-05 1.2112e-02 -2.8467e-05 -2.5458e-05 -2.0953e-05 -1.5883e-05 -1.1093e-05 -7.1407e-06 -4.2381e-06 -2.3197e-06 -1.1711e-06 -5.4540e-07 -2.3435e-07 -9.2913e-08 -3.3992e-08 -1.1477e-08 -3.5761e-09 -1.0284e-09 -2.7297e-10 -6.6875e-11 -1.5123e-11 -3.1566e-12 -6.0821e-13 -1.0817e-13 -1.7760e-14 -2.6916e-15 -3.7656e-16 -4.8632e-17 -5.7979e-18 -6.3811e-19 -6.4831e-20 -6.0806e-21 -5.2648e-22 -4.2082e-23 -3.1051e-24 -2.1152e-25 -1.3301e-26 -7.7216e-28 -4.1382e-29 -2.0473e-30 -9.3507e-32 -3.9426e-33 -1.5346e-34 -5.5145e-36 -1.8293e-37 -5.6020e-39 -1.5837e-40 -4.1333e-42 -9.9586e-44 -2.2150e-45 -4.5482e-47 -8.6214e-49 -1.5087e-50 -2.4372e-52 -3.6347e-54 -5.0040e-56 -6.3599e-58 -7.4621e-60 -8.0826e-62 -8.0820e-64 -7.4604e-66 -6.3574e-68 -5.0012e-70 -3.6320e-72 -2.4350e-74 -1.5070e-76 -8.6104e-79 -4.5415e-81 -2.2113e-83 -9.9398e-86 -4.1245e-88 -1.5800e-90 -5.5873e-93 -1.8240e-95 -5.4969e-98 -1.5293e-100 -3.9276e-103 -9.3120e-106 -2.0381e-108 -4.1181e-111 -7.6811e-114 -1.3226e-116 -2.1023e-119 -3.0850e-122 -4.1790e-125 -5.2259e-128 -6.0328e-131 -6.4291e-134 -6.3248e-137 -5.7441e-140 -4.8157e-143 9.4928e-08 3.7044e-07 7.9679e-07 1.3201e-06 1.8626e-06 2.3312e-06 2.6372e-06 2.7200e-06 2.5667e-06 2.2169e-06 0.0000e+00 1.2563e-06 8.1537e-07 4.7277e-07 2.3971e-07 1.0149e-07 3.1330e-08 2.3290e-09 -5.9373e-09 -5.9592e-09 -3.9009e-09 -2.0717e-09 -9.4980e-10 -3.8597e-10 -1.4095e-10 -4.6623e-11 -1.4040e-11 -3.8625e-12 -9.7294e-13 -2.2479e-13 -4.7699e-14 -9.3045e-15 -1.6698e-15 -2.7583e-16 -4.1964e-17 -5.8819e-18 -7.5981e-19 -9.0477e-20 -9.9339e-21 -1.0058e-21 -9.3934e-23 -8.0921e-24 -6.4312e-25 -4.7158e-26 -3.1907e-27 -1.9921e-28 -1.1477e-29 -6.1028e-31 -2.9949e-32 -1.3565e-33 -5.6706e-35 -2.1880e-36 -7.7929e-38 -2.5619e-39 -7.7746e-41 -2.1779e-42 -5.6316e-44 -1.3443e-45 -2.9622e-47 -6.0257e-49 -1.1315e-50 -1.9615e-52 -3.1391e-54 -4.6376e-56 -6.3251e-58 -7.9639e-60 -9.2570e-62 -9.9334e-64 -9.8406e-66 -8.9998e-68 -7.5986e-70 -5.9228e-72 -4.2620e-74 -2.8314e-76 -1.7365e-78 -9.8322e-81 -5.1394e-83 -2.4802e-85 -1.1049e-87 -4.5446e-90 -1.7256e-92 -6.0491e-95 -1.9576e-97 -5.8488e-100 -1.6133e-102 -4.1080e-105 -9.6574e-108 -2.0959e-110 -4.1995e-113 -7.7680e-116 -1.3265e-118 -2.0913e-121 -3.0437e-124 -4.0898e-127 -5.0732e-130 -5.8097e-133 -6.1440e-136 -5.9966e-139 -5.4032e-142 -4.4946e-145
-4.8802e-08 -2.3691e-07 -6.9226e-07 -1.6289e-06 -3.3213e-06 -6.0311e-06 -9.8814e-06 -1.4715e-05 -2.0008e-05 -2.4914e-05 -2.8467e-05 1.4413e-02 -2.8875e-05 -2.5679e-05 -2.1037e-05 -1.5882e-05 -1.1054e-05 -7.0943e-06 -4.1995e-06 -2.2932e-06 -1.1553e-06 -5.3707e-07 -2.3039e-07 -9.1207e-08 -3.3324e-08 -1.1237e-08 -3.4976e-09 -1.0048e-09 -2.6646e-10 -6.5224e-11 -1.4738e-11 -3.0740e-12 -5.9189e-13 -1.0520e-13 -1.7262e-14 -2.6147e-15 -3.6562e-16 -4.7197e-17 -5.6243e-18 -6.1874e-19 -6.2839e-20 -5.8915e-21 -5.0993e-22 -4.0745e-23 -3.0055e-24 -2.0467e-25 -1.2867e-26 -7.4675e-28 -4.0009e-29 -1.9789e-30 -9.0363e-32 -3.8092e-33 -1.4824e-34 -5.3256e-36 -1.7663e-37 -5.4080e-39 -1.5286e-40 -3.9888e-42 -9.6088e-44 -2.1369e-45 -4.3871e-47 -8.3147e-49 -1.4548e-50 -2.3499e-52 -3.5040e-54 -4.8235e-56 -6.1297e-58 -7.1911e-60 -7.7882e-62 -7.7867e-64 -7.1870e-66 -6.1238e-68 -4.8170e-70 -3.4979e-72 -2.3448e-74 -1.4511e-76 -8.2901e-79 -4.3722e-81 -2.1287e-83 -9.5677e-86 -3.9698e-88 -1.5206e-90 -5.3769e-93 -1.7552e-95 -5.2891e-98 -1.4714e-100 -3.7787e-103 -8.9583e-106 -1.9606e-108 -3.9611e-111 -7.3880e-114 -1.2720e-116 -2.0219e-119 -2.9667e-122 -4.0186e-125 -5.0250e-128 -5.8006e-131 -6.1813e-134 -6.0808e-137 -5.5222e-140 4.5297e-08 1.7993e-07 3.9805e-07 6.8405e-07 1.0075e-06 1.3221e-06 1.5720e-06 1.7054e-06 1.6909e-06 1.5295e-06 1.2563e-06 0.0000e+00 6.0847e-07 3.4247e-07 1.5348e-07 4.0362e-08 -1.3555e-08 -2.9996e-08 -2.7843e-08 -1.9625e-08 -1.1678e-08 -6.0983e-09 -2.8468e-09 -1.2002e-09 -4.5984e-10 -1.6075e-10 -5.1420e-11 -1.5079e-11 -4.0598e-12 -1.0046e-12 -2.2868e-13 -4.7915e-14 -9.2454e-15 -1.6436e-15 -2.6928e-16 -4.0672e-17 -5.6642e-18 -7.2749e-19 -8.6184e-20 -9.4188e-21 -9.4969e-22 -8.8353e-23 -7.5849e-24 -6.0089e-25 -4.3933e-26 -2.9644e-27 -1.8462e-28 -1.0613e-29 -5.6310e-31 -2.7579e-32 -1.2468e-33 -5.2031e-35 -2.0044e-36 -7.1281e-38 -2.3401e-39 -7.0918e-41 -1.9841e-42 -5.1244e-44 -1.2218e-45 -2.6895e-47 -5.4655e-49 -1.0253e-50 -1.7759e-52 -2.8395e-54 -4.1916e-56 -5.7123e-58 -7.1869e-60 -8.3479e-62 -8.9519e-64 -8.8624e-66 -8.1002e-68 -6.8350e-70 -5.3246e-72 -3.8295e-74 -2.5427e-76 -1.5587e-78 -8.8209e-81 -4.6087e-83 -2.2230e-85 -9.8996e-88 -4.0700e-90 -1.5448e-92 -5.4131e-95 -1.7512e-97 -5.2301e-100 -1.4421e-102 -3.6709e-105 -8.6271e-108 -1.8723e-110 -3.7502e-113 -6.9347e-116 -1.1836e-118 -1.8654e-121 -2.7143e-124 -3.6461e-127 -4.5217e-130 -5.1769e-133 -5.4719e-136 -5.3395e-139 -4.8101e-142
-2.1477e-08 -1.0950e-07 -3.4118e-07 -8.6122e-07 -1.8883e-06 -3.6918e-06 -6.5176e-06 -1.0465e-05 -1.5352e-05 -2.0633e-05 -2.5458e-05 -2.8875e-05 1.6914e-02 -2.8968e-05 -2.5654e-05 -2.0941e-05 -1.5762e-05 -1.0941e-05 -7.0060e-06 -4.1389e-06 -2.2561e-06 -1.1349e-06 -5.2682e-07 -2.2571e-07 -8.9252e-08 -3.2576e-08 -1.0975e-08 -3.4130e-09 -9.7977e-10 -2.5963e-10 -6.3512e-11 -1.4342e-11 -2.9899e-12 -5.7540e-13 -1.0223e-13 -1.6766e-14 -2.5385e-15 -3.5483e-16 -4.5787e-17 -5.4545e-18 -5.9986e-19 -6.0903e-20 -5.7084e-21 -4.9395e-22 -3.9459e-23 -2.9100e-24 -1.9812e-25 -1.2452e-26 -7.2254e-28 -3.8705e-29 -1.9141e-30 -8.7386e-32 -3.6831e-33 -1.4331e-34 -5.1477e-36 -1.7070e-37 -5.2259e-39 -1.4769e-40 -3.8535e-42 -9.2817e-44 -2.0639e-45 -4.2367e-47 -8.0289e-49 -1.4047e-50 -2.2686e-52 -3.3825e-54 -4.6558e-56 -5.9161e-58 -6.9400e-60 -7.5156e-62 -7.5135e-64 -6.9344e-66 -5.9081e-68 -4.6470e-70 -3.3742e-72 -2.2618e-74 -1.3996e-76 -7.9954e-79 -4.2165e-81 -2.0528e-83 -9.2259e-86 -3.8278e-88 -1.4661e-90 -5.1839e-93 -1.6921e-95 -5.0988e-98 -1.4184e-100 -3.6424e-103 -8.6347e-106 -1.8897e-108 -3.8177e-111 -7.1202e-114 -1.2259e-116 -1.9484e-119 -2.8588e-122 -3.8723e-125 -4.8419e-128 -5.5890e-131 -5.9557e-134 -5.8586e-137 1.9687e-08 7.9717e-08 1.8174e-07 3.2465e-07 5.0009e-07 6.8901e-07 8.6164e-07 9.8275e-07 1.0216e-06 9.6311e-07 8.1537e-07 6.0847e-07 0.0000e+00 1.8608e-07 3.8910e-08 -4.8223e-08 -8.3441e-08 -8.3664e-08 -6.6577e-08 -4.5399e-08 -2.7358e-08 -1.4796e-08 -7.2444e-09 -3.2288e-09 -1.3147e-09 -4.9027e-10 -1.6774e-10 -5.2719e-11 -1.5236e-11 -4.0523e-12 -9.9239e-13 -2.2388e-13 -4.6546e-14 -8.9207e-15 -1.5764e-15 -2.5691e-16 -3.8620e-17 -5.3558e-18 -6.8527e-19 -8.0904e-20 -8.8142e-21 -8.8620e-22 -8.2232e-23 -7.0426e-24 -5.5671e-25 -4.0620e-26 -2.7358e-27 -1.7009e-28 -9.7617e-30 -5.1717e-31 -2.5294e-32 -1.1420e-33 -4.7600e-35 -1.8316e-36 -6.5067e-38 -2.1339e-39 -6.4608e-41 -1.8059e-42 -4.6604e-44 -1.1103e-45 -2.4422e-47 -4.9592e-49 -9.2974e-51 -1.6092e-52 -2.5715e-54 -3.7937e-56 -5.1672e-58 -6.4977e-60 -7.5435e-62 -8.0854e-64 -8.0009e-66 -7.3095e-68 -6.1652e-70 -4.8008e-72 -3.4514e-74 -2.2908e-76 -1.4038e-78 -7.9415e-81 -4.1479e-83 -2.0001e-85 -8.9042e-88 -3.6607e-90 -1.3890e-92 -4.8659e-95 -1.5733e-97 -4.6977e-100 -1.2950e-102 -3.2957e-105 -7.7433e-108 -1.6796e-110 -3.3636e-113 -6.2186e-116 -1.0614e-118 -1.6726e-121 -2.4332e-124 -3.2679e-127 -4.0520e-130 -4.6384e-133 -4.9018e-136 -4.7824e-139
-8.6339e-09 -4.6342e-08 -1.5424e-07 -4.1802e-07 -9.8612e-07 -2.0764e-06 -3.9515e-06 -6.8438e-06 -1.0834e-05 -1.5722e-05 -2.0953e-05 -2.5679e-05 -2.8968e-05 1.9615e-02 -2.8822e-05 -2.5444e-05 -2.0714e-05 -1.5555e-05 -1.0776e-05 -6.8884e-06 -4.0632e-06 -2.2119e-06 -1.1113e-06 -5.1533e-07 -2.2057e-07 -8.7148e-08 -3.1783e-08 -1.0700e-08 -3.3255e-09 -9.5410e-10 -2.5270e-10 -6.1785e-11 -1.3946e-11 -2.9061e-12 -5.5905e-13 -9.9285e-14 -1.6278e-14 -2.4639e-15 -3.4431e-16 -4.4417e-17 -5.2900e-18 -5.8164e-19 -5.9040e-20 -5.5326e-21 -4.7865e-22 -3.8229e-23 -2.8188e-24 -1.9188e-25 -1.2058e-26 -6.9957e-28 -3.7469e-29 -1.8527e-30 -8.4574e-32 -3.5641e-33 -1.3866e-34 -4.9803e-36 -1.6514e-37 -5.0550e-39 -1.4285e-40 -3.7268e-42 -8.9757e-44 -1.9957e-45 -4.0964e-47 -7.7624e-49 -1.3579e-50 -2.1930e-52 -3.2695e-54 -4.5000e-56 -5.7178e-58 -6.7069e-60 -7.2627e-62 -7.2604e-64 -6.7004e-66 -5.7084e-68 -4.4897e-70 -3.2598e-72 -2.1850e-74 -1.3520e-76 -7.7233e-79 -4.0729e-81 -1.9828e-83 -8.9108e-86 -3.6969e-88 -1.4159e-90 -5.0063e-93 -1.6341e-95 -4.9238e-98 -1.3696e-100 -3.5171e-103 -8.3375e-106 -1.8246e-108 -3.6861e-111 -6.8745e-114 -1.1836e-116 -1.8811e-119 -2.7600e-122 -3.7382e-125 -4.6742e-128 -5.3953e-131 -5.7491e-134 7.8090e-09 3.2280e-08 7.5986e-08 1.4137e-07 2.2813e-07 3.3033e-07 4.3449e-07 5.2029e-07 5.6499e-07 5.5084e-07 4.7277e-07 3.4247e-07 1.8608e-07 0.0000e+00 -8.1033e-08 -1.4981e-07 -1.7121e-07 -1.5723e-07 -1.2433e-07 -8.7098e-08 -5.4843e-08 -3.1298e-08 -1.6272e-08 -7.7334e-09 -3.3678e-09 -1.3461e-09 -4.9445e-10 -1.6706e-10 -5.1959e-11 -1.4883e-11 -3.9283e-12 -9.5566e-13 -2.1435e-13 -4.4339e-14 -8.4595e-15 -1.4889e-15 -2.4179e-16 -3.6231e-17 -5.0100e-18 -6.3934e-19 -7.5302e-20 -8.1861e-21 -8.2142e-22 -7.6082e-23 -6.5050e-24 -5.1342e-25 -3.7408e-26 -2.5162e-27 -1.5624e-28 -8.9567e-30 -4.7402e-31 -2.3160e-32 -1.0447e-33 -4.3507e-35 -1.6728e-36 -5.9377e-38 -1.9459e-39 -5.8876e-41 -1.6447e-42 -4.2416e-44 -1.0100e-45 -2.2203e-47 -4.5063e-49 -8.4442e-51 -1.4609e-52 -2.3334e-54 -3.4410e-56 -4.6849e-58 -5.8890e-60 -6.8344e-62 -7.3227e-64 -7.2438e-66 -6.6157e-68 -5.5784e-70 -4.3426e-72 -3.1221e-74 -2.0716e-76 -1.2691e-78 -7.1761e-81 -3.7472e-83 -1.8065e-85 -8.0404e-88 -3.3040e-90 -1.2534e-92 -4.3901e-95 -1.4196e-97 -4.2379e-100 -1.1680e-102 -2.9721e-105 -6.9818e-108 -1.5142e-110 -3.0319e-113 -5.6046e-116 -9.5648e-119 -1.5070e-121 -2.1920e-124 -2.9437e-127 -3.6495e-130 -4.1770e-133 -4.4138e-136
-3.1757e-09 -1.7986e-08 -6.4026e-08 -1.8644e-07 -4.7338e-07 -1.0740e-06 -2.2038e-06 -4.1182e-06 -7.0382e-06 -1.1031e-05 -1.5883e-05 -2.1037e-05 -2.5654e-05 -2.8822e-05 2.2516e-02 -2.8501e-05 -2.5101e-05 -2.0394e-05 -1.5288e-05 -1.0575e-05 -6.7511e-06 -3.9776e-06 -2.1631e-06 -1.0858e-06 -5.0311e-07 -2.1519e-07 -8.4966e-08 -3.0970e-08 -1.0421e-08 -3.2371e-09 -9.2834e-10 -2.4578e-10 -6.0071e-11 -1.3555e-11 -2.8237e-12 -5.4304e-13 -9.6417e-14 -1.5804e-14 -2.3917e-15 -3.3413e-16 -4.3097e-17 -5.1318e-18 -5.6414e-19 -5.7255e-20 -5.3646e-21 -4.6404e-22 -3.7058e-23 -2.7321e-24 -1.8595e-25 -1.1685e-26 -6.7783e-28 -3.6301e-29 -1.7948e-30 -8.1923e-32 -3.4521e-33 -1.3429e-34 -4.8230e-36 -1.5991e-37 -4.8946e-39 -1.3831e-40 -3.6081e-42 -8.6894e-44 -1.9319e-45 -3.9653e-47 -7.5135e-49 -1.3143e-50 -2.1225e-52 -3.1642e-54 -4.3549e-56 -5.5332e-58 -6.4901e-60 -7.0277e-62 -7.0251e-64 -6.4830e-66 -5.5231e-68 -4.3438e-70 -3.1538e-72 -2.1139e-74 -1.3080e-76 -7.4714e-79 -3.9399e-81 -1.9180e-83 -8.6194e-86 -3.5760e-88 -1.3696e-90 -4.8423e-93 -1.5805e-95 -4.7622e-98 -1.3247e-100 -3.4015e-103 -8.0634e-106 -1.7646e-108 -3.5648e-111 -6.6481e-114 -1.1446e-116 -1.8191e-119 -2.6689e-122 -3.6149e-125 -4.5199e-128 -5.2171e-131 2.8318e-09 1.1966e-08 2.9136e-08 5.6555e-08 9.5736e-08 1.4578e-07 2.0157e-07 2.5283e-07 2.8521e-07 2.8398e-07 2.3971e-07 1.5348e-07 3.8910e-08 -8.1033e-08 0.0000e+00 -2.4391e-07 -2.6220e-07 -2.4234e-07 -1.9836e-07 -1.4593e-07 -9.7310e-08 -5.9126e-08 -3.2848e-08 -1.6724e-08 -7.8174e-09 -3.3586e-09 -1.3276e-09 -4.8311e-10 -1.6195e-10 -5.0029e-11 -1.4247e-11 -3.7413e-12 -9.0615e-13 -2.0246e-13 -4.1733e-14 -7.9378e-15 -1.3933e-15 -2.2569e-16 -3.3743e-17 -4.6565e-18 -5.9314e-19 -6.9743e-20 -7.5702e-21 -7.5854e-22 -7.0168e-23 -5.9922e-24 -4.7243e-25 -3.4387e-26 -2.3107e-27 -1.4336e-28 -8.2115e-30 -4.3425e-31 -2.1202e-32 -9.5575e-34 -3.9778e-35 -1.5285e-36 -5.4226e-38 -1.7762e-39 -5.3715e-41 -1.4998e-42 -3.8663e-44 -9.2024e-46 -2.0222e-47 -4.1028e-49 -7.6855e-51 -1.3292e-52 -2.1224e-54 -3.1289e-56 -4.2588e-58 -5.3519e-60 -6.2114e-62 -6.6534e-64 -6.5800e-66 -6.0067e-68 -5.0637e-70 -3.9412e-72 -2.8321e-74 -1.8789e-76 -1.1508e-78 -6.5080e-81 -3.3978e-83 -1.6378e-85 -7.2884e-88 -2.9945e-90 -1.1359e-92 -3.9778e-95 -1.2861e-97 -3.8390e-100 -1.0579e-102 -2.6917e-105 -6.3225e-108 -1.3711e-110 -2.7450e-113 -5.0737e-116 -8.6579e-119 -1.3640e-121 -1.9839e-124 -2.6639e-127 -3.3023e-130 -3.7794e-133
-1.0701e-09 -6.4078e-09 -2.4426e-08 -7.6464e-08 -2.0904e-07 -5.1113e-07 -1.1313e-06 -2.2816e-06 -4.2106e-06 -7.1289e-06 -1.1093e-05 -1.5882e-05 -2.0941e-05 -2.5444e-05 -2.8501e-05 2.5616e-02 -2.8055e-05 -2.4665e-05 -2.0009e-05 -1.4980e-05 -1.0351e-05 -6.6012e-06 -3.8860e-06 -2.1117e-06 -1.0593e-06 -4.9052e-07 -2.0969e-07 -8.2757e-08 -3.0152e-08 -1.0142e-08 -3.1493e-09 -9.0286e-10 -2.3896e-10 -5.8391e-11 -1.3172e-11 -2.7434e-12 -5.2750e-13 -9.3640e-14 -1.5346e-14 -2.3220e-15 -3.2435e-16 -4.1829e-17 -4.9802e-18 -5.4742e-19 -5.5551e-20 -5.2044e-21 -4.5014e-22 -3.5944e-23 -2.6498e-24 -1.8034e-25 -1.1331e-26 -6.5727e-28 -3.5198e-29 -1.7401e-30 -7.9422e-32 -3.3466e-33 -1.3018e-34 -4.6751e-36 -1.5500e-37 -4.7440e-39 -1.3405e-40 -3.4968e-42 -8.4210e-44 -1.8722e-45 -3.8425e-47 -7.2807e-49 -1.2736e-50 -2.0566e-52 -3.0659e-54 -4.2195e-56 -5.3610e-58 -6.2880e-60 -6.8086e-62 -6.8060e-64 -6.2807e-66 -5.3506e-68 -4.2080e-70 -3.0552e-72 -2.0477e-74 -1.2670e-76 -7.2374e-79 -3.8164e-81 -1.8578e-83 -8.3491e-86 -3.4637e-88 -1.3266e-90 -4.6902e-93 -1.5308e-95 -4.6126e-98 -1.2830e-100 -3.2945e-103 -7.8097e-106 -1.7090e-108 -3.4525e-111 -6.4387e-114 -1.1085e-116 -1.7618e-119 -2.5848e-122 -3.5009e-125 -4.3773e-128 9.4003e-10 4.0658e-09 1.0258e-08 2.0807e-08 3.6986e-08 5.9238e-08 8.6004e-08 1.1259e-07 1.3082e-07 1.3027e-07 1.0149e-07 4.0362e-08 -4.8223e-08 -1.4981e-07 -2.4391e-07 0.0000e+00 -3.3797e-07 -3.2457e-07 -2.7976e-07 -2.1842e-07 -1.5533e-07 -1.0099e-07 -6.0171e-08 -3.2914e-08 -1.6550e-08 -7.6570e-09 -3.2617e-09 -1.2800e-09 -4.6297e-10 -1.5438e-10 -4.7476e-11 -1.3467e-11 -3.5241e-12 -8.5093e-13 -1.8960e-13 -3.8989e-14 -7.3999e-15 -1.2963e-15 -2.0962e-16 -3.1291e-17 -4.3119e-18 -5.4852e-19 -6.4420e-20 -6.9847e-21 -6.9918e-22 -6.4617e-23 -5.5135e-24 -4.3434e-25 -3.1592e-26 -2.1215e-27 -1.3154e-28 -7.5300e-30 -3.9799e-31 -1.9422e-32 -8.7510e-34 -3.6405e-35 -1.3983e-36 -4.9588e-38 -1.6237e-39 -4.9086e-41 -1.3701e-42 -3.5310e-44 -8.4018e-46 -1.8458e-47 -3.7439e-49 -7.0115e-51 -1.2127e-52 -1.9359e-54 -2.8527e-56 -3.8821e-58 -4.8776e-60 -5.6582e-62 -6.0600e-64 -5.9924e-66 -5.4708e-68 -4.6113e-70 -3.5886e-72 -2.5784e-74 -1.7104e-76 -1.0475e-78 -5.9228e-81 -3.0919e-83 -1.4902e-85 -6.6311e-88 -2.7242e-90 -1.0332e-92 -3.6181e-95 -1.1697e-97 -3.4912e-100 -9.6203e-103 -2.4475e-105 -5.7485e-108 -1.2465e-110 -2.4954e-113 -4.6122e-116 -7.8699e-119 -1.2398e-121 -1.8031e-124 -2.4210e-127 -3.0011e-130
