1.0198e-04 -3.2854e-06 -6.0764e-06 -8.2100e-06 -9.0142e-06 -8.4331e-06 -6.8946e-06 -5.0008e-06 -3.2494e-06 -1.9041e-06 -1.0109e-06 -4.8802e-07 -2.1477e-07 -8.6339e-08 -3.1757e-08 -1.0701e-08 -3.3071e-09 -9.3810e-10 -2.4443e-10 -5.8536e-11 -1.2891e-11 -2.6116e-12 -4.8692e-13 -8.3577e-14 -1.3210e-14 -1.9232e-15 -2.5794e-16 -3.1877e-17 -3.6307e-18 -3.8114e-19 -3.6884e-20 -3.2908e-21 -2.7071e-22 -2.0535e-23 -1.4365e-24 -9.2674e-26 -5.5144e-27 -3.0265e-28 -1.5322e-29 -7.1555e-31 -3.0827e-32 -1.2252e-33 -4.4926e-35 -1.5198e-36 -4.7438e-38 -1.3662e-39 -3.6302e-41 -8.9007e-43 -2.0137e-44 -4.2038e-46 -8.0982e-48 -1.4396e-49 -2.3615e-51 -3.5748e-53 -4.9938e-55 -6.4379e-57 -7.6593e-59 -8.4096e-61 -8.5211e-63 -7.9683e-65 -6.8768e-67 -5.4773e-69 -4.0263e-71 -2.7315e-73 -1.7103e-75 -9.8833e-78 -5.2712e-80 -2.5947e-82 -1.1788e-84 -4.9431e-87 -1.9131e-89 -6.8335e-92 -2.2529e-94 -6.8555e-97 -1.9254e-99 -4.9913e-102 -1.1942e-104 -2.6374e-107 -5.3759e-110 -1.0114e-112 -1.7564e-115 -2.8152e-118 -4.1650e-121 -5.6876e-124 -7.1688e-127 -8.3402e-130 -8.9562e-133 -8.8773e-136 -8.1219e-139 -6.8588e-142 -5.3463e-145 -3.8467e-148 -2.5547e-151 -1.5660e-154 -8.8612e-158 -4.6281e-161 -2.2312e-164 -9.9290e-168 -4.0784e-171 -1.5463e-174 0.0000e+00 3.2784e-06 6.0474e-06 8.1405e-06 8.8954e-06 8.2739e-06 6.7185e-06 4.8352e-06 3.1143e-06 1.8072e-06 9.4928e-07 4.5297e-07 1.9687e-07 7.8090e-08 2.8318e-08 9.4003e-09 2.8595e-09 7.9785e-10 2.0433e-10 4.8064e-11 1.0390e-11 2.0648e-12 3.7743e-13 6.3477e-14 9.8256e-15 1.4002e-15 1.8373e-16 2.2204e-17 2.4721e-18 2.5357e-19 2.3969e-20 2.0880e-21 1.6766e-22 1.2410e-23 8.4691e-25 5.3288e-26 3.0917e-27 1.6541e-28 8.1618e-30 3.7143e-31 1.5590e-32 6.0361e-34 2.1558e-35 7.1025e-37 2.1587e-38 6.0532e-40 1.5660e-41 3.7379e-43 8.2319e-45 1.6728e-46 3.1365e-48 5.4267e-50 8.6639e-52 1.2764e-53 1.7353e-55 2.1772e-57 2.5208e-59 2.6935e-61 2.6560e-63 2.4171e-65 2.0301e-67 1.5736e-69 1.1257e-71 7.4327e-74 4.5294e-76 2.5475e-78 1.3224e-80 6.3358e-83 2.8017e-85 1.1435e-87 4.3080e-90 1.4980e-92 4.8075e-95 1.4241e-97 3.8939e-100 9.8273e-103 2.2893e-105 4.9223e-108 9.7690e-111 1.7896e-113 3.0260e-116 4.7230e-119 6.8042e-122 9.0481e-125 1.1106e-127 1.2583e-130 1.3160e-133 1.2703e-136 1.1319e-139 9.3099e-143 7.0681e-146 4.9531e-149 3.2040e-152 1.9130e-155 1.0543e-158 5.3638e-162 2.5187e-165 1.0918e-168 4.3681e-172 1.6132e-175
-3.2854e-06 4.0775e-04 -2.2025e-05 -3.0253e-05 -3.3920e-05 -3.2544e-05 -2.7399e-05 -2.0545e-05 -1.3851e-05 -8.4497e-06 -4.6853e-06 -2.3691e-06 -1.0950e-06 -4.6342e-07 -1.7986e-07 -6.4078e-08 -2.0975e-08 -6.3126e-09 -1.7477e-09 -4.4531e-10 -1.0446e-10 -2.2569e-11 -4.4916e-12 -8.2365e-13 -1.3919e-13 -2.1681e-14 -3.1133e-15 -4.1215e-16 -5.0310e-17 -5.6631e-18 -5.8788e-19 -5.6285e-20 -4.9704e-21 -4.0486e-22 -3.0421e-23 -2.1087e-24 -1.3484e-25 -7.9551e-27 -4.3300e-28 -2.1745e-29 -1.0076e-30 -4.3079e-32 -1.6995e-33 -6.1867e-35 -2.0782e-36 -6.4420e-38 -1.8428e-39 -4.8644e-41 -1.1850e-42 -2.6640e-44 -5.5270e-46 -1.0583e-47 -1.8700e-49 -3.0497e-51 -4.5902e-53 -6.3763e-55 -8.1748e-57 -9.6730e-59 -1.0564e-60 -1.0648e-62 -9.9058e-65 -8.5056e-67 -6.7408e-69 -4.9308e-71 -3.3290e-73 -2.0745e-75 -1.1932e-77 -6.3346e-80 -3.1041e-82 -1.4040e-84 -5.8613e-87 -2.2586e-89 -8.0335e-92 -2.6375e-94 -7.9925e-97 -2.2356e-99 -5.7722e-102 -1.3756e-104 -3.0261e-107 -6.1447e-110 -1.1517e-112 -1.9925e-115 -3.1820e-118 -4.6906e-121 -6.3824e-124 -8.0162e-127 -9.2938e-130 -9.9460e-133 -9.8251e-136 -8.9591e-139 -7.5410e-142 -5.8590e-145 -4.2021e-148 -2.7819e-151 -1.7000e-154 -9.5898e-158 -4.9935e-161 -2.4002e-164 -1.0649e-167 -4.3616e-171 3.2784e-06 0.0000e+00 2.1609e-05 2.9251e-05 3.2194e-05 3.0207e-05 2.4782e-05 1.8047e-05 1.1780e-05 6.9380e-06 3.7044e-06 1.7993e-06 7.9717e-07 3.2280e-07 1.1966e-07 4.0658e-08 1.2677e-08 3.6298e-09 9.5519e-10 2.3115e-10 5.1464e-11 1.0547e-11 1.9901e-12 3.4589e-13 5.5387e-14 8.1731e-15 1.1116e-15 1.3938e-16 1.6114e-17 1.7178e-18 1.6889e-19 1.5316e-20 1.2811e-21 9.8858e-23 7.0376e-24 4.6223e-25 2.8011e-26 1.5663e-27 8.0812e-29 3.8475e-30 1.6904e-31 6.8533e-33 2.5641e-34 8.8531e-36 2.8209e-37 8.2951e-39 2.2511e-40 5.6376e-42 1.3030e-43 2.7792e-45 5.4706e-47 9.9378e-49 1.6660e-50 2.5773e-52 3.6795e-54 4.8476e-56 5.8933e-58 6.6113e-60 6.8438e-62 6.5370e-64 5.7614e-66 4.6851e-68 3.5152e-70 2.4333e-72 1.5539e-74 9.1548e-77 4.9754e-79 2.4943e-81 1.1534e-83 4.9189e-86 1.9347e-88 7.0176e-91 2.3471e-93 7.2379e-96 2.0577e-98 5.3923e-101 1.3024e-103 2.8988e-106 5.9444e-109 1.1229e-111 1.9534e-114 3.1288e-117 4.6123e-120 6.2556e-123 7.8024e-126 8.9443e-129 9.4175e-132 9.0997e-135 8.0606e-138 6.5366e-141 4.8440e-144 3.2722e-147 2.0081e-150 1.1138e-153 5.5392e-157 2.4372e-160 9.2465e-164 2.8517e-167 5.8523e-171 -2.8376e-175
-6.0764e-06 -2.2025e-05 9.1688e-04 -5.9300e-05 -6.8742e-05 -6.8604e-05 -6.0400e-05 -4.7584e-05 -3.3842e-05 -2.1854e-05 -1.2865e-05 -6.9226e-06 -3.4118e-06 -1.5424e-06 -6.4026e-07 -2.4426e-07 -8.5697e-08 -2.7665e-08 -8.2208e-09 -2.2495e-09 -5.6698e-10 -1.3166e-10 -2.8174e-11 -5.5568e-12 -1.0103e-12 -1.6935e-13 -2.6174e-14 -3.7304e-15 -4.9032e-16 -5.9441e-17 -6.6466e-18 -6.8556e-19 -6.5232e-20 -5.7260e-21 -4.6372e-22 -3.4649e-23 -2.3887e-24 -1.5194e-25 -8.9182e-27 -4.8301e-28 -2.4140e-29 -1.1133e-30 -4.7384e-32 -1.8611e-33 -6.7457e-35 -2.2565e-36 -6.9661e-38 -1.9848e-39 -5.2190e-41 -1.2666e-42 -2.8370e-44 -5.8649e-46 -1.1190e-47 -1.9707e-49 -3.2032e-51 -4.8055e-53 -6.6543e-55 -8.5048e-57 -1.0033e-58 -1.0925e-60 -1.0980e-62 -1.0186e-64 -8.7222e-67 -6.8938e-69 -5.0294e-71 -3.3869e-73 -2.1053e-75 -1.2079e-77 -6.3973e-80 -3.1274e-82 -1.4112e-84 -5.8783e-87 -2.2602e-89 -8.0215e-92 -2.6279e-94 -7.9470e-97 -2.2184e-99 -5.7161e-102 -1.3596e-104 -2.9851e-107 -6.0499e-110 -1.1318e-112 -1.9546e-115 -3.1159e-118 -4.5850e-121 -6.2280e-124 -7.8092e-127 -9.0387e-130 -9.6573e-133 -9.5247e-136 -8.6715e-139 -7.2876e-142 -5.6536e-145 -4.0487e-148 -2.6764e-151 -1.6332e-154 -9.2000e-158 -4.7839e-161 -2.2963e-164 -1.0175e-167 6.0474e-06 2.1609e-05 0.0000e+00 5.5040e-05 6.1298e-05 5.8347e-05 4.8681e-05 3.6141e-05 2.4105e-05 1.4540e-05 7.9679e-06 3.9805e-06 1.8174e-06 7.5986e-07 2.9136e-07 1.0258e-07 3.3191e-08 9.8780e-09 2.7056e-09 6.8235e-10 1.5852e-10 3.3936e-11 6.6961e-12 1.2181e-12 2.0432e-13 3.1606e-14 4.5094e-15 5.9345e-16 7.2044e-17 8.0683e-18 8.3359e-19 7.9453e-20 6.9865e-21 5.6676e-22 4.2415e-23 2.9282e-24 1.8647e-25 1.0954e-26 5.9346e-28 2.9654e-29 1.3664e-30 5.8058e-32 2.2743e-33 8.2129e-35 2.7336e-36 8.3842e-38 2.3692e-39 6.1667e-41 1.4780e-42 3.2608e-44 6.6195e-46 1.2359e-47 2.1207e-49 3.3426e-51 4.8344e-53 6.4090e-55 7.7761e-57 8.6180e-59 8.7005e-61 7.9708e-63 6.5881e-65 4.8677e-67 3.1639e-69 1.7520e-71 7.6283e-74 1.8612e-76 -7.6564e-79 -1.4812e-80 -1.3058e-82 -8.7925e-85 -4.9952e-87 -2.4854e-89 -1.1028e-91 -4.4082e-94 -1.5974e-96 -5.2690e-99 -1.5866e-101 -4.3709e-104 -1.1033e-106 -2.5546e-109 -5.4314e-112 -1.0611e-114 -1.9060e-117 -3.1495e-120 -4.7893e-123 -6.7046e-126 -8.6432e-129 -1.0263e-131 -1.1228e-134 -1.1318e-137 -1.0515e-140 -9.0050e-144 -7.1090e-147 -5.1744e-150 -3.4727e-153 -2.1492e-156 -1.2266e-159 -6.4570e-163 -3.1350e-166 -1.4040e-169
-8.2100e-06 -3.0253e-05 -5.9300e-05 1.6287e-03 -1.0502e-04 -1.1022e-04 -1.0260e-04 -8.5828e-05 -6.5027e-05 -4.4847e-05 -2.8249e-05 -1.6289e-05 -8.6122e-06 -4.1802e-06 -1.8644e-06 -7.6464e-07 -2.8852e-07 -1.0021e-07 -3.2049e-08 -9.4413e-09 -2.5625e-09 -6.4095e-10 -1.4777e-10 -3.1405e-11 -6.1540e-12 -1.1120e-12 -1.8530e-13 -2.8480e-14 -4.0374e-15 -5.2796e-16 -6.3692e-17 -7.0886e-18 -7.2787e-19 -6.8959e-20 -6.0282e-21 -4.8625e-22 -3.6193e-23 -2.4859e-24 -1.5757e-25 -9.2168e-27 -4.9754e-28 -2.4787e-29 -1.1396e-30 -4.8359e-32 -1.8939e-33 -6.8457e-35 -2.2838e-36 -7.0321e-38 -1.9985e-39 -5.2423e-41 -1.2692e-42 -2.8364e-44 -5.8506e-46 -1.1139e-47 -1.9575e-49 -3.1753e-51 -4.7543e-53 -6.5707e-55 -8.3822e-57 -9.8705e-59 -1.0729e-60 -1.0764e-62 -9.9691e-65 -8.5225e-67 -6.7253e-69 -4.8988e-71 -3.2939e-73 -2.0445e-75 -1.1713e-77 -6.1949e-80 -3.0243e-82 -1.3629e-84 -5.6695e-87 -2.1771e-89 -7.7170e-92 -2.5251e-94 -7.6268e-97 -2.1265e-99 -5.4732e-102 -1.3004e-104 -2.8519e-107 -5.7738e-110 -1.0790e-112 -1.8615e-115 -2.9645e-118 -4.3581e-121 -5.9140e-124 -7.4085e-127 -8.5670e-130 -9.1450e-133 -9.0114e-136 -8.1971e-139 -6.8830e-142 -5.3353e-145 -3.8176e-148 -2.5216e-151 -1.5375e-154 -8.6542e-158 -4.4966e-161 -2.1568e-164 8.1405e-06 2.9251e-05 5.5040e-05 0.0000e+00 8.6230e-05 8.3715e-05 7.1469e-05 5.4459e-05 3.7390e-05 2.3279e-05 1.3201e-05 6.8405e-06 3.2465e-06 1.4137e-06 5.6555e-07 2.0807e-07 7.0451e-08 2.1967e-08 6.3102e-09 1.6705e-09 4.0766e-10 9.1719e-11 1.9027e-11 3.6397e-12 6.4201e-13 1.0442e-13 1.5660e-14 2.1651e-15 2.7594e-16 3.2413e-17 3.5083e-18 3.4981e-19 3.2121e-20 2.7153e-21 2.1120e-22 1.5108e-23 9.9322e-25 5.9959e-26 3.3203e-27 1.6843e-28 7.8126e-30 3.3057e-31 1.2716e-32 4.4245e-34 1.3818e-35 3.8233e-37 9.1437e-39 1.7871e-40 2.3745e-42 -3.4106e-45 -1.5564e-45 -6.5317e-47 -1.9315e-48 -4.7097e-50 -9.9609e-52 -1.8695e-53 -3.1522e-55 -4.8098e-57 -6.6736e-59 -8.4471e-61 -9.7765e-63 -1.0364e-64 -1.0077e-66 -8.9947e-69 -7.3769e-71 -5.5625e-73 -3.8583e-75 -2.4629e-77 -1.4474e-79 -7.8329e-82 -3.9047e-84 -1.7934e-86 -7.5908e-89 -2.9612e-91 -1.0649e-93 -3.5304e-96 -1.0792e-98 -3.0421e-101 -7.9081e-104 -1.8960e-106 -4.1928e-109 -8.5526e-112 -1.6093e-114 -2.7936e-117 -4.4738e-120 -6.6101e-123 -9.0109e-126 -1.1334e-128 -1.3154e-131 -1.4086e-134 -1.3919e-137 -1.2692e-140 -1.0680e-143 -8.2935e-147 -5.9432e-150 -3.9304e-153 -2.3988e-156 -1.3512e-159 -7.0238e-163 -3.3698e-166
-9.0142e-06 -3.3920e-05 -6.8742e-05 -1.0502e-04 2.5424e-03 -1.4907e-04 -1.4777e-04 -1.3206e-04 -1.0714e-04 -7.9248e-05 -5.3599e-05 -3.3213e-05 -1.8883e-05 -9.8612e-06 -4.7338e-06 -2.0904e-06 -8.4954e-07 -3.1789e-07 -1.0956e-07 -3.4791e-08 -1.0181e-08 -2.7461e-09 -6.8287e-10 -1.5657e-10 -3.3106e-11 -6.4558e-12 -1.1612e-12 -1.9266e-13 -2.9489e-14 -4.1642e-15 -5.4254e-16 -6.5220e-17 -7.2343e-18 -7.4046e-19 -6.9938e-20 -6.0960e-21 -4.9035e-22 -3.6400e-23 -2.4938e-24 -1.5768e-25 -9.2017e-27 -4.9560e-28 -2.4637e-29 -1.1304e-30 -4.7871e-32 -1.8712e-33 -6.7508e-35 -2.2481e-36 -6.9102e-38 -1.9606e-39 -5.1345e-41 -1.2412e-42 -2.7695e-44 -5.7044e-46 -1.0845e-47 -1.9033e-49 -3.0832e-51 -4.6105e-53 -6.3640e-55 -8.1087e-57 -9.5372e-59 -1.0355e-60 -1.0377e-62 -9.6005e-65 -8.1988e-67 -6.4633e-69 -4.7033e-71 -3.1594e-73 -1.9591e-75 -1.1214e-77 -5.9256e-80 -2.8903e-82 -1.3014e-84 -5.4093e-87 -2.0755e-89 -7.3511e-92 -2.4035e-94 -7.2543e-97 -2.0212e-99 -5.1983e-102 -1.2342e-104 -2.7050e-107 -5.4726e-110 -1.0221e-112 -1.7622e-115 -2.8045e-118 -4.1203e-121 -5.5881e-124 -6.9961e-127 -8.0855e-130 -8.6262e-133 -8.4955e-136 -7.7236e-139 -6.4821e-142 -5.0219e-145 -3.5915e-148 -2.3711e-151 -1.4451e-154 -8.1298e-158 -4.2222e-161 8.8954e-06 3.2194e-05 6.1298e-05 8.6230e-05 0.0000e+00 9.9175e-05 8.7121e-05 6.8549e-05 4.8754e-05 3.1534e-05 1.8626e-05 1.0075e-05 5.0009e-06 2.2813e-06 9.5736e-07 3.6986e-07 1.3161e-07 4.3150e-08 1.3036e-08 3.6295e-09 9.3120e-10 2.2013e-10 4.7935e-11 9.6125e-12 1.7744e-12 3.0135e-13 4.7055e-14 6.7500e-15 8.8860e-16 1.0721e-16 1.1833e-17 1.1918e-18 1.0918e-19 9.0521e-21 6.7393e-22 4.4477e-23 2.5390e-24 1.1860e-25 3.7824e-27 -1.0259e-29 -1.3831e-29 -1.3934e-30 -9.8619e-32 -5.7520e-33 -2.9098e-34 -1.3063e-35 -5.2694e-37 -1.9239e-38 -6.3885e-40 -1.9356e-41 -5.3633e-43 -1.3615e-44 -3.1703e-46 -6.7786e-48 -1.3319e-49 -2.4065e-51 -4.0005e-53 -6.1210e-55 -8.6233e-57 -1.1189e-58 -1.3376e-60 -1.4734e-62 -1.4958e-64 -1.3998e-66 -1.2077e-68 -9.6074e-71 -7.0477e-73 -4.7679e-75 -2.9750e-77 -1.7122e-79 -9.0901e-82 -4.4519e-84 -2.0115e-86 -8.3850e-89 -3.2249e-91 -1.1444e-93 -3.7473e-96 -1.1322e-98 -3.1568e-101 -8.1220e-104 -1.9284e-106 -4.2253e-109 -8.5439e-112 -1.5944e-114 -2.7460e-117 -4.3648e-120 -6.4032e-123 -8.6697e-126 -1.0834e-128 -1.2496e-131 -1.3302e-134 -1.3070e-137 -1.1854e-140 -9.9223e-144 -7.6663e-147 -5.4672e-150 -3.5989e-153 -2.1867e-156 -1.2264e-159 -6.3485e-163
-8.4331e-06 -3.2544e-05 -6.8604e-05 -1.1022e-04 -1.4907e-04 3.6571e-03 -1.8741e-04 -1.7955e-04 -1.5640e-04 -1.2433e-04 -9.0443e-05 -6.0311e-05 -3.6918e-05 -2.0764e-05 -1.0740e-05 -5.1113e-06 -2.2395e-06 -9.0368e-07 -3.3595e-07 -1.1510e-07 -3.6346e-08 -1.0581e-08 -2.8406e-09 -7.0324e-10 -1.6058e-10 -3.3821e-11 -6.5714e-12 -1.1780e-12 -1.9482e-13 -2.9729e-14 -4.1861e-15 -5.4391e-16 -6.5218e-17 -7.2165e-18 -7.3694e-19 -6.9453e-20 -6.0411e-21 -4.8497e-22 -3.5933e-23 -2.4573e-24 -1.5511e-25 -9.0364e-27 -4.8593e-28 -2.4119e-29 -1.1050e-30 -4.6731e-32 -1.8242e-33 -6.5728e-35 -2.1861e-36 -6.7115e-38 -1.9020e-39 -4.9756e-41 -1.2015e-42 -2.6782e-44 -5.5106e-46 -1.0467e-47 -1.8351e-49 -2.9702e-51 -4.4375e-53 -6.1201e-55 -7.7915e-57 -9.1568e-59 -9.9339e-61 -9.9484e-63 -9.1969e-65 -7.8485e-67 -6.1829e-69 -4.4963e-71 -3.0184e-73 -1.8705e-75 -1.0700e-77 -5.6507e-80 -2.7546e-82 -1.2396e-84 -5.1496e-87 -1.9748e-89 -6.9908e-92 -2.2845e-94 -6.8917e-97 -1.9192e-99 -4.9337e-102 -1.1708e-104 -2.5649e-107 -5.1871e-110 -9.6834e-113 -1.6688e-115 -2.6548e-118 -3.8988e-121 -5.2856e-124 -6.6148e-127 -7.6419e-130 -8.1499e-133 -8.0235e-136 -7.2919e-139 -6.1176e-142 -4.7379e-145 -3.3873e-148 -2.2356e-151 -1.3620e-154 -7.6602e-158 8.2739e-06 3.0207e-05 5.8347e-05 8.3715e-05 9.9175e-05 0.0000e+00 9.2331e-05 7.5404e-05 5.5844e-05 3.7714e-05 2.3312e-05 1.3221e-05 6.8901e-06 3.3033e-06 1.4578e-06 5.9238e-07 2.2166e-07 7.6371e-08 2.4219e-08 7.0661e-09 1.8953e-09 4.6696e-10 1.0554e-10 2.1850e-11 4.1340e-12 7.1268e-13 1.1146e-13 1.5710e-14 1.9741e-15 2.1690e-16 2.0004e-17 1.3823e-18 3.5840e-20 -8.8493e-21 -2.0719e-21 -2.9366e-22 -3.3199e-23 -3.2154e-24 -2.7477e-25 -2.1030e-26 -1.4541e-27 -9.1339e-29 -5.2312e-30 -2.7387e-31 -1.3131e-32 -5.7743e-34 -2.3313e-35 -8.6492e-37 -2.9507e-38 -9.2613e-40 -2.6756e-41 -7.1178e-43 -1.7441e-44 -3.9374e-46 -8.1914e-48 -1.5707e-49 -2.7766e-51 -4.5255e-53 -6.8013e-55 -9.4267e-57 -1.2050e-58 -1.4208e-60 -1.5454e-62 -1.5506e-64 -1.4354e-66 -1.2260e-68 -9.6608e-71 -7.0245e-73 -4.7130e-75 -2.9179e-77 -1.6671e-79 -8.7895e-82 -4.2767e-84 -1.9204e-86 -7.9585e-89 -3.0439e-91 -1.0745e-93 -3.5007e-96 -1.0527e-98 -2.9215e-101 -7.4839e-104 -1.7695e-106 -3.8617e-109 -7.7788e-112 -1.4463e-114 -2.4822e-117 -3.9322e-120 -5.7498e-123 -7.7607e-126 -9.6690e-129 -1.1120e-131 -1.1804e-134 -1.1567e-137 -1.0463e-140 -8.7363e-144 -6.7335e-147 -4.7908e-150 -3.1464e-153 -1.9075e-156 -1.0675e-159
-6.8946e-06 -2.7399e-05 -6.0400e-05 -1.0260e-04 -1.4777e-04 -1.8741e-04 4.9721e-03 -2.1928e-04 -2.0537e-04 -1.7567e-04 -1.3758e-04 -9.8814e-05 -6.5176e-05 -3.9515e-05 -2.2038e-05 -1.1313e-05 -5.3476e-06 -2.3287e-06 -9.3448e-07 -3.4565e-07 -1.1787e-07 -3.7064e-08 -1.0748e-08 -2.8749e-09 -7.0935e-10 -1.6147e-10 -3.3909e-11 -6.5706e-12 -1.1748e-12 -1.9383e-13 -2.9512e-14 -4.1468e-15 -5.3774e-16 -6.4356e-17 -7.1086e-18 -7.2469e-19 -6.8190e-20 -5.9222e-21 -4.7474e-22 -3.5126e-23 -2.3990e-24 -1.5124e-25 -8.8005e-27 -4.7270e-28 -2.3437e-29 -1.0727e-30 -4.5317e-32 -1.7673e-33 -6.3619e-35 -2.1141e-36 -6.4849e-38 -1.8363e-39 -4.7998e-41 -1.1582e-42 -2.5797e-44 -5.3043e-46 -1.0068e-47 -1.7641e-49 -2.8533e-51 -4.2603e-53 -5.8721e-55 -7.4715e-57 -8.7758e-59 -9.5154e-61 -9.5243e-63 -8.8004e-65 -7.5064e-67 -5.9106e-69 -4.2962e-71 -2.8828e-73 -1.7857e-75 -1.0211e-77 -5.3899e-80 -2.6264e-82 -1.1815e-84 -4.9061e-87 -1.8807e-89 -6.6553e-92 -2.1741e-94 -6.5564e-97 -1.8252e-99 -4.6906e-102 -1.1128e-104 -2.4370e-107 -4.9267e-110 -9.1947e-113 -1.5841e-115 -2.5194e-118 -3.6988e-121 -5.0131e-124 -6.2721e-127 -7.2441e-130 -7.7237e-133 -7.6021e-136 -6.9072e-139 -5.7935e-142 -4.4858e-145 -3.2063e-148 -2.1156e-151 -1.2887e-154 6.7185e-06 2.4782e-05 4.8681e-05 7.1469e-05 8.7121e-05 9.2331e-05 0.0000e+00 7.4158e-05 5.7420e-05 4.0640e-05 2.6372e-05 1.5720e-05 8.6164e-06 4.3449e-06 2.0157e-06 8.6004e-07 3.3727e-07 1.2144e-07 4.0089e-08 1.2110e-08 3.3380e-09 8.3627e-10 1.8929e-10 3.8342e-11 6.8354e-12 1.0372e-12 1.2300e-13 7.8067e-15 -1.1092e-15 -5.4496e-16 -1.3131e-16 -2.4415e-17 -3.8461e-18 -5.3192e-19 -6.5719e-20 -7.3252e-21 -7.4109e-22 -6.8326e-23 -5.7568e-24 -4.4415e-25 -3.1425e-26 -2.0413e-27 -1.2185e-28 -6.6888e-30 -3.3783e-31 -1.5706e-32 -6.7246e-34 -2.6521e-35 -9.6376e-37 -3.2278e-38 -9.9651e-40 -2.8364e-41 -7.4442e-43 -1.8017e-44 -4.0220e-46 -8.2815e-48 -1.5730e-49 -2.7562e-51 -4.4557e-53 -6.6459e-55 -9.1463e-57 -1.1615e-58 -1.3611e-60 -1.4718e-62 -1.4687e-64 -1.3526e-66 -1.1496e-68 -9.0179e-71 -6.5286e-73 -4.3622e-75 -2.6902e-77 -1.5313e-79 -8.0449e-82 -3.9012e-84 -1.7462e-86 -7.2142e-89 -2.7511e-91 -9.6841e-94 -3.1466e-96 -9.4373e-99 -2.6127e-101 -6.6769e-104 -1.5751e-106 -3.4298e-109 -6.8943e-112 -1.2793e-114 -2.1912e-117 -3.4645e-120 -5.0567e-123 -6.8131e-126 -8.4738e-129 -9.7291e-132 -1.0312e-134 -1.0089e-137 -9.1121e-141 -7.5972e-144 -5.8473e-147 -4.1546e-150 -2.7249e-153 -1.6499e-156
-5.0008e-06 -2.0545e-05 -4.7584e-05 -8.5828e-05 -1.3206e-04 -1.7955e-04 -2.1928e-04 6.4867e-03 -2.4457e-04 -2.2528e-04 -1.9008e-04 -1.4715e-04 -1.0465e-04 -6.8438e-05 -4.1182e-05 -2.2816e-05 -1.1643e-05 -5.4750e-06 -2.3729e-06 -9.4813e-07 -3.4933e-07 -1.1870e-07 -3.7204e-08 -1.0757e-08 -2.8692e-09 -7.0614e-10 -1.6035e-10 -3.3602e-11 -6.4978e-12 -1.1596e-12 -1.9098e-13 -2.9029e-14 -4.0724e-15 -5.2731e-16 -6.3019e-17 -6.9517e-18 -7.0782e-19 -6.6523e-20 -5.7710e-21 -4.6212e-22 -3.4159e-23 -2.3307e-24 -1.4679e-25 -8.5345e-27 -4.5803e-28 -2.2692e-29 -1.0377e-30 -4.3810e-32 -1.7073e-33 -6.1419e-35 -2.0396e-36 -6.2527e-38 -1.7695e-39 -4.6226e-41 -1.1148e-42 -2.4818e-44 -5.1003e-46 -9.6759e-48 -1.6946e-49 -2.7396e-51 -4.0888e-53 -5.6333e-55 -7.1646e-57 -8.4120e-59 -9.1174e-61 -9.1224e-63 -8.4259e-65 -7.1845e-67 -5.6551e-69 -4.1092e-71 -2.7564e-73 -1.7068e-75 -9.7570e-78 -5.1488e-80 -2.5082e-82 -1.1280e-84 -4.6827e-87 -1.7946e-89 -6.3488e-92 -2.0735e-94 -6.2513e-97 -1.7399e-99 -4.4702e-102 -1.0602e-104 -2.3214e-107 -4.6921e-110 -8.7550e-113 -1.5080e-115 -2.3979e-118 -3.5198e-121 -4.7695e-124 -5.9662e-127 -6.8896e-130 -7.3443e-133 -7.2273e-136 -6.5656e-139 -5.5060e-142 -4.2625e-145 -3.0462e-148 -2.0097e-151 4.8352e-06 1.8047e-05 3.6141e-05 5.4459e-05 6.8549e-05 7.5404e-05 7.4158e-05 0.0000e+00 5.3612e-05 3.9860e-05 2.7200e-05 1.7054e-05 9.8275e-06 5.2029e-06 2.5283e-06 1.1259e-06 4.5846e-07 1.7011e-07 5.7233e-08 1.7326e-08 4.6589e-09 1.0860e-09 2.0778e-10 2.7337e-11 -1.8667e-13 -1.6261e-12 -6.7800e-13 -1.9784e-13 -4.7565e-14 -9.9235e-15 -1.8388e-15 -3.0637e-16 -4.6241e-17 -6.3523e-18 -7.9683e-19 -9.1479e-20 -9.6277e-21 -9.3009e-22 -8.2557e-23 -6.7380e-24 -5.0598e-25 -3.4976e-26 -2.2265e-27 -1.3056e-28 -7.0551e-30 -3.5136e-31 -1.6132e-32 -6.8286e-34 -2.6656e-35 -9.5962e-37 -3.1865e-38 -9.7605e-40 -2.7581e-41 -7.1904e-43 -1.7296e-44 -3.8387e-46 -7.8615e-48 -1.4857e-49 -2.5911e-51 -4.1704e-53 -6.1947e-55 -8.4921e-57 -1.0745e-58 -1.2547e-60 -1.3523e-62 -1.3453e-64 -1.2353e-66 -1.0470e-68 -8.1909e-71 -5.9148e-73 -3.9425e-75 -2.4258e-77 -1.3777e-79 -7.2228e-82 -3.4955e-84 -1.5615e-86 -6.4394e-89 -2.4513e-91 -8.6138e-94 -2.7942e-96 -8.3672e-99 -2.3129e-101 -5.9022e-104 -1.3903e-106 -3.0234e-109 -6.0694e-112 -1.1247e-114 -1.9241e-117 -3.0387e-120 -4.4301e-123 -5.9622e-126 -7.4075e-129 -8.4960e-132 -8.9955e-135 -8.7925e-138 -7.9337e-141 -6.6087e-144 -5.0819e-147 -3.6076e-150 -2.3642e-153
-3.2494e-06 -1.3851e-05 -3.3842e-05 -6.5027e-05 -1.0714e-04 -1.5640e-04 -2.0537e-04 -2.4457e-04 8.2004e-03 -2.6347e-04 -2.3965e-04 -2.0008e-04 -1.5352e-04 -1.0834e-04 -7.0382e-05 -4.2106e-05 -2.3208e-05 -1.1790e-05 -5.5212e-06 -2.3842e-06 -9.4950e-07 -3.4879e-07 -1.1819e-07 -3.6953e-08 -1.0660e-08 -2.8374e-09 -6.9694e-10 -1.5798e-10 -3.3050e-11 -6.3811e-12 -1.1371e-12 -1.8702e-13 -2.8392e-14 -3.9784e-15 -5.1456e-16 -6.1431e-17 -6.7698e-18 -6.8866e-19 -6.4665e-20 -5.6051e-21 -4.4848e-22 -3.3126e-23 -2.2586e-24 -1.4216e-25 -8.2595e-27 -4.4300e-28 -2.1934e-29 -1.0025e-30 -4.2300e-32 -1.6476e-33 -5.9242e-35 -1.9664e-36 -6.0255e-38 -1.7044e-39 -4.4508e-41 -1.0729e-42 -2.3876e-44 -4.9050e-46 -9.3020e-48 -1.6285e-49 -2.6319e-51 -3.9268e-53 -5.4084e-55 -6.8765e-57 -8.0713e-59 -8.7456e-61 -8.7480e-63 -8.0780e-65 -6.8860e-67 -5.4188e-69 -3.9365e-71 -2.6399e-73 -1.6344e-75 -9.3405e-78 -4.9280e-80 -2.4001e-82 -1.0791e-84 -4.4790e-87 -1.7162e-89 -6.0705e-92 -1.9822e-94 -5.9750e-97 -1.6627e-99 -4.2711e-102 -1.0129e-104 -2.2173e-107 -4.4810e-110 -8.3597e-113 -1.4397e-115 -2.2889e-118 -3.3594e-121 -4.5515e-124 -5.6928e-127 -6.5729e-130 -7.0058e-133 -6.8934e-136 -6.2614e-139 -5.2503e-142 -4.0640e-145 -2.9040e-148 3.1143e-06 1.1780e-05 2.4105e-05 3.7390e-05 4.8754e-05 5.5844e-05 5.7420e-05 5.3612e-05 0.0000e+00 3.5763e-05 2.5667e-05 1.6909e-05 1.0216e-05 5.6499e-06 2.8521e-06 1.3082e-06 5.4152e-07 1.9997e-07 6.4520e-08 1.7395e-08 3.4442e-09 1.9167e-10 -2.4126e-10 -1.5624e-10 -6.4793e-11 -2.1696e-11 -6.2569e-12 -1.5969e-12 -3.6580e-13 -7.5827e-14 -1.4298e-14 -2.4611e-15 -3.8762e-16 -5.5965e-17 -7.4168e-18 -9.0315e-19 -1.0113e-19 -1.0420e-20 -9.8831e-22 -8.6335e-23 -6.9483e-24 -5.1533e-25 -3.5230e-26 -2.2205e-27 -1.2905e-28 -6.9171e-30 -3.4196e-31 -1.5594e-32 -6.5604e-34 -2.5463e-35 -9.1188e-37 -3.0133e-38 -9.1881e-40 -2.5854e-41 -6.7139e-43 -1.6090e-44 -3.5589e-46 -7.2650e-48 -1.3688e-49 -2.3804e-51 -3.8209e-53 -5.6611e-55 -7.7419e-57 -9.7729e-59 -1.1388e-60 -1.2248e-62 -1.2161e-64 -1.1146e-66 -9.4297e-69 -7.3644e-71 -5.3093e-73 -3.5335e-75 -2.1708e-77 -1.2312e-79 -6.4457e-82 -3.1153e-84 -1.3899e-86 -5.7248e-89 -2.1767e-91 -7.6404e-94 -2.4758e-96 -7.4059e-99 -2.0451e-101 -5.2137e-104 -1.2270e-106 -2.6659e-109 -5.3469e-112 -9.9002e-115 -1.6923e-117 -2.6704e-120 -3.8902e-123 -5.2316e-126 -6.4952e-129 -7.4444e-132 -7.8767e-135 -7.6939e-138 -6.9380e-141 -5.7756e-144 -4.4386e-147 -3.1491e-150
-1.9041e-06 -8.4497e-06 -2.1854e-05 -4.4847e-05 -7.9248e-05 -1.2433e-04 -1.7567e-04 -2.2528e-04 -2.6347e-04 1.0113e-02 -2.7656e-04 -2.4914e-04 -2.0633e-04 -1.5722e-04 -1.1031e-04 -7.1289e-05 -4.2457e-05 -2.3309e-05 -1.1799e-05 -5.5085e-06 -2.3720e-06 -9.4226e-07 -3.4533e-07 -1.1678e-07 -3.6441e-08 -1.0494e-08 -2.7887e-09 -6.8398e-10 -1.5483e-10 -3.2350e-11 -6.2386e-12 -1.1105e-12 -1.8246e-13 -2.7673e-14 -3.8742e-15 -5.0066e-16 -5.9725e-17 -6.5769e-18 -6.6856e-19 -6.2736e-20 -5.4345e-21 -4.3458e-22 -3.2080e-23 -2.1861e-24 -1.3753e-25 -7.9866e-27 -4.2817e-28 -2.1190e-29 -9.6812e-31 -4.0832e-32 -1.5898e-33 -5.7143e-35 -1.8961e-36 -5.8080e-38 -1.6424e-39 -4.2874e-41 -1.0332e-42 -2.2986e-44 -4.7207e-46 -8.9502e-48 -1.5665e-49 -2.5311e-51 -3.7754e-53 -5.1987e-55 -6.6085e-57 -7.7550e-59 -8.4011e-61 -8.4017e-63 -7.7566e-65 -6.6108e-67 -5.2013e-69 -3.7778e-71 -2.5331e-73 -1.5679e-75 -8.9594e-78 -4.7261e-80 -2.3015e-82 -1.0346e-84 -4.2937e-87 -1.6449e-89 -5.8176e-92 -1.8994e-94 -5.7246e-97 -1.5928e-99 -4.0911e-102 -9.7004e-105 -2.1233e-107 -4.2905e-110 -8.0035e-113 -1.3782e-115 -2.1909e-118 -3.2152e-121 -4.3557e-124 -5.4473e-127 -6.2889e-130 -6.7025e-133 -6.5942e-136 -5.9891e-139 -5.0215e-142 -3.8866e-145 1.8072e-06 6.9380e-06 1.4540e-05 2.3279e-05 3.1534e-05 3.7714e-05 4.0640e-05 3.9860e-05 3.5763e-05 0.0000e+00 2.2169e-05 1.5295e-05 9.6311e-06 5.5084e-06 2.8398e-06 1.3027e-06 5.1903e-07 1.7007e-07 3.8446e-08 -3.5838e-10 -6.6688e-09 -4.7947e-09 -2.4109e-09 -9.9940e-10 -3.5976e-10 -1.1510e-10 -3.3139e-11 -8.6484e-12 -2.0556e-12 -4.4640e-13 -8.8771e-14 -1.6192e-14 -2.7122e-15 -4.1762e-16 -5.9151e-17 -7.7116e-18 -9.2580e-19 -1.0239e-19 -1.0435e-20 -9.8021e-22 -8.4890e-23 -6.7792e-24 -4.9928e-25 -3.3917e-26 -2.1254e-27 -1.2287e-28 -6.5541e-30 -3.2257e-31 -1.4649e-32 -6.1395e-34 -2.3746e-35 -8.4758e-37 -2.7922e-38 -8.4896e-40 -2.3825e-41 -6.1712e-43 -1.4755e-44 -3.2562e-46 -6.6332e-48 -1.2473e-49 -2.1650e-51 -3.4690e-53 -5.1310e-55 -7.0057e-57 -8.8302e-59 -1.0274e-60 -1.1036e-62 -1.0942e-64 -1.0016e-66 -8.4639e-69 -6.6026e-71 -4.7548e-73 -3.1611e-75 -1.9401e-77 -1.0992e-79 -5.7497e-82 -2.7764e-84 -1.2377e-86 -5.0934e-89 -1.9351e-91 -6.7871e-94 -2.1976e-96 -6.5692e-99 -1.8128e-101 -4.6184e-104 -1.0862e-106 -2.3584e-109 -4.7275e-112 -8.7482e-115 -1.4945e-117 -2.3570e-120 -3.4318e-123 -4.6129e-126 -5.7241e-129 -6.5574e-132 -6.9350e-135 -6.7709e-138 -6.1029e-141 -5.0783e-144 -3.9011e-147
-1.0109e-06 -4.6853e-06 -1.2865e-05 -2.8249e-05 -5.3599e-05 -9.0443e-05 -1.3758e-04 -1.9008e-04 -2.3965e-04 -2.7656e-04 1.2224e-02 -2.8467e-04 -2.5458e-04 -2.0953e-04 -1.5883e-04 -1.1093e-04 -7.1407e-05 -4.2381e-05 -2.3197e-05 -1.1711e-05 -5.4540e-06 -2.3435e-06 -9.2913e-07 -3.3992e-07 -1.1477e-07 -3.5761e-08 -1.0284e-08 -2.7297e-09 -6.6875e-10 -1.5123e-10 -3.1566e-11 -6.0821e-12 -1.0817e-12 -1.7760e-13 -2.6916e-14 -3.7656e-15 -4.8632e-16 -5.7979e-17 -6.3811e-18 -6.4831e-19 -6.0806e-20 -5.2648e-21 -4.2082e-22 -3.1051e-23 -2.1152e-24 -1.3301e-25 -7.7216e-27 -4.1382e-28 -2.0473e-29 -9.3507e-31 -3.9426e-32 -1.5346e-33 -5.5145e-35 -1.8293e-36 -5.6020e-38 -1.5837e-39 -4.1333e-41 -9.9586e-43 -2.2150e-44 -4.5482e-46 -8.6214e-48 -1.5087e-49 -2.4372e-51 -3.6347e-53 -5.0040e-55 -6.3599e-57 -7.4621e-59 -8.0826e-61 -8.0820e-63 -7.4604e-65 -6.3574e-67 -5.0012e-69 -3.6320e-71 -2.4350e-73 -1.5070e-75 -8.6104e-78 -4.5415e-80 -2.2113e-82 -9.9398e-85 -4.1245e-87 -1.5800e-89 -5.5873e-92 -1.8240e-94 -5.4969e-97 -1.5293e-99 -3.9276e-102 -9.3120e-105 -2.0381e-107 -4.1181e-110 -7.6811e-113 -1.3226e-115 -2.1023e-118 -3.0850e-121 -4.1790e-124 -5.2259e-127 -6.0328e-130 -6.4291e-133 -6.3248e-136 -5.7441e-139 -4.8157e-142 9.4928e-07 3.7044e-06 7.9679e-06 1.3201e-05 1.8626e-05 2.3312e-05 2.6372e-05 2.7200e-05 2.5667e-05 2.2169e-05 0.0000e+00 1.2563e-05 8.1537e-06 4.7277e-06 2.3971e-06 1.0149e-06 3.1330e-07 2.3290e-08 -5.9373e-08 -5.9592e-08 -3.9009e-08 -2.0717e-08 -9.4980e-09 -3.8597e-09 -1.4095e-09 -4.6623e-10 -1.4040e-10 -3.8625e-11 -9.7294e-12 -2.2479e-12 -4.7699e-13 -9.3045e-14 -1.6698e-14 -2.7583e-15 -4.1964e-16 -5.8819e-17 -7.5981e-18 -9.0477e-19 -9.9339e-20 -1.0058e-20 -9.3934e-22 -8.0921e-23 -6.4312e-24 -4.7158e-25 -3.1907e-26 -1.9921e-27 -1.1477e-28 -6.1028e-30 -2.9949e-31 -1.3565e-32 -5.6706e-34 -2.1880e-35 -7.7929e-37 -2.5619e-38 -7.7746e-40 -2.1779e-41 -5.6316e-43 -1.3443e-44 -2.9622e-46 -6.0257e-48 -1.1315e-49 -1.9615e-51 -3.1391e-53 -4.6376e-55 -6.3251e-57 -7.9639e-59 -9.2570e-61 -9.9334e-63 -9.8406e-65 -8.9998e-67 -7.5986e-69 -5.9228e-71 -4.2620e-73 -2.8314e-75 -1.7365e-77 -9.8322e-80 -5.1394e-82 -2.4802e-84 -1.1049e-86 -4.5446e-89 -1.7256e-91 -6.0491e-94 -1.9576e-96 -5.8488e-99 -1.6133e-101 -4.1080e-104 -9.6574e-107 -2.0959e-109 -4.1995e-112 -7.7680e-115 -1.3265e-117 -2.0913e-120 -3.0437e-123 -4.0898e-126 -5.0732e-129 -5.8097e-132 -6.1440e-135 -5.9966e-138 -5.4032e-141 -4.4946e-144
-4.8802e-07 -2.3691e-06 -6.9226e-06 -1.6289e-05 -3.3213e-05 -6.0311e-05 -9.8814e-05 -1.4715e-04 -2.0008e-04 -2.4914e-04 -2.8467e-04 1.4534e-02 -2.8875e-04 -2.5679e-04 -2.1037e-04 -1.5882e-04 -1.1054e-04 -7.0943e-05 -4.1995e-05 -2.2932e-05 -1.1553e-05 -5.3707e-06 -2.3039e-06 -9.1207e-07 -3.3324e-07 -1.1237e-07 -3.4976e-08 -1.0048e-08 -2.6646e-09 -6.5224e-10 -1.4738e-10 -3.0740e-11 -5.9189e-12 -1.0520e-12 -1.7262e-13 -2.6147e-14 -3.6562e-15 -4.7197e-16 -5.6243e-17 -6.1874e-18 -6.2839e-19 -5.8915e-20 -5.0993e-21 -4.0745e-22 -3.0055e-23 -2.0467e-24 -1.2867e-25 -7.4675e-27 -4.0009e-28 -1.9789e-29 -9.0363e-31 -3.8092e-32 -1.4824e-33 -5.3256e-35 -1.7663e-36 -5.4080e-38 -1.5286e-39 -3.9888e-41 -9.6088e-43 -2.1369e-44 -4.3871e-46 -8.3147e-48 -1.4548e-49 -2.3499e-51 -3.5040e-53 -4.8235e-55 -6.1297e-57 -7.1911e-59 -7.7882e-61 -7.7867e-63 -7.1870e-65 -6.1238e-67 -4.8170e-69 -3.4979e-71 -2.3448e-73 -1.4511e-75 -8.2901e-78 -4.3722e-80 -2.1287e-82 -9.5677e-85 -3.9698e-87 -1.5206e-89 -5.3769e-92 -1.7552e-94 -5.2891e-97 -1.4714e-99 -3.7787e-102 -8.9583e-105 -1.9606e-107 -3.9611e-110 -7.3880e-113 -1.2720e-115 -2.0219e-118 -2.9667e-121 -4.0186e-124 -5.0250e-127 -5.8006e-130 -6.1813e-133 -6.0808e-136 -5.5222e-139 4.5297e-07 1.7993e-06 3.9805e-06 6.8405e-06 1.0075e-05 1.3221e-05 1.5720e-05 1.7054e-05 1.6909e-05 1.5295e-05 1.2563e-05 0.0000e+00 6.0847e-06 3.4247e-06 1.5348e-06 4.0362e-07 -1.3555e-07 -2.9996e-07 -2.7843e-07 -1.9625e-07 -1.1678e-07 -6.0983e-08 -2.8468e-08 -1.2002e-08 -4.5984e-09 -1.6075e-09 -5.1420e-10 -1.5079e-10 -4.0598e-11 -1.0046e-11 -2.2868e-12 -4.7915e-13 -9.2454e-14 -1.6436e-14 -2.6928e-15 -4.0672e-16 -5.6642e-17 -7.2749e-18 -8.6184e-19 -9.4188e-20 -9.4969e-21 -8.8353e-22 -7.5849e-23 -6.0089e-24 -4.3933e-25 -2.9644e-26 -1.8462e-27 -1.0613e-28 -5.6310e-30 -2.7579e-31 -1.2468e-32 -5.2031e-34 -2.0044e-35 -7.1281e-37 -2.3401e-38 -7.0918e-40 -1.9841e-41 -5.1244e-43 -1.2218e-44 -2.6895e-46 -5.4655e-48 -1.0253e-49 -1.7759e-51 -2.8395e-53 -4.1916e-55 -5.7123e-57 -7.1869e-59 -8.3479e-61 -8.9519e-63 -8.8624e-65 -8.1002e-67 -6.8350e-69 -5.3246e-71 -3.8295e-73 -2.5427e-75 -1.5587e-77 -8.8209e-80 -4.6087e-82 -2.2230e-84 -9.8996e-87 -4.0700e-89 -1.5448e-91 -5.4131e-94 -1.7512e-96 -5.2301e-99 -1.4421e-101 -3.6709e-104 -8.6271e-107 -1.8723e-109 -3.7502e-112 -6.9347e-115 -1.1836e-117 -1.8654e-120 -2.7143e-123 -3.6461e-126 -4.5217e-129 -5.1769e-132 -5.4719e-135 -5.3395e-138 -4.8101e-141
-2.1477e-07 -1.0950e-06 -3.4118e-06 -8.6122e-06 -1.8883e-05 -3.6918e-05 -6.5176e-05 -1.0465e-04 -1.5352e-04 -2.0633e-04 -2.5458e-04 -2.8875e-04 1.7042e-02 -2.8968e-04 -2.5654e-04 -2.0941e-04 -1.5762e-04 -1.0941e-04 -7.0060e-05 -4.1389e-05 -2.2561e-05 -1.1349e-05 -5.2682e-06 -2.2571e-06 -8.9252e-07 -3.2576e-07 -1.0975e-07 -3.4130e-08 -9.7977e-09 -2.5963e-09 -6.3512e-10 -1.4342e-10 -2.9899e-11 -5.7540e-12 -1.0223e-12 -1.6766e-13 -2.5385e-14 -3.5483e-15 -4.5787e-16 -5.4545e-17 -5.9986e-18 -6.0903e-19 -5.7084e-20 -4.9395e-21 -3.9459e-22 -2.9100e-23 -1.9812e-24 -1.2452e-25 -7.2254e-27 -3.8705e-28 -1.9141e-29 -8.7386e-31 -3.6831e-32 -1.4331e-33 -5.1477e-35 -1.7070e-36 -5.2259e-38 -1.4769e-39 -3.8535e-41 -9.2817e-43 -2.0639e-44 -4.2367e-46 -8.0289e-48 -1.4047e-49 -2.2686e-51 -3.3825e-53 -4.6558e-55 -5.9161e-57 -6.9400e-59 -7.5156e-61 -7.5135e-63 -6.9344e-65 -5.9081e-67 -4.6470e-69 -3.3742e-71 -2.2618e-73 -1.3996e-75 -7.9954e-78 -4.2165e-80 -2.0528e-82 -9.2259e-85 -3.8278e-87 -1.4661e-89 -5.1839e-92 -1.6921e-94 -5.0988e-97 -1.4184e-99 -3.6424e-102 -8.6347e-105 -1.8897e-107 -3.8177e-110 -7.1202e-113 -1.2259e-115 -1.9484e-118 -2.8588e-121 -3.8723e-124 -4.8419e-127 -5.5890e-130 -5.9557e-133 -5.8586e-136 1.9687e-07 7.9717e-07 1.8174e-06 3.2465e-06 5.0009e-06 6.8901e-06 8.6164e-06 9.8275e-06 1.0216e-05 9.6311e-06 8.1537e-06 6.0847e-06 0.0000e+00 1.8608e-06 3.8910e-07 -4.8223e-07 -8.3441e-07 -8.3664e-07 -6.6577e-07 -4.5399e-07 -2.7358e-07 -1.4796e-07 -7.2444e-08 -3.2288e-08 -1.3147e-08 -4.9027e-09 -1.6774e-09 -5.2719e-10 -1.5236e-10 -4.0523e-11 -9.9239e-12 -2.2388e-12 -4.6546e-13 -8.9207e-14 -1.5764e-14 -2.5691e-15 -3.8620e-16 -5.3558e-17 -6.8527e-18 -8.0904e-19 -8.8142e-20 -8.8620e-21 -8.2232e-22 -7.0426e-23 -5.5671e-24 -4.0620e-25 -2.7358e-26 -1.7009e-27 -9.7617e-29 -5.1717e-30 -2.5294e-31 -1.1420e-32 -4.7600e-34 -1.8316e-35 -6.5067e-37 -2.1339e-38 -6.4608e-40 -1.8059e-41 -4.6604e-43 -1.1103e-44 -2.4422e-46 -4.9592e-48 -9.2974e-50 -1.6092e-51 -2.5715e-53 -3.7937e-55 -5.1672e-57 -6.4977e-59 -7.5435e-61 -8.0854e-63 -8.0009e-65 -7.3095e-67 -6.1652e-69 -4.8008e-71 -3.4514e-73 -2.2908e-75 -1.4038e-77 -7.9415e-80 -4.1479e-82 -2.0001e-84 -8.9042e-87 -3.6607e-89 -1.3890e-91 -4.8659e-94 -1.5733e-96 -4.6977e-99 -1.2950e-101 -3.2957e-104 -7.7433e-107 -1.6796e-109 -3.3636e-112 -6.2186e-115 -1.0614e-117 -1.6726e-120 -2.4332e-123 -3.2679e-126 -4.0520e-129 -4.6384e-132 -4.9018e-135 -4.7824e-138
-8.6339e-08 -4.6342e-07 -1.5424e-06 -4.1802e-06 -9.8612e-06 -2.0764e-05 -3.9515e-05 -6.8438e-05 -1.0834e-04 -1.5722e-04 -2.0953e-04 -2.5679e-04 -2.8968e-04 1.9749e-02 -2.8822e-04 -2.5444e-04 -2.0714e-04 -1.5555e-04 -1.0776e-04 -6.8884e-05 -4.0632e-05 -2.2119e-05 -1.1113e-05 -5.1533e-06 -2.2057e-06 -8.7148e-07 -3.1783e-07 -1.0700e-07 -3.3255e-08 -9.5410e-09 -2.5270e-09 -6.1785e-10 -1.3946e-10 -2.9061e-11 -5.5905e-12 -9.9285e-13 -1.6278e-13 -2.4639e-14 -3.4431e-15 -4.4417e-16 -5.2900e-17 -5.8164e-18 -5.9040e-19 -5.5326e-20 -4.7865e-21 -3.8229e-22 -2.8188e-23 -1.9188e-24 -1.2058e-25 -6.9957e-27 -3.7469e-28 -1.8527e-29 -8.4574e-31 -3.5641e-32 -1.3866e-33 -4.9803e-35 -1.6514e-36 -5.0550e-38 -1.4285e-39 -3.7268e-41 -8.9757e-43 -1.9957e-44 -4.0964e-46 -7.7624e-48 -1.3579e-49 -2.1930e-51 -3.2695e-53 -4.5000e-55 -5.7178e-57 -6.7069e-59 -7.2627e-61 -7.2604e-63 -6.7004e-65 -5.7084e-67 -4.4897e-69 -3.2598e-71 -2.1850e-73 -1.3520e-75 -7.7233e-78 -4.0729e-80 -1.9828e-82 -8.9108e-85 -3.6969e-87 -1.4159e-89 -5.0063e-92 -1.6341e-94 -4.9238e-97 -1.3696e-99 -3.5171e-102 -8.3375e-105 -1.8246e-107 -3.6861e-110 -6.8745e-113 -1.1836e-115 -1.8811e-118 -2.7600e-121 -3.7382e-124 -4.6742e-127 -5.3953e-130 -5.7491e-133 7.8090e-08 3.2280e-07 7.5986e-07 1.4137e-06 2.2813e-06 3.3033e-06 4.3449e-06 5.2029e-06 5.6499e-06 5.5084e-06 4.7277e-06 3.4247e-06 1.8608e-06 0.0000e+00 -8.1033e-07 -1.4981e-06 -1.7121e-06 -1.5723e-06 -1.2433e-06 -8.7098e-07 -5.4843e-07 -3.1298e-07 -1.6272e-07 -7.7334e-08 -3.3678e-08 -1.3461e-08 -4.9445e-09 -1.6706e-09 -5.1959e-10 -1.4883e-10 -3.9283e-11 -9.5566e-12 -2.1435e-12 -4.4339e-13 -8.4595e-14 -1.4889e-14 -2.4179e-15 -3.6231e-16 -5.0100e-17 -6.3934e-18 -7.5302e-19 -8.1861e-20 -8.2142e-21 -7.6082e-22 -6.5050e-23 -5.1342e-24 -3.7408e-25 -2.5162e-26 -1.5624e-27 -8.9567e-29 -4.7402e-30 -2.3160e-31 -1.0447e-32 -4.3507e-34 -1.6728e-35 -5.9377e-37 -1.9459e-38 -5.8876e-40 -1.6447e-41 -4.2416e-43 -1.0100e-44 -2.2203e-46 -4.5063e-48 -8.4442e-50 -1.4609e-51 -2.3334e-53 -3.4410e-55 -4.6849e-57 -5.8890e-59 -6.8344e-61 -7.3227e-63 -7.2438e-65 -6.6157e-67 -5.5784e-69 -4.3426e-71 -3.1221e-73 -2.0716e-75 -1.2691e-77 -7.1761e-80 -3.7472e-82 -1.8065e-84 -8.0404e-87 -3.3040e-89 -1.2534e-91 -4.3901e-94 -1.4196e-96 -4.2379e-99 -1.1680e-101 -2.9721e-104 -6.9818e-107 -1.5142e-109 -3.0319e-112 -5.6046e-115 -9.5648e-118 -1.5070e-120 -2.1920e-123 -2.9437e-126 -3.6495e-129 -4.1770e-132 -4.4138e-135
-3.1757e-08 -1.7986e-07 -6.4026e-07 -1.8644e-06 -4.7338e-06 -1.0740e-05 -2.2038e-05 -4.1182e-05 -7.0382e-05 -1.1031e-04 -1.5883e-04 -2.1037e-04 -2.5654e-04 -2.8822e-04 2.2655e-02 -2.8501e-04 -2.5101e-04 -2.0394e-04 -1.5288e-04 -1.0575e-04 -6.7511e-05 -3.9776e-05 -2.1631e-05 -1.0858e-05 -5.0311e-06 -2.1519e-06 -8.4966e-07 -3.0970e-07 -1.0421e-07 -3.2371e-08 -9.2834e-09 -2.4578e-09 -6.0071e-10 -1.3555e-10 -2.8237e-11 -5.4304e-12 -9.6417e-13 -1.5804e-13 -2.3917e-14 -3.3413e-15 -4.3097e-16 -5.1318e-17 -5.6414e-18 -5.7255e-19 -5.3646e-20 -4.6404e-21 -3.7058e-22 -2.7321e-23 -1.8595e-24 -1.1685e-25 -6.7783e-27 -3.6301e-28 -1.7948e-29 -8.1923e-31 -3.4521e-32 -1.3429e-33 -4.8230e-35 -1.5991e-36 -4.8946e-38 -1.3831e-39 -3.6081e-41 -8.6894e-43 -1.9319e-44 -3.9653e-46 -7.5135e-48 -1.3143e-49 -2.1225e-51 -3.1642e-53 -4.3549e-55 -5.5332e-57 -6.4901e-59 -7.0277e-61 -7.0251e-63 -6.4830e-65 -5.5231e-67 -4.3438e-69 -3.1538e-71 -2.1139e-73 -1.3080e-75 -7.4714e-78 -3.9399e-80 -1.9180e-82 -8.6194e-85 -3.5760e-87 -1.3696e-89 -4.8423e-92 -1.5805e-94 -4.7622e-97 -1.3247e-99 -3.4015e-102 -8.0634e-105 -1.7646e-107 -3.5648e-110 -6.6481e-113 -1.1446e-115 -1.8191e-118 -2.6689e-121 -3.6149e-124 -4.5199e-127 -5.2171e-130 2.8318e-08 1.1966e-07 2.9136e-07 5.6555e-07 9.5736e-07 1.4578e-06 2.0157e-06 2.5283e-06 2.8521e-06 2.8398e-06 2.3971e-06 1.5348e-06 3.8910e-07 -8.1033e-07 0.0000e+00 -2.4391e-06 -2.6220e-06 -2.4234e-06 -1.9836e-06 -1.4593e-06 -9.7310e-07 -5.9126e-07 -3.2848e-07 -1.6724e-07 -7.8174e-08 -3.3586e-08 -1.3276e-08 -4.8311e-09 -1.6195e-09 -5.0029e-10 -1.4247e-10 -3.7413e-11 -9.0615e-12 -2.0246e-12 -4.1733e-13 -7.9378e-14 -1.3933e-14 -2.2569e-15 -3.3743e-16 -4.6565e-17 -5.9314e-18 -6.9743e-19 -7.5702e-20 -7.5854e-21 -7.0168e-22 -5.9922e-23 -4.7243e-24 -3.4387e-25 -2.3107e-26 -1.4336e-27 -8.2115e-29 -4.3425e-30 -2.1202e-31 -9.5575e-33 -3.9778e-34 -1.5285e-35 -5.4226e-37 -1.7762e-38 -5.3715e-40 -1.4998e-41 -3.8663e-43 -9.2024e-45 -2.0222e-46 -4.1028e-48 -7.6855e-50 -1.3292e-51 -2.1224e-53 -3.1289e-55 -4.2588e-57 -5.3519e-59 -6.2114e-61 -6.6534e-63 -6.5800e-65 -6.0067e-67 -5.0637e-69 -3.9412e-71 -2.8321e-73 -1.8789e-75 -1.1508e-77 -6.5080e-80 -3.3978e-82 -1.6378e-84 -7.2884e-87 -2.9945e-89 -1.1359e-91 -3.9778e-94 -1.2861e-96 -3.8390e-99 -1.0579e-101 -2.6917e-104 -6.3225e-107 -1.3711e-109 -2.7450e-112 -5.0737e-115 -8.6579e-118 -1.3640e-120 -1.9839e-123 -2.6639e-126 -3.3023e-129 -3.7794e-132
-1.0701e-08 -6.4078e-08 -2.4426e-07 -7.6464e-07 -2.0904e-06 -5.1113e-06 -1.1313e-05 -2.2816e-05 -4.2106e-05 -7.1289e-05 -1.1093e-04 -1.5882e-04 -2.0941e-04 -2.5444e-04 -2.8501e-04 2.5760e-02 -2.8055e-04 -2.4665e-04 -2.0009e-04 -1.4980e-04 -1.0351e-04 -6.6012e-05 -3.8860e-05 -2.1117e-05 -1.0593e-05 -4.9052e-06 -2.0969e-06 -8.2757e-07 -3.0152e-07 -1.0142e-07 -3.1493e-08 -9.0286e-09 -2.3896e-09 -5.8391e-10 -1.3172e-10 -2.7434e-11 -5.2750e-12 -9.3640e-13 -1.5346e-13 -2.3220e-14 -3.2435e-15 -4.1829e-16 -4.9802e-17 -5.4742e-18 -5.5551e-19 -5.2044e-20 -4.5014e-21 -3.5944e-22 -2.6498e-23 -1.8034e-24 -1.1331e-25 -6.5727e-27 -3.5198e-28 -1.7401e-29 -7.9422e-31 -3.3466e-32 -1.3018e-33 -4.6751e-35 -1.5500e-36 -4.7440e-38 -1.3405e-39 -3.4968e-41 -8.4210e-43 -1.8722e-44 -3.8425e-46 -7.2807e-48 -1.2736e-49 -2.0566e-51 -3.0659e-53 -4.2195e-55 -5.3610e-57 -6.2880e-59 -6.8086e-61 -6.8060e-63 -6.2807e-65 -5.3506e-67 -4.2080e-69 -3.0552e-71 -2.0477e-73 -1.2670e-75 -7.2374e-78 -3.8164e-80 -1.8578e-82 -8.3491e-85 -3.4637e-87 -1.3266e-89 -4.6902e-92 -1.5308e-94 -4.6126e-97 -1.2830e-99 -3.2945e-102 -7.8097e-105 -1.7090e-107 -3.4525e-110 -6.4387e-113 -1.1085e-115 -1.7618e-118 -2.5848e-121 -3.5009e-124 -4.3773e-127 9.4003e-09 4.0658e-08 1.0258e-07 2.0807e-07 3.6986e-07 5.9238e-07 8.6004e-07 1.1259e-06 1.3082e-06 1.3027e-06 1.0149e-06 4.0362e-07 -4.8223e-07 -1.4981e-06 -2.4391e-06 0.0000e+00 -3.3797e-06 -3.2457e-06 -2.7976e-06 -2.1842e-06 -1.5533e-06 -1.0099e-06 -6.0171e-07 -3.2914e-07 -1.6550e-07 -7.6570e-08 -3.2617e-08 -1.2800e-08 -4.6297e-09 -1.5438e-09 -4.7476e-10 -1.3467e-10 -3.5241e-11 -8.5093e-12 -1.8960e-12 -3.8989e-13 -7.3999e-14 -1.2963e-14 -2.0962e-15 -3.1291e-16 -4.3119e-17 -5.4852e-18 -6.4420e-19 -6.9847e-20 -6.9918e-21 -6.4617e-22 -5.5135e-23 -4.3434e-24 -3.1592e-25 -2.1215e-26 -1.3154e-27 -7.5300e-29 -3.9799e-30 -1.9422e-31 -8.7510e-33 -3.6405e-34 -1.3983e-35 -4.9588e-37 -1.6237e-38 -4.9086e-40 -1.3701e-41 -3.5310e-43 -8.4018e-45 -1.8458e-46 -3.7439e-48 -7.0115e-50 -1.2127e-51 -1.9359e-53 -2.8527e-55 -3.8821e-57 -4.8776e-59 -5.6582e-61 -6.0600e-63 -5.9924e-65 -5.4708e-67 -4.6113e-69 -3.5886e-71 -2.5784e-73 -1.7104e-75 -1.0475e-77 -5.9228e-80 -3.0919e-82 -1.4902e-84 -6.6311e-87 -2.7242e-89 -1.0332e-91 -3.6181e-94 -1.1697e-96 -3.4912e-99 -9.6203e-102 -2.4475e-104 -5.7485e-107 -1.2465e-109 -2.4954e-112 -4.6122e-115 -7.8699e-118 -1.2398e-120 -1.8031e-123 -2.4210e-126 -3.0011e-129
