1.0020e-04 -8.2310e-06 -1.0176e-05 -1.0350e-05 -9.1334e-06 -7.1609e-06 -5.0513e-06 -3.2300e-06 -1.8812e-06 -1.0012e-06 -4.8804e-07 -2.1826e-07 -8.9659e-08 -3.3865e-08 -1.1769e-08 -3.7658e-09 -1.1098e-09 -3.0136e-10 -7.5425e-11 -1.7403e-11 -3.7024e-12 -7.2642e-13 -1.3145e-13 -2.1943e-14 -3.3791e-15 -4.8008e-16 -6.2929e-17 -7.6111e-18 -8.4941e-19 -8.7475e-20 -8.3129e-21 -7.2901e-22 -5.9000e-23 -4.4065e-24 -3.0373e-25 -1.9321e-26 -1.1343e-27 -6.1460e-29 -3.0734e-30 -1.4185e-31 -6.0422e-33 -2.3755e-34 -8.6196e-36 -2.8867e-37 -8.9231e-39 -2.5457e-40 -6.7036e-42 -1.6293e-43 -3.6550e-45 -7.5678e-47 -1.4463e-48 -2.5513e-50 -4.1539e-52 -6.2425e-54 -8.6592e-56 -1.1087e-57 -1.3102e-59 -1.4292e-61 -1.4390e-63 -1.3374e-65 -1.1473e-67 -9.0843e-70 -6.6395e-72 -4.4793e-74 -2.7893e-76 -1.6033e-78 -8.5066e-81 -4.1661e-83 -1.8833e-85 -7.8586e-88 -3.0269e-90 -1.0762e-92 -3.5318e-95 -1.0699e-97 -2.9917e-100 -7.7221e-103 -1.8399e-105 -4.0464e-108 -8.2146e-111 -1.5394e-113 -2.6627e-116 -4.2517e-119 -6.2665e-122 -8.5257e-125 -1.0707e-127 -1.2413e-130 -1.3283e-133 -1.3121e-136 -1.1964e-139 -1.0070e-142 -7.8236e-146 -5.6110e-149 -3.7147e-152 -2.2701e-155 -1.2806e-158 -6.6683e-162 -3.2053e-165 -1.4222e-168 -5.8253e-172 -2.2025e-175 0.0000e+00 8.1960e-06 1.0079e-05 1.0176e-05 8.8954e-06 6.8949e-06 4.7989e-06 3.0219e-06 1.7301e-06 9.0352e-07 4.3145e-07 1.8871e-07 7.5702e-08 2.7882e-08 9.4360e-09 2.9362e-09 8.4055e-10 2.2146e-10 5.3722e-11 1.2002e-11 2.4703e-12 4.6851e-13 8.1890e-14 1.3194e-14 1.9598e-15 2.6841e-16 3.3898e-17 3.9482e-18 4.2414e-19 4.2027e-20 3.8414e-21 3.2391e-22 2.5197e-23 1.8084e-24 1.1975e-25 7.3164e-27 4.1247e-28 2.1457e-29 1.0300e-30 4.5626e-32 1.8651e-33 7.0356e-35 2.4492e-36 7.8686e-38 2.3329e-39 6.3833e-41 1.6119e-42 3.7566e-44 8.0796e-46 1.6038e-47 2.9380e-49 4.9672e-51 7.7506e-53 1.1161e-54 1.4834e-56 1.8194e-58 2.0595e-60 2.1515e-62 2.0743e-64 1.8456e-66 1.5155e-68 1.1484e-70 8.0310e-73 5.1827e-75 3.0865e-77 1.6962e-79 8.6019e-82 4.0253e-84 1.7382e-86 6.9256e-89 2.5461e-91 8.6370e-94 2.7032e-96 7.8058e-99 2.0796e-101 5.1111e-104 1.1589e-106 2.4239e-109 4.6766e-112 8.3227e-115 1.3661e-117 2.0680e-120 2.8871e-123 3.7168e-126 4.4119e-129 4.8284e-132 4.8714e-135 4.5302e-138 3.8828e-141 3.0667e-144 2.2315e-147 1.4958e-150 9.2335e-154 5.2478e-157 2.7451e-160 1.3212e-163 5.8478e-167 2.3791e-170 8.8909e-174 3.0496e-177
-8.2310e-06 4.0077e-04 -1.8702e-05 -1.9540e-05 -1.7836e-05 -1.4555e-05 -1.0747e-05 -7.2297e-06 -4.4496e-06 -2.5121e-06 -1.3032e-06 -6.2201e-07 -2.7333e-07 -1.1065e-07 -4.1278e-08 -1.4195e-08 -4.5011e-09 -1.3161e-09 -3.5491e-10 -8.8276e-11 -2.0253e-11 -4.2866e-12 -8.3698e-13 -1.5077e-13 -2.5058e-14 -3.8424e-15 -5.4366e-16 -7.0977e-17 -8.5504e-18 -9.5049e-19 -9.7502e-20 -9.2299e-21 -8.0631e-22 -6.5004e-23 -4.8364e-24 -3.3208e-25 -2.1044e-26 -1.2307e-27 -6.6432e-29 -3.3095e-30 -1.5217e-31 -6.4576e-33 -2.5293e-34 -9.1440e-36 -3.0511e-37 -9.3968e-39 -2.6712e-40 -7.0088e-42 -1.6974e-43 -3.7944e-45 -7.8291e-47 -1.4911e-48 -2.6213e-50 -4.2535e-52 -6.3709e-54 -8.8081e-56 -1.1241e-57 -1.3241e-59 -1.4398e-61 -1.4451e-63 -1.3389e-65 -1.1451e-67 -9.0394e-70 -6.5870e-72 -4.4308e-74 -2.7511e-76 -1.5768e-78 -8.3424e-81 -4.0743e-83 -1.8368e-85 -7.6436e-88 -2.9362e-90 -1.0412e-92 -3.4081e-95 -1.0298e-97 -2.8722e-100 -7.3951e-103 -1.7576e-105 -3.8561e-108 -7.8096e-111 -1.4600e-113 -2.5196e-116 -4.0139e-119 -5.9027e-122 -8.0128e-125 -1.0041e-127 -1.1615e-130 -1.2402e-133 -1.2225e-136 -1.1124e-139 -9.3434e-143 -7.2446e-146 -5.1853e-149 -3.4261e-152 -2.0896e-155 -1.1765e-158 -6.1148e-162 -2.9337e-165 -1.2993e-168 -5.3121e-172 8.1960e-06 0.0000e+00 1.8007e-05 1.8281e-05 1.6096e-05 1.2584e-05 8.8483e-06 5.6371e-06 3.2698e-06 1.7326e-06 8.4053e-07 3.7399e-07 1.5282e-07 5.7397e-08 1.9832e-08 6.3071e-09 1.8472e-09 4.9837e-10 1.2391e-10 2.8394e-11 5.9986e-12 1.1684e-12 2.0987e-13 3.4762e-14 5.3102e-15 7.4811e-16 9.7203e-17 1.1648e-17 1.2872e-18 1.3117e-19 1.2326e-20 1.0679e-21 8.5303e-23 6.2808e-24 4.2622e-25 2.6652e-26 1.5353e-27 8.1461e-29 3.9795e-30 1.7893e-31 7.4016e-33 2.8152e-34 9.8389e-36 3.1572e-37 9.2920e-39 2.5050e-40 6.1751e-42 1.3886e-43 2.8394e-45 5.2537e-47 8.7318e-49 1.2875e-50 1.6460e-52 1.7334e-54 1.2816e-56 6.9746e-60 -1.9461e-60 -4.5392e-62 -7.2258e-64 -9.4080e-66 -1.0590e-67 -1.0559e-69 -9.4490e-72 -7.6469e-74 -5.6245e-76 -3.7726e-78 -2.3131e-80 -1.2987e-82 -6.6862e-85 -3.1597e-87 -1.3717e-89 -5.4744e-92 -2.0095e-94 -6.7874e-97 -2.1103e-99 -6.0418e-102 -1.5932e-104 -3.8704e-107 -8.6640e-110 -1.7874e-112 -3.3989e-115 -5.9583e-118 -9.6300e-121 -1.4351e-123 -1.9723e-126 -2.4997e-129 -2.9219e-132 -3.1503e-135 -3.1331e-138 -2.8744e-141 -2.4327e-144 -1.8994e-147 -1.3683e-150 -9.0937e-154 -5.5765e-157 -3.1552e-160 -1.6473e-163 -7.9359e-167 -3.5279e-170 -1.4472e-173
-1.0176e-05 -1.8702e-05 9.0169e-04 -2.6520e-05 -2.5476e-05 -2.2039e-05 -1.7348e-05 -1.2493e-05 -8.2564e-06 -5.0157e-06 -2.8039e-06 -1.4433e-06 -6.8437e-07 -2.9904e-07 -1.2043e-07 -4.4712e-08 -1.5305e-08 -4.8310e-09 -1.4063e-09 -3.7755e-10 -9.3498e-11 -2.1358e-11 -4.5011e-12 -8.7512e-13 -1.5698e-13 -2.5982e-14 -3.9680e-15 -5.5919e-16 -7.2719e-17 -8.7267e-18 -9.6646e-19 -9.8778e-20 -9.3172e-21 -8.1110e-22 -6.5168e-23 -4.8324e-24 -3.3074e-25 -2.0893e-26 -1.2182e-27 -6.5556e-29 -3.2563e-30 -1.4930e-31 -6.3182e-33 -2.4681e-34 -8.8989e-36 -2.9617e-37 -9.0988e-39 -2.5802e-40 -6.7539e-42 -1.6319e-43 -3.6397e-45 -7.4934e-47 -1.4241e-48 -2.4982e-50 -4.0455e-52 -6.0473e-54 -8.3445e-56 -1.0629e-57 -1.2497e-59 -1.3564e-61 -1.3590e-63 -1.2569e-65 -1.0731e-67 -8.4576e-70 -6.1531e-72 -4.1323e-74 -2.5618e-76 -1.4661e-78 -7.7452e-81 -3.7771e-83 -1.7004e-85 -7.0662e-88 -2.7107e-90 -9.5993e-93 -3.1380e-95 -9.4696e-98 -2.6379e-100 -6.7836e-103 -1.6103e-105 -3.5288e-108 -7.1384e-111 -1.3330e-113 -2.2979e-116 -3.6567e-119 -5.3716e-122 -7.2841e-125 -9.1183e-128 -1.0537e-130 -1.1240e-133 -1.1069e-136 -1.0062e-139 -8.4436e-143 -6.5408e-146 -4.6774e-149 -3.0877e-152 -1.8816e-155 -1.0585e-158 -5.4966e-162 -2.6349e-165 -1.1660e-168 1.0079e-05 1.8007e-05 0.0000e+00 2.2930e-05 2.0425e-05 1.6196e-05 1.1575e-05 7.5119e-06 4.4475e-06 2.4098e-06 1.1974e-06 5.4653e-07 2.2936e-07 8.8568e-08 3.1487e-08 1.0309e-08 3.1091e-09 8.6375e-10 2.2105e-10 5.2104e-11 1.1309e-11 2.2596e-12 4.1542e-13 7.0234e-14 1.0912e-14 1.5564e-15 2.0357e-16 2.4378e-17 2.6669e-18 2.6577e-19 2.4023e-20 1.9571e-21 1.4220e-22 9.0462e-24 4.8469e-25 1.9693e-26 3.4054e-28 -3.6172e-29 -5.1602e-30 -4.2677e-31 -2.7925e-32 -1.5606e-33 -7.6831e-35 -3.3844e-36 -1.3460e-37 -4.8604e-39 -1.5996e-40 -4.8107e-42 -1.3246e-43 -3.3443e-45 -7.7502e-47 -1.6501e-48 -3.2300e-50 -5.8159e-52 -9.6375e-54 -1.4703e-55 -2.0658e-57 -2.6739e-59 -3.1889e-61 -3.5050e-63 -3.5511e-65 -3.3167e-67 -2.8563e-69 -2.2682e-71 -1.6611e-73 -1.1220e-75 -6.9902e-78 -4.0173e-80 -2.1298e-82 -1.0417e-84 -4.7005e-87 -1.9570e-89 -7.5178e-92 -2.6647e-94 -8.7157e-97 -2.6306e-99 -7.3267e-102 -1.8831e-104 -4.4667e-107 -9.7778e-110 -1.9753e-112 -3.6830e-115 -6.3375e-118 -1.0065e-120 -1.4753e-123 -1.9959e-126 -2.4922e-129 -2.8723e-132 -3.0554e-135 -3.0000e-138 -2.7187e-141 -2.2742e-144 -1.7559e-147 -1.2514e-150 -8.2323e-154 -4.9987e-157 -2.8017e-160 -1.4495e-163 -6.9223e-167 -3.0515e-170
-1.0350e-05 -1.9540e-05 -2.6520e-05 1.6029e-03 -3.1222e-05 -2.8939e-05 -2.4498e-05 -1.9014e-05 -1.3557e-05 -8.8902e-06 -5.3655e-06 -2.9817e-06 -1.5263e-06 -7.1988e-07 -3.1292e-07 -1.2539e-07 -4.6325e-08 -1.5782e-08 -4.9584e-09 -1.4369e-09 -3.8413e-10 -9.4732e-11 -2.1554e-11 -4.5250e-12 -8.7653e-13 -1.5668e-13 -2.5844e-14 -3.9341e-15 -5.5268e-16 -7.1656e-17 -8.5744e-18 -9.4696e-19 -9.6527e-20 -9.0816e-21 -7.8864e-22 -6.3213e-23 -4.6767e-24 -3.1938e-25 -2.0132e-26 -1.1714e-27 -6.2915e-29 -3.1192e-30 -1.4275e-31 -6.0302e-33 -2.3515e-34 -8.4646e-36 -2.8126e-37 -8.6273e-39 -2.4428e-40 -6.3849e-42 -1.5405e-43 -3.4312e-45 -7.0548e-47 -1.3390e-48 -2.3460e-50 -3.7944e-52 -5.6652e-54 -7.8082e-56 -9.9345e-58 -1.1668e-59 -1.2651e-61 -1.2662e-63 -1.1699e-65 -9.9788e-68 -7.8570e-70 -5.7109e-72 -3.8319e-74 -2.3735e-76 -1.3571e-78 -7.1635e-81 -3.4906e-83 -1.5701e-85 -6.5198e-88 -2.4992e-90 -8.8438e-93 -2.8889e-95 -8.7118e-98 -2.4251e-100 -6.2321e-103 -1.4784e-105 -3.2377e-108 -6.5453e-111 -1.2215e-113 -2.1044e-116 -3.3468e-119 -4.9135e-122 -6.6591e-125 -8.3313e-128 -9.6221e-131 -1.0259e-133 -1.0097e-136 -9.1738e-140 -7.6944e-143 -5.9575e-146 -4.2582e-149 -2.8096e-152 -1.7113e-155 -9.6225e-159 -4.9946e-162 -2.3933e-165 1.0176e-05 1.8281e-05 2.2930e-05 0.0000e+00 2.1533e-05 1.7400e-05 1.2708e-05 8.4479e-06 5.1337e-06 2.8596e-06 1.4625e-06 6.8747e-07 2.9717e-07 1.1814e-07 4.3184e-08 1.4508e-08 4.4760e-09 1.2666e-09 3.2819e-10 7.7689e-11 1.6746e-11 3.2709e-12 5.7459e-13 8.9653e-14 1.2137e-14 1.3529e-15 1.0532e-16 3.1152e-19 -1.8946e-18 -4.6649e-19 -7.9070e-20 -1.0993e-20 -1.3237e-21 -1.4138e-22 -1.3567e-23 -1.1786e-24 -9.3140e-26 -6.7182e-27 -4.4333e-28 -2.6810e-29 -1.4878e-30 -7.5839e-32 -3.5537e-33 -1.5318e-34 -6.0763e-36 -2.2193e-37 -7.4655e-39 -2.3137e-40 -6.6079e-42 -1.7395e-43 -4.2212e-45 -9.4451e-47 -1.9488e-48 -3.7084e-50 -6.5086e-52 -1.0537e-53 -1.5737e-55 -2.1684e-57 -2.7565e-59 -3.2331e-61 -3.4991e-63 -3.4944e-65 -3.2203e-67 -2.7386e-69 -2.1493e-71 -1.5567e-73 -1.0406e-75 -6.4198e-78 -3.6553e-80 -1.9209e-82 -9.3174e-85 -4.1713e-87 -1.7237e-89 -6.5742e-92 -2.3144e-94 -7.5209e-97 -2.2559e-99 -6.2458e-102 -1.5962e-104 -3.7656e-107 -8.1998e-110 -1.6482e-112 -3.0583e-115 -5.2383e-118 -8.2822e-121 -1.2088e-123 -1.6286e-126 -2.0254e-129 -2.3253e-132 -2.4643e-135 -2.4109e-138 -2.1773e-141 -1.8152e-144 -1.3969e-147 -9.9244e-151 -6.5086e-154 -3.9404e-157 -2.2022e-160 -1.1362e-163 -5.4112e-167
-9.1334e-06 -1.7836e-05 -2.5476e-05 -3.1222e-05 2.5042e-03 -3.4212e-05 -3.1245e-05 -2.6179e-05 -2.0153e-05 -1.4267e-05 -9.2940e-06 -5.5745e-06 -3.0797e-06 -1.5677e-06 -7.3554e-07 -3.1815e-07 -1.2689e-07 -4.6671e-08 -1.5834e-08 -4.9553e-09 -1.4307e-09 -3.8114e-10 -9.3686e-11 -2.1250e-11 -4.4481e-12 -8.5924e-13 -1.5318e-13 -2.5205e-14 -3.8277e-15 -5.3652e-16 -6.9413e-17 -8.2891e-18 -9.1367e-19 -9.2962e-20 -8.7307e-21 -7.5688e-22 -6.0569e-23 -4.4742e-24 -3.0510e-25 -1.9205e-26 -1.1159e-27 -5.9856e-29 -2.9638e-30 -1.3547e-31 -5.7163e-33 -2.2266e-34 -8.0063e-36 -2.6576e-37 -8.1435e-39 -2.3036e-40 -6.0153e-42 -1.4501e-43 -3.2269e-45 -6.6291e-47 -1.2572e-48 -2.2009e-50 -3.5570e-52 -5.3068e-54 -7.3089e-56 -9.2928e-58 -1.0907e-59 -1.1818e-61 -1.1821e-63 -1.0915e-65 -9.3044e-68 -7.3217e-70 -5.3187e-72 -3.5668e-74 -2.2081e-76 -1.2619e-78 -6.6574e-81 -3.2424e-83 -1.4578e-85 -6.0504e-88 -2.3182e-90 -8.1995e-93 -2.6773e-95 -8.0701e-98 -2.2456e-100 -5.7683e-103 -1.3679e-105 -2.9943e-108 -6.0511e-111 -1.1288e-113 -1.9440e-116 -3.0906e-119 -4.5359e-122 -6.1452e-125 -7.6858e-128 -8.8738e-131 -9.4579e-134 -9.3058e-137 -8.4523e-140 -7.0871e-143 -5.4857e-146 -3.9198e-149 -2.5856e-152 -1.5744e-155 -8.8504e-159 -4.5927e-162 8.8954e-06 1.6096e-05 2.0425e-05 2.1533e-05 0.0000e+00 1.6437e-05 1.2318e-05 8.4206e-06 5.2689e-06 3.0233e-06 1.5921e-06 7.6930e-07 3.4078e-07 1.3816e-07 5.1128e-08 1.7201e-08 5.2283e-09 1.4213e-09 3.3942e-10 6.8612e-11 1.0641e-11 7.6674e-13 -2.4296e-13 -1.3834e-13 -4.3801e-14 -1.0907e-14 -2.3170e-15 -4.3359e-16 -7.2641e-17 -1.0995e-17 -1.5122e-18 -1.8971e-19 -2.1766e-20 -2.2882e-21 -2.2072e-22 -1.9558e-23 -1.5932e-24 -1.1940e-25 -8.2365e-27 -5.2320e-28 -3.0615e-29 -1.6508e-30 -8.2038e-32 -3.7585e-33 -1.5877e-34 -6.1847e-36 -2.2220e-37 -7.3638e-39 -2.2512e-40 -6.3491e-42 -1.6521e-43 -3.9667e-45 -8.7882e-47 -1.7967e-48 -3.3897e-50 -5.9019e-52 -9.4835e-54 -1.4064e-55 -1.9250e-57 -2.4319e-59 -2.8357e-61 -3.0520e-63 -3.0319e-65 -2.7801e-67 -2.3531e-69 -1.8385e-71 -1.3259e-73 -8.8266e-76 -5.4242e-78 -3.0770e-80 -1.6113e-82 -7.7886e-85 -3.4755e-87 -1.4317e-89 -5.4440e-92 -1.9110e-94 -6.1927e-97 -1.8525e-99 -5.1159e-102 -1.3042e-104 -3.0694e-107 -6.6685e-110 -1.3375e-112 -2.4763e-115 -4.2326e-118 -6.6787e-121 -9.7286e-124 -1.3082e-126 -1.6241e-129 -1.8612e-132 -1.9692e-135 -1.9233e-138 -1.7341e-141 -1.4434e-144 -1.1092e-147 -7.8683e-151 -5.1528e-154 -3.1152e-157 -1.7387e-160 -8.9583e-164
-7.1609e-06 -1.4555e-05 -2.2039e-05 -2.8939e-05 -3.4212e-05 3.6057e-03 -3.6336e-05 -3.2868e-05 -2.7311e-05 -2.0868e-05 -1.4672e-05 -9.4981e-06 -5.6641e-06 -3.1126e-06 -1.5767e-06 -7.3646e-07 -3.1723e-07 -1.2604e-07 -4.6195e-08 -1.5621e-08 -4.8739e-09 -1.4033e-09 -3.7284e-10 -9.1422e-11 -2.0689e-11 -4.3212e-12 -8.3306e-13 -1.4823e-13 -2.4347e-14 -3.6912e-15 -5.1656e-16 -6.6729e-17 -7.9572e-18 -8.7591e-19 -8.9004e-20 -8.3488e-21 -7.2294e-22 -5.7788e-23 -4.2643e-24 -2.9049e-25 -1.8268e-26 -1.0605e-27 -5.6833e-29 -2.8117e-30 -1.2842e-31 -5.4143e-33 -2.1074e-34 -7.5722e-36 -2.5118e-37 -7.6915e-39 -2.1743e-40 -5.6744e-42 -1.3671e-43 -3.0404e-45 -6.2425e-47 -1.1832e-48 -2.0704e-50 -3.3444e-52 -4.9871e-54 -6.8655e-56 -8.7250e-58 -1.0236e-59 -1.1086e-61 -1.1085e-63 -1.0231e-65 -8.7178e-68 -6.8575e-70 -4.9797e-72 -3.3382e-74 -2.0659e-76 -1.1802e-78 -6.2245e-81 -3.0305e-83 -1.3621e-85 -5.6516e-88 -2.1648e-90 -7.6546e-93 -2.4987e-95 -7.5296e-98 -2.0946e-100 -5.3791e-103 -1.2752e-105 -2.7909e-108 -5.6386e-111 -1.0516e-113 -1.8107e-116 -2.8779e-119 -4.2228e-122 -5.7198e-125 -7.1522e-128 -8.2560e-131 -8.7977e-134 -8.6544e-137 -7.8592e-140 -6.5885e-143 -5.0988e-146 -3.6427e-149 -2.4024e-152 -1.4626e-155 -8.2203e-159 6.8949e-06 1.2584e-05 1.6196e-05 1.7400e-05 1.6437e-05 0.0000e+00 1.0762e-05 7.5781e-06 4.8831e-06 2.8798e-06 1.5522e-06 7.6228e-07 3.3930e-07 1.3569e-07 4.8019e-08 1.4591e-08 3.5380e-09 5.1363e-10 -7.9977e-11 -1.0169e-10 -5.0948e-11 -1.9243e-11 -6.1186e-12 -1.7045e-12 -4.2398e-13 -9.5158e-14 -1.9394e-14 -3.6041e-15 -6.1250e-16 -9.5380e-17 -1.3630e-17 -1.7896e-18 -2.1605e-19 -2.4001e-20 -2.4546e-21 -2.3122e-22 -2.0068e-23 -1.6053e-24 -1.1838e-25 -8.0490e-27 -5.0471e-28 -2.9190e-29 -1.5573e-30 -7.6646e-32 -3.4805e-33 -1.4583e-34 -5.6383e-36 -2.0117e-37 -6.6239e-39 -2.0129e-40 -5.6455e-42 -1.4614e-43 -3.4916e-45 -7.7003e-47 -1.5675e-48 -2.9453e-50 -5.1085e-52 -8.1790e-54 -1.2088e-55 -1.6492e-57 -2.0770e-59 -2.4148e-61 -2.5917e-63 -2.5678e-65 -2.3486e-67 -1.9831e-69 -1.5458e-71 -1.1124e-73 -7.3895e-76 -4.5318e-78 -2.5658e-80 -1.3411e-82 -6.4709e-85 -2.8825e-87 -1.1854e-89 -4.5005e-92 -1.5774e-94 -5.1039e-97 -1.5246e-99 -4.2046e-102 -1.0705e-104 -2.5160e-107 -5.4594e-110 -1.0936e-112 -2.0225e-115 -3.4530e-118 -5.4426e-121 -7.9196e-124 -1.0639e-126 -1.3194e-129 -1.5106e-132 -1.5967e-135 -1.5580e-138 -1.4035e-141 -1.1673e-144 -8.9620e-148 -6.3523e-151 -4.1567e-154 -2.5110e-157 -1.4004e-160
-5.0513e-06 -1.0747e-05 -1.7348e-05 -2.4498e-05 -3.1245e-05 -3.6336e-05 4.9072e-03 -3.7763e-05 -3.3866e-05 -2.7928e-05 -2.1195e-05 -1.4812e-05 -9.5375e-06 -5.6601e-06 -3.0970e-06 -1.5627e-06 -7.2731e-07 -3.1228e-07 -1.2371e-07 -4.5220e-08 -1.5253e-08 -4.7485e-09 -1.3643e-09 -3.6178e-10 -8.8551e-11 -2.0006e-11 -4.1721e-12 -8.0313e-13 -1.4271e-13 -2.3410e-14 -3.5449e-15 -4.9553e-16 -6.3945e-17 -7.6175e-18 -8.3772e-19 -8.5048e-20 -7.9709e-21 -6.8965e-22 -5.5086e-23 -4.0619e-24 -2.7651e-25 -1.7377e-26 -1.0081e-27 -5.3995e-29 -2.6698e-30 -1.2187e-31 -5.1354e-33 -1.9978e-34 -7.1750e-36 -2.3789e-37 -7.2813e-39 -2.0575e-40 -5.3672e-42 -1.2925e-43 -2.8736e-45 -5.8977e-47 -1.1175e-48 -1.9546e-50 -3.1563e-52 -4.7052e-54 -6.4754e-56 -8.2267e-58 -9.6488e-60 -1.0447e-61 -1.0443e-63 -9.6360e-66 -8.2086e-68 -6.4553e-70 -4.6865e-72 -3.1409e-74 -1.9433e-76 -1.1100e-78 -5.8527e-81 -2.8489e-83 -1.2802e-85 -5.3107e-88 -2.0338e-90 -7.1901e-93 -2.3466e-95 -7.0700e-98 -1.9664e-100 -5.0491e-103 -1.1968e-105 -2.6188e-108 -5.2900e-111 -9.8648e-114 -1.6982e-116 -2.6988e-119 -3.9593e-122 -5.3622e-125 -6.7041e-128 -7.7376e-131 -8.2442e-134 -8.1089e-137 -7.3629e-140 -6.1717e-143 -4.7756e-146 -3.4114e-149 -2.2496e-152 -1.3694e-155 4.7989e-06 8.8483e-06 1.1575e-05 1.2708e-05 1.2318e-05 1.0762e-05 0.0000e+00 6.1971e-06 4.0964e-06 2.4612e-06 1.3350e-06 6.4574e-07 2.7204e-07 9.4682e-08 2.3034e-08 1.2374e-10 -4.2012e-09 -3.2643e-09 -1.7565e-09 -7.7790e-10 -2.9916e-10 -1.0230e-10 -3.1497e-11 -8.7962e-12 -2.2387e-12 -5.2088e-13 -1.1104e-13 -2.1725e-14 -3.9053e-15 -6.4563e-16 -9.8228e-17 -1.3761e-17 -1.7760e-18 -2.1123e-19 -2.3158e-20 -2.3409e-21 -2.1823e-22 -1.8765e-23 -1.4884e-24 -1.0892e-25 -7.3547e-27 -4.5825e-28 -2.6349e-29 -1.3982e-30 -6.8474e-32 -3.0951e-33 -1.2913e-34 -4.9730e-36 -1.7678e-37 -5.8006e-39 -1.7570e-40 -4.9127e-42 -1.2681e-43 -3.0216e-45 -6.6467e-47 -1.3498e-48 -2.5304e-50 -4.3795e-52 -6.9975e-54 -1.0322e-55 -1.4056e-57 -1.7671e-59 -2.0510e-61 -2.1978e-63 -2.1742e-65 -1.9857e-67 -1.6743e-69 -1.3033e-71 -9.3666e-74 -6.2147e-76 -3.8068e-78 -2.1528e-80 -1.1240e-82 -5.4177e-85 -2.4109e-87 -9.9050e-90 -3.7569e-92 -1.3156e-94 -4.2531e-97 -1.2694e-99 -3.4978e-102 -8.8980e-105 -2.0898e-107 -4.5311e-110 -9.0702e-113 -1.6762e-115 -2.8599e-118 -4.5047e-121 -6.5507e-124 -8.7945e-127 -1.0900e-129 -1.2472e-132 -1.3176e-135 -1.2850e-138 -1.1569e-141 -9.6166e-145 -7.3797e-148 -5.2281e-151 -3.4194e-154 -2.0647e-157
-3.2300e-06 -7.2297e-06 -1.2493e-05 -1.9014e-05 -2.6179e-05 -3.2868e-05 -3.7763e-05 6.4087e-03 -3.8517e-05 -3.4287e-05 -2.8094e-05 -2.1202e-05 -1.4745e-05 -9.4538e-06 -5.5893e-06 -3.0480e-06 -1.5334e-06 -7.1175e-07 -3.0486e-07 -1.2050e-07 -4.3960e-08 -1.4802e-08 -4.6002e-09 -1.3197e-09 -3.4946e-10 -8.5422e-11 -1.9276e-11 -4.0153e-12 -7.7215e-13 -1.3708e-13 -2.2465e-14 -3.3989e-15 -4.7474e-16 -6.1216e-17 -7.2874e-18 -8.0088e-19 -8.1256e-20 -7.6110e-21 -6.5815e-22 -5.2541e-23 -3.8723e-24 -2.6347e-25 -1.6550e-26 -9.5975e-28 -5.1382e-29 -2.5396e-30 -1.1588e-31 -4.8813e-33 -1.8983e-34 -6.8154e-36 -2.2589e-37 -6.9121e-39 -1.9526e-40 -5.0920e-42 -1.2259e-43 -2.7248e-45 -5.5910e-47 -1.0591e-48 -1.8521e-50 -2.9900e-52 -4.4564e-54 -6.1315e-56 -7.7883e-58 -9.1328e-60 -9.8866e-62 -9.8804e-64 -9.1156e-66 -7.7639e-68 -6.1046e-70 -4.4311e-72 -2.9693e-74 -1.8368e-76 -1.0490e-78 -5.5304e-81 -2.6916e-83 -1.2094e-85 -5.0162e-88 -1.9207e-90 -6.7896e-93 -2.2156e-95 -6.6746e-98 -1.8562e-100 -4.7655e-103 -1.1295e-105 -2.4712e-108 -4.9913e-111 -9.3068e-114 -1.6020e-116 -2.5456e-119 -3.7342e-122 -5.0569e-125 -6.3218e-128 -7.2957e-131 -7.7727e-134 -7.6445e-137 -6.9406e-140 -5.8172e-143 -4.5010e-146 -3.2149e-149 -2.1199e-152 3.0219e-06 5.6371e-06 7.5119e-06 8.4479e-06 8.4206e-06 7.5781e-06 6.1971e-06 0.0000e+00 3.0912e-06 1.8537e-06 9.7000e-07 4.2007e-07 1.2732e-07 7.4859e-10 -3.6387e-08 -3.5385e-08 -2.3871e-08 -1.3270e-08 -6.4128e-09 -2.7580e-09 -1.0688e-09 -3.7598e-10 -1.2061e-10 -3.5391e-11 -9.5204e-12 -2.3514e-12 -5.3385e-13 -1.1151e-13 -2.1443e-14 -3.7982e-15 -6.1996e-16 -9.3281e-17 -1.2941e-17 -1.6558e-18 -1.9542e-19 -2.1277e-20 -2.1374e-21 -1.9814e-22 -1.6950e-23 -1.3382e-24 -9.7513e-26 -6.5584e-27 -4.0716e-28 -2.3333e-29 -1.2343e-30 -6.0274e-32 -2.7172e-33 -1.1308e-34 -4.3445e-36 -1.5410e-37 -5.0459e-39 -1.5254e-40 -4.2575e-42 -1.0971e-43 -2.6099e-45 -5.7321e-47 -1.1623e-48 -2.1760e-50 -3.7612e-52 -6.0020e-54 -8.8428e-56 -1.2028e-57 -1.5106e-59 -1.7515e-61 -1.8749e-63 -1.8530e-65 -1.6908e-67 -1.4244e-69 -1.1079e-71 -7.9559e-74 -5.2746e-76 -3.2286e-78 -1.8245e-80 -9.5193e-83 -4.5854e-85 -2.0392e-87 -8.3728e-90 -3.1739e-92 -1.1108e-94 -3.5890e-97 -1.0706e-99 -2.9486e-102 -7.4971e-105 -1.7599e-107 -3.8141e-110 -7.6315e-113 -1.4097e-115 -2.4042e-118 -3.7853e-121 -5.5024e-124 -7.3842e-127 -9.1487e-130 -1.0465e-132 -1.1051e-135 -1.0773e-138 -9.6967e-142 -8.0575e-145 -6.1812e-148 -4.3777e-151 -2.8623e-154
-1.8812e-06 -4.4496e-06 -8.2564e-06 -1.3557e-05 -2.0153e-05 -2.7311e-05 -3.3866e-05 -3.8517e-05 8.1100e-03 -3.8682e-05 -3.4229e-05 -2.7905e-05 -2.0969e-05 -1.4529e-05 -9.2848e-06 -5.4738e-06 -2.9775e-06 -1.4946e-06 -6.9236e-07 -2.9602e-07 -1.1682e-07 -4.2556e-08 -1.4310e-08 -4.4420e-09 -1.2729e-09 -3.3672e-10 -8.2234e-11 -1.8540e-11 -3.8590e-12 -7.4155e-13 -1.3155e-13 -2.1546e-14 -3.2579e-15 -4.5480e-16 -5.8614e-17 -6.9741e-18 -7.6609e-19 -7.7693e-20 -7.2742e-21 -6.2878e-22 -5.0178e-23 -3.6969e-24 -2.5145e-25 -1.5790e-26 -9.1540e-28 -4.8994e-29 -2.4209e-30 -1.1043e-31 -4.6508e-33 -1.8082e-34 -6.4904e-36 -2.1508e-37 -6.5797e-39 -1.8583e-40 -4.8453e-42 -1.1663e-43 -2.5918e-45 -5.3172e-47 -1.0071e-48 -1.7608e-50 -2.8423e-52 -4.2355e-54 -5.8268e-56 -7.4003e-58 -8.6766e-60 -9.3916e-62 -9.3845e-64 -8.6571e-66 -7.3725e-68 -5.7962e-70 -4.2068e-72 -2.8187e-74 -1.7435e-76 -9.9558e-79 -5.2482e-81 -2.5541e-83 -1.1474e-85 -4.7589e-88 -1.8221e-90 -6.4403e-93 -2.1015e-95 -6.3302e-98 -1.7603e-100 -4.5190e-103 -1.0709e-105 -2.3430e-108 -4.7320e-111 -8.8227e-114 -1.5186e-116 -2.4129e-119 -3.5393e-122 -4.7926e-125 -5.9911e-128 -6.9136e-131 -7.3652e-134 -7.2433e-137 -6.5759e-140 -5.5113e-143 -4.2641e-146 -3.0455e-149 1.7301e-06 3.2698e-06 4.4475e-06 5.1337e-06 5.2689e-06 4.8831e-06 4.0964e-06 3.0912e-06 0.0000e+00 1.1780e-06 5.2243e-07 1.1372e-07 -8.8827e-08 -1.5187e-07 -1.4044e-07 -1.0206e-07 -6.3402e-08 -3.4794e-08 -1.7141e-08 -7.6492e-09 -3.1093e-09 -1.1555e-09 -3.9349e-10 -1.2302e-10 -3.5353e-11 -9.3475e-12 -2.2756e-12 -5.1032e-13 -1.0548e-13 -2.0098e-14 -3.5317e-15 -5.7241e-16 -8.5590e-17 -1.1808e-17 -1.5033e-18 -1.7663e-19 -1.9153e-20 -1.9170e-21 -1.7711e-22 -1.5104e-23 -1.1891e-24 -8.6423e-26 -5.7986e-27 -3.5919e-28 -2.0541e-29 -1.0845e-30 -5.2866e-32 -2.3792e-33 -9.8862e-35 -3.7927e-36 -1.3434e-37 -4.3933e-39 -1.3265e-40 -3.6981e-42 -9.5187e-44 -2.2621e-45 -4.9635e-47 -1.0056e-48 -1.8809e-50 -3.2483e-52 -5.1794e-54 -7.6251e-56 -1.0364e-57 -1.3007e-59 -1.5071e-61 -1.6124e-63 -1.5926e-65 -1.4524e-67 -1.2229e-69 -9.5062e-72 -6.8229e-74 -4.5212e-76 -2.7661e-78 -1.5625e-80 -8.1486e-83 -3.9235e-85 -1.7442e-87 -7.1585e-90 -2.7126e-92 -9.4898e-95 -3.0652e-97 -9.1404e-100 -2.5165e-102 -6.3965e-105 -1.5011e-107 -3.2522e-110 -6.5054e-113 -1.2014e-115 -2.0483e-118 -3.2242e-121 -4.6854e-124 -6.2863e-127 -7.7866e-130 -8.9045e-133 -9.4010e-136 -9.1632e-139 -8.2456e-142 -6.8502e-145 -5.2540e-148 -3.7203e-151
-1.0012e-06 -2.5121e-06 -5.0157e-06 -8.8902e-06 -1.4267e-05 -2.0868e-05 -2.7928e-05 -3.4287e-05 -3.8682e-05 1.0011e-02 -3.8384e-05 -3.3813e-05 -2.7461e-05 -2.0569e-05 -1.4212e-05 -9.0604e-06 -5.3303e-06 -2.8941e-06 -1.4504e-06 -6.7090e-07 -2.8648e-07 -1.1293e-07 -4.1093e-08 -1.3805e-08 -4.2816e-09 -1.2259e-09 -3.2408e-10 -7.9094e-11 -1.7822e-11 -3.7074e-12 -7.1204e-13 -1.2626e-13 -2.0670e-14 -3.1241e-15 -4.3594e-16 -5.6164e-17 -6.6803e-18 -7.3359e-19 -7.4374e-20 -6.9615e-21 -6.0159e-22 -4.7996e-23 -3.5353e-24 -2.4041e-25 -1.5093e-26 -8.7483e-28 -4.6813e-29 -2.3127e-30 -1.0548e-31 -4.4415e-33 -1.7266e-34 -6.1964e-36 -2.0530e-37 -6.2799e-39 -1.7734e-40 -4.6233e-42 -1.1127e-43 -2.4725e-45 -5.0718e-47 -9.6047e-49 -1.6792e-50 -2.7102e-52 -4.0383e-54 -5.5551e-56 -7.0545e-58 -8.2704e-60 -8.9512e-62 -8.9437e-64 -8.2498e-66 -7.0251e-68 -5.5226e-70 -4.0080e-72 -2.6853e-74 -1.6609e-76 -9.4834e-79 -4.9989e-81 -2.4326e-83 -1.0928e-85 -4.5320e-88 -1.7351e-90 -6.1326e-93 -2.0009e-95 -6.0271e-98 -1.6759e-100 -4.3022e-103 -1.0195e-105 -2.2304e-108 -4.5044e-111 -8.3979e-114 -1.4454e-116 -2.2965e-119 -3.3685e-122 -4.5611e-125 -5.7014e-128 -6.5792e-131 -7.0086e-134 -6.8923e-137 -6.2571e-140 -5.2439e-143 -4.0571e-146 9.0352e-07 1.7326e-06 2.4098e-06 2.8596e-06 3.0233e-06 2.8798e-06 2.4612e-06 1.8537e-06 1.1780e-06 0.0000e+00 7.7218e-08 -2.2013e-07 -3.4860e-07 -3.5384e-07 -2.9125e-07 -2.0737e-07 -1.3120e-07 -7.4784e-08 -3.8705e-08 -1.8278e-08 -7.9007e-09 -3.1329e-09 -1.1414e-09 -3.8252e-10 -1.1801e-10 -3.3537e-11 -8.7835e-12 -2.1209e-12 -4.7231e-13 -9.7023e-14 -1.8388e-14 -3.2158e-15 -5.1901e-16 -7.7311e-17 -1.0630e-17 -1.3491e-18 -1.5807e-19 -1.7098e-20 -1.7073e-21 -1.5740e-22 -1.3398e-23 -1.0529e-24 -7.6395e-26 -5.1180e-27 -3.1658e-28 -1.8081e-29 -9.5345e-31 -4.6423e-32 -2.0871e-33 -8.6634e-35 -3.3205e-36 -1.1751e-37 -3.8397e-39 -1.1585e-40 -3.2272e-42 -8.3008e-44 -1.9714e-45 -4.3229e-47 -8.7526e-49 -1.6362e-50 -2.8243e-52 -4.5010e-54 -6.6232e-56 -8.9985e-58 -1.1288e-59 -1.3074e-61 -1.3981e-63 -1.3804e-65 -1.2584e-67 -1.0592e-69 -8.2311e-72 -5.9058e-74 -3.9123e-76 -2.3929e-78 -1.3512e-80 -7.0450e-83 -3.3912e-85 -1.5072e-87 -6.1843e-90 -2.3428e-92 -8.1945e-95 -2.6462e-97 -7.8894e-100 -2.1716e-102 -5.5188e-105 -1.2949e-107 -2.8049e-110 -5.6096e-113 -1.0358e-115 -1.7656e-118 -2.7788e-121 -4.0375e-124 -5.4162e-127 -6.7078e-130 -7.6697e-133 -8.0963e-136 -7.8904e-139 -7.0993e-142 -5.8972e-145 -4.5225e-148
-4.8804e-07 -1.3032e-06 -2.8039e-06 -5.3655e-06 -9.2940e-06 -1.4672e-05 -2.1195e-05 -2.8094e-05 -3.4229e-05 -3.8384e-05 1.2112e-02 -3.7752e-05 -3.3146e-05 -2.6845e-05 -2.0059e-05 -1.3832e-05 -8.8029e-06 -5.1710e-06 -2.8039e-06 -1.4035e-06 -6.4856e-07 -2.7669e-07 -1.0898e-07 -3.9627e-08 -1.3304e-08 -4.1236e-09 -1.1801e-09 -3.1180e-10 -7.6062e-11 -1.7131e-11 -3.5624e-12 -6.8396e-13 -1.2124e-13 -1.9842e-14 -2.9982e-15 -4.1826e-16 -5.3873e-17 -6.4064e-18 -7.0336e-19 -7.1295e-20 -6.6721e-21 -5.7648e-22 -4.5985e-23 -3.3866e-24 -2.3027e-25 -1.4454e-26 -8.3769e-28 -4.4820e-29 -2.2140e-30 -1.0097e-31 -4.2510e-33 -1.6523e-34 -5.9294e-36 -1.9644e-37 -6.0082e-39 -1.6965e-40 -4.4225e-42 -1.0643e-43 -2.3648e-45 -4.8505e-47 -9.1850e-49 -1.6057e-50 -2.5915e-52 -3.8612e-54 -5.3110e-56 -6.7442e-58 -7.9063e-60 -8.5566e-62 -8.5490e-64 -7.8853e-66 -6.7144e-68 -5.2782e-70 -3.8304e-72 -2.5662e-74 -1.5872e-76 -9.0621e-79 -4.7767e-81 -2.3243e-83 -1.0441e-85 -4.3301e-88 -1.6577e-90 -5.8589e-93 -1.9116e-95 -5.7578e-98 -1.6010e-100 -4.1097e-103 -9.7387e-106 -2.1305e-108 -4.3025e-111 -8.0213e-114 -1.3805e-116 -2.1934e-119 -3.2172e-122 -4.3562e-125 -5.4451e-128 -6.2833e-131 -6.6932e-134 -6.5821e-137 -5.9753e-140 -5.0077e-143 4.3145e-07 8.4053e-07 1.1974e-06 1.4625e-06 1.5921e-06 1.5522e-06 1.3350e-06 9.7000e-07 5.2243e-07 7.7218e-08 0.0000e+00 -5.1769e-07 -6.0661e-07 -5.7834e-07 -4.7787e-07 -3.5135e-07 -2.3298e-07 -1.4040e-07 -7.7257e-08 -3.8938e-08 -1.8013e-08 -7.6600e-09 -2.9975e-09 -1.0802e-09 -3.5871e-10 -1.0981e-10 -3.1002e-11 -8.0738e-12 -1.9400e-12 -4.3016e-13 -8.8029e-14 -1.6628e-14 -2.8993e-15 -4.6668e-16 -6.9349e-17 -9.5146e-18 -1.2052e-18 -1.4096e-19 -1.5222e-20 -1.5178e-21 -1.3974e-22 -1.1879e-23 -9.3250e-25 -6.7589e-26 -4.5236e-27 -2.7956e-28 -1.5953e-29 -8.4058e-31 -4.0898e-32 -1.8374e-33 -7.6222e-35 -2.9196e-36 -1.0327e-37 -3.3725e-39 -1.0170e-40 -2.8318e-42 -7.2806e-44 -1.7284e-45 -3.7885e-47 -7.6677e-49 -1.4329e-50 -2.4725e-52 -3.9391e-54 -5.7946e-56 -7.8705e-58 -9.8703e-60 -1.1429e-61 -1.2219e-63 -1.2061e-65 -1.0993e-67 -9.2505e-70 -7.1872e-72 -5.1558e-74 -3.4148e-76 -2.0882e-78 -1.1790e-80 -6.1459e-83 -2.9580e-85 -1.3144e-87 -5.3926e-90 -2.0426e-92 -7.1434e-95 -2.3065e-97 -6.8756e-100 -1.8923e-102 -4.8085e-105 -1.1281e-107 -2.4433e-110 -4.8860e-113 -9.0205e-116 -1.5376e-118 -2.4196e-121 -3.5153e-124 -4.7153e-127 -5.8392e-130 -6.6760e-133 -7.0467e-136 -6.8670e-139 -6.1780e-142 -5.1315e-145
-2.1826e-07 -6.2201e-07 -1.4433e-06 -2.9817e-06 -5.5745e-06 -9.4981e-06 -1.4812e-05 -2.1202e-05 -2.7905e-05 -3.3813e-05 -3.7752e-05 1.4413e-02 -3.6893e-05 -3.2315e-05 -2.6119e-05 -1.9485e-05 -1.3416e-05 -8.5279e-06 -5.0041e-06 -2.7109e-06 -1.3559e-06 -6.2610e-07 -2.6693e-07 -1.0508e-07 -3.8190e-08 -1.2815e-08 -3.9707e-09 -1.1359e-09 -3.0003e-10 -7.3168e-11 -1.6475e-11 -3.4251e-12 -6.5744e-13 -1.1651e-13 -1.9065e-14 -2.8802e-15 -4.0175e-16 -5.1738e-17 -6.1516e-18 -6.7529e-19 -6.8442e-20 -6.4043e-21 -5.5328e-22 -4.4130e-23 -3.2497e-24 -2.2094e-25 -1.3868e-26 -8.0363e-28 -4.2995e-29 -2.1236e-30 -9.6841e-32 -4.0770e-33 -1.5846e-34 -5.6861e-36 -1.8837e-37 -5.7611e-39 -1.6267e-40 -4.2402e-42 -1.0204e-43 -2.2671e-45 -4.6500e-47 -8.8049e-49 -1.5392e-50 -2.4841e-52 -3.7010e-54 -5.0906e-56 -6.4641e-58 -7.5776e-60 -8.2007e-62 -8.1932e-64 -7.5570e-66 -6.4347e-68 -5.0582e-70 -3.6706e-72 -2.4591e-74 -1.5209e-76 -8.6836e-79 -4.5770e-81 -2.2272e-83 -1.0005e-85 -4.1489e-88 -1.5884e-90 -5.6136e-93 -1.8315e-95 -5.5165e-98 -1.5339e-100 -3.9374e-103 -9.3302e-106 -2.0411e-108 -4.1219e-111 -7.6846e-114 -1.3226e-116 -2.1013e-119 -3.0820e-122 -4.1731e-125 -5.2162e-128 -6.0191e-131 -6.4118e-134 -6.3052e-137 -5.7239e-140 1.8871e-07 3.7399e-07 5.4653e-07 6.8747e-07 7.6930e-07 7.6228e-07 6.4574e-07 4.2007e-07 1.1372e-07 -2.2013e-07 -5.1769e-07 0.0000e+00 -8.1243e-07 -7.8569e-07 -6.7493e-07 -5.2255e-07 -3.6762e-07 -2.3618e-07 -1.3901e-07 -7.5115e-08 -3.7320e-08 -1.7067e-08 -7.1897e-09 -2.7915e-09 -9.9943e-10 -3.3005e-10 -1.0056e-10 -2.8275e-11 -7.3375e-12 -1.7576e-12 -3.8866e-13 -7.9345e-14 -1.4955e-14 -2.6027e-15 -4.1822e-16 -6.2054e-17 -8.5019e-18 -1.0756e-18 -1.2566e-19 -1.3555e-20 -1.3503e-21 -1.2421e-22 -1.0551e-23 -8.2764e-25 -5.9949e-26 -4.0098e-27 -2.4766e-28 -1.4125e-29 -7.4391e-31 -3.6178e-32 -1.6246e-33 -6.7369e-35 -2.5796e-36 -9.1207e-38 -2.9777e-39 -8.9768e-41 -2.4988e-42 -6.4228e-44 -1.5244e-45 -3.3405e-47 -6.7595e-49 -1.2629e-50 -2.1787e-52 -3.4705e-54 -5.1043e-56 -6.9317e-58 -8.6916e-60 -1.0063e-61 -1.0757e-63 -1.0616e-65 -9.6747e-68 -8.1403e-70 -6.3239e-72 -4.5359e-74 -3.0040e-76 -1.8368e-78 -1.0369e-80 -5.4049e-83 -2.6011e-85 -1.1557e-87 -4.7412e-90 -1.7957e-92 -6.2796e-95 -2.0274e-97 -6.0434e-100 -1.6632e-102 -4.2259e-105 -9.9134e-108 -2.1471e-110 -4.2933e-113 -7.9259e-116 -1.3509e-118 -2.1258e-121 -3.0883e-124 -4.1423e-127 -5.1294e-130 -5.8652e-133 -6.1905e-136 -6.0323e-139 -5.4262e-142
-8.9659e-08 -2.7333e-07 -6.8437e-07 -1.5263e-06 -3.0797e-06 -5.6641e-06 -9.5375e-06 -1.4745e-05 -2.0969e-05 -2.7461e-05 -3.3146e-05 -3.6893e-05 1.6914e-02 -3.5892e-05 -3.1385e-05 -2.5333e-05 -1.8876e-05 -1.2984e-05 -8.2463e-06 -4.8354e-06 -2.6179e-06 -1.3086e-06 -6.0400e-07 -2.5740e-07 -1.0129e-07 -3.6801e-08 -1.2346e-08 -3.8242e-09 -1.0937e-09 -2.8883e-10 -7.0425e-11 -1.5855e-11 -3.2956e-12 -6.3251e-13 -1.1208e-13 -1.8338e-14 -2.7701e-15 -3.8634e-16 -4.9749e-17 -5.9147e-18 -6.4924e-19 -6.5797e-20 -6.1565e-21 -5.3184e-22 -4.2418e-23 -3.1235e-24 -2.1234e-25 -1.3328e-26 -7.7230e-28 -4.1317e-29 -2.0407e-30 -9.3056e-32 -3.9176e-33 -1.5226e-34 -5.4635e-36 -1.8099e-37 -5.5352e-39 -1.5629e-40 -4.0738e-42 -9.8036e-44 -2.1780e-45 -4.4673e-47 -8.4589e-49 -1.4787e-50 -2.3864e-52 -3.5554e-54 -4.8903e-56 -6.2096e-58 -7.2793e-60 -7.8778e-62 -7.8705e-64 -7.2593e-66 -6.1811e-68 -4.8588e-70 -3.5260e-72 -2.3622e-74 -1.4609e-76 -8.3412e-79 -4.3965e-81 -2.1393e-83 -9.6100e-86 -3.9852e-88 -1.5257e-90 -5.3921e-93 -1.7592e-95 -5.2988e-98 -1.4733e-100 -3.7819e-103 -8.9619e-106 -1.9605e-108 -3.9592e-111 -7.3811e-114 -1.2703e-116 -2.0183e-119 -2.9603e-122 -4.0083e-125 -5.0102e-128 -5.7813e-131 -6.1585e-134 -6.0561e-137 7.5702e-08 1.5282e-07 2.2936e-07 2.9717e-07 3.4078e-07 3.3930e-07 2.7204e-07 1.2732e-07 -8.8827e-08 -3.4860e-07 -6.0661e-07 -8.1243e-07 0.0000e+00 -9.3450e-07 -8.4729e-07 -6.9733e-07 -5.2384e-07 -3.6045e-07 -2.2771e-07 -1.3227e-07 -7.0735e-08 -3.4849e-08 -1.5827e-08 -6.6292e-09 -2.5616e-09 -9.1338e-10 -3.0059e-10 -9.1312e-11 -2.5608e-11 -6.6303e-12 -1.5851e-12 -3.4990e-13 -7.1324e-14 -1.3425e-14 -2.3336e-15 -3.7457e-16 -5.5524e-17 -7.6006e-18 -9.6082e-19 -1.1217e-19 -1.2092e-20 -1.2039e-21 -1.1068e-22 -9.3975e-24 -7.3681e-25 -5.3348e-26 -3.5669e-27 -2.2023e-28 -1.2557e-29 -6.6112e-31 -3.2143e-32 -1.4431e-33 -5.9828e-35 -2.2904e-36 -8.0964e-38 -2.6428e-39 -7.9659e-41 -2.2171e-42 -5.6978e-44 -1.3521e-45 -2.9627e-47 -5.9942e-49 -1.1198e-50 -1.9317e-52 -3.0766e-54 -4.5246e-56 -6.1440e-58 -7.7033e-60 -8.9177e-62 -9.5320e-64 -9.4073e-66 -8.5723e-68 -7.2123e-70 -5.6027e-72 -4.0185e-74 -2.6611e-76 -1.6271e-78 -9.1853e-81 -4.7875e-83 -2.3039e-85 -1.0236e-87 -4.1992e-90 -1.5904e-92 -5.5614e-95 -1.7955e-97 -5.3519e-100 -1.4729e-102 -3.7423e-105 -8.7802e-108 -1.9016e-110 -3.8022e-113 -7.0190e-116 -1.1962e-118 -1.8823e-121 -2.7345e-124 -3.6677e-127 -4.5418e-130 -5.1923e-133 -5.4804e-136 -5.3403e-139
-3.3865e-08 -1.1065e-07 -2.9904e-07 -7.1988e-07 -1.5677e-06 -3.1126e-06 -5.6601e-06 -9.4538e-06 -1.4529e-05 -2.0569e-05 -2.6845e-05 -3.2315e-05 -3.5892e-05 1.9615e-02 -3.4810e-05 -3.0405e-05 -2.4519e-05 -1.8255e-05 -1.2549e-05 -7.9655e-06 -4.6685e-06 -2.5265e-06 -1.2625e-06 -5.8255e-07 -2.4820e-07 -9.7646e-08 -3.5471e-08 -1.1898e-08 -3.6848e-09 -1.0537e-09 -2.7824e-10 -6.7835e-11 -1.5270e-11 -3.1739e-12 -6.0911e-13 -1.0793e-13 -1.7657e-14 -2.6671e-15 -3.7197e-16 -4.7897e-17 -5.6943e-18 -6.2504e-19 -6.3343e-20 -5.9267e-21 -5.1198e-22 -4.0833e-23 -3.0067e-24 -2.0440e-25 -1.2829e-26 -7.4342e-28 -3.9771e-29 -1.9644e-30 -8.9574e-32 -3.7709e-33 -1.4656e-34 -5.2590e-36 -1.7421e-37 -5.3280e-39 -1.5044e-40 -3.9214e-42 -9.4367e-44 -2.0965e-45 -4.3001e-47 -8.1423e-49 -1.4234e-50 -2.2971e-52 -3.4224e-54 -4.7073e-56 -5.9773e-58 -7.0070e-60 -7.5831e-62 -7.5762e-64 -6.9878e-66 -5.9500e-68 -4.6772e-70 -3.3942e-72 -2.2739e-74 -1.4063e-76 -8.0295e-79 -4.2323e-81 -2.0594e-83 -9.2511e-86 -3.8364e-88 -1.4687e-90 -5.1908e-93 -1.6936e-95 -5.1010e-98 -1.4184e-100 -3.6408e-103 -8.6276e-106 -1.8874e-108 -3.8115e-111 -7.1059e-114 -1.2230e-116 -1.9431e-119 -2.8500e-122 -3.8589e-125 -4.8235e-128 -5.5659e-131 -5.9291e-134 2.7882e-08 5.7397e-08 8.8568e-08 1.1814e-07 1.3816e-07 1.3569e-07 9.4682e-08 7.4859e-10 -1.5187e-07 -3.5384e-07 -5.7834e-07 -7.8569e-07 -9.3450e-07 0.0000e+00 -9.6002e-07 -8.4437e-07 -6.7988e-07 -5.0247e-07 -3.4145e-07 -2.1360e-07 -1.2312e-07 -6.5423e-08 -3.2066e-08 -1.4501e-08 -6.0521e-09 -2.3315e-09 -8.2922e-10 -2.7229e-10 -8.2560e-11 -2.3116e-11 -5.9766e-12 -1.4270e-12 -3.1468e-13 -6.4082e-14 -1.2052e-14 -2.0933e-15 -3.3579e-16 -4.9745e-17 -6.8060e-18 -8.5997e-19 -1.0035e-19 -1.0815e-20 -1.0763e-21 -9.8926e-23 -8.3969e-24 -6.5819e-25 -4.7645e-26 -3.1850e-27 -1.9662e-28 -1.1209e-29 -5.9005e-31 -2.8684e-32 -1.2876e-33 -5.3377e-35 -2.0432e-36 -7.2221e-38 -2.3573e-39 -7.1046e-41 -1.9772e-42 -5.0811e-44 -1.2057e-45 -2.6418e-47 -5.3448e-49 -9.9846e-51 -1.7223e-52 -2.7430e-54 -4.0339e-56 -5.4776e-58 -6.8676e-60 -7.9502e-62 -8.4977e-64 -8.3865e-66 -7.6420e-68 -6.4296e-70 -4.9946e-72 -3.5823e-74 -2.3723e-76 -1.4505e-78 -8.1884e-81 -4.2679e-83 -2.0539e-85 -9.1255e-88 -3.7441e-90 -1.4180e-92 -4.9585e-95 -1.6007e-97 -4.7713e-100 -1.3131e-102 -3.3363e-105 -7.8265e-108 -1.6951e-110 -3.3894e-113 -6.2573e-116 -1.0665e-118 -1.6782e-121 -2.4381e-124 -3.2702e-127 -4.0496e-130 -4.6297e-133 -4.8866e-136
-1.1769e-08 -4.1278e-08 -1.2043e-07 -3.1292e-07 -7.3554e-07 -1.5767e-06 -3.0970e-06 -5.5893e-06 -9.2848e-06 -1.4212e-05 -2.0059e-05 -2.6119e-05 -3.1385e-05 -3.4810e-05 2.2516e-02 -3.3693e-05 -2.9407e-05 -2.3700e-05 -1.7637e-05 -1.2119e-05 -7.6902e-06 -4.5059e-06 -2.4380e-06 -1.2180e-06 -5.6194e-07 -2.3939e-07 -9.4167e-08 -3.4204e-08 -1.1472e-08 -3.5527e-09 -1.0159e-09 -2.6824e-10 -6.5396e-11 -1.4721e-11 -3.0596e-12 -5.8716e-13 -1.0404e-13 -1.7021e-14 -2.5710e-15 -3.5857e-16 -4.6171e-17 -5.4891e-18 -6.0252e-19 -6.1061e-20 -5.7132e-21 -4.9354e-22 -3.9363e-23 -2.8985e-24 -1.9705e-25 -1.2368e-26 -7.1670e-28 -3.8343e-29 -1.8938e-30 -8.6359e-32 -3.6356e-33 -1.4131e-34 -5.0704e-36 -1.6797e-37 -5.1372e-39 -1.4505e-40 -3.7810e-42 -9.0991e-44 -2.0216e-45 -4.1464e-47 -7.8514e-49 -1.3725e-50 -2.2151e-52 -3.3003e-54 -4.5394e-56 -5.7642e-58 -6.7573e-60 -7.3130e-62 -7.3064e-64 -6.7391e-66 -5.7383e-68 -4.5108e-70 -3.2735e-72 -2.1931e-74 -1.3564e-76 -7.7443e-79 -4.0820e-81 -1.9863e-83 -8.9229e-86 -3.7004e-88 -1.4166e-90 -5.0068e-93 -1.6336e-95 -4.9204e-98 -1.3682e-100 -3.5120e-103 -8.3223e-106 -1.8206e-108 -3.6768e-111 -6.8547e-114 -1.1798e-116 -1.8744e-119 -2.7493e-122 -3.7227e-125 -4.6533e-128 -5.3696e-131 9.4360e-09 1.9832e-08 3.1487e-08 4.3184e-08 5.1128e-08 4.8019e-08 2.3034e-08 -3.6387e-08 -1.4044e-07 -2.9125e-07 -4.7787e-07 -6.7493e-07 -8.4729e-07 -9.6002e-07 0.0000e+00 -9.3357e-07 -8.0769e-07 -6.4234e-07 -4.7023e-07 -3.1717e-07 -1.9724e-07 -1.1314e-07 -5.9889e-08 -2.9259e-08 -1.3197e-08 -5.4953e-09 -2.1131e-09 -7.5033e-10 -2.4605e-10 -7.4518e-11 -2.0843e-11 -5.3845e-12 -1.2847e-12 -2.8311e-13 -5.7621e-14 -1.0832e-14 -1.8806e-15 -3.0155e-16 -4.4659e-17 -6.1085e-18 -7.7165e-19 -9.0026e-20 -9.7001e-21 -9.6525e-22 -8.8705e-23 -7.5284e-24 -5.9006e-25 -4.2710e-26 -2.8549e-27 -1.7623e-28 -1.0046e-29 -5.2881e-31 -2.5706e-32 -1.1539e-33 -4.7834e-35 -1.8310e-36 -6.4719e-38 -2.1124e-39 -6.3667e-41 -1.7719e-42 -4.5534e-44 -1.0805e-45 -2.3675e-47 -4.7899e-49 -8.9481e-51 -1.5435e-52 -2.4584e-54 -3.6154e-56 -4.9094e-58 -6.1554e-60 -7.1260e-62 -7.6170e-64 -7.5175e-66 -6.8504e-68 -5.7637e-70 -4.4775e-72 -3.2121e-74 -2.1272e-76 -1.3006e-78 -7.3415e-81 -3.8267e-83 -1.8416e-85 -8.1826e-88 -3.3568e-90 -1.2714e-92 -4.4461e-95 -1.4355e-97 -4.2790e-100 -1.1776e-102 -2.9923e-105 -7.0197e-108 -1.5204e-110 -3.0402e-113 -5.6128e-116 -9.5668e-119 -1.5055e-121 -2.1872e-124 -2.9338e-127 -3.6330e-130 -4.1536e-133
-3.7658e-09 -1.4195e-08 -4.4712e-08 -1.2539e-07 -3.1815e-07 -7.3646e-07 -1.5627e-06 -3.0480e-06 -5.4738e-06 -9.0604e-06 -1.3832e-05 -1.9485e-05 -2.5333e-05 -3.0405e-05 -3.3693e-05 2.5616e-02 -3.2570e-05 -2.8415e-05 -2.2893e-05 -1.7031e-05 -1.1701e-05 -7.4234e-06 -4.3490e-06 -2.3528e-06 -1.1754e-06 -5.4224e-07 -2.3099e-07 -9.0861e-08 -3.3002e-08 -1.1069e-08 -3.4279e-09 -9.8023e-10 -2.5882e-10 -6.3100e-11 -1.4204e-11 -2.9524e-12 -5.6659e-13 -1.0040e-13 -1.6425e-14 -2.4812e-15 -3.4604e-16 -4.4560e-17 -5.2978e-18 -5.8153e-19 -5.8936e-20 -5.5146e-21 -4.7640e-22 -3.7997e-23 -2.7980e-24 -1.9023e-25 -1.1940e-26 -6.9191e-28 -3.7018e-29 -1.8284e-30 -8.3380e-32 -3.5103e-33 -1.3644e-34 -4.8960e-36 -1.6220e-37 -4.9607e-39 -1.4007e-40 -3.6514e-42 -8.7873e-44 -1.9523e-45 -4.0045e-47 -7.5830e-49 -1.3256e-50 -2.1395e-52 -3.1877e-54 -4.3847e-56 -5.5679e-58 -6.5273e-60 -7.0642e-62 -7.0580e-64 -6.5101e-66 -5.5435e-68 -4.3577e-70 -3.1625e-72 -2.1187e-74 -1.3104e-76 -7.4822e-79 -3.9439e-81 -1.9192e-83 -8.6213e-86 -3.5754e-88 -1.3688e-90 -4.8379e-93 -1.5785e-95 -4.7545e-98 -1.3221e-100 -3.3937e-103 -8.0422e-106 -1.7594e-108 -3.5531e-111 -6.6244e-114 -1.1401e-116 -1.8115e-119 -2.6570e-122 -3.5978e-125 -4.4972e-128 2.9362e-09 6.3071e-09 1.0309e-08 1.4508e-08 1.7201e-08 1.4591e-08 1.2374e-10 -3.5385e-08 -1.0206e-07 -2.0737e-07 -3.5135e-07 -5.2255e-07 -6.9733e-07 -8.4437e-07 -9.3357e-07 0.0000e+00 -8.8096e-07 -7.5491e-07 -5.9597e-07 -4.3379e-07 -2.9126e-07 -1.8047e-07 -1.0322e-07 -5.4505e-08 -2.6576e-08 -1.1967e-08 -4.9766e-09 -1.9114e-09 -6.7809e-10 -2.2219e-10 -6.7246e-11 -1.8799e-11 -4.8540e-12 -1.1577e-12 -2.5503e-13 -5.1893e-14 -9.7526e-15 -1.6929e-15 -2.7142e-16 -4.0191e-17 -5.4968e-18 -6.9433e-19 -8.1001e-20 -8.7273e-21 -8.6842e-22 -7.9806e-23 -6.7731e-24 -5.3086e-25 -3.8425e-26 -2.5685e-27 -1.5856e-28 -9.0386e-30 -4.7582e-31 -2.3131e-32 -1.0384e-33 -4.3046e-35 -1.6478e-36 -5.8247e-38 -1.9013e-39 -5.7306e-41 -1.5949e-42 -4.0990e-44 -9.7271e-46 -2.1314e-47 -4.3126e-49 -8.0570e-51 -1.3899e-52 -2.2138e-54 -3.2560e-56 -4.4216e-58 -5.5441e-60 -6.4186e-62 -6.8624e-64 -6.7730e-66 -6.1715e-68 -5.1928e-70 -4.0343e-72 -2.8938e-74 -1.9165e-76 -1.1719e-78 -6.6163e-81 -3.4488e-83 -1.6598e-85 -7.3755e-88 -3.0259e-90 -1.1461e-92 -4.0082e-95 -1.2942e-97 -3.8580e-100 -1.0618e-102 -2.6982e-105 -6.3300e-108 -1.3711e-110 -2.7418e-113 -5.0621e-116 -8.6286e-119 -1.3579e-121 -1.9729e-124 -2.6464e-127 -3.2774e-130
