1.0040e-04 -2.4950e-04 -2.4900e-04 -2.4831e-04 -2.4742e-04 -2.4633e-04 -2.4505e-04 -2.4359e-04 -2.4194e-04 -2.4011e-04 -2.3810e-04 -2.3592e-04 -2.3358e-04 -2.3107e-04 -2.2841e-04 -2.2560e-04 -2.2264e-04 -2.1955e-04 -2.1632e-04 -2.1298e-04 -2.0952e-04 -2.0595e-04 -2.0228e-04 -1.9851e-04 -1.9466e-04 -1.9073e-04 -1.8674e-04 -1.8268e-04 -1.7856e-04 -1.7440e-04 -1.7020e-04 -1.6597e-04 -1.6171e-04 -1.5744e-04 -1.5316e-04 -1.4887e-04 -1.4459e-04 -1.4032e-04 -1.3607e-04 -1.3184e-04 -1.2764e-04 -1.2347e-04 -1.1935e-04 -1.1527e-04 -1.1124e-04 -1.0727e-04 -1.0335e-04 -9.9504e-05 -9.5720e-05 -9.2007e-05 -8.8367e-05 -8.4803e-05 -8.1317e-05 -7.7913e-05 -7.4592e-05 -7.1355e-05 -6.8204e-05 -6.5140e-05 -6.2164e-05 -5.9276e-05 -5.6478e-05 -5.3769e-05 -5.1148e-05 -4.8617e-05 -4.6174e-05 -4.3818e-05 -4.1550e-05 -3.9367e-05 -3.7270e-05 -3.5256e-05 -3.3324e-05 -3.1473e-05 -2.9701e-05 -2.8006e-05 -2.6387e-05 -2.4841e-05 -2.3368e-05 -2.1964e-05 -2.0628e-05 -1.9358e-05 -1.8152e-05 -1.7007e-05 -1.5921e-05 -1.4893e-05 -1.3921e-05 -1.3001e-05 -1.2132e-05 -1.1313e-05 -1.0540e-05 -9.8124e-06 -9.1277e-06 -8.4839e-06 -7.8792e-06 -7.3118e-06 -6.7798e-06 -6.2815e-06 -5.8152e-06 -5.3792e-06 -4.9719e-06 -4.5917e-06 0.0000e+00 2.4950e-04 2.4900e-04 2.4831e-04 2.4741e-04 2.4633e-04 2.4505e-04 2.4358e-04 2.4193e-04 2.4010e-04 2.3809e-04 2.3591e-04 2.3357e-04 2.3106e-04 2.2839e-04 2.2558e-04 2.2262e-04 2.1952e-04 2.1630e-04 2.1295e-04 2.0949e-04 2.0591e-04 2.0224e-04 1.9847e-04 1.9462e-04 1.9069e-04 1.8669e-04 1.8263e-04 1.7851e-04 1.7435e-04 1.7015e-04 1.6591e-04 1.6165e-04 1.5738e-04 1.5310e-04 1.4881e-04 1.4453e-04 1.4025e-04 1.3600e-04 1.3177e-04 1.2757e-04 1.2340e-04 1.1928e-04 1.1520e-04 1.1117e-04 1.0720e-04 1.0328e-04 9.9431e-05 9.5647e-05 9.1933e-05 8.8293e-05 8.4729e-05 8.1244e-05 7.7840e-05 7.4520e-05 7.1283e-05 6.8133e-05 6.5070e-05 6.2095e-05 5.9208e-05 5.6411e-05 5.3703e-05 5.1083e-05 4.8553e-05 4.6111e-05 4.3757e-05 4.1490e-05 3.9309e-05 3.7213e-05 3.5201e-05 3.3270e-05 3.1421e-05 2.9650e-05 2.7957e-05 2.6339e-05 2.4795e-05 2.3323e-05 2.1921e-05 2.0587e-05 1.9318e-05 1.8114e-05 1.6970e-05 1.5886e-05 1.4860e-05 1.3888e-05 1.2970e-05 1.2103e-05 1.1285e-05 1.0514e-05 9.7871e-06 9.1035e-06 8.4609e-06 7.8574e-06 7.2911e-06 6.7603e-06 6.2630e-06 5.7977e-06 5.3627e-06 4.9563e-06 4.5771e-06
-2.4950e-04 4.0159e-04 -2.4871e-04 -2.4801e-04 -2.4712e-04 -2.4604e-04 -2.4477e-04 -2.4331e-04 -2.4167e-04 -2.3984e-04 -2.3784e-04 -2.3567e-04 -2.3334e-04 -2.3084e-04 -2.2818e-04 -2.2538e-04 -2.2243e-04 -2.1935e-04 -2.1614e-04 -2.1280e-04 -2.0935e-04 -2.0579e-04 -2.0214e-04 -1.9838e-04 -1.9454e-04 -1.9063e-04 -1.8664e-04 -1.8259e-04 -1.7849e-04 -1.7434e-04 -1.7015e-04 -1.6593e-04 -1.6169e-04 -1.5742e-04 -1.5315e-04 -1.4888e-04 -1.4461e-04 -1.4035e-04 -1.3610e-04 -1.3188e-04 -1.2769e-04 -1.2353e-04 -1.1942e-04 -1.1535e-04 -1.1132e-04 -1.0736e-04 -1.0345e-04 -9.9604e-05 -9.5826e-05 -9.2117e-05 -8.8481e-05 -8.4921e-05 -8.1439e-05 -7.8037e-05 -7.4719e-05 -7.1484e-05 -6.8334e-05 -6.5272e-05 -6.2297e-05 -5.9410e-05 -5.6612e-05 -5.3902e-05 -5.1282e-05 -4.8749e-05 -4.6305e-05 -4.3949e-05 -4.1679e-05 -3.9495e-05 -3.7395e-05 -3.5379e-05 -3.3445e-05 -3.1591e-05 -2.9817e-05 -2.8119e-05 -2.6497e-05 -2.4949e-05 -2.3473e-05 -2.2066e-05 -2.0727e-05 -1.9454e-05 -1.8244e-05 -1.7096e-05 -1.6007e-05 -1.4976e-05 -1.4000e-05 -1.3078e-05 -1.2206e-05 -1.1383e-05 -1.0608e-05 -9.8768e-06 -9.1891e-06 -8.5425e-06 -7.9351e-06 -7.3649e-06 -6.8303e-06 -6.3294e-06 -5.8606e-06 -5.4222e-06 -5.0126e-06 -4.6302e-06 2.4950e-04 0.0000e+00 2.4870e-04 2.4801e-04 2.4712e-04 2.4603e-04 2.4476e-04 2.4329e-04 2.4164e-04 2.3981e-04 2.3781e-04 2.3563e-04 2.3329e-04 2.3078e-04 2.2812e-04 2.2531e-04 2.2235e-04 2.1926e-04 2.1604e-04 2.1270e-04 2.0924e-04 2.0567e-04 2.0200e-04 1.9824e-04 1.9439e-04 1.9046e-04 1.8647e-04 1.8241e-04 1.7830e-04 1.7414e-04 1.6994e-04 1.6571e-04 1.6146e-04 1.5719e-04 1.5291e-04 1.4863e-04 1.4435e-04 1.4009e-04 1.3584e-04 1.3161e-04 1.2742e-04 1.2326e-04 1.1914e-04 1.1506e-04 1.1104e-04 1.0707e-04 1.0316e-04 9.9311e-05 9.5532e-05 9.1823e-05 8.8187e-05 8.4628e-05 8.1147e-05 7.7747e-05 7.4430e-05 7.1198e-05 6.8051e-05 6.4992e-05 6.2020e-05 5.9137e-05 5.6343e-05 5.3638e-05 5.1022e-05 4.8495e-05 4.6056e-05 4.3705e-05 4.1441e-05 3.9262e-05 3.7168e-05 3.5158e-05 3.3230e-05 3.1383e-05 2.9614e-05 2.7923e-05 2.6308e-05 2.4766e-05 2.3296e-05 2.1895e-05 2.0562e-05 1.9295e-05 1.8092e-05 1.6950e-05 1.5867e-05 1.4842e-05 1.3872e-05 1.2955e-05 1.2089e-05 1.1271e-05 1.0501e-05 9.7753e-06 9.0926e-06 8.4508e-06 7.8480e-06 7.2824e-06 6.7521e-06 6.2555e-06 5.7907e-06 5.3562e-06 4.9504e-06 4.5716e-06
-2.4900e-04 -2.4871e-04 9.0358e-04 -2.4752e-04 -2.4664e-04 -2.4557e-04 -2.4430e-04 -2.4285e-04 -2.4122e-04 -2.3940e-04 -2.3741e-04 -2.3526e-04 -2.3293e-04 -2.3045e-04 -2.2781e-04 -2.2502e-04 -2.2209e-04 -2.1903e-04 -2.1583e-04 -2.1251e-04 -2.0908e-04 -2.0554e-04 -2.0190e-04 -1.9817e-04 -1.9435e-04 -1.9045e-04 -1.8649e-04 -1.8246e-04 -1.7837e-04 -1.7424e-04 -1.7007e-04 -1.6587e-04 -1.6164e-04 -1.5740e-04 -1.5314e-04 -1.4889e-04 -1.4463e-04 -1.4039e-04 -1.3616e-04 -1.3196e-04 -1.2778e-04 -1.2363e-04 -1.1953e-04 -1.1547e-04 -1.1146e-04 -1.0751e-04 -1.0361e-04 -9.9771e-05 -9.6001e-05 -9.2300e-05 -8.8671e-05 -8.5117e-05 -8.1641e-05 -7.8244e-05 -7.4929e-05 -7.1698e-05 -6.8552e-05 -6.5491e-05 -6.2518e-05 -5.9632e-05 -5.6834e-05 -5.4125e-05 -5.1503e-05 -4.8970e-05 -4.6524e-05 -4.4166e-05 -4.1894e-05 -3.9707e-05 -3.7604e-05 -3.5584e-05 -3.3646e-05 -3.1789e-05 -3.0010e-05 -2.8308e-05 -2.6682e-05 -2.5128e-05 -2.3647e-05 -2.2235e-05 -2.0891e-05 -1.9613e-05 -1.8398e-05 -1.7245e-05 -1.6151e-05 -1.5114e-05 -1.4133e-05 -1.3205e-05 -1.2328e-05 -1.1501e-05 -1.0720e-05 -9.9842e-06 -9.2917e-06 -8.6403e-06 -8.0282e-06 -7.4535e-06 -6.9145e-06 -6.4094e-06 -5.9364e-06 -5.4940e-06 -5.0805e-06 -4.6944e-06 2.4900e-04 2.4870e-04 0.0000e+00 2.4751e-04 2.4662e-04 2.4554e-04 2.4427e-04 2.4281e-04 2.4116e-04 2.3933e-04 2.3733e-04 2.3516e-04 2.3282e-04 2.3032e-04 2.2766e-04 2.2486e-04 2.2191e-04 2.1882e-04 2.1561e-04 2.1227e-04 2.0882e-04 2.0526e-04 2.0160e-04 1.9784e-04 1.9400e-04 1.9008e-04 1.8610e-04 1.8205e-04 1.7794e-04 1.7379e-04 1.6960e-04 1.6538e-04 1.6114e-04 1.5688e-04 1.5261e-04 1.4833e-04 1.4406e-04 1.3981e-04 1.3557e-04 1.3135e-04 1.2716e-04 1.2301e-04 1.1890e-04 1.1483e-04 1.1081e-04 1.0685e-04 1.0295e-04 9.9113e-05 9.5341e-05 9.1639e-05 8.8011e-05 8.4458e-05 8.0985e-05 7.7592e-05 7.4281e-05 7.1055e-05 6.7915e-05 6.4862e-05 6.1896e-05 5.9019e-05 5.6231e-05 5.3531e-05 5.0920e-05 4.8398e-05 4.5964e-05 4.3618e-05 4.1358e-05 3.9184e-05 3.7094e-05 3.5088e-05 3.3164e-05 3.1320e-05 2.9555e-05 2.7867e-05 2.6255e-05 2.4716e-05 2.3249e-05 2.1851e-05 2.0521e-05 1.9257e-05 1.8056e-05 1.6916e-05 1.5836e-05 1.4812e-05 1.3844e-05 1.2929e-05 1.2064e-05 1.1249e-05 1.0480e-05 9.7557e-06 9.0744e-06 8.4339e-06 7.8323e-06 7.2678e-06 6.7386e-06 6.2430e-06 5.7791e-06 5.3455e-06 4.9404e-06 4.5624e-06
-2.4831e-04 -2.4801e-04 -2.4752e-04 1.6064e-03 -2.4596e-04 -2.4490e-04 -2.4364e-04 -2.4221e-04 -2.4059e-04 -2.3879e-04 -2.3682e-04 -2.3467e-04 -2.3237e-04 -2.2990e-04 -2.2729e-04 -2.2452e-04 -2.2161e-04 -2.1857e-04 -2.1540e-04 -2.1211e-04 -2.0870e-04 -2.0519e-04 -2.0158e-04 -1.9787e-04 -1.9408e-04 -1.9021e-04 -1.8627e-04 -1.8227e-04 -1.7821e-04 -1.7411e-04 -1.6996e-04 -1.6579e-04 -1.6158e-04 -1.5736e-04 -1.5313e-04 -1.4890e-04 -1.4467e-04 -1.4045e-04 -1.3624e-04 -1.3206e-04 -1.2790e-04 -1.2377e-04 -1.1969e-04 -1.1565e-04 -1.1165e-04 -1.0771e-04 -1.0383e-04 -1.0000e-04 -9.6246e-05 -9.2555e-05 -8.8936e-05 -8.5391e-05 -8.1922e-05 -7.8533e-05 -7.5224e-05 -7.1997e-05 -6.8855e-05 -6.5798e-05 -6.2826e-05 -5.9942e-05 -5.7145e-05 -5.4435e-05 -5.1813e-05 -4.9278e-05 -4.6830e-05 -4.4469e-05 -4.2193e-05 -4.0003e-05 -3.7896e-05 -3.5871e-05 -3.3928e-05 -3.2065e-05 -3.0280e-05 -2.8572e-05 -2.6939e-05 -2.5379e-05 -2.3891e-05 -2.2472e-05 -2.1121e-05 -1.9835e-05 -1.8613e-05 -1.7453e-05 -1.6351e-05 -1.5308e-05 -1.4319e-05 -1.3384e-05 -1.2500e-05 -1.1665e-05 -1.0877e-05 -1.0135e-05 -9.4353e-06 -8.7773e-06 -8.1587e-06 -7.5777e-06 -7.0326e-06 -6.5215e-06 -6.0427e-06 -5.5947e-06 -5.1758e-06 -4.7845e-06 2.4831e-04 2.4801e-04 2.4751e-04 0.0000e+00 2.4593e-04 2.4485e-04 2.4358e-04 2.4213e-04 2.4049e-04 2.3867e-04 2.3667e-04 2.3450e-04 2.3217e-04 2.2967e-04 2.2703e-04 2.2423e-04 2.2129e-04 2.1821e-04 2.1500e-04 2.1168e-04 2.0823e-04 2.0468e-04 2.0103e-04 1.9729e-04 1.9346e-04 1.8955e-04 1.8558e-04 1.8154e-04 1.7745e-04 1.7331e-04 1.6913e-04 1.6492e-04 1.6069e-04 1.5644e-04 1.5218e-04 1.4792e-04 1.4366e-04 1.3942e-04 1.3519e-04 1.3098e-04 1.2681e-04 1.2267e-04 1.1856e-04 1.1451e-04 1.1050e-04 1.0655e-04 1.0266e-04 9.8836e-05 9.5074e-05 9.1383e-05 8.7765e-05 8.4222e-05 8.0758e-05 7.7375e-05 7.4074e-05 7.0857e-05 6.7725e-05 6.4680e-05 6.1723e-05 5.8854e-05 5.6073e-05 5.3381e-05 5.0778e-05 4.8263e-05 4.5835e-05 4.3495e-05 4.1242e-05 3.9074e-05 3.6990e-05 3.4990e-05 3.3071e-05 3.1232e-05 2.9472e-05 2.7789e-05 2.6181e-05 2.4647e-05 2.3184e-05 2.1790e-05 2.0464e-05 1.9203e-05 1.8005e-05 1.6869e-05 1.5791e-05 1.4771e-05 1.3805e-05 1.2893e-05 1.2031e-05 1.1217e-05 1.0450e-05 9.7283e-06 9.0489e-06 8.4102e-06 7.8103e-06 7.2474e-06 6.7197e-06 6.2254e-06 5.7629e-06 5.3304e-06 4.9265e-06 4.5496e-06
-2.4742e-04 -2.4712e-04 -2.4664e-04 -2.4596e-04 2.5099e-03 -2.4404e-04 -2.4280e-04 -2.4138e-04 -2.3978e-04 -2.3800e-04 -2.3605e-04 -2.3393e-04 -2.3165e-04 -2.2921e-04 -2.2662e-04 -2.2388e-04 -2.2100e-04 -2.1799e-04 -2.1485e-04 -2.1159e-04 -2.0822e-04 -2.0474e-04 -2.0116e-04 -1.9748e-04 -1.9373e-04 -1.8989e-04 -1.8599e-04 -1.8202e-04 -1.7800e-04 -1.7393e-04 -1.6982e-04 -1.6568e-04 -1.6151e-04 -1.5732e-04 -1.5312e-04 -1.4892e-04 -1.4472e-04 -1.4052e-04 -1.3634e-04 -1.3219e-04 -1.2805e-04 -1.2395e-04 -1.1989e-04 -1.1587e-04 -1.1190e-04 -1.0797e-04 -1.0411e-04 -1.0030e-04 -9.6558e-05 -9.2882e-05 -8.9275e-05 -8.5741e-05 -8.2283e-05 -7.8902e-05 -7.5600e-05 -7.2380e-05 -6.9243e-05 -6.6190e-05 -6.3222e-05 -6.0339e-05 -5.7543e-05 -5.4833e-05 -5.2210e-05 -4.9673e-05 -4.7223e-05 -4.4858e-05 -4.2578e-05 -4.0382e-05 -3.8270e-05 -3.6239e-05 -3.4290e-05 -3.2419e-05 -3.0627e-05 -2.8911e-05 -2.7270e-05 -2.5702e-05 -2.4205e-05 -2.2777e-05 -2.1416e-05 -2.0121e-05 -1.8890e-05 -1.7720e-05 -1.6609e-05 -1.5556e-05 -1.4558e-05 -1.3614e-05 -1.2720e-05 -1.1876e-05 -1.1079e-05 -1.0328e-05 -9.6201e-06 -8.9536e-06 -8.3267e-06 -7.7376e-06 -7.1846e-06 -6.6658e-06 -6.1796e-06 -5.7244e-06 -5.2986e-06 -4.9006e-06 2.4741e-04 2.4712e-04 2.4662e-04 2.4593e-04 0.0000e+00 2.4397e-04 2.4271e-04 2.4126e-04 2.3962e-04 2.3781e-04 2.3582e-04 2.3366e-04 2.3133e-04 2.2885e-04 2.2621e-04 2.2342e-04 2.2049e-04 2.1743e-04 2.1423e-04 2.1092e-04 2.0749e-04 2.0395e-04 2.0031e-04 1.9658e-04 1.9276e-04 1.8887e-04 1.8491e-04 1.8088e-04 1.7681e-04 1.7268e-04 1.6852e-04 1.6433e-04 1.6011e-04 1.5588e-04 1.5163e-04 1.4739e-04 1.4315e-04 1.3891e-04 1.3470e-04 1.3051e-04 1.2635e-04 1.2222e-04 1.1814e-04 1.1410e-04 1.1011e-04 1.0617e-04 1.0229e-04 9.8480e-05 9.4732e-05 9.1054e-05 8.7449e-05 8.3919e-05 8.0468e-05 7.7096e-05 7.3807e-05 7.0602e-05 6.7482e-05 6.4448e-05 6.1501e-05 5.8642e-05 5.5871e-05 5.3189e-05 5.0595e-05 4.8089e-05 4.5670e-05 4.3339e-05 4.1093e-05 3.8933e-05 3.6857e-05 3.4864e-05 3.2952e-05 3.1120e-05 2.9366e-05 2.7689e-05 2.6087e-05 2.4558e-05 2.3100e-05 2.1711e-05 2.0390e-05 1.9133e-05 1.7940e-05 1.6808e-05 1.5734e-05 1.4717e-05 1.3755e-05 1.2846e-05 1.1987e-05 1.1177e-05 1.0413e-05 9.6931e-06 9.0161e-06 8.3797e-06 7.7820e-06 7.2211e-06 6.6953e-06 6.2028e-06 5.7420e-06 5.3111e-06 4.9086e-06 4.5330e-06
-2.4633e-04 -2.4604e-04 -2.4557e-04 -2.4490e-04 -2.4404e-04 3.6143e-03 -2.4178e-04 -2.4037e-04 -2.3879e-04 -2.3704e-04 -2.3511e-04 -2.3302e-04 -2.3077e-04 -2.2836e-04 -2.2580e-04 -2.2310e-04 -2.2026e-04 -2.1728e-04 -2.1418e-04 -2.1096e-04 -2.0762e-04 -2.0418e-04 -2.0065e-04 -1.9702e-04 -1.9330e-04 -1.8951e-04 -1.8564e-04 -1.8172e-04 -1.7774e-04 -1.7371e-04 -1.6964e-04 -1.6554e-04 -1.6141e-04 -1.5726e-04 -1.5310e-04 -1.4894e-04 -1.4477e-04 -1.4061e-04 -1.3647e-04 -1.3234e-04 -1.2824e-04 -1.2417e-04 -1.2013e-04 -1.1614e-04 -1.1219e-04 -1.0829e-04 -1.0445e-04 -1.0066e-04 -9.6937e-05 -9.3278e-05 -8.9687e-05 -8.6167e-05 -8.2720e-05 -7.9350e-05 -7.6058e-05 -7.2846e-05 -6.9715e-05 -6.6667e-05 -6.3702e-05 -6.0822e-05 -5.8027e-05 -5.5317e-05 -5.2693e-05 -5.0154e-05 -4.7700e-05 -4.5331e-05 -4.3046e-05 -4.0845e-05 -3.8726e-05 -3.6688e-05 -3.4730e-05 -3.2851e-05 -3.1050e-05 -2.9324e-05 -2.7673e-05 -2.6095e-05 -2.4587e-05 -2.3148e-05 -2.1777e-05 -2.0471e-05 -1.9228e-05 -1.8046e-05 -1.6924e-05 -1.5860e-05 -1.4850e-05 -1.3894e-05 -1.2990e-05 -1.2135e-05 -1.1327e-05 -1.0565e-05 -9.8462e-06 -9.1693e-06 -8.5323e-06 -7.9333e-06 -7.3707e-06 -6.8426e-06 -6.3473e-06 -5.8834e-06 -5.4490e-06 -5.0428e-06 2.4633e-04 2.4603e-04 2.4554e-04 2.4485e-04 2.4397e-04 0.0000e+00 2.4164e-04 2.4020e-04 2.3857e-04 2.3676e-04 2.3478e-04 2.3263e-04 2.3032e-04 2.2784e-04 2.2522e-04 2.2244e-04 2.1952e-04 2.1647e-04 2.1329e-04 2.0999e-04 2.0657e-04 2.0305e-04 1.9943e-04 1.9572e-04 1.9192e-04 1.8804e-04 1.8410e-04 1.8009e-04 1.7603e-04 1.7193e-04 1.6778e-04 1.6361e-04 1.5941e-04 1.5519e-04 1.5097e-04 1.4674e-04 1.4252e-04 1.3830e-04 1.3411e-04 1.2994e-04 1.2580e-04 1.2169e-04 1.1762e-04 1.1360e-04 1.0962e-04 1.0571e-04 1.0185e-04 9.8048e-05 9.4316e-05 9.0654e-05 8.7065e-05 8.3550e-05 8.0114e-05 7.6757e-05 7.3483e-05 7.0291e-05 6.7185e-05 6.4164e-05 6.1230e-05 5.8384e-05 5.5625e-05 5.2955e-05 5.0372e-05 4.7877e-05 4.5469e-05 4.3148e-05 4.0912e-05 3.8762e-05 3.6695e-05 3.4710e-05 3.2806e-05 3.0983e-05 2.9237e-05 2.7567e-05 2.5972e-05 2.4450e-05 2.2998e-05 2.1615e-05 2.0300e-05 1.9049e-05 1.7861e-05 1.6733e-05 1.5664e-05 1.4652e-05 1.3694e-05 1.2789e-05 1.1934e-05 1.1127e-05 1.0366e-05 9.6501e-06 8.9761e-06 8.3425e-06 7.7474e-06 7.1890e-06 6.6655e-06 6.1752e-06 5.7164e-06 5.2874e-06 4.8867e-06 4.5128e-06
-2.4505e-04 -2.4477e-04 -2.4430e-04 -2.4364e-04 -2.4280e-04 -2.4178e-04 4.9194e-03 -2.3919e-04 -2.3763e-04 -2.3590e-04 -2.3401e-04 -2.3195e-04 -2.2973e-04 -2.2736e-04 -2.2484e-04 -2.2218e-04 -2.1938e-04 -2.1644e-04 -2.1339e-04 -2.1021e-04 -2.0693e-04 -2.0353e-04 -2.0004e-04 -1.9646e-04 -1.9280e-04 -1.8905e-04 -1.8524e-04 -1.8136e-04 -1.7743e-04 -1.7345e-04 -1.6943e-04 -1.6538e-04 -1.6130e-04 -1.5719e-04 -1.5308e-04 -1.4895e-04 -1.4483e-04 -1.4071e-04 -1.3661e-04 -1.3252e-04 -1.2846e-04 -1.2442e-04 -1.2042e-04 -1.1646e-04 -1.1254e-04 -1.0866e-04 -1.0485e-04 -1.0108e-04 -9.7381e-05 -9.3742e-05 -9.0169e-05 -8.6665e-05 -8.3234e-05 -7.9877e-05 -7.6596e-05 -7.3393e-05 -7.0269e-05 -6.7227e-05 -6.4267e-05 -6.1390e-05 -5.8596e-05 -5.5887e-05 -5.3261e-05 -5.0720e-05 -4.8262e-05 -4.5889e-05 -4.3598e-05 -4.1389e-05 -3.9263e-05 -3.7216e-05 -3.5249e-05 -3.3360e-05 -3.1548e-05 -2.9812e-05 -2.8149e-05 -2.6558e-05 -2.5038e-05 -2.3587e-05 -2.2202e-05 -2.0883e-05 -1.9627e-05 -1.8432e-05 -1.7296e-05 -1.6218e-05 -1.5195e-05 -1.4226e-05 -1.3308e-05 -1.2440e-05 -1.1620e-05 -1.0845e-05 -1.0114e-05 -9.4246e-06 -8.7757e-06 -8.1651e-06 -7.5911e-06 -7.0520e-06 -6.5461e-06 -6.0717e-06 -5.6274e-06 -5.2115e-06 2.4505e-04 2.4476e-04 2.4427e-04 2.4358e-04 2.4271e-04 2.4164e-04 0.0000e+00 2.3895e-04 2.3733e-04 2.3554e-04 2.3357e-04 2.3143e-04 2.2912e-04 2.2666e-04 2.2405e-04 2.2129e-04 2.1839e-04 2.1535e-04 2.1219e-04 2.0890e-04 2.0550e-04 2.0200e-04 1.9840e-04 1.9470e-04 1.9092e-04 1.8707e-04 1.8314e-04 1.7916e-04 1.7512e-04 1.7103e-04 1.6691e-04 1.6276e-04 1.5858e-04 1.5439e-04 1.5018e-04 1.4598e-04 1.4178e-04 1.3759e-04 1.3341e-04 1.2926e-04 1.2514e-04 1.2106e-04 1.1701e-04 1.1301e-04 1.0905e-04 1.0516e-04 1.0132e-04 9.7539e-05 9.3826e-05 9.0183e-05 8.6612e-05 8.3116e-05 7.9698e-05 7.6358e-05 7.3101e-05 6.9926e-05 6.6835e-05 6.3831e-05 6.0912e-05 5.8080e-05 5.5336e-05 5.2679e-05 5.0110e-05 4.7628e-05 4.5232e-05 4.2923e-05 4.0699e-05 3.8560e-05 3.6503e-05 3.4529e-05 3.2635e-05 3.0821e-05 2.9084e-05 2.7423e-05 2.5836e-05 2.4322e-05 2.2878e-05 2.1502e-05 2.0193e-05 1.8949e-05 1.7767e-05 1.6646e-05 1.5582e-05 1.4575e-05 1.3623e-05 1.2722e-05 1.1871e-05 1.1069e-05 1.0312e-05 9.5993e-06 8.9288e-06 8.2985e-06 7.7065e-06 7.1510e-06 6.6303e-06 6.1426e-06 5.6861e-06 5.2594e-06 4.8608e-06 4.4889e-06
-2.4359e-04 -2.4331e-04 -2.4285e-04 -2.4221e-04 -2.4138e-04 -2.4037e-04 -2.3919e-04 6.4254e-03 -2.3630e-04 -2.3461e-04 -2.3274e-04 -2.3072e-04 -2.2854e-04 -2.2621e-04 -2.2373e-04 -2.2112e-04 -2.1836e-04 -2.1548e-04 -2.1248e-04 -2.0935e-04 -2.0612e-04 -2.0278e-04 -1.9935e-04 -1.9582e-04 -1.9221e-04 -1.8853e-04 -1.8477e-04 -1.8095e-04 -1.7708e-04 -1.7315e-04 -1.6919e-04 -1.6519e-04 -1.6116e-04 -1.5711e-04 -1.5305e-04 -1.4897e-04 -1.4490e-04 -1.4083e-04 -1.3677e-04 -1.3272e-04 -1.2870e-04 -1.2470e-04 -1.2074e-04 -1.1681e-04 -1.1293e-04 -1.0909e-04 -1.0530e-04 -1.0157e-04 -9.7888e-05 -9.4272e-05 -9.0720e-05 -8.7236e-05 -8.3821e-05 -8.0479e-05 -7.7211e-05 -7.4019e-05 -7.0904e-05 -6.7869e-05 -6.4914e-05 -6.2041e-05 -5.9249e-05 -5.6540e-05 -5.3913e-05 -5.1369e-05 -4.8907e-05 -4.6528e-05 -4.4231e-05 -4.2015e-05 -3.9879e-05 -3.7823e-05 -3.5846e-05 -3.3946e-05 -3.2122e-05 -3.0372e-05 -2.8696e-05 -2.7092e-05 -2.5557e-05 -2.4092e-05 -2.2692e-05 -2.1358e-05 -2.0086e-05 -1.8876e-05 -1.7725e-05 -1.6632e-05 -1.5594e-05 -1.4609e-05 -1.3676e-05 -1.2793e-05 -1.1958e-05 -1.1168e-05 -1.0423e-05 -9.7197e-06 -9.0571e-06 -8.4331e-06 -7.8460e-06 -7.2942e-06 -6.7760e-06 -6.2897e-06 -5.8339e-06 -5.4069e-06 2.4358e-04 2.4329e-04 2.4281e-04 2.4213e-04 2.4126e-04 2.4020e-04 2.3895e-04 0.0000e+00 2.3591e-04 2.3413e-04 2.3217e-04 2.3004e-04 2.2775e-04 2.2531e-04 2.2271e-04 2.1996e-04 2.1708e-04 2.1406e-04 2.1092e-04 2.0765e-04 2.0427e-04 2.0079e-04 1.9721e-04 1.9354e-04 1.8978e-04 1.8595e-04 1.8205e-04 1.7808e-04 1.7407e-04 1.7001e-04 1.6591e-04 1.6178e-04 1.5763e-04 1.5346e-04 1.4928e-04 1.4510e-04 1.4093e-04 1.3676e-04 1.3262e-04 1.2849e-04 1.2439e-04 1.2033e-04 1.1631e-04 1.1233e-04 1.0840e-04 1.0453e-04 1.0071e-04 9.6954e-05 9.3264e-05 8.9643e-05 8.6093e-05 8.2618e-05 7.9220e-05 7.5901e-05 7.2662e-05 6.9506e-05 6.6434e-05 6.3447e-05 6.0546e-05 5.7732e-05 5.5004e-05 5.2363e-05 4.9809e-05 4.7341e-05 4.4960e-05 4.2665e-05 4.0454e-05 3.8327e-05 3.6283e-05 3.4321e-05 3.2439e-05 3.0635e-05 2.8909e-05 2.7258e-05 2.5680e-05 2.4175e-05 2.2740e-05 2.1372e-05 2.0071e-05 1.8834e-05 1.7659e-05 1.6545e-05 1.5488e-05 1.4487e-05 1.3540e-05 1.2644e-05 1.1799e-05 1.1001e-05 1.0249e-05 9.5407e-06 8.8743e-06 8.2478e-06 7.6594e-06 7.1073e-06 6.5897e-06 6.1049e-06 5.6512e-06 5.2271e-06 4.8309e-06 4.4612e-06
-2.4194e-04 -2.4167e-04 -2.4122e-04 -2.4059e-04 -2.3978e-04 -2.3879e-04 -2.3763e-04 -2.3630e-04 8.1321e-03 -2.3314e-04 -2.3132e-04 -2.2934e-04 -2.2720e-04 -2.2492e-04 -2.2249e-04 -2.1992e-04 -2.1722e-04 -2.1440e-04 -2.1145e-04 -2.0839e-04 -2.0521e-04 -2.0194e-04 -1.9856e-04 -1.9510e-04 -1.9155e-04 -1.8793e-04 -1.8424e-04 -1.8048e-04 -1.7667e-04 -1.7281e-04 -1.6891e-04 -1.6497e-04 -1.6100e-04 -1.5701e-04 -1.5301e-04 -1.4899e-04 -1.4497e-04 -1.4095e-04 -1.3694e-04 -1.3295e-04 -1.2897e-04 -1.2502e-04 -1.2110e-04 -1.1721e-04 -1.1337e-04 -1.0956e-04 -1.0581e-04 -1.0210e-04 -9.8456e-05 -9.4866e-05 -9.1338e-05 -8.7876e-05 -8.4480e-05 -8.1155e-05 -7.7901e-05 -7.4722e-05 -7.1618e-05 -6.8591e-05 -6.5642e-05 -6.2773e-05 -5.9984e-05 -5.7275e-05 -5.4647e-05 -5.2100e-05 -4.9634e-05 -4.7249e-05 -4.4945e-05 -4.2720e-05 -4.0575e-05 -3.8508e-05 -3.6519e-05 -3.4607e-05 -3.2769e-05 -3.1006e-05 -2.9315e-05 -2.7695e-05 -2.6145e-05 -2.4662e-05 -2.3246e-05 -2.1895e-05 -2.0607e-05 -1.9379e-05 -1.8211e-05 -1.7100e-05 -1.6045e-05 -1.5043e-05 -1.4093e-05 -1.3193e-05 -1.2341e-05 -1.1535e-05 -1.0774e-05 -1.0055e-05 -9.3766e-06 -8.7375e-06 -8.1358e-06 -7.5696e-06 -7.0375e-06 -6.5378e-06 -6.0688e-06 -5.6292e-06 2.4193e-04 2.4164e-04 2.4116e-04 2.4049e-04 2.3962e-04 2.3857e-04 2.3733e-04 2.3591e-04 0.0000e+00 2.3254e-04 2.3059e-04 2.2848e-04 2.2621e-04 2.2378e-04 2.2120e-04 2.1847e-04 2.1561e-04 2.1261e-04 2.0949e-04 2.0624e-04 2.0289e-04 1.9943e-04 1.9587e-04 1.9222e-04 1.8849e-04 1.8469e-04 1.8081e-04 1.7688e-04 1.7289e-04 1.6886e-04 1.6479e-04 1.6069e-04 1.5656e-04 1.5242e-04 1.4827e-04 1.4412e-04 1.3997e-04 1.3584e-04 1.3172e-04 1.2762e-04 1.2355e-04 1.1951e-04 1.1552e-04 1.1157e-04 1.0767e-04 1.0382e-04 1.0003e-04 9.6296e-05 9.2631e-05 8.9034e-05 8.5508e-05 8.2057e-05 7.8681e-05 7.5384e-05 7.2168e-05 6.9033e-05 6.5982e-05 6.3016e-05 6.0134e-05 5.7338e-05 5.4629e-05 5.2006e-05 4.9469e-05 4.7019e-05 4.4654e-05 4.2374e-05 4.0178e-05 3.8066e-05 3.6035e-05 3.4086e-05 3.2217e-05 3.0425e-05 2.8710e-05 2.7071e-05 2.5504e-05 2.4009e-05 2.2583e-05 2.1225e-05 1.9933e-05 1.8705e-05 1.7538e-05 1.6431e-05 1.5381e-05 1.4387e-05 1.3446e-05 1.2557e-05 1.1717e-05 1.0925e-05 1.0178e-05 9.4744e-06 8.8125e-06 8.1903e-06 7.6059e-06 7.0576e-06 6.5436e-06 6.0621e-06 5.6116e-06 5.1904e-06 4.7969e-06 4.4298e-06
-2.4011e-04 -2.3984e-04 -2.3940e-04 -2.3879e-04 -2.3800e-04 -2.3704e-04 -2.3590e-04 -2.3461e-04 -2.3314e-04 1.0040e-02 -2.2974e-04 -2.2780e-04 -2.2571e-04 -2.2348e-04 -2.2111e-04 -2.1860e-04 -2.1596e-04 -2.1319e-04 -2.1031e-04 -2.0731e-04 -2.0420e-04 -2.0099e-04 -1.9769e-04 -1.9429e-04 -1.9082e-04 -1.8727e-04 -1.8364e-04 -1.7996e-04 -1.7622e-04 -1.7243e-04 -1.6859e-04 -1.6472e-04 -1.6082e-04 -1.5690e-04 -1.5295e-04 -1.4900e-04 -1.4504e-04 -1.4108e-04 -1.3713e-04 -1.3319e-04 -1.2927e-04 -1.2537e-04 -1.2149e-04 -1.1765e-04 -1.1385e-04 -1.1008e-04 -1.0637e-04 -1.0270e-04 -9.9082e-05 -9.5522e-05 -9.2021e-05 -8.8582e-05 -8.5208e-05 -8.1902e-05 -7.8665e-05 -7.5500e-05 -7.2408e-05 -6.9390e-05 -6.6449e-05 -6.3584e-05 -6.0798e-05 -5.8090e-05 -5.5461e-05 -5.2911e-05 -5.0441e-05 -4.8050e-05 -4.5738e-05 -4.3504e-05 -4.1349e-05 -3.9270e-05 -3.7268e-05 -3.5342e-05 -3.3489e-05 -3.1710e-05 -3.0003e-05 -2.8367e-05 -2.6799e-05 -2.5299e-05 -2.3864e-05 -2.2494e-05 -2.1187e-05 -1.9941e-05 -1.8753e-05 -1.7623e-05 -1.6549e-05 -1.5528e-05 -1.4559e-05 -1.3640e-05 -1.2770e-05 -1.1946e-05 -1.1166e-05 -1.0430e-05 -9.7346e-06 -9.0787e-06 -8.4606e-06 -7.8785e-06 -7.3309e-06 -6.8161e-06 -6.3326e-06 -5.8790e-06 2.4010e-04 2.3981e-04 2.3933e-04 2.3867e-04 2.3781e-04 2.3676e-04 2.3554e-04 2.3413e-04 2.3254e-04 0.0000e+00 2.2885e-04 2.2675e-04 2.2450e-04 2.2209e-04 2.1952e-04 2.1682e-04 2.1398e-04 2.1100e-04 2.0790e-04 2.0468e-04 2.0135e-04 1.9792e-04 1.9439e-04 1.9077e-04 1.8707e-04 1.8329e-04 1.7944e-04 1.7554e-04 1.7158e-04 1.6758e-04 1.6354e-04 1.5947e-04 1.5538e-04 1.5127e-04 1.4715e-04 1.4303e-04 1.3891e-04 1.3481e-04 1.3072e-04 1.2665e-04 1.2261e-04 1.1861e-04 1.1464e-04 1.1072e-04 1.0685e-04 1.0303e-04 9.9267e-05 9.5565e-05 9.1927e-05 8.8358e-05 8.4859e-05 8.1433e-05 7.8083e-05 7.4811e-05 7.1619e-05 6.8508e-05 6.5480e-05 6.2536e-05 5.9676e-05 5.6901e-05 5.4213e-05 5.1609e-05 4.9092e-05 4.6660e-05 4.4313e-05 4.2050e-05 3.9871e-05 3.7774e-05 3.5760e-05 3.3825e-05 3.1970e-05 3.0192e-05 2.8490e-05 2.6863e-05 2.5308e-05 2.3824e-05 2.2409e-05 2.1062e-05 1.9779e-05 1.8560e-05 1.7402e-05 1.6303e-05 1.5262e-05 1.4275e-05 1.3342e-05 1.2459e-05 1.1626e-05 1.0840e-05 1.0098e-05 9.4004e-06 8.7435e-06 8.1261e-06 7.5462e-06 7.0021e-06 6.4920e-06 6.0143e-06 5.5672e-06 5.1493e-06 4.7589e-06 4.3946e-06
-2.3810e-04 -2.3784e-04 -2.3741e-04 -2.3682e-04 -2.3605e-04 -2.3511e-04 -2.3401e-04 -2.3274e-04 -2.3132e-04 -2.2974e-04 1.2148e-02 -2.2611e-04 -2.2408e-04 -2.2190e-04 -2.1959e-04 -2.1714e-04 -2.1456e-04 -2.1187e-04 -2.0905e-04 -2.0612e-04 -2.0309e-04 -1.9995e-04 -1.9672e-04 -1.9341e-04 -1.9001e-04 -1.8653e-04 -1.8299e-04 -1.7938e-04 -1.7572e-04 -1.7200e-04 -1.6824e-04 -1.6445e-04 -1.6062e-04 -1.5677e-04 -1.5289e-04 -1.4901e-04 -1.4512e-04 -1.4122e-04 -1.3733e-04 -1.3345e-04 -1.2959e-04 -1.2574e-04 -1.2192e-04 -1.1813e-04 -1.1437e-04 -1.1065e-04 -1.0697e-04 -1.0334e-04 -9.9763e-05 -9.6236e-05 -9.2765e-05 -8.9353e-05 -8.6003e-05 -8.2718e-05 -7.9500e-05 -7.6350e-05 -7.3271e-05 -7.0264e-05 -6.7331e-05 -6.4473e-05 -6.1690e-05 -5.8983e-05 -5.6353e-05 -5.3801e-05 -5.1326e-05 -4.8928e-05 -4.6608e-05 -4.4365e-05 -4.2198e-05 -4.0107e-05 -3.8092e-05 -3.6150e-05 -3.4282e-05 -3.2486e-05 -3.0761e-05 -2.9106e-05 -2.7520e-05 -2.6000e-05 -2.4546e-05 -2.3155e-05 -2.1827e-05 -2.0560e-05 -1.9352e-05 -1.8201e-05 -1.7106e-05 -1.6064e-05 -1.5074e-05 -1.4135e-05 -1.3244e-05 -1.2400e-05 -1.1601e-05 -1.0845e-05 -1.0131e-05 -9.4569e-06 -8.8207e-06 -8.2211e-06 -7.6564e-06 -7.1251e-06 -6.6256e-06 -6.1564e-06 2.3809e-04 2.3781e-04 2.3733e-04 2.3667e-04 2.3582e-04 2.3478e-04 2.3357e-04 2.3217e-04 2.3059e-04 2.2885e-04 0.0000e+00 2.2486e-04 2.2262e-04 2.2023e-04 2.1769e-04 2.1500e-04 2.1219e-04 2.0924e-04 2.0616e-04 2.0297e-04 1.9967e-04 1.9626e-04 1.9276e-04 1.8917e-04 1.8550e-04 1.8175e-04 1.7794e-04 1.7407e-04 1.7014e-04 1.6618e-04 1.6217e-04 1.5813e-04 1.5408e-04 1.5000e-04 1.4592e-04 1.4183e-04 1.3775e-04 1.3368e-04 1.2962e-04 1.2559e-04 1.2159e-04 1.1761e-04 1.1368e-04 1.0979e-04 1.0595e-04 1.0217e-04 9.8434e-05 9.4763e-05 9.1156e-05 8.7616e-05 8.4146e-05 8.0749e-05 7.7427e-05 7.4182e-05 7.1017e-05 6.7932e-05 6.4929e-05 6.2009e-05 5.9173e-05 5.6422e-05 5.3755e-05 5.1174e-05 4.8677e-05 4.6265e-05 4.3938e-05 4.1694e-05 3.9533e-05 3.7454e-05 3.5456e-05 3.3538e-05 3.1698e-05 2.9935e-05 2.8248e-05 2.6634e-05 2.5092e-05 2.3621e-05 2.2218e-05 2.0882e-05 1.9610e-05 1.8401e-05 1.7253e-05 1.6163e-05 1.5130e-05 1.4152e-05 1.3227e-05 1.2352e-05 1.1525e-05 1.0746e-05 1.0011e-05 9.3186e-06 8.6674e-06 8.0552e-06 7.4802e-06 6.9408e-06 6.4350e-06 5.9614e-06 5.5182e-06 5.1038e-06 4.7168e-06 4.3556e-06
-2.3592e-04 -2.3567e-04 -2.3526e-04 -2.3467e-04 -2.3393e-04 -2.3302e-04 -2.3195e-04 -2.3072e-04 -2.2934e-04 -2.2780e-04 -2.2611e-04 1.4457e-02 -2.2230e-04 -2.2018e-04 -2.1793e-04 -2.1555e-04 -2.1305e-04 -2.1042e-04 -2.0768e-04 -2.0483e-04 -2.0187e-04 -1.9882e-04 -1.9567e-04 -1.9244e-04 -1.8912e-04 -1.8573e-04 -1.8227e-04 -1.7874e-04 -1.7516e-04 -1.7153e-04 -1.6785e-04 -1.6414e-04 -1.6039e-04 -1.5661e-04 -1.5282e-04 -1.4901e-04 -1.4519e-04 -1.4136e-04 -1.3754e-04 -1.3373e-04 -1.2992e-04 -1.2614e-04 -1.2237e-04 -1.1864e-04 -1.1493e-04 -1.1126e-04 -1.0763e-04 -1.0404e-04 -1.0050e-04 -9.7005e-05 -9.3567e-05 -9.0185e-05 -8.6862e-05 -8.3600e-05 -8.0402e-05 -7.7270e-05 -7.4206e-05 -7.1211e-05 -6.8287e-05 -6.5435e-05 -6.2657e-05 -5.9952e-05 -5.7322e-05 -5.4767e-05 -5.2287e-05 -4.9883e-05 -4.7554e-05 -4.5301e-05 -4.3122e-05 -4.1018e-05 -3.8988e-05 -3.7031e-05 -3.5146e-05 -3.3332e-05 -3.1588e-05 -2.9913e-05 -2.8306e-05 -2.6765e-05 -2.5290e-05 -2.3877e-05 -2.2527e-05 -2.1238e-05 -2.0007e-05 -1.8833e-05 -1.7715e-05 -1.6651e-05 -1.5639e-05 -1.4677e-05 -1.3765e-05 -1.2899e-05 -1.2078e-05 -1.1302e-05 -1.0567e-05 -9.8724e-06 -9.2166e-06 -8.5978e-06 -8.0145e-06 -7.4652e-06 -6.9482e-06 -6.4621e-06 2.3591e-04 2.3563e-04 2.3516e-04 2.3450e-04 2.3366e-04 2.3263e-04 2.3143e-04 2.3004e-04 2.2848e-04 2.2675e-04 2.2486e-04 0.0000e+00 2.2058e-04 2.1821e-04 2.1569e-04 2.1304e-04 2.1024e-04 2.0732e-04 2.0427e-04 2.0111e-04 1.9784e-04 1.9447e-04 1.9100e-04 1.8744e-04 1.8380e-04 1.8009e-04 1.7631e-04 1.7247e-04 1.6859e-04 1.6465e-04 1.6068e-04 1.5669e-04 1.5266e-04 1.4863e-04 1.4458e-04 1.4053e-04 1.3649e-04 1.3245e-04 1.2843e-04 1.2444e-04 1.2047e-04 1.1654e-04 1.1264e-04 1.0879e-04 1.0498e-04 1.0123e-04 9.7529e-05 9.3892e-05 9.0318e-05 8.6810e-05 8.3372e-05 8.0006e-05 7.6714e-05 7.3499e-05 7.0362e-05 6.7305e-05 6.4330e-05 6.1437e-05 5.8627e-05 5.5900e-05 5.3258e-05 5.0700e-05 4.8226e-05 4.5837e-05 4.3530e-05 4.1307e-05 3.9166e-05 3.7106e-05 3.5126e-05 3.3226e-05 3.1403e-05 2.9656e-05 2.7984e-05 2.6385e-05 2.4857e-05 2.3399e-05 2.2009e-05 2.0685e-05 1.9425e-05 1.8228e-05 1.7090e-05 1.6010e-05 1.4987e-05 1.4018e-05 1.3101e-05 1.2234e-05 1.1415e-05 1.0643e-05 9.9149e-06 9.2292e-06 8.5840e-06 7.9776e-06 7.4080e-06 6.8736e-06 6.3726e-06 5.9034e-06 5.4643e-06 5.0539e-06 4.6705e-06 4.3128e-06
-2.3358e-04 -2.3334e-04 -2.3293e-04 -2.3237e-04 -2.3165e-04 -2.3077e-04 -2.2973e-04 -2.2854e-04 -2.2720e-04 -2.2571e-04 -2.2408e-04 -2.2230e-04 1.6966e-02 -2.1833e-04 -2.1615e-04 -2.1384e-04 -2.1141e-04 -2.0886e-04 -2.0620e-04 -2.0343e-04 -2.0056e-04 -1.9759e-04 -1.9453e-04 -1.9138e-04 -1.8816e-04 -1.8485e-04 -1.8148e-04 -1.7805e-04 -1.7456e-04 -1.7101e-04 -1.6742e-04 -1.6379e-04 -1.6013e-04 -1.5644e-04 -1.5273e-04 -1.4900e-04 -1.4525e-04 -1.4151e-04 -1.3776e-04 -1.3401e-04 -1.3028e-04 -1.2656e-04 -1.2285e-04 -1.1918e-04 -1.1552e-04 -1.1191e-04 -1.0832e-04 -1.0478e-04 -1.0128e-04 -9.7827e-05 -9.4424e-05 -9.1075e-05 -8.7780e-05 -8.4544e-05 -8.1369e-05 -7.8257e-05 -7.5209e-05 -7.2228e-05 -6.9314e-05 -6.6470e-05 -6.3696e-05 -6.0994e-05 -5.8364e-05 -5.5807e-05 -5.3322e-05 -5.0912e-05 -4.8574e-05 -4.6310e-05 -4.4120e-05 -4.2002e-05 -3.9956e-05 -3.7982e-05 -3.6079e-05 -3.4246e-05 -3.2482e-05 -3.0786e-05 -2.9157e-05 -2.7594e-05 -2.6096e-05 -2.4660e-05 -2.3286e-05 -2.1973e-05 -2.0717e-05 -1.9520e-05 -1.8377e-05 -1.7289e-05 -1.6253e-05 -1.5267e-05 -1.4331e-05 -1.3442e-05 -1.2598e-05 -1.1799e-05 -1.1042e-05 -1.0326e-05 -9.6485e-06 -9.0090e-06 -8.4056e-06 -7.8367e-06 -7.3007e-06 -6.7963e-06 2.3357e-04 2.3329e-04 2.3282e-04 2.3217e-04 2.3133e-04 2.3032e-04 2.2912e-04 2.2775e-04 2.2621e-04 2.2450e-04 2.2262e-04 2.2058e-04 0.0000e+00 2.1604e-04 2.1355e-04 2.1092e-04 2.0815e-04 2.0526e-04 2.0224e-04 1.9911e-04 1.9587e-04 1.9253e-04 1.8910e-04 1.8557e-04 1.8197e-04 1.7830e-04 1.7456e-04 1.7076e-04 1.6691e-04 1.6301e-04 1.5908e-04 1.5512e-04 1.5114e-04 1.4715e-04 1.4314e-04 1.3913e-04 1.3513e-04 1.3113e-04 1.2715e-04 1.2320e-04 1.1927e-04 1.1537e-04 1.1151e-04 1.0770e-04 1.0393e-04 1.0022e-04 9.6555e-05 9.2953e-05 8.9415e-05 8.5942e-05 8.2538e-05 7.9205e-05 7.5946e-05 7.2762e-05 6.9657e-05 6.6630e-05 6.3684e-05 6.0820e-05 5.8037e-05 5.5338e-05 5.2722e-05 5.0189e-05 4.7740e-05 4.5374e-05 4.3091e-05 4.0890e-05 3.8770e-05 3.6730e-05 3.4770e-05 3.2888e-05 3.1083e-05 2.9354e-05 2.7699e-05 2.6115e-05 2.4603e-05 2.3160e-05 2.1784e-05 2.0473e-05 1.9226e-05 1.8040e-05 1.6914e-05 1.5845e-05 1.4832e-05 1.3872e-05 1.2965e-05 1.2107e-05 1.1296e-05 1.0532e-05 9.8109e-06 9.1321e-06 8.4935e-06 7.8933e-06 7.3295e-06 6.8005e-06 6.3047e-06 5.8403e-06 5.4058e-06 4.9995e-06 4.6201e-06 4.2661e-06
-2.3107e-04 -2.3084e-04 -2.3045e-04 -2.2990e-04 -2.2921e-04 -2.2836e-04 -2.2736e-04 -2.2621e-04 -2.2492e-04 -2.2348e-04 -2.2190e-04 -2.2018e-04 -2.1833e-04 1.9677e-02 -2.1424e-04 -2.1201e-04 -2.0966e-04 -2.0719e-04 -2.0461e-04 -2.0193e-04 -1.9915e-04 -1.9627e-04 -1.9330e-04 -1.9025e-04 -1.8712e-04 -1.8391e-04 -1.8064e-04 -1.7730e-04 -1.7390e-04 -1.7045e-04 -1.6696e-04 -1.6342e-04 -1.5985e-04 -1.5625e-04 -1.5262e-04 -1.4897e-04 -1.4531e-04 -1.4165e-04 -1.3798e-04 -1.3431e-04 -1.3064e-04 -1.2699e-04 -1.2336e-04 -1.1974e-04 -1.1615e-04 -1.1259e-04 -1.0906e-04 -1.0556e-04 -1.0211e-04 -9.8698e-05 -9.5334e-05 -9.2019e-05 -8.8756e-05 -8.5548e-05 -8.2398e-05 -7.9307e-05 -7.6277e-05 -7.3310e-05 -7.0409e-05 -6.7574e-05 -6.4806e-05 -6.2107e-05 -5.9477e-05 -5.6918e-05 -5.4429e-05 -5.2012e-05 -4.9666e-05 -4.7391e-05 -4.5188e-05 -4.3055e-05 -4.0994e-05 -3.9002e-05 -3.7080e-05 -3.5227e-05 -3.3442e-05 -3.1725e-05 -3.0073e-05 -2.8486e-05 -2.6963e-05 -2.5503e-05 -2.4104e-05 -2.2765e-05 -2.1484e-05 -2.0260e-05 -1.9092e-05 -1.7977e-05 -1.6916e-05 -1.5904e-05 -1.4943e-05 -1.4029e-05 -1.3160e-05 -1.2337e-05 -1.1556e-05 -1.0817e-05 -1.0117e-05 -9.4551e-06 -8.8301e-06 -8.2401e-06 -7.6838e-06 -7.1596e-06 2.3106e-04 2.3078e-04 2.3032e-04 2.2967e-04 2.2885e-04 2.2784e-04 2.2666e-04 2.2531e-04 2.2378e-04 2.2209e-04 2.2023e-04 2.1821e-04 2.1604e-04 0.0000e+00 2.1125e-04 2.0865e-04 2.0591e-04 2.0305e-04 2.0007e-04 1.9697e-04 1.9377e-04 1.9046e-04 1.8706e-04 1.8358e-04 1.8002e-04 1.7638e-04 1.7268e-04 1.6892e-04 1.6511e-04 1.6126e-04 1.5737e-04 1.5346e-04 1.4952e-04 1.4556e-04 1.4160e-04 1.3763e-04 1.3367e-04 1.2972e-04 1.2578e-04 1.2187e-04 1.1798e-04 1.1413e-04 1.1031e-04 1.0654e-04 1.0281e-04 9.9134e-05 9.5513e-05 9.1950e-05 8.8449e-05 8.5013e-05 8.1645e-05 7.8348e-05 7.5124e-05 7.1974e-05 6.8902e-05 6.5908e-05 6.2993e-05 6.0159e-05 5.7406e-05 5.4736e-05 5.2148e-05 4.9642e-05 4.7219e-05 4.4879e-05 4.2620e-05 4.0442e-05 3.8345e-05 3.6327e-05 3.4388e-05 3.2527e-05 3.0741e-05 2.9030e-05 2.7393e-05 2.5827e-05 2.4331e-05 2.2903e-05 2.1542e-05 2.0245e-05 1.9011e-05 1.7838e-05 1.6724e-05 1.5667e-05 1.4665e-05 1.3716e-05 1.2818e-05 1.1969e-05 1.1168e-05 1.0412e-05 9.6988e-06 9.0275e-06 8.3959e-06 7.8023e-06 7.2448e-06 6.7217e-06 6.2313e-06 5.7721e-06 5.3424e-06 4.9408e-06 4.5656e-06 4.2155e-06
-2.2841e-04 -2.2818e-04 -2.2781e-04 -2.2729e-04 -2.2662e-04 -2.2580e-04 -2.2484e-04 -2.2373e-04 -2.2249e-04 -2.2111e-04 -2.1959e-04 -2.1793e-04 -2.1615e-04 -2.1424e-04 2.2588e-02 -2.1006e-04 -2.0779e-04 -2.0541e-04 -2.0292e-04 -2.0033e-04 -1.9764e-04 -1.9486e-04 -1.9199e-04 -1.8904e-04 -1.8601e-04 -1.8290e-04 -1.7973e-04 -1.7649e-04 -1.7319e-04 -1.6984e-04 -1.6645e-04 -1.6301e-04 -1.5953e-04 -1.5602e-04 -1.5249e-04 -1.4894e-04 -1.4537e-04 -1.4178e-04 -1.3820e-04 -1.3461e-04 -1.3102e-04 -1.2744e-04 -1.2388e-04 -1.2033e-04 -1.1680e-04 -1.1330e-04 -1.0983e-04 -1.0638e-04 -1.0298e-04 -9.9614e-05 -9.6291e-05 -9.3014e-05 -8.9785e-05 -8.6608e-05 -8.3484e-05 -8.0416e-05 -7.7406e-05 -7.4456e-05 -7.1568e-05 -6.8743e-05 -6.5982e-05 -6.3287e-05 -6.0659e-05 -5.8098e-05 -5.5606e-05 -5.3182e-05 -5.0827e-05 -4.8541e-05 -4.6325e-05 -4.4178e-05 -4.2100e-05 -4.0090e-05 -3.8149e-05 -3.6275e-05 -3.4468e-05 -3.2727e-05 -3.1051e-05 -2.9440e-05 -2.7891e-05 -2.6405e-05 -2.4979e-05 -2.3613e-05 -2.2305e-05 -2.1054e-05 -1.9858e-05 -1.8717e-05 -1.7628e-05 -1.6589e-05 -1.5601e-05 -1.4660e-05 -1.3766e-05 -1.2916e-05 -1.2110e-05 -1.1346e-05 -1.0622e-05 -9.9365e-06 -9.2884e-06 -8.6759e-06 -8.0978e-06 -7.5524e-06 2.2839e-04 2.2812e-04 2.2766e-04 2.2703e-04 2.2621e-04 2.2522e-04 2.2405e-04 2.2271e-04 2.2120e-04 2.1952e-04 2.1769e-04 2.1569e-04 2.1355e-04 2.1125e-04 0.0000e+00 2.0624e-04 2.0354e-04 2.0071e-04 1.9776e-04 1.9470e-04 1.9153e-04 1.8826e-04 1.8491e-04 1.8146e-04 1.7794e-04 1.7435e-04 1.7069e-04 1.6697e-04 1.6321e-04 1.5940e-04 1.5556e-04 1.5168e-04 1.4779e-04 1.4388e-04 1.3996e-04 1.3604e-04 1.3213e-04 1.2822e-04 1.2433e-04 1.2046e-04 1.1662e-04 1.1281e-04 1.0904e-04 1.0530e-04 1.0162e-04 9.7985e-05 9.4405e-05 9.0883e-05 8.7422e-05 8.4025e-05 8.0696e-05 7.7437e-05 7.4249e-05 7.1136e-05 6.8099e-05 6.5139e-05 6.2258e-05 5.9456e-05 5.6735e-05 5.4095e-05 5.1537e-05 4.9060e-05 4.6665e-05 4.4351e-05 4.2118e-05 3.9965e-05 3.7892e-05 3.5898e-05 3.3981e-05 3.2141e-05 3.0376e-05 2.8685e-05 2.7066e-05 2.5518e-05 2.4040e-05 2.2628e-05 2.1283e-05 2.0001e-05 1.8782e-05 1.7623e-05 1.6521e-05 1.5477e-05 1.4486e-05 1.3549e-05 1.2661e-05 1.1822e-05 1.1030e-05 1.0283e-05 9.5786e-06 8.9153e-06 8.2912e-06 7.7047e-06 7.1538e-06 6.6370e-06 6.1525e-06 5.6988e-06 5.2743e-06 4.8775e-06 4.5069e-06 4.1611e-06
-2.2560e-04 -2.2538e-04 -2.2502e-04 -2.2452e-04 -2.2388e-04 -2.2310e-04 -2.2218e-04 -2.2112e-04 -2.1992e-04 -2.1860e-04 -2.1714e-04 -2.1555e-04 -2.1384e-04 -2.1201e-04 -2.1006e-04 2.5700e-02 -2.0581e-04 -2.0352e-04 -2.0113e-04 -1.9863e-04 -1.9605e-04 -1.9337e-04 -1.9060e-04 -1.8775e-04 -1.8482e-04 -1.8182e-04 -1.7875e-04 -1.7562e-04 -1.7243e-04 -1.6918e-04 -1.6589e-04 -1.6256e-04 -1.5918e-04 -1.5578e-04 -1.5234e-04 -1.4888e-04 -1.4541e-04 -1.4192e-04 -1.3842e-04 -1.3491e-04 -1.3141e-04 -1.2791e-04 -1.2442e-04 -1.2094e-04 -1.1748e-04 -1.1404e-04 -1.1063e-04 -1.0724e-04 -1.0389e-04 -1.0057e-04 -9.7293e-05 -9.4056e-05 -9.0864e-05 -8.7720e-05 -8.4625e-05 -8.1582e-05 -7.8594e-05 -7.5662e-05 -7.2789e-05 -6.9975e-05 -6.7222e-05 -6.4532e-05 -6.1906e-05 -5.9345e-05 -5.6848e-05 -5.4418e-05 -5.2055e-05 -4.9759e-05 -4.7529e-05 -4.5367e-05 -4.3272e-05 -4.1244e-05 -3.9283e-05 -3.7387e-05 -3.5557e-05 -3.3793e-05 -3.2092e-05 -3.0454e-05 -2.8879e-05 -2.7366e-05 -2.5912e-05 -2.4518e-05 -2.3181e-05 -2.1902e-05 -2.0677e-05 -1.9507e-05 -1.8389e-05 -1.7322e-05 -1.6305e-05 -1.5336e-05 -1.4414e-05 -1.3537e-05 -1.2705e-05 -1.1914e-05 -1.1164e-05 -1.0454e-05 -9.7809e-06 -9.1446e-06 -8.5432e-06 -7.9753e-06 2.2558e-04 2.2531e-04 2.2486e-04 2.2423e-04 2.2342e-04 2.2244e-04 2.2129e-04 2.1996e-04 2.1847e-04 2.1682e-04 2.1500e-04 2.1304e-04 2.1092e-04 2.0865e-04 2.0624e-04 0.0000e+00 2.0103e-04 1.9824e-04 1.9532e-04 1.9230e-04 1.8917e-04 1.8594e-04 1.8263e-04 1.7922e-04 1.7574e-04 1.7220e-04 1.6858e-04 1.6491e-04 1.6119e-04 1.5743e-04 1.5364e-04 1.4981e-04 1.4597e-04 1.4211e-04 1.3824e-04 1.3436e-04 1.3049e-04 1.2664e-04 1.2279e-04 1.1897e-04 1.1518e-04 1.1141e-04 1.0769e-04 1.0400e-04 1.0036e-04 9.6771e-05 9.3234e-05 8.9755e-05 8.6337e-05 8.2982e-05 7.9693e-05 7.6473e-05 7.3325e-05 7.0250e-05 6.7250e-05 6.4326e-05 6.1480e-05 5.8713e-05 5.6025e-05 5.3417e-05 5.0890e-05 4.8444e-05 4.6078e-05 4.3792e-05 4.1587e-05 3.9461e-05 3.7413e-05 3.5443e-05 3.3550e-05 3.1732e-05 2.9989e-05 2.8319e-05 2.6720e-05 2.5191e-05 2.3731e-05 2.2337e-05 2.1008e-05 1.9743e-05 1.8538e-05 1.7393e-05 1.6306e-05 1.5274e-05 1.4296e-05 1.3370e-05 1.2494e-05 1.1666e-05 1.0884e-05 1.0146e-05 9.4505e-06 8.7956e-06 8.1795e-06 7.6004e-06 7.0566e-06 6.5464e-06 6.0682e-06 5.6204e-06 5.2014e-06 4.8097e-06 4.4440e-06 4.1027e-06
-2.2264e-04 -2.2243e-04 -2.2209e-04 -2.2161e-04 -2.2100e-04 -2.2026e-04 -2.1938e-04 -2.1836e-04 -2.1722e-04 -2.1596e-04 -2.1456e-04 -2.1305e-04 -2.1141e-04 -2.0966e-04 -2.0779e-04 -2.0581e-04 2.9013e-02 -2.0153e-04 -1.9923e-04 -1.9684e-04 -1.9435e-04 -1.9178e-04 -1.8912e-04 -1.8638e-04 -1.8356e-04 -1.8067e-04 -1.7771e-04 -1.7469e-04 -1.7161e-04 -1.6848e-04 -1.6530e-04 -1.6207e-04 -1.5880e-04 -1.5550e-04 -1.5217e-04 -1.4881e-04 -1.4543e-04 -1.4204e-04 -1.3863e-04 -1.3521e-04 -1.3180e-04 -1.2838e-04 -1.2497e-04 -1.2156e-04 -1.1818e-04 -1.1481e-04 -1.1145e-04 -1.0813e-04 -1.0483e-04 -1.0157e-04 -9.8335e-05 -9.5141e-05 -9.1989e-05 -8.8879e-05 -8.5816e-05 -8.2801e-05 -7.9836e-05 -7.6924e-05 -7.4067e-05 -7.1266e-05 -6.8523e-05 -6.5839e-05 -6.3216e-05 -6.0654e-05 -5.8155e-05 -5.5719e-05 -5.3348e-05 -5.1041e-05 -4.8798e-05 -4.6621e-05 -4.4509e-05 -4.2462e-05 -4.0480e-05 -3.8563e-05 -3.6709e-05 -3.4920e-05 -3.3193e-05 -3.1529e-05 -2.9926e-05 -2.8384e-05 -2.6902e-05 -2.5478e-05 -2.4112e-05 -2.2802e-05 -2.1547e-05 -2.0347e-05 -1.9199e-05 -1.8102e-05 -1.7055e-05 -1.6057e-05 -1.5106e-05 -1.4200e-05 -1.3339e-05 -1.2521e-05 -1.1744e-05 -1.1007e-05 -1.0308e-05 -9.6465e-06 -9.0205e-06 -8.4288e-06 2.2262e-04 2.2235e-04 2.2191e-04 2.2129e-04 2.2049e-04 2.1952e-04 2.1839e-04 2.1708e-04 2.1561e-04 2.1398e-04 2.1219e-04 2.1024e-04 2.0815e-04 2.0591e-04 2.0354e-04 2.0103e-04 0.0000e+00 1.9564e-04 1.9276e-04 1.8978e-04 1.8669e-04 1.8350e-04 1.8023e-04 1.7687e-04 1.7344e-04 1.6994e-04 1.6637e-04 1.6275e-04 1.5908e-04 1.5537e-04 1.5162e-04 1.4785e-04 1.4405e-04 1.4024e-04 1.3642e-04 1.3260e-04 1.2878e-04 1.2497e-04 1.2118e-04 1.1741e-04 1.1366e-04 1.0995e-04 1.0627e-04 1.0263e-04 9.9037e-05 9.5493e-05 9.2003e-05 8.8569e-05 8.5195e-05 8.1883e-05 7.8637e-05 7.5460e-05 7.2352e-05 6.9317e-05 6.6356e-05 6.3470e-05 6.0661e-05 5.7930e-05 5.5277e-05 5.2703e-05 5.0209e-05 4.7795e-05 4.5459e-05 4.3204e-05 4.1027e-05 3.8928e-05 3.6907e-05 3.4963e-05 3.3095e-05 3.1301e-05 2.9581e-05 2.7932e-05 2.6355e-05 2.4846e-05 2.3405e-05 2.2029e-05 2.0718e-05 1.9469e-05 1.8281e-05 1.7151e-05 1.6078e-05 1.5060e-05 1.4095e-05 1.3182e-05 1.2317e-05 1.1500e-05 1.0728e-05 1.0001e-05 9.3145e-06 8.6685e-06 8.0608e-06 7.4896e-06 6.9532e-06 6.4501e-06 5.9784e-06 5.5368e-06 5.1237e-06 4.7375e-06 4.3769e-06 4.0404e-06
