1.0099e-04 -1.2345e-03 -1.2192e-03 -1.1982e-03 -1.1716e-03 -1.1399e-03 -1.1036e-03 -1.0632e-03 -1.0191e-03 -9.7198e-04 -9.2245e-04 -8.7109e-04 -8.1851e-04 -7.6528e-04 -7.1195e-04 -6.5905e-04 -6.0705e-04 -5.5637e-04 -5.0739e-04 -4.6042e-04 -4.1573e-04 -3.7350e-04 -3.3390e-04 -2.9702e-04 -2.6289e-04 -2.3153e-04 -2.0290e-04 -1.7693e-04 -1.5351e-04 -1.3253e-04 -1.1385e-04 -9.7317e-05 -8.2771e-05 -7.0049e-05 -5.8988e-05 -4.9427e-05 -4.1210e-05 -3.4188e-05 -2.8222e-05 -2.3181e-05 -1.8946e-05 -1.5407e-05 -1.2468e-05 -1.0039e-05 -8.0427e-06 -6.4116e-06 -5.0859e-06 -4.0143e-06 -3.1527e-06 -2.4637e-06 -1.9157e-06 -1.4822e-06 -1.1411e-06 -8.7416e-07 -6.6632e-07 -5.0537e-07 -3.8139e-07 -2.8640e-07 -2.1400e-07 -1.5910e-07 -1.1770e-07 -8.6642e-08 -6.3462e-08 -4.6252e-08 -3.3541e-08 -2.4203e-08 -1.7378e-08 -1.2415e-08 -8.8258e-09 -6.2429e-09 -4.3939e-09 -3.0772e-09 -2.1444e-09 -1.4869e-09 -1.0259e-09 -7.0427e-10 -4.8109e-10 -3.2700e-10 -2.2116e-10 -1.4883e-10 -9.9660e-11 -6.6403e-11 -4.4023e-11 -2.9042e-11 -1.9063e-11 -1.2451e-11 -8.0917e-12 -5.2326e-12 -3.3669e-12 -2.1557e-12 -1.3733e-12 -8.7054e-13 -5.4909e-13 -3.4462e-13 -2.1521e-13 -1.3373e-13 -8.2684e-14 -5.0869e-14 -3.1141e-14 -1.8968e-14 0.0000e+00 -1.2345e-03 -1.2192e-03 -1.1980e-03 -1.1714e-03 -1.1397e-03 -1.1033e-03 -1.0627e-03 -1.0186e-03 -9.7137e-04 -9.2175e-04 -8.7031e-04 -8.1764e-04 -7.6434e-04 -7.1095e-04 -6.5800e-04 -6.0595e-04 -5.5525e-04 -5.0625e-04 -4.5927e-04 -4.1458e-04 -3.7238e-04 -3.3280e-04 -2.9595e-04 -2.6187e-04 -2.3056e-04 -2.0198e-04 -1.7606e-04 -1.5271e-04 -1.3179e-04 -1.1317e-04 -9.6698e-05 -8.2212e-05 -6.9547e-05 -5.8541e-05 -4.9031e-05 -4.0861e-05 -3.3883e-05 -2.7956e-05 -2.2952e-05 -1.8749e-05 -1.5240e-05 -1.2326e-05 -9.9189e-06 -7.9424e-06 -6.3281e-06 -5.0168e-06 -3.9574e-06 -3.1062e-06 -2.4259e-06 -1.8852e-06 -1.4577e-06 -1.1215e-06 -8.5856e-07 -6.5399e-07 -4.9568e-07 -3.7383e-07 -2.8052e-07 -2.0946e-07 -1.5561e-07 -1.1504e-07 -8.4618e-08 -6.1932e-08 -4.5102e-08 -3.2682e-08 -2.3564e-08 -1.6906e-08 -1.2068e-08 -8.5720e-09 -6.0583e-09 -4.2604e-09 -2.9812e-09 -2.0756e-09 -1.4379e-09 -9.9122e-10 -6.7987e-10 -4.6400e-10 -3.1509e-10 -2.1291e-10 -1.4314e-10 -9.5760e-11 -6.3742e-11 -4.2219e-11 -2.7823e-11 -1.8245e-11 -1.1905e-11 -7.7289e-12 -4.9929e-12 -3.2093e-12 -2.0526e-12 -1.3063e-12 -8.2716e-13 -5.2117e-13 -3.2674e-13 -2.0382e-13 -1.2651e-13 -7.8134e-14 -4.8016e-14 -2.9360e-14 -1.7863e-14
-1.2345e-03 4.0397e-04 -1.2104e-03 -1.1898e-03 -1.1637e-03 -1.1326e-03 -1.0969e-03 -1.0571e-03 -1.0138e-03 -9.6743e-04 -9.1867e-04 -8.6809e-04 -8.1625e-04 -7.6374e-04 -7.1110e-04 -6.5883e-04 -6.0741e-04 -5.5724e-04 -5.0871e-04 -4.6212e-04 -4.1774e-04 -3.7576e-04 -3.3634e-04 -2.9957e-04 -2.6551e-04 -2.3417e-04 -2.0551e-04 -1.7947e-04 -1.5596e-04 -1.3487e-04 -1.1605e-04 -9.9369e-05 -8.4667e-05 -7.1785e-05 -6.0563e-05 -5.0845e-05 -4.2476e-05 -3.5309e-05 -2.9208e-05 -2.4042e-05 -1.9692e-05 -1.6050e-05 -1.3017e-05 -1.0506e-05 -8.4367e-06 -6.7419e-06 -5.3611e-06 -4.2421e-06 -3.3401e-06 -2.6169e-06 -2.0403e-06 -1.5828e-06 -1.2219e-06 -9.3865e-07 -7.1749e-07 -5.4574e-07 -4.1306e-07 -3.1109e-07 -2.3315e-07 -1.7387e-07 -1.2902e-07 -9.5270e-08 -7.0001e-08 -5.1181e-08 -3.7236e-08 -2.6957e-08 -1.9419e-08 -1.3920e-08 -9.9293e-09 -7.0476e-09 -4.9775e-09 -3.4981e-09 -2.4463e-09 -1.7023e-09 -1.1787e-09 -8.1217e-10 -5.5683e-10 -3.7989e-10 -2.5789e-10 -1.7421e-10 -1.1710e-10 -7.8321e-11 -5.2126e-11 -3.4521e-11 -2.2749e-11 -1.4917e-11 -9.7335e-12 -6.3197e-12 -4.0829e-12 -2.6247e-12 -1.6790e-12 -1.0687e-12 -6.7692e-13 -4.2663e-13 -2.6755e-13 -1.6696e-13 -1.0367e-13 -6.4056e-14 -3.9383e-14 -2.4093e-14 -1.2345e-03 0.0000e+00 -1.2102e-03 -1.1893e-03 -1.1629e-03 -1.1316e-03 -1.0955e-03 -1.0554e-03 -1.0117e-03 -9.6502e-04 -9.1590e-04 -8.6497e-04 -8.1282e-04 -7.6002e-04 -7.0713e-04 -6.5465e-04 -6.0306e-04 -5.5277e-04 -5.0417e-04 -4.5755e-04 -4.1319e-04 -3.7127e-04 -3.3196e-04 -2.9533e-04 -2.6144e-04 -2.3029e-04 -2.0184e-04 -1.7604e-04 -1.5276e-04 -1.3191e-04 -1.1334e-04 -9.6899e-05 -8.2433e-05 -6.9778e-05 -5.8772e-05 -4.9257e-05 -4.1078e-05 -3.4086e-05 -2.8144e-05 -2.3123e-05 -1.8903e-05 -1.5377e-05 -1.2446e-05 -1.0024e-05 -8.0334e-06 -6.4060e-06 -5.0829e-06 -4.0131e-06 -3.1527e-06 -2.4645e-06 -1.9170e-06 -1.4837e-06 -1.1426e-06 -8.7558e-07 -6.6763e-07 -5.0654e-07 -3.8241e-07 -2.8727e-07 -2.1472e-07 -1.5970e-07 -1.1819e-07 -8.7036e-08 -6.3775e-08 -4.6499e-08 -3.3734e-08 -2.4352e-08 -1.7492e-08 -1.2502e-08 -8.8914e-09 -6.2921e-09 -4.4305e-09 -3.1042e-09 -2.1642e-09 -1.5013e-09 -1.0363e-09 -7.1177e-10 -4.8645e-10 -3.3080e-10 -2.2384e-10 -1.5071e-10 -1.0097e-10 -6.7310e-11 -4.4648e-11 -2.9469e-11 -1.9354e-11 -1.2648e-11 -8.2242e-12 -5.3212e-12 -3.4258e-12 -2.1946e-12 -1.3989e-12 -8.8728e-13 -5.5998e-13 -3.5166e-13 -2.1974e-13 -1.3662e-13 -8.4526e-14 -5.2034e-14 -3.1873e-14 -1.9427e-14
-1.2192e-03 -1.2104e-03 9.0892e-04 -1.1759e-03 -1.1506e-03 -1.1204e-03 -1.0858e-03 -1.0471e-03 -1.0050e-03 -9.5989e-04 -9.1240e-04 -8.6308e-04 -8.1248e-04 -7.6117e-04 -7.0965e-04 -6.5843e-04 -6.0795e-04 -5.5864e-04 -5.1085e-04 -4.6489e-04 -4.2102e-04 -3.7945e-04 -3.4033e-04 -3.0377e-04 -2.6983e-04 -2.3852e-04 -2.0982e-04 -1.8368e-04 -1.6002e-04 -1.3874e-04 -1.1970e-04 -1.0278e-04 -8.7816e-05 -7.4670e-05 -6.3185e-05 -5.3207e-05 -4.4587e-05 -3.7182e-05 -3.0857e-05 -2.5484e-05 -2.0943e-05 -1.7129e-05 -1.3941e-05 -1.1291e-05 -9.1003e-06 -7.2990e-06 -5.8258e-06 -4.6273e-06 -3.6575e-06 -2.8768e-06 -2.2518e-06 -1.7539e-06 -1.3595e-06 -1.0486e-06 -8.0491e-07 -6.1482e-07 -4.6732e-07 -3.5348e-07 -2.6606e-07 -1.9928e-07 -1.4854e-07 -1.1017e-07 -8.1316e-08 -5.9724e-08 -4.3651e-08 -3.1748e-08 -2.2977e-08 -1.6548e-08 -1.1859e-08 -8.4574e-09 -6.0018e-09 -4.2383e-09 -2.9783e-09 -2.0826e-09 -1.4492e-09 -1.0034e-09 -6.9136e-10 -4.7401e-10 -3.2340e-10 -2.1956e-10 -1.4832e-10 -9.9710e-11 -6.6700e-11 -4.4398e-11 -2.9408e-11 -1.9383e-11 -1.2712e-11 -8.2965e-12 -5.3879e-12 -3.4817e-12 -2.2388e-12 -1.4325e-12 -9.1210e-13 -5.7787e-13 -3.6431e-13 -2.2854e-13 -1.4266e-13 -8.8614e-14 -5.4770e-14 -3.3685e-14 -1.2192e-03 -1.2102e-03 0.0000e+00 -1.1748e-03 -1.1489e-03 -1.1181e-03 -1.0828e-03 -1.0434e-03 -1.0004e-03 -9.5452e-04 -9.0624e-04 -8.5615e-04 -8.0484e-04 -7.5288e-04 -7.0080e-04 -6.4910e-04 -5.9825e-04 -5.4867e-04 -5.0071e-04 -4.5470e-04 -4.1087e-04 -3.6944e-04 -3.3054e-04 -2.9429e-04 -2.6071e-04 -2.2983e-04 -2.0161e-04 -1.7598e-04 -1.5285e-04 -1.3211e-04 -1.1361e-04 -9.7228e-05 -8.2795e-05 -7.0157e-05 -5.9155e-05 -4.9632e-05 -4.1436e-05 -3.4424e-05 -2.8456e-05 -2.3408e-05 -1.9160e-05 -1.5605e-05 -1.2647e-05 -1.0200e-05 -8.1851e-06 -6.5360e-06 -5.1934e-06 -4.1063e-06 -3.2307e-06 -2.5292e-06 -1.9703e-06 -1.5273e-06 -1.1781e-06 -9.0422e-07 -6.9060e-07 -5.2484e-07 -3.9690e-07 -2.9866e-07 -2.2363e-07 -1.6663e-07 -1.2354e-07 -9.1139e-08 -6.6905e-08 -4.8873e-08 -3.5524e-08 -2.5694e-08 -1.8492e-08 -1.3243e-08 -9.4375e-09 -6.6922e-09 -4.7220e-09 -3.3154e-09 -2.3163e-09 -1.6103e-09 -1.1139e-09 -7.6677e-10 -5.2520e-10 -3.5795e-10 -2.4276e-10 -1.6383e-10 -1.1001e-10 -7.3509e-11 -4.8876e-11 -3.2337e-11 -2.1288e-11 -1.3946e-11 -9.0905e-12 -5.8963e-12 -3.8056e-12 -2.4441e-12 -1.5619e-12 -9.9322e-13 -6.2847e-13 -3.9570e-13 -2.4791e-13 -1.5455e-13 -9.5876e-14 -5.9181e-14 -3.6350e-14 -2.2217e-14
-1.1982e-03 -1.1898e-03 -1.1759e-03 1.6158e-03 -1.1325e-03 -1.1036e-03 -1.0703e-03 -1.0333e-03 -9.9277e-04 -9.4940e-04 -9.0365e-04 -8.5607e-04 -8.0718e-04 -7.5751e-04 -7.0754e-04 -6.5776e-04 -6.0861e-04 -5.6047e-04 -5.1371e-04 -4.6862e-04 -4.2548e-04 -3.8448e-04 -3.4579e-04 -3.0953e-04 -2.7575e-04 -2.4450e-04 -2.1576e-04 -1.8950e-04 -1.6564e-04 -1.4410e-04 -1.2477e-04 -1.0751e-04 -9.2203e-05 -7.8697e-05 -6.6849e-05 -5.6513e-05 -4.7548e-05 -3.9813e-05 -3.3177e-05 -2.7515e-05 -2.2710e-05 -1.8654e-05 -1.5249e-05 -1.2406e-05 -1.0044e-05 -8.0928e-06 -6.4892e-06 -5.1783e-06 -4.1123e-06 -3.2500e-06 -2.5561e-06 -2.0007e-06 -1.5583e-06 -1.2079e-06 -9.3179e-07 -7.1529e-07 -5.4643e-07 -4.1541e-07 -3.1427e-07 -2.3660e-07 -1.7726e-07 -1.3215e-07 -9.8046e-08 -7.2388e-08 -5.3184e-08 -3.8884e-08 -2.8290e-08 -2.0482e-08 -1.4757e-08 -1.0580e-08 -7.5479e-09 -5.3586e-09 -3.7857e-09 -2.6614e-09 -1.8618e-09 -1.2961e-09 -8.9782e-10 -6.1888e-10 -4.2452e-10 -2.8976e-10 -1.9681e-10 -1.3302e-10 -8.9463e-11 -5.9872e-11 -3.9872e-11 -2.6422e-11 -1.7423e-11 -1.1432e-11 -7.4645e-12 -4.8497e-12 -3.1354e-12 -2.0170e-12 -1.2912e-12 -8.2246e-13 -5.2131e-13 -3.2879e-13 -2.0635e-13 -1.2886e-13 -8.0075e-14 -4.9513e-14 -1.1980e-03 -1.1893e-03 -1.1748e-03 0.0000e+00 -1.1296e-03 -1.0996e-03 -1.0651e-03 -1.0267e-03 -9.8481e-04 -9.4001e-04 -8.9287e-04 -8.4395e-04 -7.9380e-04 -7.4299e-04 -6.9203e-04 -6.4141e-04 -5.9159e-04 -5.4297e-04 -4.9591e-04 -4.5071e-04 -4.0763e-04 -3.6687e-04 -3.2856e-04 -2.9282e-04 -2.5969e-04 -2.2918e-04 -2.0127e-04 -1.7589e-04 -1.5296e-04 -1.3237e-04 -1.1399e-04 -9.7677e-05 -8.3293e-05 -7.0679e-05 -5.9682e-05 -5.0150e-05 -4.1934e-05 -3.4892e-05 -2.8890e-05 -2.3804e-05 -1.9517e-05 -1.5924e-05 -1.2929e-05 -1.0446e-05 -8.3980e-06 -6.7187e-06 -5.3489e-06 -4.2375e-06 -3.3406e-06 -2.6206e-06 -2.0457e-06 -1.5891e-06 -1.2284e-06 -9.4490e-07 -7.2326e-07 -5.5090e-07 -4.1756e-07 -3.1494e-07 -2.3638e-07 -1.7654e-07 -1.3121e-07 -9.7034e-08 -7.1410e-08 -5.2295e-08 -3.8109e-08 -2.7635e-08 -1.9941e-08 -1.4319e-08 -1.0231e-08 -7.2746e-09 -5.1471e-09 -3.6238e-09 -2.5389e-09 -1.7700e-09 -1.2279e-09 -8.4769e-10 -5.8231e-10 -3.9805e-10 -2.7076e-10 -1.8327e-10 -1.2344e-10 -8.2734e-11 -5.5179e-11 -3.6620e-11 -2.4184e-11 -1.5893e-11 -1.0393e-11 -6.7627e-12 -4.3789e-12 -2.8215e-12 -1.8090e-12 -1.1542e-12 -7.3273e-13 -4.6290e-13 -2.9100e-13 -1.8203e-13 -1.1331e-13 -7.0183e-14 -4.3257e-14 -2.6531e-14
-1.1716e-03 -1.1637e-03 -1.1506e-03 -1.1325e-03 2.5246e-03 -1.0823e-03 -1.0508e-03 -1.0157e-03 -9.7728e-04 -9.3605e-04 -8.9248e-04 -8.4708e-04 -8.0033e-04 -7.5272e-04 -7.0471e-04 -6.5675e-04 -6.0926e-04 -5.6261e-04 -5.1716e-04 -4.7320e-04 -4.3098e-04 -3.9073e-04 -3.5260e-04 -3.1672e-04 -2.8318e-04 -2.5202e-04 -2.2325e-04 -1.9685e-04 -1.7276e-04 -1.5091e-04 -1.3121e-04 -1.1355e-04 -9.7805e-05 -8.3849e-05 -7.1547e-05 -6.0763e-05 -5.1361e-05 -4.3209e-05 -3.6179e-05 -3.0149e-05 -2.5006e-05 -2.0641e-05 -1.6957e-05 -1.3865e-05 -1.1282e-05 -9.1368e-06 -7.3640e-06 -5.9068e-06 -4.7152e-06 -3.7460e-06 -2.9617e-06 -2.3303e-06 -1.8247e-06 -1.4219e-06 -1.1027e-06 -8.5102e-07 -6.5360e-07 -4.9955e-07 -3.7996e-07 -2.8759e-07 -2.1663e-07 -1.6238e-07 -1.2112e-07 -8.9909e-08 -6.6415e-08 -4.8820e-08 -3.5712e-08 -2.5995e-08 -1.8830e-08 -1.3573e-08 -9.7361e-09 -6.9495e-09 -4.9361e-09 -3.4889e-09 -2.4539e-09 -1.7174e-09 -1.1961e-09 -8.2893e-10 -5.7165e-10 -3.9228e-10 -2.6787e-10 -1.8201e-10 -1.2307e-10 -8.2802e-11 -5.5435e-11 -3.6931e-11 -2.4482e-11 -1.6149e-11 -1.0600e-11 -6.9232e-12 -4.4995e-12 -2.9098e-12 -1.8725e-12 -1.1990e-12 -7.6394e-13 -4.8434e-13 -3.0556e-13 -1.9181e-13 -1.1981e-13 -7.4468e-14 -1.1714e-03 -1.1629e-03 -1.1489e-03 -1.1296e-03 0.0000e+00 -1.0762e-03 -1.0429e-03 -1.0057e-03 -9.6509e-04 -9.2168e-04 -8.7597e-04 -8.2851e-04 -7.7983e-04 -7.3046e-04 -6.8091e-04 -6.3165e-04 -5.8312e-04 -5.3572e-04 -4.8979e-04 -4.4563e-04 -4.0349e-04 -3.6357e-04 -3.2602e-04 -2.9093e-04 -2.5836e-04 -2.2832e-04 -2.0080e-04 -1.7575e-04 -1.5307e-04 -1.3268e-04 -1.1444e-04 -9.8235e-05 -8.3915e-05 -7.1335e-05 -6.0348e-05 -5.0805e-05 -4.2564e-05 -3.5487e-05 -2.9443e-05 -2.4310e-05 -1.9975e-05 -1.6333e-05 -1.3290e-05 -1.0762e-05 -8.6723e-06 -6.9545e-06 -5.5499e-06 -4.4075e-06 -3.4832e-06 -2.7394e-06 -2.1440e-06 -1.6698e-06 -1.2942e-06 -9.9817e-07 -7.6612e-07 -5.8517e-07 -4.4478e-07 -3.3642e-07 -2.5323e-07 -1.8968e-07 -1.4139e-07 -1.0488e-07 -7.7415e-08 -5.6866e-08 -4.1568e-08 -3.0238e-08 -2.1889e-08 -1.5767e-08 -1.1303e-08 -8.0627e-09 -5.7234e-09 -4.0430e-09 -2.8421e-09 -1.9881e-09 -1.3839e-09 -9.5868e-10 -6.6085e-10 -4.5332e-10 -3.0944e-10 -2.1020e-10 -1.4208e-10 -9.5574e-11 -6.3974e-11 -4.2613e-11 -2.8246e-11 -1.8631e-11 -1.2229e-11 -7.9872e-12 -5.1914e-12 -3.3577e-12 -2.1611e-12 -1.3841e-12 -8.8211e-13 -5.5944e-13 -3.5306e-13 -2.2172e-13 -1.3856e-13 -8.6167e-14 -5.3321e-14 -3.2834e-14
-1.1399e-03 -1.1326e-03 -1.1204e-03 -1.1036e-03 -1.0823e-03 3.6353e-03 -1.0275e-03 -9.9461e-04 -9.5863e-04 -9.1993e-04 -8.7894e-04 -8.3612e-04 -7.9190e-04 -7.4674e-04 -7.0106e-04 -6.5527e-04 -6.0977e-04 -5.6492e-04 -5.2105e-04 -4.7844e-04 -4.3736e-04 -3.9802e-04 -3.6059e-04 -3.2521e-04 -2.9198e-04 -2.6096e-04 -2.3218e-04 -2.0563e-04 -1.8128e-04 -1.5909e-04 -1.3897e-04 -1.2084e-04 -1.0459e-04 -9.0107e-05 -7.7269e-05 -6.5951e-05 -5.6029e-05 -4.7378e-05 -3.9874e-05 -3.3401e-05 -2.7848e-05 -2.3108e-05 -1.9085e-05 -1.5687e-05 -1.2833e-05 -1.0448e-05 -8.4662e-06 -6.8274e-06 -5.4795e-06 -4.3767e-06 -3.4791e-06 -2.7522e-06 -2.1668e-06 -1.6976e-06 -1.3236e-06 -1.0271e-06 -7.9308e-07 -6.0944e-07 -4.6605e-07 -3.5466e-07 -2.6859e-07 -2.0241e-07 -1.5180e-07 -1.1329e-07 -8.4131e-08 -6.2175e-08 -4.5724e-08 -3.3461e-08 -2.4367e-08 -1.7658e-08 -1.2733e-08 -9.1370e-09 -6.5242e-09 -4.6357e-09 -3.2776e-09 -2.3060e-09 -1.6145e-09 -1.1247e-09 -7.7968e-10 -5.3783e-10 -3.6917e-10 -2.5215e-10 -1.7137e-10 -1.1590e-10 -7.7993e-11 -5.2226e-11 -3.4799e-11 -2.3072e-11 -1.5222e-11 -9.9928e-12 -6.5276e-12 -4.2429e-12 -2.7442e-12 -1.7661e-12 -1.1310e-12 -7.2069e-13 -4.5696e-13 -2.8830e-13 -1.8099e-13 -1.1306e-13 -1.1397e-03 -1.1316e-03 -1.1181e-03 -1.0996e-03 -1.0762e-03 0.0000e+00 -1.0163e-03 -9.8053e-04 -9.4152e-04 -8.9976e-04 -8.5575e-04 -8.1002e-04 -7.6307e-04 -7.1542e-04 -6.6754e-04 -6.1990e-04 -5.7291e-04 -5.2696e-04 -4.8238e-04 -4.3947e-04 -3.9846e-04 -3.5955e-04 -3.2290e-04 -2.8859e-04 -2.5670e-04 -2.2724e-04 -2.0020e-04 -1.7554e-04 -1.5317e-04 -1.3302e-04 -1.1497e-04 -9.8886e-05 -8.4648e-05 -7.2114e-05 -6.1141e-05 -5.1590e-05 -4.3322e-05 -3.6204e-05 -3.0111e-05 -2.4923e-05 -2.0530e-05 -1.6830e-05 -1.3731e-05 -1.1149e-05 -9.0085e-06 -7.2441e-06 -5.7973e-06 -4.6172e-06 -3.6595e-06 -2.8866e-06 -2.2659e-06 -1.7702e-06 -1.3762e-06 -1.0648e-06 -8.1983e-07 -6.2819e-07 -4.7903e-07 -3.6353e-07 -2.7454e-07 -2.0633e-07 -1.5432e-07 -1.1487e-07 -8.5084e-08 -6.2719e-08 -4.6009e-08 -3.3588e-08 -2.4401e-08 -1.7641e-08 -1.2692e-08 -9.0875e-09 -6.4750e-09 -4.5912e-09 -3.2396e-09 -2.2748e-09 -1.5896e-09 -1.1054e-09 -7.6497e-10 -5.2680e-10 -3.6102e-10 -2.4621e-10 -1.6709e-10 -1.1285e-10 -7.5842e-11 -5.0724e-11 -3.3759e-11 -2.2359e-11 -1.4736e-11 -9.6651e-12 -6.3081e-12 -4.0971e-12 -2.6480e-12 -1.7031e-12 -1.0901e-12 -6.9427e-13 -4.4003e-13 -2.7753e-13 -1.7418e-13 -1.0879e-13 -6.7612e-14 -4.1816e-14
-1.1036e-03 -1.0969e-03 -1.0858e-03 -1.0703e-03 -1.0508e-03 -1.0275e-03 4.9478e-03 -9.7023e-04 -9.3700e-04 -9.0116e-04 -8.6311e-04 -8.2321e-04 -7.8189e-04 -7.3952e-04 -6.9650e-04 -6.5321e-04 -6.1000e-04 -5.6722e-04 -5.2519e-04 -4.8417e-04 -4.4442e-04 -4.0616e-04 -3.6958e-04 -3.3481e-04 -3.0198e-04 -2.7116e-04 -2.4240e-04 -2.1572e-04 -1.9112e-04 -1.6856e-04 -1.4799e-04 -1.2934e-04 -1.1252e-04 -9.7444e-05 -8.3998e-05 -7.2074e-05 -6.1555e-05 -5.2328e-05 -4.4276e-05 -3.7288e-05 -3.1256e-05 -2.6076e-05 -2.1652e-05 -1.7894e-05 -1.4718e-05 -1.2048e-05 -9.8152e-06 -7.9582e-06 -6.4217e-06 -5.1570e-06 -4.1214e-06 -3.2780e-06 -2.5946e-06 -2.0438e-06 -1.6021e-06 -1.2498e-06 -9.7022e-07 -7.4954e-07 -5.7623e-07 -4.4085e-07 -3.3562e-07 -2.5427e-07 -1.9169e-07 -1.4381e-07 -1.0736e-07 -7.9758e-08 -5.8961e-08 -4.3373e-08 -3.1750e-08 -2.3127e-08 -1.6763e-08 -1.2091e-08 -8.6778e-09 -6.1976e-09 -4.4044e-09 -3.1146e-09 -2.1917e-09 -1.5346e-09 -1.0692e-09 -7.4132e-10 -5.1142e-10 -3.5107e-10 -2.3981e-10 -1.6300e-10 -1.1024e-10 -7.4192e-11 -4.9683e-11 -3.3106e-11 -2.1951e-11 -1.4482e-11 -9.5074e-12 -6.2106e-12 -4.0368e-12 -2.6109e-12 -1.6803e-12 -1.0760e-12 -6.8564e-13 -4.3472e-13 -2.7426e-13 -1.7217e-13 -1.1033e-03 -1.0955e-03 -1.0828e-03 -1.0651e-03 -1.0429e-03 -1.0163e-03 0.0000e+00 -9.5164e-04 -9.1441e-04 -8.7452e-04 -8.3245e-04 -7.8869e-04 -7.4372e-04 -6.9803e-04 -6.5207e-04 -6.0628e-04 -5.6106e-04 -5.1678e-04 -4.7375e-04 -4.3226e-04 -3.9256e-04 -3.5482e-04 -3.1921e-04 -2.8581e-04 -2.5471e-04 -2.2592e-04 -1.9944e-04 -1.7524e-04 -1.5324e-04 -1.3338e-04 -1.1554e-04 -9.9614e-05 -8.5478e-05 -7.3001e-05 -6.2051e-05 -5.2493e-05 -4.4198e-05 -3.7037e-05 -3.0889e-05 -2.5640e-05 -2.1181e-05 -1.7415e-05 -1.4251e-05 -1.1606e-05 -9.4067e-06 -7.5882e-06 -6.0920e-06 -4.8676e-06 -3.8707e-06 -3.0633e-06 -2.4128e-06 -1.8913e-06 -1.4755e-06 -1.1456e-06 -8.8516e-07 -6.8068e-07 -5.2093e-07 -3.9677e-07 -3.0075e-07 -2.2688e-07 -1.7033e-07 -1.2726e-07 -9.4624e-08 -7.0020e-08 -5.1565e-08 -3.7791e-08 -2.7564e-08 -2.0007e-08 -1.4452e-08 -1.0389e-08 -7.4326e-09 -5.2917e-09 -3.7493e-09 -2.6436e-09 -1.8550e-09 -1.2954e-09 -9.0019e-10 -6.2255e-10 -4.2845e-10 -2.9344e-10 -2.0000e-10 -1.3566e-10 -9.1566e-11 -6.1506e-11 -4.1114e-11 -2.7349e-11 -1.8105e-11 -1.1927e-11 -7.8188e-12 -5.1009e-12 -3.3115e-12 -2.1394e-12 -1.3754e-12 -8.7998e-13 -5.6025e-13 -3.5495e-13 -2.2379e-13 -1.4041e-13 -8.7661e-14 -5.4464e-14
-1.0632e-03 -1.0571e-03 -1.0471e-03 -1.0333e-03 -1.0157e-03 -9.9461e-04 -9.7023e-04 6.4620e-03 -9.1258e-04 -8.7989e-04 -8.4505e-04 -8.0839e-04 -7.7026e-04 -7.3098e-04 -6.9093e-04 -6.5042e-04 -6.0978e-04 -5.6934e-04 -5.2937e-04 -4.9016e-04 -4.5195e-04 -4.1495e-04 -3.7935e-04 -3.4532e-04 -3.1299e-04 -2.8245e-04 -2.5377e-04 -2.2700e-04 -2.0215e-04 -1.7922e-04 -1.5818e-04 -1.3897e-04 -1.2155e-04 -1.0583e-04 -9.1714e-05 -7.9119e-05 -6.7938e-05 -5.8066e-05 -4.9398e-05 -4.1827e-05 -3.5251e-05 -2.9568e-05 -2.4685e-05 -2.0510e-05 -1.6961e-05 -1.3959e-05 -1.1433e-05 -9.3199e-06 -7.5608e-06 -6.1041e-06 -4.9044e-06 -3.9215e-06 -3.1204e-06 -2.4709e-06 -1.9471e-06 -1.5269e-06 -1.1916e-06 -9.2535e-07 -7.1510e-07 -5.4992e-07 -4.2083e-07 -3.2047e-07 -2.4285e-07 -1.8313e-07 -1.3741e-07 -1.0260e-07 -7.6237e-08 -5.6367e-08 -4.1471e-08 -3.0361e-08 -2.2118e-08 -1.6034e-08 -1.1566e-08 -8.3016e-09 -5.9293e-09 -4.2140e-09 -2.9801e-09 -2.0971e-09 -1.4684e-09 -1.0232e-09 -7.0936e-10 -4.8938e-10 -3.3594e-10 -2.2947e-10 -1.5597e-10 -1.0548e-10 -7.0987e-11 -4.7535e-11 -3.1673e-11 -2.1000e-11 -1.3854e-11 -9.0945e-12 -5.9405e-12 -3.8610e-12 -2.4970e-12 -1.6069e-12 -1.0289e-12 -6.5559e-13 -4.1563e-13 -2.6220e-13 -1.0627e-03 -1.0554e-03 -1.0434e-03 -1.0267e-03 -1.0057e-03 -9.8053e-04 -9.5164e-04 0.0000e+00 -8.8409e-04 -8.4627e-04 -8.0634e-04 -7.6476e-04 -7.2199e-04 -6.7847e-04 -6.3465e-04 -5.9091e-04 -5.4766e-04 -5.0523e-04 -4.6394e-04 -4.2405e-04 -3.8581e-04 -3.4939e-04 -3.1494e-04 -2.8258e-04 -2.5237e-04 -2.2434e-04 -1.9851e-04 -1.7483e-04 -1.5326e-04 -1.3373e-04 -1.1614e-04 -1.0040e-04 -8.6386e-05 -7.3982e-05 -6.3063e-05 -5.3505e-05 -4.5184e-05 -3.7978e-05 -3.1772e-05 -2.6455e-05 -2.1925e-05 -1.8085e-05 -1.4848e-05 -1.2133e-05 -9.8675e-06 -7.9873e-06 -6.4350e-06 -5.1599e-06 -4.1179e-06 -3.2708e-06 -2.5857e-06 -2.0344e-06 -1.5931e-06 -1.2416e-06 -9.6303e-07 -7.4344e-07 -5.7119e-07 -4.3677e-07 -3.3239e-07 -2.5175e-07 -1.8976e-07 -1.4236e-07 -1.0629e-07 -7.8975e-08 -5.8402e-08 -4.2981e-08 -3.1481e-08 -2.2947e-08 -1.6647e-08 -1.2018e-08 -8.6350e-09 -6.1744e-09 -4.3937e-09 -3.1116e-09 -2.1930e-09 -1.5381e-09 -1.0736e-09 -7.4579e-10 -5.1556e-10 -3.5468e-10 -2.4283e-10 -1.6545e-10 -1.1218e-10 -7.5696e-11 -5.0830e-11 -3.3967e-11 -2.2589e-11 -1.4949e-11 -9.8453e-12 -6.4525e-12 -4.2084e-12 -2.7315e-12 -1.7643e-12 -1.1340e-12 -7.2535e-13 -4.6171e-13 -2.9246e-13 -1.8435e-13 -1.1564e-13 -7.2187e-14
-1.0191e-03 -1.0138e-03 -1.0050e-03 -9.9277e-04 -9.7728e-04 -9.5863e-04 -9.3700e-04 -9.1258e-04 8.1779e-03 -8.5627e-04 -8.2489e-04 -7.9170e-04 -7.5700e-04 -7.2108e-04 -6.8424e-04 -6.4676e-04 -6.0894e-04 -5.7106e-04 -5.3339e-04 -4.9620e-04 -4.5971e-04 -4.2414e-04 -3.8969e-04 -3.5653e-04 -3.2480e-04 -2.9463e-04 -2.6611e-04 -2.3929e-04 -2.1423e-04 -1.9095e-04 -1.6944e-04 -1.4967e-04 -1.3162e-04 -1.1521e-04 -1.0039e-04 -8.7072e-05 -7.5172e-05 -6.4597e-05 -5.5251e-05 -4.7036e-05 -3.9854e-05 -3.3609e-05 -2.8209e-05 -2.3563e-05 -1.9589e-05 -1.6208e-05 -1.3346e-05 -1.0936e-05 -8.9186e-06 -7.2382e-06 -5.8459e-06 -4.6987e-06 -3.7582e-06 -2.9914e-06 -2.3694e-06 -1.8677e-06 -1.4650e-06 -1.1435e-06 -8.8818e-07 -6.8650e-07 -5.2802e-07 -4.0413e-07 -3.0780e-07 -2.3327e-07 -1.7592e-07 -1.3202e-07 -9.8583e-08 -7.3254e-08 -5.4164e-08 -3.9852e-08 -2.9176e-08 -2.1255e-08 -1.5408e-08 -1.1115e-08 -7.9778e-09 -5.6979e-09 -4.0494e-09 -2.8637e-09 -2.0151e-09 -1.4109e-09 -9.8304e-10 -6.8152e-10 -4.7014e-10 -3.2271e-10 -2.2042e-10 -1.4981e-10 -1.0131e-10 -6.8173e-11 -4.5647e-11 -3.0413e-11 -2.0162e-11 -1.3300e-11 -8.7302e-12 -5.7020e-12 -3.7057e-12 -2.3963e-12 -1.5419e-12 -9.8725e-13 -6.2896e-13 -3.9871e-13 -1.0186e-03 -1.0117e-03 -1.0004e-03 -9.8481e-04 -9.6509e-04 -9.4152e-04 -9.1441e-04 -8.8409e-04 0.0000e+00 -8.1534e-04 -7.7772e-04 -7.3851e-04 -6.9811e-04 -6.5695e-04 -6.1543e-04 -5.7393e-04 -5.3282e-04 -4.9241e-04 -4.5302e-04 -4.1488e-04 -3.7824e-04 -3.4327e-04 -3.1011e-04 -2.7889e-04 -2.4967e-04 -2.2249e-04 -1.9737e-04 -1.7428e-04 -1.5320e-04 -1.3404e-04 -1.1675e-04 -1.0122e-04 -8.7351e-05 -7.5038e-05 -6.4163e-05 -5.4612e-05 -4.6268e-05 -3.9018e-05 -3.2752e-05 -2.7364e-05 -2.2757e-05 -1.8838e-05 -1.5522e-05 -1.2729e-05 -1.0391e-05 -8.4422e-06 -6.8271e-06 -5.4952e-06 -4.4024e-06 -3.5105e-06 -2.7861e-06 -2.2008e-06 -1.7303e-06 -1.3540e-06 -1.0545e-06 -8.1741e-07 -6.3063e-07 -4.8423e-07 -3.7006e-07 -2.8147e-07 -2.1307e-07 -1.6053e-07 -1.2037e-07 -8.9829e-08 -6.6718e-08 -4.9317e-08 -3.6281e-08 -2.6563e-08 -1.9356e-08 -1.4036e-08 -1.0130e-08 -7.2762e-09 -5.2012e-09 -3.7002e-09 -2.6197e-09 -1.8458e-09 -1.2943e-09 -9.0322e-10 -6.2727e-10 -4.3354e-10 -2.9819e-10 -2.0411e-10 -1.3904e-10 -9.4260e-11 -6.3592e-11 -4.2695e-11 -2.8527e-11 -1.8968e-11 -1.2551e-11 -8.2647e-12 -5.4159e-12 -3.5319e-12 -2.2921e-12 -1.4803e-12 -9.5137e-13 -6.0847e-13 -3.8727e-13 -2.4528e-13 -1.5460e-13 -9.6970e-14
-9.7198e-04 -9.6743e-04 -9.5989e-04 -9.4940e-04 -9.3605e-04 -9.1993e-04 -9.0116e-04 -8.7989e-04 -8.5627e-04 1.0095e-02 -8.0272e-04 -7.7320e-04 -7.4213e-04 -7.0976e-04 -6.7633e-04 -6.4210e-04 -6.0730e-04 -5.7219e-04 -5.3702e-04 -5.0203e-04 -4.6745e-04 -4.3348e-04 -4.0034e-04 -3.6819e-04 -3.3720e-04 -3.0751e-04 -2.7922e-04 -2.5244e-04 -2.2723e-04 -2.0363e-04 -1.8167e-04 -1.6135e-04 -1.4265e-04 -1.2555e-04 -1.0999e-04 -9.5910e-05 -8.3248e-05 -7.1921e-05 -6.1845e-05 -5.2930e-05 -4.5086e-05 -3.8223e-05 -3.2251e-05 -2.7081e-05 -2.2632e-05 -1.8823e-05 -1.5580e-05 -1.2833e-05 -1.0520e-05 -8.5815e-06 -6.9664e-06 -5.6279e-06 -4.5244e-06 -3.6196e-06 -2.8816e-06 -2.2828e-06 -1.7996e-06 -1.4118e-06 -1.1021e-06 -8.5612e-07 -6.6177e-07 -5.0903e-07 -3.8962e-07 -2.9675e-07 -2.2490e-07 -1.6961e-07 -1.2729e-07 -9.5049e-08 -7.0627e-08 -5.2221e-08 -3.8421e-08 -2.8128e-08 -2.0491e-08 -1.4853e-08 -1.0714e-08 -7.6895e-09 -5.4916e-09 -3.9026e-09 -2.7596e-09 -1.9417e-09 -1.3595e-09 -9.4711e-10 -6.5655e-10 -4.5288e-10 -3.1084e-10 -2.1229e-10 -1.4427e-10 -9.7555e-11 -6.5640e-11 -4.3947e-11 -2.9277e-11 -1.9408e-11 -1.2801e-11 -8.4018e-12 -5.4870e-12 -3.5656e-12 -2.3055e-12 -1.4834e-12 -9.4966e-13 -6.0496e-13 -9.7137e-04 -9.6502e-04 -9.5452e-04 -9.4001e-04 -9.2168e-04 -8.9976e-04 -8.7452e-04 -8.4627e-04 -8.1534e-04 0.0000e+00 -7.4693e-04 -7.1021e-04 -6.7233e-04 -6.3367e-04 -5.9461e-04 -5.5550e-04 -5.1666e-04 -4.7842e-04 -4.4105e-04 -4.0480e-04 -3.6988e-04 -3.3647e-04 -3.0472e-04 -2.7473e-04 -2.4659e-04 -2.2034e-04 -1.9601e-04 -1.7358e-04 -1.5303e-04 -1.3430e-04 -1.1733e-04 -1.0205e-04 -8.8353e-05 -7.6149e-05 -6.5333e-05 -5.5798e-05 -4.7438e-05 -4.0147e-05 -3.3821e-05 -2.8362e-05 -2.3674e-05 -1.9671e-05 -1.6270e-05 -1.3394e-05 -1.0976e-05 -8.9533e-06 -7.2694e-06 -5.8748e-06 -4.7257e-06 -3.7837e-06 -3.0154e-06 -2.3919e-06 -1.8885e-06 -1.4840e-06 -1.1607e-06 -9.0363e-07 -7.0017e-07 -5.3997e-07 -4.1447e-07 -3.1664e-07 -2.4076e-07 -1.8220e-07 -1.3723e-07 -1.0287e-07 -7.6750e-08 -5.6990e-08 -4.2116e-08 -3.0977e-08 -2.2675e-08 -1.6519e-08 -1.1977e-08 -8.6427e-09 -6.2068e-09 -4.4361e-09 -3.1554e-09 -2.2337e-09 -1.5736e-09 -1.1033e-09 -7.6985e-10 -5.3459e-10 -3.6944e-10 -2.5408e-10 -1.7391e-10 -1.1846e-10 -8.0297e-11 -5.4168e-11 -3.6365e-11 -2.4296e-11 -1.6154e-11 -1.0688e-11 -7.0378e-12 -4.6117e-12 -3.0073e-12 -1.9516e-12 -1.2603e-12 -8.0996e-13 -5.1801e-13 -3.2969e-13 -2.0881e-13 -1.3161e-13
-9.2245e-04 -9.1867e-04 -9.1240e-04 -9.0365e-04 -8.9248e-04 -8.7894e-04 -8.6311e-04 -8.4505e-04 -8.2489e-04 -8.0272e-04 1.2215e-02 -7.5295e-04 -7.2565e-04 -6.9698e-04 -6.6712e-04 -6.3629e-04 -6.0469e-04 -5.7253e-04 -5.4003e-04 -5.0743e-04 -4.7492e-04 -4.4273e-04 -4.1104e-04 -3.8006e-04 -3.4994e-04 -3.2085e-04 -2.9292e-04 -2.6626e-04 -2.4096e-04 -2.1711e-04 -1.9474e-04 -1.7389e-04 -1.5457e-04 -1.3677e-04 -1.2046e-04 -1.0560e-04 -9.2150e-05 -8.0034e-05 -6.9184e-05 -5.9522e-05 -5.0967e-05 -4.3434e-05 -3.6838e-05 -3.1093e-05 -2.6119e-05 -2.1834e-05 -1.8165e-05 -1.5039e-05 -1.2390e-05 -1.0159e-05 -8.2886e-06 -6.7297e-06 -5.4374e-06 -4.3718e-06 -3.4978e-06 -2.7849e-06 -2.2064e-06 -1.7395e-06 -1.3646e-06 -1.0653e-06 -8.2756e-07 -6.3970e-07 -4.9205e-07 -3.7661e-07 -2.8684e-07 -2.1739e-07 -1.6394e-07 -1.2302e-07 -9.1860e-08 -6.8253e-08 -5.0463e-08 -3.7125e-08 -2.7177e-08 -1.9797e-08 -1.4349e-08 -1.0349e-08 -7.4274e-09 -5.3040e-09 -3.7689e-09 -2.6649e-09 -1.8749e-09 -1.3126e-09 -9.1435e-10 -6.3379e-10 -4.3714e-10 -3.0001e-10 -2.0487e-10 -1.3922e-10 -9.4129e-11 -6.3329e-11 -4.2396e-11 -2.8241e-11 -1.8719e-11 -1.2346e-11 -8.1024e-12 -5.2909e-12 -3.4379e-12 -2.2228e-12 -1.4300e-12 -9.1540e-13 -9.2175e-04 -9.1590e-04 -9.0624e-04 -8.9287e-04 -8.7597e-04 -8.5575e-04 -8.3245e-04 -8.0634e-04 -7.7772e-04 -7.4693e-04 0.0000e+00 -6.8018e-04 -6.4493e-04 -6.0888e-04 -5.7238e-04 -5.3576e-04 -4.9932e-04 -4.6336e-04 -4.2813e-04 -3.9387e-04 -3.6078e-04 -3.2903e-04 -2.9877e-04 -2.7011e-04 -2.4313e-04 -2.1788e-04 -1.9440e-04 -1.7269e-04 -1.5272e-04 -1.3447e-04 -1.1787e-04 -1.0286e-04 -8.9367e-05 -7.7295e-05 -6.6554e-05 -5.7049e-05 -4.8681e-05 -4.1354e-05 -3.4971e-05 -2.9439e-05 -2.4670e-05 -2.0580e-05 -1.7090e-05 -1.4127e-05 -1.1624e-05 -9.5209e-06 -7.7625e-06 -6.2997e-06 -5.0891e-06 -4.0921e-06 -3.2753e-06 -2.6093e-06 -2.0691e-06 -1.6332e-06 -1.2830e-06 -1.0033e-06 -7.8087e-07 -6.0492e-07 -4.6642e-07 -3.5794e-07 -2.7340e-07 -2.0785e-07 -1.5727e-07 -1.1844e-07 -8.8774e-08 -6.6224e-08 -4.9169e-08 -3.6333e-08 -2.6720e-08 -1.9558e-08 -1.4247e-08 -1.0329e-08 -7.4531e-09 -5.3521e-09 -3.8250e-09 -2.7206e-09 -1.9258e-09 -1.3567e-09 -9.5119e-10 -6.6368e-10 -4.6086e-10 -3.1848e-10 -2.1903e-10 -1.4991e-10 -1.0211e-10 -6.9218e-11 -4.6694e-11 -3.1347e-11 -2.0943e-11 -1.3925e-11 -9.2134e-12 -6.0667e-12 -3.9754e-12 -2.5924e-12 -1.6823e-12 -1.0864e-12 -6.9823e-13 -4.4656e-13 -2.8421e-13 -1.8001e-13
-8.7109e-04 -8.6809e-04 -8.6308e-04 -8.5607e-04 -8.4708e-04 -8.3612e-04 -8.2321e-04 -8.0839e-04 -7.9170e-04 -7.7320e-04 -7.5295e-04 1.4535e-02 -7.0759e-04 -6.8271e-04 -6.5653e-04 -6.2922e-04 -6.0094e-04 -5.7187e-04 -5.4221e-04 -5.1214e-04 -4.8188e-04 -4.5161e-04 -4.2155e-04 -3.9188e-04 -3.6278e-04 -3.3442e-04 -3.0696e-04 -2.8054e-04 -2.5526e-04 -2.3123e-04 -2.0852e-04 -1.8720e-04 -1.6728e-04 -1.4880e-04 -1.3175e-04 -1.1611e-04 -1.0185e-04 -8.8923e-05 -7.7268e-05 -6.6822e-05 -5.7512e-05 -4.9264e-05 -4.1996e-05 -3.5628e-05 -3.0080e-05 -2.5273e-05 -2.1132e-05 -1.7583e-05 -1.4559e-05 -1.1997e-05 -9.8372e-06 -8.0270e-06 -6.5178e-06 -5.2665e-06 -4.2345e-06 -3.3881e-06 -2.6975e-06 -2.1372e-06 -1.6849e-06 -1.3218e-06 -1.0319e-06 -8.0154e-07 -6.1956e-07 -4.7654e-07 -3.6472e-07 -2.7777e-07 -2.1050e-07 -1.5873e-07 -1.1911e-07 -8.8932e-08 -6.6073e-08 -4.8847e-08 -3.5933e-08 -2.6303e-08 -1.9158e-08 -1.3885e-08 -1.0014e-08 -7.1860e-09 -5.1312e-09 -3.6458e-09 -2.5776e-09 -1.8133e-09 -1.2694e-09 -8.8418e-10 -6.1282e-10 -4.2264e-10 -2.9003e-10 -1.9805e-10 -1.3456e-10 -9.0976e-11 -6.1203e-11 -4.0969e-11 -2.7289e-11 -1.8086e-11 -1.1928e-11 -7.8271e-12 -5.1108e-12 -3.3206e-12 -2.1468e-12 -1.3810e-12 -8.7031e-04 -8.6497e-04 -8.5615e-04 -8.4395e-04 -8.2851e-04 -8.1002e-04 -7.8869e-04 -7.6476e-04 -7.3851e-04 -7.1021e-04 -6.8018e-04 0.0000e+00 -6.1616e-04 -5.8280e-04 -5.4894e-04 -5.1490e-04 -4.8094e-04 -4.4734e-04 -4.1433e-04 -3.8215e-04 -3.5097e-04 -3.2096e-04 -2.9227e-04 -2.6501e-04 -2.3927e-04 -2.1509e-04 -1.9253e-04 -1.7159e-04 -1.5226e-04 -1.3452e-04 -1.1833e-04 -1.0364e-04 -9.0369e-05 -7.8452e-05 -6.7806e-05 -5.8345e-05 -4.9982e-05 -4.2626e-05 -3.6191e-05 -3.0590e-05 -2.5740e-05 -2.1561e-05 -1.7979e-05 -1.4925e-05 -1.2333e-05 -1.0145e-05 -8.3070e-06 -6.7710e-06 -5.4938e-06 -4.4371e-06 -3.5672e-06 -2.8546e-06 -2.2738e-06 -1.8028e-06 -1.4228e-06 -1.1176e-06 -8.7386e-07 -6.8007e-07 -5.2679e-07 -4.0615e-07 -3.1167e-07 -2.3805e-07 -1.8096e-07 -1.3692e-07 -1.0311e-07 -7.7284e-08 -5.7652e-08 -4.2804e-08 -3.1629e-08 -2.3261e-08 -1.7026e-08 -1.2403e-08 -8.9922e-09 -6.4884e-09 -4.6594e-09 -3.3301e-09 -2.3686e-09 -1.6767e-09 -1.1812e-09 -8.2818e-10 -5.7788e-10 -4.0129e-10 -2.7732e-10 -1.9073e-10 -1.3055e-10 -8.8925e-11 -6.0281e-11 -4.0667e-11 -2.7302e-11 -1.8241e-11 -1.2129e-11 -8.0255e-12 -5.2847e-12 -3.4631e-12 -2.2584e-12 -1.4656e-12 -9.4656e-13 -6.0835e-13 -3.8909e-13 -2.4765e-13
-8.1851e-04 -8.1625e-04 -8.1248e-04 -8.0718e-04 -8.0033e-04 -7.9190e-04 -7.8189e-04 -7.7026e-04 -7.5700e-04 -7.4213e-04 -7.2565e-04 -7.0759e-04 1.7057e-02 -6.6694e-04 -6.4450e-04 -6.2079e-04 -5.9592e-04 -5.7005e-04 -5.4334e-04 -5.1594e-04 -4.8806e-04 -4.5988e-04 -4.3159e-04 -4.0339e-04 -3.7546e-04 -3.4799e-04 -3.2114e-04 -2.9508e-04 -2.6993e-04 -2.4583e-04 -2.2287e-04 -2.0113e-04 -1.8069e-04 -1.6157e-04 -1.4380e-04 -1.2739e-04 -1.1232e-04 -9.8570e-05 -8.6090e-05 -7.4831e-05 -6.4734e-05 -5.5731e-05 -4.7749e-05 -4.0713e-05 -3.4545e-05 -2.9170e-05 -2.4512e-05 -2.0498e-05 -1.7057e-05 -1.4125e-05 -1.1639e-05 -9.5443e-06 -7.7881e-06 -6.3239e-06 -5.1098e-06 -4.1085e-06 -3.2872e-06 -2.6172e-06 -2.0734e-06 -1.6346e-06 -1.2823e-06 -1.0009e-06 -7.7747e-07 -6.0092e-07 -4.6217e-07 -3.5371e-07 -2.6936e-07 -2.0411e-07 -1.5391e-07 -1.1548e-07 -8.6213e-08 -6.4048e-08 -4.7346e-08 -3.4826e-08 -2.5491e-08 -1.8565e-08 -1.3454e-08 -9.7022e-09 -6.9618e-09 -4.9708e-09 -3.5315e-09 -2.4966e-09 -1.7562e-09 -1.2293e-09 -8.5619e-10 -5.9338e-10 -4.0920e-10 -2.8079e-10 -1.9172e-10 -1.3026e-10 -8.8058e-11 -5.9235e-11 -3.9649e-11 -2.6408e-11 -1.7501e-11 -1.1541e-11 -7.5728e-12 -4.9444e-12 -3.2123e-12 -2.0766e-12 -8.1764e-04 -8.1282e-04 -8.0484e-04 -7.9380e-04 -7.7983e-04 -7.6307e-04 -7.4372e-04 -7.2199e-04 -6.9811e-04 -6.7233e-04 -6.4493e-04 -6.1616e-04 0.0000e+00 -5.5568e-04 -5.2451e-04 -4.9309e-04 -4.6166e-04 -4.3048e-04 -3.9975e-04 -3.6970e-04 -3.4050e-04 -3.1230e-04 -2.8525e-04 -2.5945e-04 -2.3500e-04 -2.1196e-04 -1.9037e-04 -1.7025e-04 -1.5161e-04 -1.3444e-04 -1.1869e-04 -1.0434e-04 -9.1333e-05 -7.9598e-05 -6.9068e-05 -5.9669e-05 -5.1323e-05 -4.3950e-05 -3.7470e-05 -3.1804e-05 -2.6875e-05 -2.2608e-05 -1.8934e-05 -1.5785e-05 -1.3101e-05 -1.0825e-05 -8.9031e-06 -7.2895e-06 -5.9411e-06 -4.8201e-06 -3.8927e-06 -3.1294e-06 -2.5041e-06 -1.9946e-06 -1.5814e-06 -1.2480e-06 -9.8038e-07 -7.6655e-07 -5.9656e-07 -4.6211e-07 -3.5629e-07 -2.7342e-07 -2.0884e-07 -1.5877e-07 -1.2013e-07 -9.0473e-08 -6.7815e-08 -5.0591e-08 -3.7563e-08 -2.7758e-08 -2.0416e-08 -1.4944e-08 -1.0887e-08 -7.8937e-09 -5.6962e-09 -4.0908e-09 -2.9239e-09 -2.0798e-09 -1.4724e-09 -1.0374e-09 -7.2736e-10 -5.0756e-10 -3.5248e-10 -2.4361e-10 -1.6756e-10 -1.1470e-10 -7.8132e-11 -5.2968e-11 -3.5736e-11 -2.3993e-11 -1.6032e-11 -1.0660e-11 -7.0542e-12 -4.6454e-12 -3.0444e-12 -1.9855e-12 -1.2886e-12 -8.3227e-13 -5.3494e-13 -3.4216e-13
-7.6528e-04 -7.6374e-04 -7.6117e-04 -7.5751e-04 -7.5272e-04 -7.4674e-04 -7.3952e-04 -7.3098e-04 -7.2108e-04 -7.0976e-04 -6.9698e-04 -6.8271e-04 -6.6694e-04 1.9780e-02 -6.3099e-04 -6.1090e-04 -5.8950e-04 -5.6690e-04 -5.4323e-04 -5.1862e-04 -4.9325e-04 -4.6729e-04 -4.4093e-04 -4.1435e-04 -3.8775e-04 -3.6131e-04 -3.3522e-04 -3.0966e-04 -2.8478e-04 -2.6072e-04 -2.3761e-04 -2.1556e-04 -1.9466e-04 -1.7496e-04 -1.5653e-04 -1.3938e-04 -1.2352e-04 -1.0895e-04 -9.5634e-05 -8.3547e-05 -7.2638e-05 -6.2849e-05 -5.4117e-05 -4.6373e-05 -3.9544e-05 -3.3557e-05 -2.8338e-05 -2.3814e-05 -1.9914e-05 -1.6572e-05 -1.3723e-05 -1.1309e-05 -9.2731e-06 -7.5667e-06 -6.1440e-06 -4.9643e-06 -3.9913e-06 -3.1933e-06 -2.5423e-06 -2.0140e-06 -1.5876e-06 -1.2454e-06 -9.7206e-07 -7.5499e-07 -5.8351e-07 -4.4875e-07 -3.4341e-07 -2.6150e-07 -1.9814e-07 -1.4939e-07 -1.1208e-07 -8.3672e-08 -6.2155e-08 -4.5944e-08 -3.3792e-08 -2.4732e-08 -1.8011e-08 -1.3052e-08 -9.4114e-09 -6.7527e-09 -4.8211e-09 -3.4250e-09 -2.4211e-09 -1.7030e-09 -1.1919e-09 -8.3013e-10 -5.7528e-10 -3.9669e-10 -2.7219e-10 -1.8584e-10 -1.2625e-10 -8.5344e-11 -5.7407e-11 -3.8423e-11 -2.5589e-11 -1.6958e-11 -1.1182e-11 -7.3370e-12 -4.7902e-12 -3.1119e-12 -7.6434e-04 -7.6002e-04 -7.5288e-04 -7.4299e-04 -7.3046e-04 -7.1542e-04 -6.9803e-04 -6.7847e-04 -6.5695e-04 -6.3367e-04 -6.0888e-04 -5.8280e-04 -5.5568e-04 0.0000e+00 -4.9929e-04 -4.7050e-04 -4.4163e-04 -4.1289e-04 -3.8449e-04 -3.5661e-04 -3.2942e-04 -3.0308e-04 -2.7771e-04 -2.5343e-04 -2.3033e-04 -2.0846e-04 -1.8790e-04 -1.6865e-04 -1.5075e-04 -1.3418e-04 -1.1892e-04 -1.0496e-04 -9.2234e-05 -8.0707e-05 -7.0317e-05 -6.1000e-05 -5.2688e-05 -4.5311e-05 -3.8796e-05 -3.3071e-05 -2.8068e-05 -2.3715e-05 -1.9949e-05 -1.6706e-05 -1.3928e-05 -1.1560e-05 -9.5508e-06 -7.8555e-06 -6.4319e-06 -5.2424e-06 -4.2534e-06 -3.4352e-06 -2.7617e-06 -2.2101e-06 -1.7605e-06 -1.3960e-06 -1.1018e-06 -8.6554e-07 -6.7682e-07 -5.2678e-07 -4.0810e-07 -3.1468e-07 -2.4151e-07 -1.8449e-07 -1.4027e-07 -1.0614e-07 -7.9946e-08 -5.9930e-08 -4.4713e-08 -3.3203e-08 -2.4539e-08 -1.8050e-08 -1.3213e-08 -9.6272e-09 -6.9810e-09 -5.0380e-09 -3.6185e-09 -2.5865e-09 -1.8401e-09 -1.3028e-09 -9.1795e-10 -6.4370e-10 -4.4922e-10 -3.1200e-10 -2.1565e-10 -1.4834e-10 -1.0155e-10 -6.9183e-11 -4.6906e-11 -3.1648e-11 -2.1251e-11 -1.4201e-11 -9.4434e-12 -6.2495e-12 -4.1159e-12 -2.6975e-12 -1.7594e-12 -1.1420e-12 -7.3763e-13 -4.7414e-13
-7.1195e-04 -7.1110e-04 -7.0965e-04 -7.0754e-04 -7.0471e-04 -7.0106e-04 -6.9650e-04 -6.9093e-04 -6.8424e-04 -6.7633e-04 -6.6712e-04 -6.5653e-04 -6.4450e-04 -6.3099e-04 2.2704e-02 -5.9950e-04 -5.8158e-04 -5.6229e-04 -5.4172e-04 -5.1998e-04 -4.9723e-04 -4.7361e-04 -4.4931e-04 -4.2450e-04 -3.9938e-04 -3.7414e-04 -3.4897e-04 -3.2406e-04 -2.9959e-04 -2.7571e-04 -2.5259e-04 -2.3033e-04 -2.0907e-04 -1.8888e-04 -1.6984e-04 -1.5200e-04 -1.3538e-04 -1.2001e-04 -1.0588e-04 -9.2958e-05 -8.1223e-05 -7.0627e-05 -6.1116e-05 -5.2629e-05 -4.5101e-05 -3.8461e-05 -3.2640e-05 -2.7564e-05 -2.3164e-05 -1.9371e-05 -1.6120e-05 -1.3348e-05 -1.0999e-05 -9.0191e-06 -7.3591e-06 -5.9752e-06 -4.8276e-06 -3.8813e-06 -3.1051e-06 -2.4719e-06 -1.9581e-06 -1.5435e-06 -1.2106e-06 -9.4490e-07 -7.3385e-07 -5.6713e-07 -4.3612e-07 -3.3372e-07 -2.5411e-07 -1.9253e-07 -1.4515e-07 -1.0889e-07 -8.1286e-08 -6.0379e-08 -4.4627e-08 -3.2822e-08 -2.4020e-08 -1.7492e-08 -1.2675e-08 -9.1389e-09 -6.5568e-09 -4.6809e-09 -3.3252e-09 -2.3504e-09 -1.6532e-09 -1.1570e-09 -8.0577e-10 -5.5837e-10 -3.8501e-10 -2.6416e-10 -1.8034e-10 -1.2251e-10 -8.2814e-11 -5.5702e-11 -3.7280e-11 -2.4827e-11 -1.6452e-11 -1.0848e-11 -7.1174e-12 -4.6466e-12 -7.1095e-04 -7.0713e-04 -7.0080e-04 -6.9203e-04 -6.8091e-04 -6.6754e-04 -6.5207e-04 -6.3465e-04 -6.1543e-04 -5.9461e-04 -5.7238e-04 -5.4894e-04 -5.2451e-04 -4.9929e-04 0.0000e+00 -4.4733e-04 -4.2101e-04 -3.9471e-04 -3.6864e-04 -3.4295e-04 -3.1780e-04 -2.9334e-04 -2.6969e-04 -2.4696e-04 -2.2524e-04 -2.0461e-04 -1.8510e-04 -1.6678e-04 -1.4965e-04 -1.3372e-04 -1.1899e-04 -1.0544e-04 -9.3044e-05 -8.1756e-05 -7.1532e-05 -6.2319e-05 -5.4059e-05 -4.6692e-05 -4.0154e-05 -3.4381e-05 -2.9309e-05 -2.4876e-05 -2.1020e-05 -1.7683e-05 -1.4810e-05 -1.2348e-05 -1.0250e-05 -8.4694e-06 -6.9669e-06 -5.7050e-06 -4.6505e-06 -3.7737e-06 -3.0482e-06 -2.4510e-06 -1.9617e-06 -1.5629e-06 -1.2394e-06 -9.7835e-07 -7.6870e-07 -6.0118e-07 -4.6798e-07 -3.6260e-07 -2.7963e-07 -2.1464e-07 -1.6399e-07 -1.2470e-07 -9.4378e-08 -7.1093e-08 -5.3301e-08 -3.9773e-08 -2.9538e-08 -2.1833e-08 -1.6062e-08 -1.1760e-08 -8.5692e-09 -6.2146e-09 -4.4855e-09 -3.2221e-09 -2.3034e-09 -1.6389e-09 -1.1605e-09 -8.1777e-10 -5.7352e-10 -4.0029e-10 -2.7804e-10 -1.9220e-10 -1.3223e-10 -9.0528e-11 -6.1681e-11 -4.1823e-11 -2.8222e-11 -1.8952e-11 -1.2666e-11 -8.4235e-12 -5.5751e-12 -3.6720e-12 -2.4069e-12 -1.5700e-12 -1.0191e-12 -6.5833e-13
-6.5905e-04 -6.5883e-04 -6.5843e-04 -6.5776e-04 -6.5675e-04 -6.5527e-04 -6.5321e-04 -6.5042e-04 -6.4676e-04 -6.4210e-04 -6.3629e-04 -6.2922e-04 -6.2079e-04 -6.1090e-04 -5.9950e-04 2.5830e-02 -5.7209e-04 -5.5610e-04 -5.3866e-04 -5.1985e-04 -4.9980e-04 -4.7863e-04 -4.5651e-04 -4.3362e-04 -4.1013e-04 -3.8624e-04 -3.6216e-04 -3.3807e-04 -3.1416e-04 -2.9062e-04 -2.6761e-04 -2.4528e-04 -2.2377e-04 -2.0319e-04 -1.8363e-04 -1.6516e-04 -1.4785e-04 -1.3172e-04 -1.1678e-04 -1.0304e-04 -9.0480e-05 -7.9065e-05 -6.8755e-05 -5.9499e-05 -5.1239e-05 -4.3911e-05 -3.7447e-05 -3.1779e-05 -2.6836e-05 -2.2552e-05 -1.8859e-05 -1.5693e-05 -1.2995e-05 -1.0707e-05 -8.7794e-06 -7.1632e-06 -5.8158e-06 -4.6986e-06 -3.7773e-06 -3.0217e-06 -2.4054e-06 -1.9053e-06 -1.5018e-06 -1.1779e-06 -9.1926e-07 -7.1390e-07 -5.5168e-07 -4.2421e-07 -3.2459e-07 -2.4714e-07 -1.8724e-07 -1.4115e-07 -1.0589e-07 -7.9038e-08 -5.8706e-08 -4.3389e-08 -3.1909e-08 -2.3351e-08 -1.7004e-08 -1.2320e-08 -8.8829e-09 -6.3728e-09 -4.5494e-09 -3.2316e-09 -2.2842e-09 -1.6065e-09 -1.1243e-09 -7.8294e-10 -5.4252e-10 -3.7407e-10 -2.5664e-10 -1.7520e-10 -1.1902e-10 -8.0448e-11 -5.4108e-11 -3.6212e-11 -2.4115e-11 -1.5979e-11 -1.0536e-11 -6.9126e-12 -6.5800e-04 -6.5465e-04 -6.4910e-04 -6.4141e-04 -6.3165e-04 -6.1990e-04 -6.0628e-04 -5.9091e-04 -5.7393e-04 -5.5550e-04 -5.3576e-04 -5.1490e-04 -4.9309e-04 -4.7050e-04 -4.4733e-04 0.0000e+00 -3.9994e-04 -3.7607e-04 -3.5231e-04 -3.2880e-04 -3.0570e-04 -2.8313e-04 -2.6122e-04 -2.4006e-04 -2.1976e-04 -2.0038e-04 -1.8198e-04 -1.6460e-04 -1.4829e-04 -1.3304e-04 -1.1888e-04 -1.0578e-04 -9.3738e-05 -8.2719e-05 -7.2687e-05 -6.3603e-05 -5.5416e-05 -4.8077e-05 -4.1531e-05 -3.5720e-05 -3.0589e-05 -2.6081e-05 -2.2140e-05 -1.8712e-05 -1.5744e-05 -1.3188e-05 -1.0998e-05 -9.1309e-06 -7.5465e-06 -6.2089e-06 -5.0854e-06 -4.1462e-06 -3.3651e-06 -2.7188e-06 -2.1865e-06 -1.7504e-06 -1.3948e-06 -1.1063e-06 -8.7345e-07 -6.8641e-07 -5.3692e-07 -4.1804e-07 -3.2396e-07 -2.4988e-07 -1.9184e-07 -1.4659e-07 -1.1149e-07 -8.4395e-08 -6.3584e-08 -4.7679e-08 -3.5584e-08 -2.6431e-08 -1.9540e-08 -1.4377e-08 -1.0528e-08 -7.6725e-09 -5.5651e-09 -4.0172e-09 -2.8861e-09 -2.0636e-09 -1.4684e-09 -1.0399e-09 -7.3290e-10 -5.1406e-10 -3.5884e-10 -2.4928e-10 -1.7234e-10 -1.1858e-10 -8.1192e-11 -5.5326e-11 -3.7519e-11 -2.5320e-11 -1.7005e-11 -1.1366e-11 -7.5598e-12 -5.0040e-12 -3.2962e-12 -2.1608e-12 -1.4096e-12 -9.1509e-13
