1.0020e-04 -1.2475e-04 -1.2450e-04 -1.2415e-04 -1.2371e-04 -1.2317e-04 -1.2253e-04 -1.2179e-04 -1.2097e-04 -1.2005e-04 -1.1905e-04 -1.1796e-04 -1.1679e-04 -1.1554e-04 -1.1420e-04 -1.1280e-04 -1.1132e-04 -1.0977e-04 -1.0816e-04 -1.0649e-04 -1.0476e-04 -1.0297e-04 -1.0114e-04 -9.9256e-05 -9.7331e-05 -9.5367e-05 -9.3368e-05 -9.1338e-05 -8.9280e-05 -8.7200e-05 -8.5100e-05 -8.2983e-05 -8.0855e-05 -7.8719e-05 -7.6578e-05 -7.4435e-05 -7.2295e-05 -7.0160e-05 -6.8034e-05 -6.5919e-05 -6.3819e-05 -6.1737e-05 -5.9675e-05 -5.7635e-05 -5.5621e-05 -5.3634e-05 -5.1677e-05 -4.9752e-05 -4.7860e-05 -4.6003e-05 -4.4183e-05 -4.2401e-05 -4.0659e-05 -3.8957e-05 -3.7296e-05 -3.5677e-05 -3.4102e-05 -3.2570e-05 -3.1082e-05 -2.9638e-05 -2.8239e-05 -2.6884e-05 -2.5574e-05 -2.4308e-05 -2.3087e-05 -2.1909e-05 -2.0775e-05 -1.9684e-05 -1.8635e-05 -1.7628e-05 -1.6662e-05 -1.5736e-05 -1.4850e-05 -1.4003e-05 -1.3193e-05 -1.2421e-05 -1.1684e-05 -1.0982e-05 -1.0314e-05 -9.6790e-06 -9.0758e-06 -8.5034e-06 -7.9607e-06 -7.4467e-06 -6.9603e-06 -6.5005e-06 -6.0662e-06 -5.6564e-06 -5.2701e-06 -4.9062e-06 -4.5638e-06 -4.2419e-06 -3.9396e-06 -3.6559e-06 -3.3899e-06 -3.1407e-06 -2.9076e-06 -2.6896e-06 -2.4859e-06 -2.2959e-06 0.0000e+00 1.2475e-04 1.2450e-04 1.2415e-04 1.2371e-04 1.2316e-04 1.2252e-04 1.2179e-04 1.2097e-04 1.2005e-04 1.1905e-04 1.1796e-04 1.1678e-04 1.1553e-04 1.1420e-04 1.1279e-04 1.1131e-04 1.0976e-04 1.0815e-04 1.0648e-04 1.0474e-04 1.0296e-04 1.0112e-04 9.9237e-05 9.7311e-05 9.5346e-05 9.3346e-05 9.1315e-05 8.9256e-05 8.7175e-05 8.5073e-05 8.2956e-05 8.0827e-05 7.8690e-05 7.6548e-05 7.4404e-05 7.2263e-05 7.0127e-05 6.8000e-05 6.5885e-05 6.3785e-05 6.1702e-05 5.9639e-05 5.7599e-05 5.5585e-05 5.3598e-05 5.1641e-05 4.9715e-05 4.7823e-05 4.5967e-05 4.4147e-05 4.2365e-05 4.0622e-05 3.8920e-05 3.7260e-05 3.5642e-05 3.4066e-05 3.2535e-05 3.1047e-05 2.9604e-05 2.8205e-05 2.6851e-05 2.5542e-05 2.4277e-05 2.3056e-05 2.1879e-05 2.0745e-05 1.9655e-05 1.8607e-05 1.7600e-05 1.6635e-05 1.5710e-05 1.4825e-05 1.3978e-05 1.3170e-05 1.2398e-05 1.1662e-05 1.0961e-05 1.0294e-05 9.6592e-06 9.0568e-06 8.4851e-06 7.9432e-06 7.4299e-06 6.9442e-06 6.4851e-06 6.0515e-06 5.6424e-06 5.2568e-06 4.8935e-06 4.5518e-06 4.2305e-06 3.9287e-06 3.6456e-06 3.3801e-06 3.1315e-06 2.8988e-06 2.6813e-06 2.4782e-06 2.2885e-06
-1.2475e-04 4.0080e-04 -1.2435e-04 -1.2401e-04 -1.2356e-04 -1.2302e-04 -1.2239e-04 -1.2166e-04 -1.2083e-04 -1.1992e-04 -1.1892e-04 -1.1784e-04 -1.1667e-04 -1.1542e-04 -1.1409e-04 -1.1269e-04 -1.1122e-04 -1.0968e-04 -1.0807e-04 -1.0640e-04 -1.0468e-04 -1.0290e-04 -1.0107e-04 -9.9191e-05 -9.7272e-05 -9.5314e-05 -9.3321e-05 -9.1297e-05 -8.9245e-05 -8.7170e-05 -8.5076e-05 -8.2965e-05 -8.0843e-05 -7.8712e-05 -7.6576e-05 -7.4438e-05 -7.2303e-05 -7.0173e-05 -6.8051e-05 -6.5941e-05 -6.3845e-05 -6.1767e-05 -5.9709e-05 -5.7673e-05 -5.5662e-05 -5.3679e-05 -5.1725e-05 -4.9802e-05 -4.7913e-05 -4.6058e-05 -4.4240e-05 -4.2460e-05 -4.0719e-05 -3.9019e-05 -3.7359e-05 -3.5742e-05 -3.4167e-05 -3.2636e-05 -3.1148e-05 -2.9705e-05 -2.8306e-05 -2.6951e-05 -2.5641e-05 -2.4375e-05 -2.3153e-05 -2.1974e-05 -2.0839e-05 -1.9747e-05 -1.8698e-05 -1.7690e-05 -1.6722e-05 -1.5796e-05 -1.4908e-05 -1.4060e-05 -1.3249e-05 -1.2475e-05 -1.1736e-05 -1.1033e-05 -1.0363e-05 -9.7268e-06 -9.1220e-06 -8.5480e-06 -8.0037e-06 -7.4881e-06 -7.0002e-06 -6.5388e-06 -6.1029e-06 -5.6916e-06 -5.3038e-06 -4.9384e-06 -4.5946e-06 -4.2713e-06 -3.9675e-06 -3.6825e-06 -3.4151e-06 -3.1647e-06 -2.9303e-06 -2.7111e-06 -2.5063e-06 -2.3151e-06 1.2475e-04 0.0000e+00 1.2435e-04 1.2400e-04 1.2356e-04 1.2302e-04 1.2238e-04 1.2165e-04 1.2082e-04 1.1991e-04 1.1890e-04 1.1781e-04 1.1664e-04 1.1539e-04 1.1406e-04 1.1265e-04 1.1118e-04 1.0963e-04 1.0802e-04 1.0635e-04 1.0462e-04 1.0283e-04 1.0100e-04 9.9118e-05 9.7194e-05 9.5232e-05 9.3234e-05 9.1205e-05 8.9149e-05 8.7070e-05 8.4971e-05 8.2857e-05 8.0730e-05 7.8595e-05 7.6456e-05 7.4315e-05 7.2176e-05 7.0043e-05 6.7919e-05 6.5806e-05 6.3708e-05 6.1628e-05 5.9568e-05 5.7530e-05 5.5518e-05 5.3534e-05 5.1579e-05 4.9656e-05 4.7766e-05 4.5911e-05 4.4094e-05 4.2314e-05 4.0573e-05 3.8874e-05 3.7215e-05 3.5599e-05 3.4026e-05 3.2496e-05 3.1010e-05 2.9569e-05 2.8172e-05 2.6819e-05 2.5511e-05 2.4247e-05 2.3028e-05 2.1852e-05 2.0720e-05 1.9631e-05 1.8584e-05 1.7579e-05 1.6615e-05 1.5691e-05 1.4807e-05 1.3962e-05 1.3154e-05 1.2383e-05 1.1648e-05 1.0948e-05 1.0281e-05 9.6476e-06 9.0459e-06 8.4749e-06 7.9336e-06 7.4210e-06 6.9359e-06 6.4774e-06 6.0443e-06 5.6357e-06 5.2504e-06 4.8877e-06 4.5463e-06 4.2254e-06 3.9240e-06 3.6412e-06 3.3761e-06 3.1277e-06 2.8954e-06 2.6781e-06 2.4752e-06 2.2858e-06
-1.2450e-04 -1.2435e-04 9.0179e-04 -1.2376e-04 -1.2332e-04 -1.2278e-04 -1.2215e-04 -1.2143e-04 -1.2061e-04 -1.1970e-04 -1.1871e-04 -1.1763e-04 -1.1647e-04 -1.1522e-04 -1.1390e-04 -1.1251e-04 -1.1105e-04 -1.0951e-04 -1.0792e-04 -1.0626e-04 -1.0454e-04 -1.0277e-04 -1.0095e-04 -9.9084e-05 -9.7175e-05 -9.5227e-05 -9.3243e-05 -9.1229e-05 -8.9187e-05 -8.7121e-05 -8.5036e-05 -8.2935e-05 -8.0822e-05 -7.8700e-05 -7.6572e-05 -7.4444e-05 -7.2316e-05 -7.0194e-05 -6.8080e-05 -6.5978e-05 -6.3889e-05 -6.1817e-05 -5.9766e-05 -5.7736e-05 -5.5731e-05 -5.3753e-05 -5.1804e-05 -4.9886e-05 -4.8001e-05 -4.6150e-05 -4.4335e-05 -4.2559e-05 -4.0820e-05 -3.9122e-05 -3.7465e-05 -3.5849e-05 -3.4276e-05 -3.2746e-05 -3.1259e-05 -2.9816e-05 -2.8417e-05 -2.7062e-05 -2.5752e-05 -2.4485e-05 -2.3262e-05 -2.2083e-05 -2.0947e-05 -1.9853e-05 -1.8802e-05 -1.7792e-05 -1.6823e-05 -1.5894e-05 -1.5005e-05 -1.4154e-05 -1.3341e-05 -1.2564e-05 -1.1824e-05 -1.1118e-05 -1.0446e-05 -9.8063e-06 -9.1989e-06 -8.6223e-06 -8.0754e-06 -7.5572e-06 -7.0666e-06 -6.6026e-06 -6.1642e-06 -5.7503e-06 -5.3599e-06 -4.9921e-06 -4.6458e-06 -4.3201e-06 -4.0141e-06 -3.7268e-06 -3.4573e-06 -3.2047e-06 -2.9682e-06 -2.7470e-06 -2.5403e-06 -2.3472e-06 1.2450e-04 1.2435e-04 0.0000e+00 1.2376e-04 1.2331e-04 1.2277e-04 1.2213e-04 1.2140e-04 1.2058e-04 1.1967e-04 1.1867e-04 1.1758e-04 1.1641e-04 1.1516e-04 1.1383e-04 1.1243e-04 1.1095e-04 1.0941e-04 1.0780e-04 1.0614e-04 1.0441e-04 1.0263e-04 1.0080e-04 9.8920e-05 9.7000e-05 9.5042e-05 9.3048e-05 9.1023e-05 8.8971e-05 8.6896e-05 8.4802e-05 8.2691e-05 8.0569e-05 7.8438e-05 7.6303e-05 7.4167e-05 7.2032e-05 6.9903e-05 6.7783e-05 6.5675e-05 6.3581e-05 6.1505e-05 5.9449e-05 5.7415e-05 5.5407e-05 5.3427e-05 5.1476e-05 4.9556e-05 4.7671e-05 4.5820e-05 4.4005e-05 4.2229e-05 4.0492e-05 3.8796e-05 3.7141e-05 3.5528e-05 3.3958e-05 3.2431e-05 3.0948e-05 2.9510e-05 2.8115e-05 2.6765e-05 2.5460e-05 2.4199e-05 2.2982e-05 2.1809e-05 2.0679e-05 1.9592e-05 1.8547e-05 1.7544e-05 1.6582e-05 1.5660e-05 1.4778e-05 1.3934e-05 1.3128e-05 1.2358e-05 1.1624e-05 1.0926e-05 1.0261e-05 9.6283e-06 9.0278e-06 8.4580e-06 7.9178e-06 7.4061e-06 6.9220e-06 6.4644e-06 6.0322e-06 5.6244e-06 5.2399e-06 4.8779e-06 4.5372e-06 4.2169e-06 3.9161e-06 3.6339e-06 3.3693e-06 3.1215e-06 2.8896e-06 2.6727e-06 2.4702e-06 2.2812e-06
-1.2415e-04 -1.2401e-04 -1.2376e-04 1.6032e-03 -1.2298e-04 -1.2245e-04 -1.2182e-04 -1.2110e-04 -1.2029e-04 -1.1939e-04 -1.1841e-04 -1.1734e-04 -1.1618e-04 -1.1495e-04 -1.1364e-04 -1.1226e-04 -1.1081e-04 -1.0929e-04 -1.0770e-04 -1.0606e-04 -1.0435e-04 -1.0260e-04 -1.0079e-04 -9.8935e-05 -9.7039e-05 -9.5104e-05 -9.3134e-05 -9.1133e-05 -8.9105e-05 -8.7053e-05 -8.4981e-05 -8.2893e-05 -8.0792e-05 -7.8682e-05 -7.6567e-05 -7.4450e-05 -7.2335e-05 -7.0224e-05 -6.8121e-05 -6.6028e-05 -6.3950e-05 -6.1887e-05 -5.9845e-05 -5.7823e-05 -5.5826e-05 -5.3856e-05 -5.1914e-05 -5.0002e-05 -4.8123e-05 -4.6278e-05 -4.4468e-05 -4.2695e-05 -4.0961e-05 -3.9266e-05 -3.7612e-05 -3.5999e-05 -3.4427e-05 -3.2899e-05 -3.1413e-05 -2.9971e-05 -2.8572e-05 -2.7218e-05 -2.5907e-05 -2.4639e-05 -2.3415e-05 -2.2235e-05 -2.1097e-05 -2.0001e-05 -1.8948e-05 -1.7936e-05 -1.6964e-05 -1.6032e-05 -1.5140e-05 -1.4286e-05 -1.3470e-05 -1.2690e-05 -1.1946e-05 -1.1236e-05 -1.0561e-05 -9.9177e-06 -9.3066e-06 -8.7263e-06 -8.1757e-06 -7.6538e-06 -7.1595e-06 -6.6919e-06 -6.2499e-06 -5.8324e-06 -5.4386e-06 -5.0673e-06 -4.7176e-06 -4.3886e-06 -4.0794e-06 -3.7889e-06 -3.5163e-06 -3.2607e-06 -3.0214e-06 -2.7974e-06 -2.5879e-06 -2.3923e-06 1.2415e-04 1.2400e-04 1.2376e-04 0.0000e+00 1.2297e-04 1.2243e-04 1.2179e-04 1.2106e-04 1.2024e-04 1.1933e-04 1.1833e-04 1.1725e-04 1.1608e-04 1.1484e-04 1.1351e-04 1.1211e-04 1.1064e-04 1.0911e-04 1.0750e-04 1.0584e-04 1.0412e-04 1.0234e-04 1.0052e-04 9.8644e-05 9.6729e-05 9.4776e-05 9.2788e-05 9.0769e-05 8.8723e-05 8.6653e-05 8.4564e-05 8.2460e-05 8.0344e-05 7.8219e-05 7.6090e-05 7.3959e-05 7.1831e-05 6.9708e-05 6.7594e-05 6.5491e-05 6.3403e-05 6.1333e-05 5.9282e-05 5.7255e-05 5.5252e-05 5.3277e-05 5.1332e-05 4.9418e-05 4.7537e-05 4.5691e-05 4.3882e-05 4.2111e-05 4.0379e-05 3.8687e-05 3.7037e-05 3.5428e-05 3.3863e-05 3.2340e-05 3.0862e-05 2.9427e-05 2.8037e-05 2.6691e-05 2.5389e-05 2.4131e-05 2.2918e-05 2.1748e-05 2.0621e-05 1.9537e-05 1.8495e-05 1.7495e-05 1.6535e-05 1.5616e-05 1.4736e-05 1.3895e-05 1.3091e-05 1.2323e-05 1.1592e-05 1.0895e-05 1.0232e-05 9.6013e-06 9.0025e-06 8.4343e-06 7.8956e-06 7.3854e-06 6.9026e-06 6.4463e-06 6.0153e-06 5.6086e-06 5.2252e-06 4.8642e-06 4.5244e-06 4.2051e-06 3.9051e-06 3.6237e-06 3.3598e-06 3.1127e-06 2.8814e-06 2.6652e-06 2.4633e-06 2.2748e-06
-1.2371e-04 -1.2356e-04 -1.2332e-04 -1.2298e-04 2.5050e-03 -1.2202e-04 -1.2140e-04 -1.2069e-04 -1.1989e-04 -1.1900e-04 -1.1802e-04 -1.1696e-04 -1.1582e-04 -1.1460e-04 -1.1331e-04 -1.1194e-04 -1.1050e-04 -1.0900e-04 -1.0743e-04 -1.0580e-04 -1.0411e-04 -1.0237e-04 -1.0058e-04 -9.8742e-05 -9.6864e-05 -9.4946e-05 -9.2994e-05 -9.1010e-05 -8.8999e-05 -8.6964e-05 -8.4909e-05 -8.2838e-05 -8.0753e-05 -7.8660e-05 -7.6560e-05 -7.4459e-05 -7.2358e-05 -7.0261e-05 -6.8172e-05 -6.6093e-05 -6.4027e-05 -6.1977e-05 -5.9945e-05 -5.7935e-05 -5.5948e-05 -5.3987e-05 -5.2054e-05 -5.0151e-05 -4.8279e-05 -4.6441e-05 -4.4638e-05 -4.2871e-05 -4.1141e-05 -3.9451e-05 -3.7800e-05 -3.6190e-05 -3.4622e-05 -3.3095e-05 -3.1611e-05 -3.0170e-05 -2.8771e-05 -2.7417e-05 -2.6105e-05 -2.4837e-05 -2.3611e-05 -2.2429e-05 -2.1289e-05 -2.0191e-05 -1.9135e-05 -1.8120e-05 -1.7145e-05 -1.6210e-05 -1.5314e-05 -1.4456e-05 -1.3635e-05 -1.2851e-05 -1.2102e-05 -1.1388e-05 -1.0708e-05 -1.0061e-05 -9.4450e-06 -8.8599e-06 -8.3046e-06 -7.7780e-06 -7.2790e-06 -6.8068e-06 -6.3601e-06 -5.9381e-06 -5.5397e-06 -5.1640e-06 -4.8100e-06 -4.4768e-06 -4.1633e-06 -3.8688e-06 -3.5923e-06 -3.3329e-06 -3.0898e-06 -2.8622e-06 -2.6493e-06 -2.4503e-06 1.2371e-04 1.2356e-04 1.2331e-04 1.2297e-04 0.0000e+00 1.2199e-04 1.2135e-04 1.2063e-04 1.1981e-04 1.1890e-04 1.1791e-04 1.1683e-04 1.1567e-04 1.1442e-04 1.1310e-04 1.1171e-04 1.1025e-04 1.0871e-04 1.0712e-04 1.0546e-04 1.0374e-04 1.0197e-04 1.0015e-04 9.8289e-05 9.6381e-05 9.4435e-05 9.2454e-05 9.0442e-05 8.8404e-05 8.6342e-05 8.4260e-05 8.2164e-05 8.0055e-05 7.7938e-05 7.5816e-05 7.3693e-05 7.1573e-05 6.9457e-05 6.7351e-05 6.5256e-05 6.3175e-05 6.1112e-05 5.9069e-05 5.7049e-05 5.5054e-05 5.3086e-05 5.1147e-05 4.9240e-05 4.7366e-05 4.5527e-05 4.3725e-05 4.1960e-05 4.0234e-05 3.8548e-05 3.6904e-05 3.5301e-05 3.3741e-05 3.2224e-05 3.0750e-05 2.9321e-05 2.7936e-05 2.6594e-05 2.5297e-05 2.4044e-05 2.2835e-05 2.1669e-05 2.0547e-05 1.9467e-05 1.8429e-05 1.7432e-05 1.6476e-05 1.5560e-05 1.4683e-05 1.3845e-05 1.3044e-05 1.2279e-05 1.1550e-05 1.0856e-05 1.0195e-05 9.5667e-06 8.9700e-06 8.4038e-06 7.8670e-06 7.3587e-06 6.8777e-06 6.4229e-06 5.9935e-06 5.5883e-06 5.2063e-06 4.8466e-06 4.5081e-06 4.1899e-06 3.8910e-06 3.6106e-06 3.3477e-06 3.1014e-06 2.8710e-06 2.6556e-06 2.4543e-06 2.2665e-06
-1.2317e-04 -1.2302e-04 -1.2278e-04 -1.2245e-04 -1.2202e-04 3.6071e-03 -1.2089e-04 -1.2019e-04 -1.1940e-04 -1.1852e-04 -1.1756e-04 -1.1651e-04 -1.1538e-04 -1.1418e-04 -1.1290e-04 -1.1155e-04 -1.1013e-04 -1.0864e-04 -1.0709e-04 -1.0548e-04 -1.0381e-04 -1.0209e-04 -1.0032e-04 -9.8508e-05 -9.6650e-05 -9.4754e-05 -9.2822e-05 -9.0860e-05 -8.8870e-05 -8.6855e-05 -8.4821e-05 -8.2770e-05 -8.0705e-05 -7.8631e-05 -7.6551e-05 -7.4468e-05 -7.2385e-05 -7.0306e-05 -6.8233e-05 -6.6170e-05 -6.4120e-05 -6.2084e-05 -6.0067e-05 -5.8070e-05 -5.6096e-05 -5.4146e-05 -5.2224e-05 -5.0331e-05 -4.8469e-05 -4.6639e-05 -4.4843e-05 -4.3083e-05 -4.1360e-05 -3.9675e-05 -3.8029e-05 -3.6423e-05 -3.4858e-05 -3.3333e-05 -3.1851e-05 -3.0411e-05 -2.9014e-05 -2.7659e-05 -2.6346e-05 -2.5077e-05 -2.3850e-05 -2.2666e-05 -2.1523e-05 -2.0422e-05 -1.9363e-05 -1.8344e-05 -1.7365e-05 -1.6426e-05 -1.5525e-05 -1.4662e-05 -1.3837e-05 -1.3047e-05 -1.2293e-05 -1.1574e-05 -1.0888e-05 -1.0235e-05 -9.6139e-06 -9.0232e-06 -8.4621e-06 -7.9298e-06 -7.4251e-06 -6.9471e-06 -6.4949e-06 -6.0673e-06 -5.6635e-06 -5.2824e-06 -4.9231e-06 -4.5847e-06 -4.2661e-06 -3.9667e-06 -3.6853e-06 -3.4213e-06 -3.1737e-06 -2.9417e-06 -2.7245e-06 -2.5214e-06 1.2316e-04 1.2302e-04 1.2277e-04 1.2243e-04 1.2199e-04 0.0000e+00 1.2082e-04 1.2010e-04 1.1928e-04 1.1838e-04 1.1739e-04 1.1632e-04 1.1516e-04 1.1392e-04 1.1261e-04 1.1122e-04 1.0976e-04 1.0824e-04 1.0665e-04 1.0500e-04 1.0329e-04 1.0153e-04 9.9715e-05 9.7858e-05 9.5958e-05 9.4021e-05 9.2048e-05 9.0045e-05 8.8015e-05 8.5963e-05 8.3891e-05 8.1803e-05 7.9703e-05 7.7596e-05 7.5483e-05 7.3370e-05 7.1258e-05 6.9152e-05 6.7055e-05 6.4969e-05 6.2898e-05 6.0844e-05 5.8810e-05 5.6798e-05 5.4812e-05 5.2853e-05 5.0923e-05 4.9024e-05 4.7158e-05 4.5327e-05 4.3532e-05 4.1775e-05 4.0057e-05 3.8379e-05 3.6741e-05 3.5146e-05 3.3592e-05 3.2082e-05 3.0615e-05 2.9192e-05 2.7813e-05 2.6477e-05 2.5186e-05 2.3939e-05 2.2735e-05 2.1574e-05 2.0456e-05 1.9381e-05 1.8347e-05 1.7355e-05 1.6403e-05 1.5491e-05 1.4618e-05 1.3783e-05 1.2986e-05 1.2225e-05 1.1499e-05 1.0808e-05 1.0150e-05 9.5244e-06 8.9303e-06 8.3666e-06 7.8322e-06 7.3261e-06 6.8472e-06 6.3945e-06 5.9669e-06 5.5635e-06 5.1832e-06 4.8251e-06 4.4881e-06 4.1712e-06 3.8737e-06 3.5945e-06 3.3328e-06 3.0876e-06 2.8582e-06 2.6437e-06 2.4434e-06 2.2564e-06
-1.2253e-04 -1.2239e-04 -1.2215e-04 -1.2182e-04 -1.2140e-04 -1.2089e-04 4.9097e-03 -1.1960e-04 -1.1882e-04 -1.1795e-04 -1.1700e-04 -1.1597e-04 -1.1487e-04 -1.1368e-04 -1.1242e-04 -1.1109e-04 -1.0969e-04 -1.0822e-04 -1.0669e-04 -1.0511e-04 -1.0346e-04 -1.0177e-04 -1.0002e-04 -9.8231e-05 -9.6398e-05 -9.4526e-05 -9.2620e-05 -9.0682e-05 -8.8716e-05 -8.6726e-05 -8.4716e-05 -8.2689e-05 -8.0648e-05 -7.8597e-05 -7.6539e-05 -7.4477e-05 -7.2416e-05 -7.0357e-05 -6.8304e-05 -6.6260e-05 -6.4228e-05 -6.2210e-05 -6.0209e-05 -5.8228e-05 -5.6268e-05 -5.4332e-05 -5.2423e-05 -5.0542e-05 -4.8691e-05 -4.6871e-05 -4.5084e-05 -4.3333e-05 -4.1617e-05 -3.9938e-05 -3.8298e-05 -3.6696e-05 -3.5135e-05 -3.3614e-05 -3.2134e-05 -3.0695e-05 -2.9298e-05 -2.7943e-05 -2.6631e-05 -2.5360e-05 -2.4131e-05 -2.2944e-05 -2.1799e-05 -2.0695e-05 -1.9631e-05 -1.8608e-05 -1.7625e-05 -1.6680e-05 -1.5774e-05 -1.4906e-05 -1.4074e-05 -1.3279e-05 -1.2519e-05 -1.1793e-05 -1.1101e-05 -1.0441e-05 -9.8133e-06 -9.2159e-06 -8.6481e-06 -8.1091e-06 -7.5977e-06 -7.1131e-06 -6.6542e-06 -6.2201e-06 -5.8098e-06 -5.4224e-06 -5.0568e-06 -4.7123e-06 -4.3878e-06 -4.0825e-06 -3.7955e-06 -3.5260e-06 -3.2730e-06 -3.0359e-06 -2.8137e-06 -2.6057e-06 1.2252e-04 1.2238e-04 1.2213e-04 1.2179e-04 1.2135e-04 1.2082e-04 0.0000e+00 1.1948e-04 1.1867e-04 1.1777e-04 1.1678e-04 1.1571e-04 1.1456e-04 1.1333e-04 1.1202e-04 1.1064e-04 1.0919e-04 1.0767e-04 1.0609e-04 1.0445e-04 1.0275e-04 1.0100e-04 9.9198e-05 9.7350e-05 9.5461e-05 9.3533e-05 9.1571e-05 8.9578e-05 8.7559e-05 8.5517e-05 8.3455e-05 8.1378e-05 7.9290e-05 7.7193e-05 7.5092e-05 7.2989e-05 7.0889e-05 6.8793e-05 6.6707e-05 6.4632e-05 6.2571e-05 6.0528e-05 5.8505e-05 5.6504e-05 5.4527e-05 5.2578e-05 5.0658e-05 4.8769e-05 4.6913e-05 4.5092e-05 4.3306e-05 4.1558e-05 3.9849e-05 3.8179e-05 3.6550e-05 3.4963e-05 3.3418e-05 3.1915e-05 3.0456e-05 2.9040e-05 2.7668e-05 2.6340e-05 2.5055e-05 2.3814e-05 2.2616e-05 2.1462e-05 2.0350e-05 1.9280e-05 1.8252e-05 1.7264e-05 1.6318e-05 1.5410e-05 1.4542e-05 1.3712e-05 1.2918e-05 1.2161e-05 1.1439e-05 1.0751e-05 1.0097e-05 9.4745e-06 8.8836e-06 8.3228e-06 7.7912e-06 7.2877e-06 6.8113e-06 6.3609e-06 5.9356e-06 5.5343e-06 5.1560e-06 4.7997e-06 4.4644e-06 4.1493e-06 3.8533e-06 3.5755e-06 3.3152e-06 3.0713e-06 2.8431e-06 2.6297e-06 2.4304e-06 2.2444e-06
-1.2179e-04 -1.2166e-04 -1.2143e-04 -1.2110e-04 -1.2069e-04 -1.2019e-04 -1.1960e-04 6.4127e-03 -1.1815e-04 -1.1730e-04 -1.1637e-04 -1.1536e-04 -1.1427e-04 -1.1311e-04 -1.1187e-04 -1.1056e-04 -1.0918e-04 -1.0774e-04 -1.0624e-04 -1.0468e-04 -1.0306e-04 -1.0139e-04 -9.9674e-05 -9.7911e-05 -9.6107e-05 -9.4263e-05 -9.2385e-05 -9.0476e-05 -8.8538e-05 -8.6577e-05 -8.4594e-05 -8.2594e-05 -8.0580e-05 -7.8555e-05 -7.6523e-05 -7.4486e-05 -7.2449e-05 -7.0414e-05 -6.8384e-05 -6.6362e-05 -6.4350e-05 -6.2352e-05 -6.0370e-05 -5.8407e-05 -5.6464e-05 -5.4545e-05 -5.2650e-05 -5.0783e-05 -4.8944e-05 -4.7136e-05 -4.5360e-05 -4.3618e-05 -4.1911e-05 -4.0239e-05 -3.8605e-05 -3.7009e-05 -3.5452e-05 -3.3935e-05 -3.2457e-05 -3.1020e-05 -2.9625e-05 -2.8270e-05 -2.6956e-05 -2.5684e-05 -2.4454e-05 -2.3264e-05 -2.2116e-05 -2.1008e-05 -1.9940e-05 -1.8912e-05 -1.7923e-05 -1.6973e-05 -1.6061e-05 -1.5186e-05 -1.4348e-05 -1.3546e-05 -1.2779e-05 -1.2046e-05 -1.1346e-05 -1.0679e-05 -1.0043e-05 -9.4381e-06 -8.8626e-06 -8.3158e-06 -7.7968e-06 -7.3045e-06 -6.8380e-06 -6.3965e-06 -5.9788e-06 -5.5841e-06 -5.2114e-06 -4.8598e-06 -4.5285e-06 -4.2165e-06 -3.9230e-06 -3.6471e-06 -3.3880e-06 -3.1449e-06 -2.9169e-06 -2.7034e-06 1.2179e-04 1.2165e-04 1.2140e-04 1.2106e-04 1.2063e-04 1.2010e-04 1.1948e-04 0.0000e+00 1.1796e-04 1.1706e-04 1.1608e-04 1.1502e-04 1.1388e-04 1.1265e-04 1.1135e-04 1.0998e-04 1.0854e-04 1.0703e-04 1.0546e-04 1.0383e-04 1.0214e-04 1.0040e-04 9.8604e-05 9.6768e-05 9.4889e-05 9.2973e-05 9.1023e-05 8.9042e-05 8.7035e-05 8.5005e-05 8.2956e-05 8.0892e-05 7.8815e-05 7.6731e-05 7.4642e-05 7.2552e-05 7.0464e-05 6.8382e-05 6.6308e-05 6.4245e-05 6.2197e-05 6.0166e-05 5.8154e-05 5.6165e-05 5.4201e-05 5.2263e-05 5.0355e-05 4.8477e-05 4.6632e-05 4.4821e-05 4.3047e-05 4.1309e-05 3.9610e-05 3.7950e-05 3.6331e-05 3.4753e-05 3.3217e-05 3.1724e-05 3.0273e-05 2.8866e-05 2.7502e-05 2.6181e-05 2.4904e-05 2.3671e-05 2.2480e-05 2.1332e-05 2.0227e-05 1.9164e-05 1.8142e-05 1.7160e-05 1.6219e-05 1.5317e-05 1.4454e-05 1.3629e-05 1.2840e-05 1.2087e-05 1.1370e-05 1.0686e-05 1.0036e-05 9.4172e-06 8.8297e-06 8.2723e-06 7.7439e-06 7.2434e-06 6.7699e-06 6.3222e-06 5.8995e-06 5.5006e-06 5.1245e-06 4.7704e-06 4.4371e-06 4.1239e-06 3.8297e-06 3.5536e-06 3.2948e-06 3.0524e-06 2.8256e-06 2.6135e-06 2.4155e-06 2.2306e-06
-1.2097e-04 -1.2083e-04 -1.2061e-04 -1.2029e-04 -1.1989e-04 -1.1940e-04 -1.1882e-04 -1.1815e-04 8.1160e-03 -1.1657e-04 -1.1566e-04 -1.1467e-04 -1.1360e-04 -1.1246e-04 -1.1124e-04 -1.0996e-04 -1.0861e-04 -1.0720e-04 -1.0572e-04 -1.0419e-04 -1.0261e-04 -1.0097e-04 -9.9282e-05 -9.7550e-05 -9.5777e-05 -9.3966e-05 -9.2120e-05 -9.0242e-05 -8.8336e-05 -8.6406e-05 -8.4454e-05 -8.2485e-05 -8.0501e-05 -7.8506e-05 -7.6503e-05 -7.4494e-05 -7.2485e-05 -7.0476e-05 -6.8471e-05 -6.6474e-05 -6.4486e-05 -6.2511e-05 -6.0550e-05 -5.8607e-05 -5.6683e-05 -5.4782e-05 -5.2904e-05 -5.1052e-05 -4.9228e-05 -4.7433e-05 -4.5669e-05 -4.3938e-05 -4.2240e-05 -4.0577e-05 -3.8951e-05 -3.7361e-05 -3.5809e-05 -3.4295e-05 -3.2821e-05 -3.1386e-05 -2.9992e-05 -2.8637e-05 -2.7323e-05 -2.6050e-05 -2.4817e-05 -2.3625e-05 -2.2472e-05 -2.1360e-05 -2.0288e-05 -1.9254e-05 -1.8260e-05 -1.7303e-05 -1.6385e-05 -1.5503e-05 -1.4657e-05 -1.3847e-05 -1.3072e-05 -1.2331e-05 -1.1623e-05 -1.0948e-05 -1.0303e-05 -9.6896e-06 -9.1055e-06 -8.5500e-06 -8.0223e-06 -7.5215e-06 -7.0465e-06 -6.5965e-06 -6.1705e-06 -5.7675e-06 -5.3868e-06 -5.0274e-06 -4.6883e-06 -4.3688e-06 -4.0679e-06 -3.7848e-06 -3.5188e-06 -3.2689e-06 -3.0344e-06 -2.8146e-06 1.2097e-04 1.2082e-04 1.2058e-04 1.2024e-04 1.1981e-04 1.1928e-04 1.1867e-04 1.1796e-04 0.0000e+00 1.1627e-04 1.1530e-04 1.1424e-04 1.1310e-04 1.1189e-04 1.1060e-04 1.0924e-04 1.0780e-04 1.0631e-04 1.0474e-04 1.0312e-04 1.0144e-04 9.9715e-05 9.7936e-05 9.6112e-05 9.4246e-05 9.2343e-05 9.0406e-05 8.8439e-05 8.6445e-05 8.4429e-05 8.2394e-05 8.0343e-05 7.8281e-05 7.6211e-05 7.4136e-05 7.2060e-05 6.9986e-05 6.7918e-05 6.5858e-05 6.3809e-05 6.1775e-05 5.9757e-05 5.7760e-05 5.5784e-05 5.3833e-05 5.1908e-05 5.0013e-05 4.8148e-05 4.6315e-05 4.4517e-05 4.2754e-05 4.1028e-05 3.9341e-05 3.7692e-05 3.6084e-05 3.4517e-05 3.2991e-05 3.1508e-05 3.0067e-05 2.8669e-05 2.7314e-05 2.6003e-05 2.4735e-05 2.3509e-05 2.2327e-05 2.1187e-05 2.0089e-05 1.9033e-05 1.8018e-05 1.7043e-05 1.6108e-05 1.5213e-05 1.4355e-05 1.3535e-05 1.2752e-05 1.2004e-05 1.1292e-05 1.0613e-05 9.9666e-06 9.3523e-06 8.7689e-06 8.2153e-06 7.6904e-06 7.1934e-06 6.7231e-06 6.2785e-06 5.8586e-06 5.4624e-06 5.0889e-06 4.7372e-06 4.4063e-06 4.0952e-06 3.8030e-06 3.5288e-06 3.2718e-06 3.0311e-06 2.8058e-06 2.5952e-06 2.3985e-06 2.2149e-06
-1.2005e-04 -1.1992e-04 -1.1970e-04 -1.1939e-04 -1.1900e-04 -1.1852e-04 -1.1795e-04 -1.1730e-04 -1.1657e-04 1.0020e-02 -1.1487e-04 -1.1390e-04 -1.1286e-04 -1.1174e-04 -1.1055e-04 -1.0930e-04 -1.0798e-04 -1.0660e-04 -1.0515e-04 -1.0365e-04 -1.0210e-04 -1.0050e-04 -9.8844e-05 -9.7147e-05 -9.5409e-05 -9.3633e-05 -9.1822e-05 -8.9980e-05 -8.8109e-05 -8.6214e-05 -8.4297e-05 -8.2362e-05 -8.0411e-05 -7.8449e-05 -7.6477e-05 -7.4501e-05 -7.2521e-05 -7.0542e-05 -6.8566e-05 -6.6595e-05 -6.4634e-05 -6.2684e-05 -6.0747e-05 -5.8826e-05 -5.6924e-05 -5.5042e-05 -5.3183e-05 -5.1349e-05 -4.9541e-05 -4.7761e-05 -4.6010e-05 -4.4291e-05 -4.2604e-05 -4.0951e-05 -3.9333e-05 -3.7750e-05 -3.6204e-05 -3.4695e-05 -3.3224e-05 -3.1792e-05 -3.0399e-05 -2.9045e-05 -2.7730e-05 -2.6456e-05 -2.5220e-05 -2.4025e-05 -2.2869e-05 -2.1752e-05 -2.0674e-05 -1.9635e-05 -1.8634e-05 -1.7671e-05 -1.6745e-05 -1.5855e-05 -1.5002e-05 -1.4183e-05 -1.3399e-05 -1.2649e-05 -1.1932e-05 -1.1247e-05 -1.0594e-05 -9.9703e-06 -9.3766e-06 -8.8116e-06 -8.2744e-06 -7.7640e-06 -7.2795e-06 -6.8201e-06 -6.3849e-06 -5.9729e-06 -5.5832e-06 -5.2149e-06 -4.8673e-06 -4.5394e-06 -4.2303e-06 -3.9392e-06 -3.6654e-06 -3.4080e-06 -3.1663e-06 -2.9395e-06 1.2005e-04 1.1991e-04 1.1967e-04 1.1933e-04 1.1890e-04 1.1838e-04 1.1777e-04 1.1706e-04 1.1627e-04 0.0000e+00 1.1442e-04 1.1338e-04 1.1225e-04 1.1104e-04 1.0976e-04 1.0841e-04 1.0699e-04 1.0550e-04 1.0395e-04 1.0234e-04 1.0068e-04 9.8960e-05 9.7194e-05 9.5384e-05 9.3533e-05 9.1644e-05 8.9721e-05 8.7769e-05 8.5790e-05 8.3789e-05 8.1769e-05 7.9735e-05 7.7688e-05 7.5634e-05 7.3574e-05 7.1514e-05 6.9456e-05 6.7403e-05 6.5359e-05 6.3325e-05 6.1306e-05 5.9304e-05 5.7322e-05 5.5361e-05 5.3425e-05 5.1515e-05 4.9633e-05 4.7782e-05 4.5964e-05 4.4179e-05 4.2429e-05 4.0717e-05 3.9042e-05 3.7406e-05 3.5810e-05 3.4254e-05 3.2740e-05 3.1268e-05 2.9838e-05 2.8451e-05 2.7106e-05 2.5805e-05 2.4546e-05 2.3330e-05 2.2156e-05 2.1025e-05 1.9935e-05 1.8887e-05 1.7880e-05 1.6913e-05 1.5985e-05 1.5096e-05 1.4245e-05 1.3431e-05 1.2654e-05 1.1912e-05 1.1205e-05 1.0531e-05 9.8897e-06 9.2801e-06 8.7011e-06 8.1517e-06 7.6309e-06 7.1376e-06 6.6709e-06 6.2297e-06 5.8130e-06 5.4198e-06 5.0492e-06 4.7002e-06 4.3718e-06 4.0631e-06 3.7731e-06 3.5011e-06 3.2460e-06 3.0071e-06 2.7836e-06 2.5746e-06 2.3794e-06 2.1973e-06
-1.1905e-04 -1.1892e-04 -1.1871e-04 -1.1841e-04 -1.1802e-04 -1.1756e-04 -1.1700e-04 -1.1637e-04 -1.1566e-04 -1.1487e-04 1.2124e-02 -1.1306e-04 -1.1204e-04 -1.1095e-04 -1.0979e-04 -1.0857e-04 -1.0728e-04 -1.0593e-04 -1.0452e-04 -1.0306e-04 -1.0154e-04 -9.9976e-05 -9.8362e-05 -9.6703e-05 -9.5004e-05 -9.3266e-05 -9.1494e-05 -8.9690e-05 -8.7858e-05 -8.6000e-05 -8.4121e-05 -8.2223e-05 -8.0309e-05 -7.8383e-05 -7.6447e-05 -7.4504e-05 -7.2558e-05 -7.0611e-05 -6.8666e-05 -6.6726e-05 -6.4793e-05 -6.2870e-05 -6.0960e-05 -5.9064e-05 -5.7185e-05 -5.5326e-05 -5.3487e-05 -5.1672e-05 -4.9882e-05 -4.8118e-05 -4.6382e-05 -4.4676e-05 -4.3002e-05 -4.1359e-05 -3.9750e-05 -3.8175e-05 -3.6636e-05 -3.5132e-05 -3.3666e-05 -3.2236e-05 -3.0845e-05 -2.9492e-05 -2.8177e-05 -2.6900e-05 -2.5663e-05 -2.4464e-05 -2.3304e-05 -2.2182e-05 -2.1099e-05 -2.0054e-05 -1.9046e-05 -1.8075e-05 -1.7141e-05 -1.6243e-05 -1.5381e-05 -1.4553e-05 -1.3760e-05 -1.3000e-05 -1.2273e-05 -1.1578e-05 -1.0914e-05 -1.0280e-05 -9.6760e-06 -9.1005e-06 -8.5528e-06 -8.0320e-06 -7.5372e-06 -7.0675e-06 -6.6221e-06 -6.2001e-06 -5.8006e-06 -5.4227e-06 -5.0656e-06 -4.7284e-06 -4.4104e-06 -4.1105e-06 -3.8282e-06 -3.5626e-06 -3.3128e-06 -3.0782e-06 1.1905e-04 1.1890e-04 1.1867e-04 1.1833e-04 1.1791e-04 1.1739e-04 1.1678e-04 1.1608e-04 1.1530e-04 1.1442e-04 0.0000e+00 1.1243e-04 1.1131e-04 1.1011e-04 1.0884e-04 1.0750e-04 1.0609e-04 1.0462e-04 1.0308e-04 1.0149e-04 9.9834e-05 9.8132e-05 9.6381e-05 9.4586e-05 9.2750e-05 9.0877e-05 8.8971e-05 8.7034e-05 8.5072e-05 8.3088e-05 8.1085e-05 7.9067e-05 7.7038e-05 7.5000e-05 7.2958e-05 7.0915e-05 6.8874e-05 6.6839e-05 6.4811e-05 6.2795e-05 6.0793e-05 5.8807e-05 5.6841e-05 5.4897e-05 5.2977e-05 5.1083e-05 4.9217e-05 4.7381e-05 4.5578e-05 4.3808e-05 4.2073e-05 4.0375e-05 3.8714e-05 3.7091e-05 3.5508e-05 3.3966e-05 3.2465e-05 3.1005e-05 2.9587e-05 2.8211e-05 2.6878e-05 2.5587e-05 2.4339e-05 2.3133e-05 2.1969e-05 2.0847e-05 1.9767e-05 1.8727e-05 1.7728e-05 1.6769e-05 1.5849e-05 1.4968e-05 1.4124e-05 1.3317e-05 1.2546e-05 1.1810e-05 1.1109e-05 1.0441e-05 9.8050e-06 9.2005e-06 8.6264e-06 8.0816e-06 7.5652e-06 7.0761e-06 6.6133e-06 6.1758e-06 5.7627e-06 5.3728e-06 5.0054e-06 4.6593e-06 4.3337e-06 4.0276e-06 3.7401e-06 3.4704e-06 3.2175e-06 2.9807e-06 2.7591e-06 2.5519e-06 2.3584e-06 2.1778e-06
-1.1796e-04 -1.1784e-04 -1.1763e-04 -1.1734e-04 -1.1696e-04 -1.1651e-04 -1.1597e-04 -1.1536e-04 -1.1467e-04 -1.1390e-04 -1.1306e-04 1.4428e-02 -1.1115e-04 -1.1009e-04 -1.0897e-04 -1.0778e-04 -1.0652e-04 -1.0521e-04 -1.0384e-04 -1.0241e-04 -1.0094e-04 -9.9409e-05 -9.7836e-05 -9.6218e-05 -9.4560e-05 -9.2864e-05 -9.1133e-05 -8.9371e-05 -8.7581e-05 -8.5765e-05 -8.3926e-05 -8.2068e-05 -8.0194e-05 -7.8307e-05 -7.6409e-05 -7.4503e-05 -7.2593e-05 -7.0682e-05 -6.8770e-05 -6.6863e-05 -6.4961e-05 -6.3069e-05 -6.1187e-05 -5.9318e-05 -5.7465e-05 -5.5630e-05 -5.3814e-05 -5.2019e-05 -5.0249e-05 -4.8503e-05 -4.6783e-05 -4.5092e-05 -4.3431e-05 -4.1800e-05 -4.0201e-05 -3.8635e-05 -3.7103e-05 -3.5606e-05 -3.4144e-05 -3.2718e-05 -3.1328e-05 -2.9976e-05 -2.8661e-05 -2.7383e-05 -2.6144e-05 -2.4942e-05 -2.3777e-05 -2.2650e-05 -2.1561e-05 -2.0509e-05 -1.9494e-05 -1.8515e-05 -1.7573e-05 -1.6666e-05 -1.5794e-05 -1.4957e-05 -1.4153e-05 -1.3383e-05 -1.2645e-05 -1.1939e-05 -1.1264e-05 -1.0619e-05 -1.0003e-05 -9.4166e-06 -8.8575e-06 -8.3254e-06 -7.8194e-06 -7.3387e-06 -6.8823e-06 -6.4494e-06 -6.0392e-06 -5.6508e-06 -5.2834e-06 -4.9362e-06 -4.6083e-06 -4.2989e-06 -4.0073e-06 -3.7326e-06 -3.4741e-06 -3.2310e-06 1.1796e-04 1.1781e-04 1.1758e-04 1.1725e-04 1.1683e-04 1.1632e-04 1.1571e-04 1.1502e-04 1.1424e-04 1.1338e-04 1.1243e-04 0.0000e+00 1.1029e-04 1.0911e-04 1.0785e-04 1.0652e-04 1.0512e-04 1.0366e-04 1.0214e-04 1.0056e-04 9.8920e-05 9.7233e-05 9.5498e-05 9.3720e-05 9.1900e-05 9.0044e-05 8.8155e-05 8.6237e-05 8.4293e-05 8.2327e-05 8.0342e-05 7.8343e-05 7.6332e-05 7.4313e-05 7.2290e-05 7.0265e-05 6.8243e-05 6.6226e-05 6.4217e-05 6.2219e-05 6.0235e-05 5.8268e-05 5.6319e-05 5.4393e-05 5.2490e-05 5.0613e-05 4.8765e-05 4.6946e-05 4.5159e-05 4.3405e-05 4.1686e-05 4.0003e-05 3.8357e-05 3.6749e-05 3.5181e-05 3.3653e-05 3.2165e-05 3.0718e-05 2.9313e-05 2.7950e-05 2.6629e-05 2.5350e-05 2.4113e-05 2.2918e-05 2.1765e-05 2.0654e-05 1.9583e-05 1.8553e-05 1.7563e-05 1.6613e-05 1.5701e-05 1.4828e-05 1.3992e-05 1.3192e-05 1.2429e-05 1.1700e-05 1.1005e-05 1.0343e-05 9.7127e-06 9.1138e-06 8.5450e-06 8.0052e-06 7.4935e-06 7.0089e-06 6.5504e-06 6.1170e-06 5.7077e-06 5.3215e-06 4.9574e-06 4.6146e-06 4.2920e-06 3.9888e-06 3.7040e-06 3.4368e-06 3.1863e-06 2.9517e-06 2.7322e-06 2.5269e-06 2.3353e-06 2.1564e-06
-1.1679e-04 -1.1667e-04 -1.1647e-04 -1.1618e-04 -1.1582e-04 -1.1538e-04 -1.1487e-04 -1.1427e-04 -1.1360e-04 -1.1286e-04 -1.1204e-04 -1.1115e-04 1.6933e-02 -1.0917e-04 -1.0808e-04 -1.0692e-04 -1.0571e-04 -1.0443e-04 -1.0310e-04 -1.0172e-04 -1.0028e-04 -9.8796e-05 -9.7266e-05 -9.5692e-05 -9.4078e-05 -9.2427e-05 -9.0742e-05 -8.9024e-05 -8.7278e-05 -8.5506e-05 -8.3712e-05 -8.1897e-05 -8.0066e-05 -7.8220e-05 -7.6364e-05 -7.4498e-05 -7.2627e-05 -7.0753e-05 -6.8878e-05 -6.7006e-05 -6.5138e-05 -6.3278e-05 -6.1427e-05 -5.9588e-05 -5.7762e-05 -5.5953e-05 -5.4161e-05 -5.2390e-05 -5.0640e-05 -4.8914e-05 -4.7212e-05 -4.5537e-05 -4.3890e-05 -4.2272e-05 -4.0685e-05 -3.9128e-05 -3.7604e-05 -3.6114e-05 -3.4657e-05 -3.3235e-05 -3.1848e-05 -3.0497e-05 -2.9182e-05 -2.7903e-05 -2.6661e-05 -2.5456e-05 -2.4287e-05 -2.3155e-05 -2.2060e-05 -2.1001e-05 -1.9978e-05 -1.8991e-05 -1.8039e-05 -1.7123e-05 -1.6241e-05 -1.5393e-05 -1.4579e-05 -1.3797e-05 -1.3048e-05 -1.2330e-05 -1.1643e-05 -1.0986e-05 -1.0359e-05 -9.7598e-06 -9.1886e-06 -8.6444e-06 -8.1263e-06 -7.6336e-06 -7.1653e-06 -6.7208e-06 -6.2990e-06 -5.8993e-06 -5.5209e-06 -5.1628e-06 -4.8242e-06 -4.5045e-06 -4.2028e-06 -3.9183e-06 -3.6504e-06 -3.3981e-06 1.1678e-04 1.1664e-04 1.1641e-04 1.1608e-04 1.1567e-04 1.1516e-04 1.1456e-04 1.1388e-04 1.1310e-04 1.1225e-04 1.1131e-04 1.1029e-04 0.0000e+00 1.0802e-04 1.0677e-04 1.0546e-04 1.0407e-04 1.0263e-04 1.0112e-04 9.9555e-05 9.7935e-05 9.6265e-05 9.4548e-05 9.2787e-05 9.0986e-05 8.9148e-05 8.7278e-05 8.5379e-05 8.3454e-05 8.1507e-05 7.9542e-05 7.7562e-05 7.5571e-05 7.3573e-05 7.1569e-05 6.9565e-05 6.7563e-05 6.5566e-05 6.3576e-05 6.1598e-05 5.9634e-05 5.7686e-05 5.5757e-05 5.3850e-05 5.1966e-05 5.0108e-05 4.8277e-05 4.6477e-05 4.4707e-05 4.2971e-05 4.1269e-05 3.9602e-05 3.7973e-05 3.6381e-05 3.4828e-05 3.3315e-05 3.1842e-05 3.0410e-05 2.9019e-05 2.7669e-05 2.6361e-05 2.5095e-05 2.3870e-05 2.2687e-05 2.1545e-05 2.0445e-05 1.9385e-05 1.8365e-05 1.7385e-05 1.6444e-05 1.5542e-05 1.4677e-05 1.3849e-05 1.3058e-05 1.2302e-05 1.1580e-05 1.0892e-05 1.0237e-05 9.6128e-06 9.0199e-06 8.4568e-06 7.9225e-06 7.4159e-06 6.9362e-06 6.4823e-06 6.0533e-06 5.6481e-06 5.2658e-06 4.9054e-06 4.5661e-06 4.2468e-06 3.9466e-06 3.6647e-06 3.4003e-06 3.1523e-06 2.9202e-06 2.7029e-06 2.4998e-06 2.3101e-06 2.1330e-06
-1.1554e-04 -1.1542e-04 -1.1522e-04 -1.1495e-04 -1.1460e-04 -1.1418e-04 -1.1368e-04 -1.1311e-04 -1.1246e-04 -1.1174e-04 -1.1095e-04 -1.1009e-04 -1.0917e-04 1.9638e-02 -1.0712e-04 -1.0600e-04 -1.0483e-04 -1.0360e-04 -1.0231e-04 -1.0097e-04 -9.9575e-05 -9.8136e-05 -9.6652e-05 -9.5126e-05 -9.3559e-05 -9.1956e-05 -9.0318e-05 -8.8648e-05 -8.6950e-05 -8.5225e-05 -8.3478e-05 -8.1709e-05 -7.9923e-05 -7.8123e-05 -7.6309e-05 -7.4487e-05 -7.2657e-05 -7.0824e-05 -6.8988e-05 -6.7154e-05 -6.5322e-05 -6.3496e-05 -6.1678e-05 -5.9870e-05 -5.8075e-05 -5.6293e-05 -5.4528e-05 -5.2781e-05 -5.1054e-05 -4.9349e-05 -4.7667e-05 -4.6009e-05 -4.4378e-05 -4.2774e-05 -4.1199e-05 -3.9653e-05 -3.8138e-05 -3.6655e-05 -3.5204e-05 -3.3787e-05 -3.2403e-05 -3.1053e-05 -2.9739e-05 -2.8459e-05 -2.7215e-05 -2.6006e-05 -2.4833e-05 -2.3696e-05 -2.2594e-05 -2.1528e-05 -2.0497e-05 -1.9501e-05 -1.8540e-05 -1.7614e-05 -1.6721e-05 -1.5862e-05 -1.5036e-05 -1.4243e-05 -1.3482e-05 -1.2751e-05 -1.2052e-05 -1.1382e-05 -1.0742e-05 -1.0130e-05 -9.5459e-06 -8.9887e-06 -8.4578e-06 -7.9522e-06 -7.4713e-06 -7.0143e-06 -6.5802e-06 -6.1684e-06 -5.7780e-06 -5.4083e-06 -5.0584e-06 -4.7276e-06 -4.4150e-06 -4.1201e-06 -3.8419e-06 -3.5798e-06 1.1553e-04 1.1539e-04 1.1516e-04 1.1484e-04 1.1442e-04 1.1392e-04 1.1333e-04 1.1265e-04 1.1189e-04 1.1104e-04 1.1011e-04 1.0911e-04 1.0802e-04 0.0000e+00 1.0563e-04 1.0433e-04 1.0296e-04 1.0153e-04 1.0003e-04 9.8485e-05 9.6883e-05 9.5231e-05 9.3532e-05 9.1790e-05 9.0008e-05 8.8190e-05 8.6340e-05 8.4461e-05 8.2557e-05 8.0631e-05 7.8687e-05 7.6728e-05 7.4759e-05 7.2781e-05 7.0799e-05 6.8817e-05 6.6836e-05 6.4860e-05 6.2892e-05 6.0935e-05 5.8992e-05 5.7065e-05 5.5156e-05 5.3269e-05 5.1405e-05 4.9567e-05 4.7756e-05 4.5975e-05 4.4224e-05 4.2506e-05 4.0823e-05 3.9174e-05 3.7562e-05 3.5987e-05 3.4451e-05 3.2954e-05 3.1496e-05 3.0079e-05 2.8703e-05 2.7368e-05 2.6074e-05 2.4821e-05 2.3610e-05 2.2439e-05 2.1310e-05 2.0221e-05 1.9172e-05 1.8164e-05 1.7194e-05 1.6263e-05 1.5370e-05 1.4515e-05 1.3696e-05 1.2913e-05 1.2165e-05 1.1451e-05 1.0771e-05 1.0122e-05 9.5055e-06 8.9190e-06 8.3620e-06 7.8335e-06 7.3325e-06 6.8580e-06 6.4090e-06 5.9847e-06 5.5839e-06 5.2058e-06 4.8494e-06 4.5138e-06 4.1980e-06 3.9011e-06 3.6224e-06 3.3608e-06 3.1157e-06 2.8861e-06 2.6712e-06 2.4704e-06 2.2828e-06 2.1078e-06
-1.1420e-04 -1.1409e-04 -1.1390e-04 -1.1364e-04 -1.1331e-04 -1.1290e-04 -1.1242e-04 -1.1187e-04 -1.1124e-04 -1.1055e-04 -1.0979e-04 -1.0897e-04 -1.0808e-04 -1.0712e-04 2.2544e-02 -1.0503e-04 -1.0389e-04 -1.0270e-04 -1.0146e-04 -1.0017e-04 -9.8822e-05 -9.7432e-05 -9.5997e-05 -9.4520e-05 -9.3003e-05 -9.1450e-05 -8.9863e-05 -8.8243e-05 -8.6595e-05 -8.4921e-05 -8.3223e-05 -8.1503e-05 -7.9766e-05 -7.8012e-05 -7.6246e-05 -7.4468e-05 -7.2683e-05 -7.0892e-05 -6.9099e-05 -6.7304e-05 -6.5511e-05 -6.3722e-05 -6.1939e-05 -6.0165e-05 -5.8401e-05 -5.6650e-05 -5.4913e-05 -5.3192e-05 -5.1490e-05 -4.9807e-05 -4.8146e-05 -4.6507e-05 -4.4893e-05 -4.3304e-05 -4.1742e-05 -4.0208e-05 -3.8703e-05 -3.7228e-05 -3.5784e-05 -3.4371e-05 -3.2991e-05 -3.1644e-05 -3.0330e-05 -2.9049e-05 -2.7803e-05 -2.6591e-05 -2.5414e-05 -2.4271e-05 -2.3163e-05 -2.2089e-05 -2.1050e-05 -2.0045e-05 -1.9074e-05 -1.8138e-05 -1.7234e-05 -1.6364e-05 -1.5526e-05 -1.4720e-05 -1.3946e-05 -1.3202e-05 -1.2490e-05 -1.1807e-05 -1.1153e-05 -1.0527e-05 -9.9292e-06 -9.3584e-06 -8.8138e-06 -8.2947e-06 -7.8004e-06 -7.3300e-06 -6.8829e-06 -6.4582e-06 -6.0551e-06 -5.6730e-06 -5.3109e-06 -4.9682e-06 -4.6442e-06 -4.3380e-06 -4.0489e-06 -3.7762e-06 1.1420e-04 1.1406e-04 1.1383e-04 1.1351e-04 1.1310e-04 1.1261e-04 1.1202e-04 1.1135e-04 1.1060e-04 1.0976e-04 1.0884e-04 1.0785e-04 1.0677e-04 1.0563e-04 0.0000e+00 1.0312e-04 1.0177e-04 1.0035e-04 9.8880e-05 9.7349e-05 9.5766e-05 9.4132e-05 9.2453e-05 9.0731e-05 8.8969e-05 8.7173e-05 8.5344e-05 8.3486e-05 8.1604e-05 7.9700e-05 7.7778e-05 7.5842e-05 7.3895e-05 7.1941e-05 6.9982e-05 6.8021e-05 6.6063e-05 6.4110e-05 6.2165e-05 6.0230e-05 5.8309e-05 5.6404e-05 5.4518e-05 5.2652e-05 5.0810e-05 4.8993e-05 4.7203e-05 4.5441e-05 4.3711e-05 4.2013e-05 4.0348e-05 3.8718e-05 3.7125e-05 3.5568e-05 3.4049e-05 3.2569e-05 3.1129e-05 2.9728e-05 2.8368e-05 2.7048e-05 2.5768e-05 2.4530e-05 2.3332e-05 2.2176e-05 2.1059e-05 1.9983e-05 1.8946e-05 1.7949e-05 1.6991e-05 1.6071e-05 1.5188e-05 1.4342e-05 1.3533e-05 1.2759e-05 1.2020e-05 1.1314e-05 1.0641e-05 1.0001e-05 9.3909e-06 8.8113e-06 8.2607e-06 7.7384e-06 7.2432e-06 6.7743e-06 6.3306e-06 5.9112e-06 5.5152e-06 5.1415e-06 4.7893e-06 4.4577e-06 4.1456e-06 3.8523e-06 3.5769e-06 3.3185e-06 3.0762e-06 2.8494e-06 2.6372e-06 2.4387e-06 2.2534e-06 2.0806e-06
-1.1280e-04 -1.1269e-04 -1.1251e-04 -1.1226e-04 -1.1194e-04 -1.1155e-04 -1.1109e-04 -1.1056e-04 -1.0996e-04 -1.0930e-04 -1.0857e-04 -1.0778e-04 -1.0692e-04 -1.0600e-04 -1.0503e-04 2.5650e-02 -1.0290e-04 -1.0176e-04 -1.0056e-04 -9.9317e-05 -9.8023e-05 -9.6683e-05 -9.5299e-05 -9.3874e-05 -9.2410e-05 -9.0910e-05 -8.9375e-05 -8.7809e-05 -8.6214e-05 -8.4592e-05 -8.2946e-05 -8.1279e-05 -7.9592e-05 -7.7889e-05 -7.6171e-05 -7.4442e-05 -7.2703e-05 -7.0958e-05 -6.9208e-05 -6.7456e-05 -6.5704e-05 -6.3954e-05 -6.2208e-05 -6.0470e-05 -5.8740e-05 -5.7020e-05 -5.5313e-05 -5.3621e-05 -5.1944e-05 -5.0286e-05 -4.8646e-05 -4.7028e-05 -4.5432e-05 -4.3860e-05 -4.2312e-05 -4.0791e-05 -3.9297e-05 -3.7831e-05 -3.6394e-05 -3.4987e-05 -3.3611e-05 -3.2266e-05 -3.0953e-05 -2.9672e-05 -2.8424e-05 -2.7209e-05 -2.6028e-05 -2.4879e-05 -2.3765e-05 -2.2684e-05 -2.1636e-05 -2.0622e-05 -1.9641e-05 -1.8694e-05 -1.7779e-05 -1.6896e-05 -1.6046e-05 -1.5227e-05 -1.4440e-05 -1.3683e-05 -1.2956e-05 -1.2259e-05 -1.1591e-05 -1.0951e-05 -1.0339e-05 -9.7533e-06 -9.1944e-06 -8.6610e-06 -8.1525e-06 -7.6681e-06 -7.2071e-06 -6.7687e-06 -6.3523e-06 -5.9570e-06 -5.5820e-06 -5.2268e-06 -4.8904e-06 -4.5723e-06 -4.2716e-06 -3.9876e-06 1.1279e-04 1.1265e-04 1.1243e-04 1.1211e-04 1.1171e-04 1.1122e-04 1.1064e-04 1.0998e-04 1.0924e-04 1.0841e-04 1.0750e-04 1.0652e-04 1.0546e-04 1.0433e-04 1.0312e-04 0.0000e+00 1.0052e-04 9.9118e-05 9.7661e-05 9.6149e-05 9.4585e-05 9.2972e-05 9.1313e-05 8.9612e-05 8.7872e-05 8.6098e-05 8.4291e-05 8.2456e-05 8.0597e-05 7.8717e-05 7.6819e-05 7.4906e-05 7.2983e-05 7.1053e-05 6.9118e-05 6.7181e-05 6.5247e-05 6.3318e-05 6.1396e-05 5.9486e-05 5.7588e-05 5.5706e-05 5.3843e-05 5.2000e-05 5.0180e-05 4.8385e-05 4.6617e-05 4.4878e-05 4.3168e-05 4.1491e-05 3.9846e-05 3.8237e-05 3.6662e-05 3.5125e-05 3.3625e-05 3.2163e-05 3.0740e-05 2.9356e-05 2.8012e-05 2.6709e-05 2.5445e-05 2.4222e-05 2.3039e-05 2.1896e-05 2.0793e-05 1.9730e-05 1.8706e-05 1.7722e-05 1.6775e-05 1.5866e-05 1.4995e-05 1.4159e-05 1.3360e-05 1.2596e-05 1.1865e-05 1.1169e-05 1.0504e-05 9.8713e-06 9.2692e-06 8.6967e-06 8.1530e-06 7.6372e-06 7.1482e-06 6.6852e-06 6.2471e-06 5.8330e-06 5.4419e-06 5.0730e-06 4.7253e-06 4.3978e-06 4.0898e-06 3.8002e-06 3.5283e-06 3.2732e-06 3.0341e-06 2.8102e-06 2.6007e-06 2.4049e-06 2.2220e-06 2.0514e-06
-1.1132e-04 -1.1122e-04 -1.1105e-04 -1.1081e-04 -1.1050e-04 -1.1013e-04 -1.0969e-04 -1.0918e-04 -1.0861e-04 -1.0798e-04 -1.0728e-04 -1.0652e-04 -1.0571e-04 -1.0483e-04 -1.0389e-04 -1.0290e-04 2.8956e-02 -1.0076e-04 -9.9616e-05 -9.8420e-05 -9.7177e-05 -9.5890e-05 -9.4560e-05 -9.3189e-05 -9.1781e-05 -9.0336e-05 -8.8857e-05 -8.7346e-05 -8.5806e-05 -8.4240e-05 -8.2648e-05 -8.1035e-05 -7.9402e-05 -7.7751e-05 -7.6084e-05 -7.4405e-05 -7.2716e-05 -7.1018e-05 -6.9314e-05 -6.7607e-05 -6.5898e-05 -6.4189e-05 -6.2484e-05 -6.0782e-05 -5.9088e-05 -5.7403e-05 -5.5727e-05 -5.4065e-05 -5.2416e-05 -5.0783e-05 -4.9167e-05 -4.7571e-05 -4.5994e-05 -4.4440e-05 -4.2908e-05 -4.1400e-05 -3.9918e-05 -3.8462e-05 -3.7033e-05 -3.5633e-05 -3.4261e-05 -3.2919e-05 -3.1608e-05 -3.0327e-05 -2.9077e-05 -2.7860e-05 -2.6674e-05 -2.5520e-05 -2.4399e-05 -2.3311e-05 -2.2255e-05 -2.1231e-05 -2.0240e-05 -1.9281e-05 -1.8355e-05 -1.7460e-05 -1.6597e-05 -1.5764e-05 -1.4963e-05 -1.4192e-05 -1.3451e-05 -1.2739e-05 -1.2056e-05 -1.1401e-05 -1.0774e-05 -1.0173e-05 -9.5994e-06 -9.0510e-06 -8.5276e-06 -8.0285e-06 -7.5529e-06 -7.1002e-06 -6.6696e-06 -6.2604e-06 -5.8719e-06 -5.5034e-06 -5.1540e-06 -4.8232e-06 -4.5103e-06 -4.2144e-06 1.1131e-04 1.1118e-04 1.1095e-04 1.1064e-04 1.1025e-04 1.0976e-04 1.0919e-04 1.0854e-04 1.0780e-04 1.0699e-04 1.0609e-04 1.0512e-04 1.0407e-04 1.0296e-04 1.0177e-04 1.0052e-04 0.0000e+00 9.7818e-05 9.6380e-05 9.4888e-05 9.3344e-05 9.1752e-05 9.0115e-05 8.8436e-05 8.6720e-05 8.4968e-05 8.3185e-05 8.1374e-05 7.9539e-05 7.7683e-05 7.5810e-05 7.3923e-05 7.2025e-05 7.0119e-05 6.8209e-05 6.6298e-05 6.4389e-05 6.2485e-05 6.0589e-05 5.8703e-05 5.6830e-05 5.4973e-05 5.3133e-05 5.1315e-05 4.9518e-05 4.7747e-05 4.6001e-05 4.4284e-05 4.2597e-05 4.0942e-05 3.9319e-05 3.7730e-05 3.6176e-05 3.4658e-05 3.3178e-05 3.1735e-05 3.0331e-05 2.8965e-05 2.7639e-05 2.6352e-05 2.5105e-05 2.3897e-05 2.2730e-05 2.1602e-05 2.0513e-05 1.9464e-05 1.8454e-05 1.7482e-05 1.6547e-05 1.5651e-05 1.4790e-05 1.3966e-05 1.3177e-05 1.2423e-05 1.1702e-05 1.1015e-05 1.0359e-05 9.7346e-06 9.1404e-06 8.5755e-06 8.0391e-06 7.5301e-06 7.0476e-06 6.5908e-06 6.1585e-06 5.7500e-06 5.3642e-06 5.0003e-06 4.6573e-06 4.3343e-06 4.0304e-06 3.7448e-06 3.4766e-06 3.2250e-06 2.9892e-06 2.7684e-06 2.5618e-06 2.3687e-06 2.1884e-06 2.0202e-06
