1.0020e-04 -2.0665e-04 -1.7121e-04 -1.3155e-04 -9.3725e-05 -6.1906e-05 -3.7900e-05 -2.1503e-05 -1.1303e-05 -5.5030e-06 -2.4811e-06 -1.0357e-06 -4.0014e-07 -1.4306e-07 -4.7319e-08 -1.4478e-08 -4.0964e-09 -1.0717e-09 -2.5921e-10 -5.7952e-11 -1.1974e-11 -2.2865e-12 -4.0341e-13 -6.5758e-14 -9.9026e-15 -1.3775e-15 -1.7700e-16 -2.1006e-17 -2.3025e-18 -2.3308e-19 -2.1788e-20 -1.8809e-21 -1.4994e-22 -1.1037e-23 -7.5014e-25 -4.7077e-26 -2.7279e-27 -1.4595e-28 -7.2096e-30 -3.2881e-31 -1.3846e-32 -5.3828e-34 -1.9320e-35 -6.4023e-37 -1.9587e-38 -5.5324e-40 -1.4426e-41 -3.4730e-43 -7.7187e-45 -1.5837e-46 -3.0000e-48 -5.2463e-50 -8.4698e-52 -1.2624e-53 -1.7370e-55 -2.2064e-57 -2.5874e-59 -2.8011e-61 -2.7994e-63 -2.5829e-65 -2.2000e-67 -1.7299e-69 -1.2558e-71 -8.4153e-74 -5.2061e-76 -2.9733e-78 -1.5676e-80 -7.6301e-83 -3.4284e-85 -1.4221e-87 -5.4457e-90 -1.9251e-92 -6.2823e-95 -1.8927e-97 -5.2638e-100 -1.3514e-102 -3.2031e-105 -7.0086e-108 -1.4156e-110 -2.6397e-113 -4.5439e-116 -7.2208e-119 -1.0593e-121 -1.4345e-124 -1.7934e-127 -2.0697e-130 -2.2051e-133 -2.1688e-136 -1.9691e-139 -1.6505e-142 -1.2771e-145 -9.1219e-149 -6.0149e-152 -3.6614e-155 -2.0575e-158 -1.0673e-161 -5.1111e-165 -2.2595e-168 -9.2210e-172 -3.4739e-175 0.0000e+00 -2.0534e-04 -1.6879e-04 -1.2828e-04 -9.0143e-05 -5.8564e-05 -3.5178e-05 -1.9535e-05 -1.0030e-05 -4.7608e-06 -2.0891e-06 -8.4750e-07 -3.1782e-07 -1.1018e-07 -3.5308e-08 -1.0459e-08 -2.8638e-09 -7.2477e-10 -1.6954e-10 -3.6654e-11 -7.3241e-12 -1.3525e-12 -2.3083e-13 -3.6406e-14 -5.3061e-15 -7.1464e-16 -8.8940e-17 -1.0228e-17 -1.0868e-18 -1.0670e-19 -9.6787e-21 -8.1117e-22 -6.2809e-23 -4.4931e-24 -2.9694e-25 -1.8129e-26 -1.0225e-27 -5.3272e-29 -2.5639e-30 -1.1399e-31 -4.6810e-33 -1.7756e-34 -6.2214e-36 -2.0134e-37 -6.0185e-39 -1.6616e-40 -4.2370e-42 -9.9787e-44 -2.1705e-45 -4.3603e-47 -8.0897e-49 -1.3861e-50 -2.1934e-52 -3.2054e-54 -4.3259e-56 -5.3914e-58 -6.2052e-60 -6.5953e-62 -6.4734e-64 -5.8673e-66 -4.9108e-68 -3.7955e-70 -2.7089e-72 -1.7853e-74 -1.0865e-76 -6.1054e-79 -3.1681e-81 -1.5180e-83 -6.7159e-86 -2.7436e-88 -1.0349e-90 -3.6047e-93 -1.1593e-95 -3.4427e-98 -9.4394e-101 -2.3898e-103 -5.5863e-106 -1.2057e-108 -2.4028e-111 -4.4213e-114 -7.5114e-117 -1.1783e-119 -1.7065e-122 -2.2819e-125 -2.8174e-128 -3.2116e-131 -3.3802e-134 -3.2847e-137 -2.9470e-140 -2.4411e-143 -1.8670e-146 -1.3183e-149 -8.5942e-153 -5.1729e-156 -2.8746e-159 -1.4749e-162 -6.9862e-166 -3.0553e-169 -1.2336e-172 -4.5987e-176
-2.0665e-04 4.0077e-04 -1.6168e-04 -1.3008e-04 -9.8032e-05 -6.9065e-05 -4.5399e-05 -2.7795e-05 -1.5824e-05 -8.3654e-06 -4.1021e-06 -1.8640e-06 -7.8429e-07 -3.0538e-07 -1.0998e-07 -3.6625e-08 -1.1273e-08 -3.2068e-09 -8.4280e-10 -2.0463e-10 -4.5894e-11 -9.5071e-12 -1.8189e-12 -3.2138e-13 -5.2439e-14 -7.9014e-15 -1.0994e-15 -1.4125e-16 -1.6757e-17 -1.8357e-18 -1.8567e-19 -1.7340e-20 -1.4953e-21 -1.1905e-22 -8.7520e-24 -5.9403e-25 -3.7227e-26 -2.1539e-27 -1.1506e-28 -5.6752e-30 -2.5843e-31 -1.0865e-32 -4.2175e-34 -1.5115e-35 -5.0009e-37 -1.5276e-38 -4.3083e-40 -1.1218e-41 -2.6966e-43 -5.9847e-45 -1.2262e-46 -2.3196e-48 -4.0509e-50 -6.5313e-52 -9.7218e-54 -1.3360e-55 -1.6949e-57 -1.9852e-59 -2.1466e-61 -2.1429e-63 -1.9749e-65 -1.6802e-67 -1.3198e-69 -9.5703e-72 -6.4068e-74 -3.9596e-76 -2.2592e-78 -1.1900e-80 -5.7864e-83 -2.5976e-85 -1.0765e-87 -4.1188e-90 -1.4548e-92 -4.7436e-95 -1.4279e-97 -3.9681e-100 -1.0180e-102 -2.4110e-105 -5.2713e-108 -1.0640e-110 -1.9825e-113 -3.4103e-116 -5.4156e-119 -7.9393e-122 -1.0745e-124 -1.3424e-127 -1.5483e-130 -1.6486e-133 -1.6204e-136 -1.4704e-139 -1.2317e-142 -9.5253e-146 -6.8000e-149 -4.4815e-152 -2.7265e-155 -1.5313e-158 -7.9396e-162 -3.8002e-165 -1.6792e-168 -6.8493e-172 -2.0534e-04 0.0000e+00 -1.5295e-04 -1.1818e-04 -8.4811e-05 -5.6516e-05 -3.4966e-05 -2.0080e-05 -1.0701e-05 -5.2910e-06 -2.4265e-06 -1.0320e-06 -4.0688e-07 -1.4869e-07 -5.0349e-08 -1.5795e-08 -4.5895e-09 -1.2349e-09 -3.0762e-10 -7.0937e-11 -1.5139e-11 -2.9898e-12 -5.4630e-13 -9.2341e-14 -1.4437e-14 -2.0876e-15 -2.7915e-16 -3.4515e-17 -3.9457e-18 -4.1699e-19 -4.0738e-20 -3.6787e-21 -3.0704e-22 -2.3685e-23 -1.6885e-24 -1.1123e-25 -6.7713e-27 -3.8088e-28 -1.9795e-29 -9.5055e-31 -4.2170e-32 -1.7284e-33 -6.5444e-35 -2.2891e-36 -7.3966e-38 -2.2077e-39 -6.0869e-41 -1.5502e-42 -3.6464e-44 -7.9226e-46 -1.5899e-47 -2.9468e-49 -5.0444e-51 -7.9753e-53 -1.1645e-54 -1.5704e-56 -1.9557e-58 -2.2494e-60 -2.3892e-62 -2.3435e-64 -2.1228e-66 -1.7757e-68 -1.3717e-70 -9.7848e-73 -6.4454e-75 -3.9206e-77 -2.2022e-79 -1.1422e-81 -5.4705e-84 -2.4193e-86 -9.8798e-89 -3.7255e-91 -1.2971e-93 -4.1703e-96 -1.2380e-98 -3.3933e-101 -8.5883e-104 -2.0070e-106 -4.3306e-109 -8.6278e-112 -1.5871e-114 -2.6957e-117 -4.2275e-120 -6.1212e-123 -8.1835e-126 -1.0101e-128 -1.1512e-131 -1.2114e-134 -1.1769e-137 -1.0557e-140 -8.7434e-144 -6.6856e-147 -4.7199e-150 -3.0765e-153 -1.8514e-156 -1.0287e-159 -5.2769e-163 -2.4992e-166 -1.0928e-169 -4.4118e-173
-1.7121e-04 -1.6168e-04 9.0169e-04 -1.2584e-04 -1.0243e-04 -7.8376e-05 -5.6107e-05 -3.7439e-05 -2.3223e-05 -1.3364e-05 -7.1256e-06 -3.5166e-06 -1.6054e-06 -6.7762e-07 -2.6436e-07 -9.5308e-08 -3.1747e-08 -9.7693e-09 -2.7770e-09 -7.2916e-10 -1.7684e-10 -3.9609e-11 -8.1938e-12 -1.5654e-12 -2.7620e-13 -4.5002e-14 -6.7714e-15 -9.4087e-16 -1.2072e-16 -1.4304e-17 -1.5649e-18 -1.5810e-19 -1.4748e-20 -1.2704e-21 -1.0104e-22 -7.4203e-24 -5.0316e-25 -3.1503e-26 -1.8212e-27 -9.7206e-29 -4.7905e-30 -2.1798e-31 -9.1577e-33 -3.5522e-34 -1.2721e-35 -4.2064e-37 -1.2841e-38 -3.6194e-40 -9.4185e-42 -2.2628e-43 -5.0193e-45 -1.0279e-46 -1.9434e-48 -3.3923e-50 -5.4669e-52 -8.1339e-54 -1.1173e-55 -1.4169e-57 -1.6589e-59 -1.7930e-61 -1.7892e-63 -1.6484e-65 -1.4020e-67 -1.1008e-69 -7.9799e-72 -5.3404e-74 -3.2995e-76 -1.8820e-78 -9.9099e-81 -4.8175e-83 -2.1620e-85 -8.9578e-88 -3.4263e-90 -1.2099e-92 -3.9440e-95 -1.1869e-97 -3.2977e-100 -8.4581e-103 -2.0027e-105 -4.3778e-108 -8.8343e-111 -1.6458e-113 -2.8305e-116 -4.4940e-119 -6.5869e-122 -8.9127e-125 -1.1133e-127 -1.2838e-130 -1.3667e-133 -1.3432e-136 -1.2186e-139 -1.0207e-142 -7.8916e-146 -5.6329e-149 -3.7117e-152 -2.2578e-155 -1.2679e-158 -6.5729e-162 -3.1456e-165 -1.3897e-168 -1.6879e-04 -1.5295e-04 0.0000e+00 -1.0298e-04 -7.6429e-05 -5.3003e-05 -3.4318e-05 -2.0728e-05 -1.1669e-05 -6.1180e-06 -2.9849e-06 -1.3542e-06 -5.7092e-07 -2.2353e-07 -8.1230e-08 -2.7385e-08 -8.5607e-09 -2.4806e-09 -6.6601e-10 -1.6564e-10 -3.8147e-11 -8.1334e-12 -1.6051e-12 -2.9313e-13 -4.9530e-14 -7.7421e-15 -1.1193e-15 -1.4967e-16 -1.8505e-17 -2.1156e-18 -2.2360e-19 -2.1847e-20 -1.9731e-21 -1.6471e-22 -1.2708e-23 -9.0609e-25 -5.9702e-26 -3.6351e-27 -2.0451e-28 -1.0631e-29 -5.1057e-31 -2.2656e-32 -9.2874e-34 -3.5172e-35 -1.2305e-36 -3.9767e-38 -1.1872e-39 -3.2737e-41 -8.3387e-43 -1.9618e-44 -4.2632e-46 -8.5566e-48 -1.5862e-49 -2.7157e-51 -4.2943e-53 -6.2712e-55 -8.4581e-57 -1.0535e-58 -1.2119e-60 -1.2874e-62 -1.2629e-64 -1.1441e-66 -9.5719e-69 -7.3949e-71 -5.2757e-73 -3.4756e-75 -2.1144e-77 -1.1878e-79 -6.1613e-82 -2.9512e-84 -1.3053e-86 -5.3310e-89 -2.0104e-91 -7.0006e-94 -2.2509e-96 -6.6826e-99 -1.8319e-101 -4.6368e-104 -1.0837e-106 -2.3385e-109 -4.6594e-112 -8.5718e-115 -1.4560e-117 -2.2836e-120 -3.3068e-123 -4.4212e-126 -5.4578e-129 -6.2206e-132 -6.5462e-135 -6.3603e-138 -5.7057e-141 -4.7257e-144 -3.6138e-147 -2.5514e-150 -1.6632e-153 -1.0009e-156 -5.5618e-160 -2.8532e-163 -1.3514e-166 -5.9096e-170
-1.3155e-04 -1.3008e-04 -1.2584e-04 1.6029e-03 -1.0397e-04 -8.6723e-05 -6.7614e-05 -4.9057e-05 -3.3033e-05 -2.0608e-05 -1.1900e-05 -6.3557e-06 -3.1386e-06 -1.4326e-06 -6.0434e-07 -2.3557e-07 -8.4843e-08 -2.8230e-08 -8.6777e-09 -2.4641e-09 -6.4632e-10 -1.5659e-10 -3.5041e-11 -7.2424e-12 -1.3825e-12 -2.4373e-13 -3.9684e-14 -5.9671e-15 -8.2859e-16 -1.0625e-16 -1.2582e-17 -1.3758e-18 -1.3893e-19 -1.2954e-20 -1.1153e-21 -8.8672e-23 -6.5094e-24 -4.4123e-25 -2.7616e-26 -1.5959e-27 -8.5156e-29 -4.1954e-30 -1.9085e-31 -8.0157e-33 -3.1084e-34 -1.1129e-35 -3.6791e-37 -1.1229e-38 -3.1643e-40 -8.2325e-42 -1.9775e-43 -4.3855e-45 -8.9794e-47 -1.6974e-48 -2.9625e-50 -4.7734e-52 -7.1009e-54 -9.7524e-56 -1.2366e-57 -1.4476e-59 -1.5644e-61 -1.5609e-63 -1.4378e-65 -1.2228e-67 -9.6000e-70 -6.9582e-72 -4.6562e-74 -2.8764e-76 -1.6405e-78 -8.6375e-81 -4.1986e-83 -1.8841e-85 -7.8054e-88 -2.9853e-90 -1.0540e-92 -3.4358e-95 -1.0339e-97 -2.8723e-100 -7.3664e-103 -1.7441e-105 -3.8122e-108 -7.6924e-111 -1.4330e-113 -2.4643e-116 -3.9122e-119 -5.7339e-122 -7.7580e-125 -9.6903e-128 -1.1174e-130 -1.1895e-133 -1.1689e-136 -1.0604e-139 -8.8811e-143 -6.8664e-146 -4.9009e-149 -3.2292e-152 -1.9642e-155 -1.1030e-158 -5.7176e-162 -2.7362e-165 -1.2828e-04 -1.1818e-04 -1.0298e-04 0.0000e+00 -6.5760e-05 -4.8013e-05 -3.2920e-05 -2.1156e-05 -1.2721e-05 -7.1441e-06 -3.7423e-06 -1.8262e-06 -8.2924e-07 -3.5007e-07 -1.3728e-07 -4.9976e-08 -1.6879e-08 -5.2862e-09 -1.5345e-09 -4.1271e-10 -1.0281e-10 -2.3715e-11 -5.0641e-12 -1.0008e-12 -1.8302e-13 -3.0964e-14 -4.8458e-15 -7.0140e-16 -9.3885e-17 -1.1620e-17 -1.3297e-18 -1.4067e-19 -1.3756e-20 -1.2434e-21 -1.0388e-22 -8.0204e-24 -5.7227e-25 -3.7732e-26 -2.2989e-27 -1.2941e-28 -6.7312e-30 -3.2347e-31 -1.4361e-32 -5.8901e-34 -2.2318e-35 -7.8115e-37 -2.5257e-38 -7.5433e-40 -2.0810e-41 -5.3027e-43 -1.2481e-44 -2.7131e-46 -5.4475e-48 -1.0102e-49 -1.7301e-51 -2.7367e-53 -3.9979e-55 -5.3936e-57 -6.7201e-59 -7.7324e-61 -8.2164e-63 -8.0626e-65 -7.3062e-67 -6.1140e-69 -4.7246e-71 -3.3715e-73 -2.2216e-75 -1.3518e-77 -7.5956e-80 -3.9409e-82 -1.8881e-84 -8.3526e-87 -3.4120e-89 -1.2869e-91 -4.4822e-94 -1.4414e-96 -4.2801e-99 -1.1735e-101 -2.9709e-104 -6.9444e-107 -1.4988e-109 -2.9868e-112 -5.4956e-115 -9.3363e-118 -1.4645e-120 -2.1210e-123 -2.8362e-126 -3.5016e-129 -3.9916e-132 -4.2010e-135 -4.0823e-138 -3.6626e-141 -3.0339e-144 -2.3203e-147 -1.6384e-150 -1.0681e-153 -6.4290e-157 -3.5727e-160 -1.8330e-163 -8.6829e-167
-9.3725e-05 -9.8032e-05 -1.0243e-04 -1.0397e-04 2.5042e-03 -9.1157e-05 -7.7167e-05 -6.0685e-05 -4.4237e-05 -2.9856e-05 -1.8643e-05 -1.0766e-05 -5.7482e-06 -2.8370e-06 -1.2941e-06 -5.4557e-07 -2.1253e-07 -7.6496e-08 -2.5439e-08 -7.8158e-09 -2.2183e-09 -5.8161e-10 -1.4086e-10 -3.1510e-11 -6.5106e-12 -1.2424e-12 -2.1899e-13 -3.5646e-14 -5.3587e-15 -7.4396e-16 -9.5382e-17 -1.1293e-17 -1.2347e-18 -1.2466e-19 -1.1622e-20 -1.0005e-21 -7.9533e-23 -5.8379e-24 -3.9567e-25 -2.4762e-26 -1.4309e-27 -7.6343e-29 -3.7610e-30 -1.7107e-31 -7.1845e-33 -2.7859e-34 -9.9740e-36 -3.2970e-37 -1.0062e-38 -2.8353e-40 -7.3763e-42 -1.7717e-43 -3.9290e-45 -8.0444e-47 -1.5206e-48 -2.6538e-50 -4.2758e-52 -6.3605e-54 -8.7352e-56 -1.1076e-57 -1.2965e-59 -1.4011e-61 -1.3979e-63 -1.2877e-65 -1.0950e-67 -8.5969e-70 -6.2310e-72 -4.1694e-74 -2.5757e-76 -1.4689e-78 -7.7341e-81 -3.7593e-83 -1.6870e-85 -6.9886e-88 -2.6728e-90 -9.4371e-93 -3.0761e-95 -9.2565e-98 -2.5715e-100 -6.5948e-103 -1.5614e-105 -3.4128e-108 -6.8863e-111 -1.2828e-113 -2.2060e-116 -3.5022e-119 -5.1328e-122 -6.9447e-125 -8.6742e-128 -1.0002e-130 -1.0647e-133 -1.0463e-136 -9.4920e-140 -7.9495e-143 -6.1461e-146 -4.3867e-149 -2.8904e-152 -1.7581e-155 -9.8722e-159 -5.1175e-162 -9.0143e-05 -8.4811e-05 -7.6429e-05 -6.5760e-05 0.0000e+00 -4.1731e-05 -3.0546e-05 -2.1037e-05 -1.3593e-05 -8.2198e-06 -4.6430e-06 -2.4456e-06 -1.1996e-06 -5.4733e-07 -2.3208e-07 -9.1377e-08 -3.3387e-08 -1.1314e-08 -3.5543e-09 -1.0347e-09 -2.7900e-10 -6.9667e-11 -1.6105e-11 -3.4460e-12 -6.8232e-13 -1.2499e-13 -2.1182e-14 -3.3200e-15 -4.8123e-16 -6.4500e-17 -7.9932e-18 -9.1576e-19 -9.6985e-20 -9.4942e-21 -8.5903e-22 -7.1834e-23 -5.5512e-24 -3.9642e-25 -2.6159e-26 -1.5950e-27 -8.9854e-29 -4.6768e-30 -2.2489e-31 -9.9909e-33 -4.1003e-34 -1.5545e-35 -5.4440e-37 -1.7611e-38 -5.2626e-40 -1.4525e-41 -3.7031e-43 -8.7196e-45 -1.8964e-46 -3.8092e-48 -7.0668e-50 -1.2108e-51 -1.9159e-53 -2.7999e-55 -3.7788e-57 -4.7098e-59 -5.4210e-61 -5.7622e-63 -5.6561e-65 -5.1270e-67 -4.2917e-69 -3.3174e-71 -2.3679e-73 -1.5608e-75 -9.4994e-78 -5.3389e-80 -2.7707e-82 -1.3278e-84 -5.8752e-87 -2.4005e-89 -9.0564e-92 -3.1549e-94 -1.0148e-96 -3.0139e-99 -8.2651e-102 -2.0928e-104 -4.8928e-107 -1.0562e-109 -2.1052e-112 -3.8741e-115 -6.5828e-118 -1.0327e-120 -1.4960e-123 -2.0007e-126 -2.4705e-129 -2.8167e-132 -2.9649e-135 -2.8815e-138 -2.5856e-141 -2.1421e-144 -1.6385e-147 -1.1571e-150 -7.5447e-154 -4.5417e-157 -2.5242e-160 -1.2953e-163
-6.1906e-05 -6.9065e-05 -7.8376e-05 -8.6723e-05 -9.1157e-05 3.6057e-03 -8.2338e-05 -7.0060e-05 -5.5229e-05 -4.0302e-05 -2.7209e-05 -1.6990e-05 -9.8105e-06 -5.2372e-06 -2.5844e-06 -1.1787e-06 -4.9686e-07 -1.9353e-07 -6.9655e-08 -2.3163e-08 -7.1161e-09 -2.0197e-09 -5.2952e-10 -1.2824e-10 -2.8688e-11 -5.9276e-12 -1.1312e-12 -1.9938e-13 -3.2456e-14 -4.8792e-15 -6.7741e-16 -8.6853e-17 -1.0283e-17 -1.1243e-18 -1.1352e-19 -1.0584e-20 -9.1117e-22 -7.2434e-23 -5.3170e-24 -3.6038e-25 -2.2554e-26 -1.3033e-27 -6.9539e-29 -3.4259e-30 -1.5583e-31 -6.5448e-33 -2.5379e-34 -9.0864e-36 -3.0036e-37 -9.1672e-39 -2.5832e-40 -6.7205e-42 -1.6143e-43 -3.5799e-45 -7.3298e-47 -1.3856e-48 -2.4181e-50 -3.8963e-52 -5.7960e-54 -7.9601e-56 -1.0093e-57 -1.1815e-59 -1.2769e-61 -1.2740e-63 -1.1735e-65 -9.9797e-68 -7.8351e-70 -5.6790e-72 -3.8001e-74 -2.3476e-76 -1.3389e-78 -7.0494e-81 -3.4266e-83 -1.5377e-85 -6.3702e-88 -2.4364e-90 -8.6023e-93 -2.8040e-95 -8.4379e-98 -2.3441e-100 -6.0118e-103 -1.4234e-105 -3.1112e-108 -6.2778e-111 -1.1694e-113 -2.0111e-116 -3.1928e-119 -4.6795e-122 -6.3314e-125 -7.9083e-128 -9.1191e-131 -9.7073e-134 -9.5394e-137 -8.6543e-140 -7.2479e-143 -5.6038e-146 -3.9996e-149 -2.6354e-152 -1.6030e-155 -9.0015e-159 -5.8564e-05 -5.6516e-05 -5.3003e-05 -4.8013e-05 -4.1731e-05 0.0000e+00 -2.7161e-05 -2.0130e-05 -1.4024e-05 -9.1549e-06 -5.5871e-06 -3.1815e-06 -1.6878e-06 -8.3310e-07 -3.8224e-07 -1.6289e-07 -6.4420e-08 -2.3632e-08 -8.0373e-09 -2.5332e-09 -7.3961e-10 -1.9998e-10 -5.0061e-11 -1.1600e-11 -2.4872e-12 -4.9344e-13 -9.0559e-14 -1.5372e-14 -2.4132e-15 -3.5032e-16 -4.7019e-17 -5.8345e-18 -6.6926e-19 -7.0961e-20 -6.9543e-21 -6.2987e-22 -5.2722e-23 -4.0781e-24 -2.9148e-25 -1.9250e-26 -1.1747e-27 -6.6226e-29 -3.4495e-30 -1.6599e-31 -7.3791e-33 -3.0303e-34 -1.1495e-35 -4.0282e-37 -1.3038e-38 -3.8982e-40 -1.0765e-41 -2.7458e-43 -6.4686e-45 -1.4075e-46 -2.8284e-48 -5.2494e-50 -8.9979e-52 -1.4244e-53 -2.0824e-55 -2.8114e-57 -3.5053e-59 -4.0361e-61 -4.2916e-63 -4.2140e-65 -3.8210e-67 -3.1994e-69 -2.4738e-71 -1.7663e-73 -1.1646e-75 -7.0899e-78 -3.9858e-80 -2.0690e-82 -9.9175e-85 -4.3895e-87 -1.7939e-89 -6.7694e-92 -2.3587e-94 -7.5886e-97 -2.2543e-99 -6.1833e-102 -1.5660e-104 -3.6619e-107 -7.9064e-110 -1.5762e-112 -2.9012e-115 -4.9305e-118 -7.7366e-121 -1.1209e-123 -1.4993e-126 -1.8517e-129 -2.1114e-132 -2.2229e-135 -2.1608e-138 -1.9392e-141 -1.6068e-144 -1.2292e-147 -8.6820e-151 -5.6616e-154 -3.4087e-157 -1.8947e-160
-3.7900e-05 -4.5399e-05 -5.6107e-05 -6.7614e-05 -7.7167e-05 -8.2338e-05 4.9072e-03 -7.5152e-05 -6.4053e-05 -5.0539e-05 -3.6900e-05 -2.4923e-05 -1.5568e-05 -8.9922e-06 -4.8018e-06 -2.3702e-06 -1.0814e-06 -4.5594e-07 -1.7764e-07 -6.3952e-08 -2.1271e-08 -6.5366e-09 -1.8556e-09 -4.8661e-10 -1.1787e-10 -2.6374e-11 -5.4504e-12 -1.0403e-12 -1.8340e-13 -2.9858e-14 -4.4894e-15 -6.2339e-16 -7.9937e-17 -9.4659e-18 -1.0351e-18 -1.0452e-19 -9.7460e-21 -8.3914e-22 -6.6715e-23 -4.8977e-24 -3.3199e-25 -2.0780e-26 -1.2009e-27 -6.4081e-29 -3.1572e-30 -1.4362e-31 -6.0325e-33 -2.3394e-34 -8.3765e-36 -2.7692e-37 -8.4522e-39 -2.3819e-40 -6.1972e-42 -1.4887e-43 -3.3016e-45 -6.7603e-47 -1.2780e-48 -2.2305e-50 -3.5942e-52 -5.3469e-54 -7.3437e-56 -9.3119e-58 -1.0901e-59 -1.1782e-61 -1.1756e-63 -1.0829e-65 -9.2095e-68 -7.2307e-70 -5.2412e-72 -3.5073e-74 -2.1668e-76 -1.2358e-78 -6.5069e-81 -3.1630e-83 -1.4194e-85 -5.8807e-88 -2.2492e-90 -7.9417e-93 -2.5888e-95 -7.7904e-98 -2.1643e-100 -5.5509e-103 -1.3143e-105 -2.8728e-108 -5.7970e-111 -1.0799e-113 -1.8572e-116 -2.9485e-119 -4.3215e-122 -5.8472e-125 -7.3037e-128 -8.4221e-131 -8.9656e-134 -8.8108e-137 -7.9934e-140 -6.6947e-143 -5.1761e-146 -3.6945e-149 -2.4344e-152 -1.4808e-155 -3.5178e-05 -3.4966e-05 -3.4318e-05 -3.2920e-05 -3.0546e-05 -2.7161e-05 0.0000e+00 -1.8364e-05 -1.3817e-05 -9.7503e-06 -6.4354e-06 -3.9646e-06 -2.2759e-06 -1.2159e-06 -6.0392e-07 -2.7861e-07 -1.1930e-07 -4.7388e-08 -1.7452e-08 -5.9563e-09 -1.8833e-09 -5.5146e-10 -1.4951e-10 -3.7518e-11 -8.7127e-12 -1.8721e-12 -3.7213e-13 -6.8418e-14 -1.1633e-14 -1.8291e-15 -2.6592e-16 -3.5740e-17 -4.4406e-18 -5.0999e-19 -5.4136e-20 -5.3112e-21 -4.8154e-22 -4.0346e-23 -3.1237e-24 -2.2346e-25 -1.4770e-26 -9.0202e-28 -5.0893e-29 -2.6528e-30 -1.2774e-31 -5.6825e-33 -2.3350e-34 -8.8634e-36 -3.1077e-37 -1.0065e-38 -3.0107e-40 -8.3186e-42 -2.1228e-43 -5.0035e-45 -1.0892e-46 -2.1898e-48 -4.0659e-50 -6.9721e-52 -1.1041e-53 -1.6148e-55 -2.1810e-57 -2.7203e-59 -3.1333e-61 -3.3328e-63 -3.2736e-65 -2.9693e-67 -2.4870e-69 -1.9236e-71 -1.3738e-73 -9.0605e-76 -5.5176e-78 -3.1027e-80 -1.6111e-82 -7.7242e-85 -3.4196e-87 -1.3979e-89 -5.2762e-92 -1.8388e-94 -5.9174e-97 -1.7582e-99 -4.8237e-102 -1.2219e-104 -2.8579e-107 -6.1716e-110 -1.2306e-112 -2.2655e-115 -3.8508e-118 -6.0435e-121 -8.7573e-124 -1.1716e-126 -1.4472e-129 -1.6505e-132 -1.7379e-135 -1.6896e-138 -1.5166e-141 -1.2568e-144 -9.6162e-148 -6.7930e-151 -4.4304e-154 -2.6677e-157
-2.1503e-05 -2.7795e-05 -3.7439e-05 -4.9057e-05 -6.0685e-05 -7.0060e-05 -7.5152e-05 6.4087e-03 -6.8899e-05 -5.8796e-05 -4.6438e-05 -3.3935e-05 -2.2938e-05 -1.4339e-05 -8.2878e-06 -4.4284e-06 -2.1872e-06 -9.9841e-07 -4.2117e-07 -1.6417e-07 -5.9128e-08 -1.9675e-08 -6.0484e-09 -1.7176e-09 -4.5058e-10 -1.0918e-10 -2.4436e-11 -5.0513e-12 -9.6442e-13 -1.7006e-13 -2.7693e-14 -4.1648e-15 -5.7844e-16 -7.4189e-17 -8.7868e-18 -9.6103e-19 -9.7059e-20 -9.0517e-21 -7.7948e-22 -6.1982e-23 -4.5509e-24 -3.0853e-25 -1.9314e-26 -1.1163e-27 -5.9575e-29 -2.9356e-30 -1.3356e-31 -5.6103e-33 -2.1759e-34 -7.7919e-36 -2.5762e-37 -7.8638e-39 -2.2163e-40 -5.7669e-42 -1.3854e-43 -3.0728e-45 -6.2924e-47 -1.1896e-48 -2.0765e-50 -3.3462e-52 -4.9783e-54 -6.8380e-56 -8.6713e-58 -1.0152e-59 -1.0972e-61 -1.0949e-63 -1.0087e-65 -8.5786e-68 -6.7357e-70 -4.8826e-72 -3.2675e-74 -2.0188e-76 -1.1514e-78 -6.0631e-81 -2.9474e-83 -1.3227e-85 -5.4803e-88 -2.0962e-90 -7.4017e-93 -2.4129e-95 -7.2613e-98 -2.0174e-100 -5.1743e-103 -1.2252e-105 -2.6781e-108 -5.4043e-111 -1.0068e-113 -1.7315e-116 -2.7491e-119 -4.0294e-122 -5.4521e-125 -6.8105e-128 -7.8536e-131 -8.3606e-134 -8.2166e-137 -7.4545e-140 -6.2435e-143 -4.8274e-146 -3.4457e-149 -2.2705e-152 -1.9535e-05 -2.0080e-05 -2.0728e-05 -2.1156e-05 -2.1037e-05 -2.0130e-05 -1.8364e-05 0.0000e+00 -1.2902e-05 -9.8477e-06 -7.0330e-06 -4.6893e-06 -2.9141e-06 -1.6855e-06 -9.0639e-07 -4.5277e-07 -2.0994e-07 -9.0307e-08 -3.6017e-08 -1.3313e-08 -4.5588e-09 -1.4458e-09 -4.2453e-10 -1.1538e-10 -2.9023e-11 -6.7545e-12 -1.4543e-12 -2.8961e-13 -5.3338e-14 -9.0839e-15 -1.4304e-15 -2.0825e-16 -2.8027e-17 -3.4866e-18 -4.0090e-19 -4.2604e-20 -4.1842e-21 -3.7975e-22 -3.1847e-23 -2.4679e-24 -1.7670e-25 -1.1689e-26 -7.1441e-28 -4.0338e-29 -2.1041e-30 -1.0139e-31 -4.5132e-33 -1.8557e-34 -7.0482e-36 -2.4727e-37 -8.0125e-39 -2.3981e-40 -6.6293e-42 -1.6926e-43 -3.9913e-45 -8.6924e-47 -1.7484e-48 -3.2477e-50 -5.5714e-52 -8.8266e-54 -1.2914e-55 -1.7448e-57 -2.1771e-59 -2.5085e-61 -2.6691e-63 -2.6226e-65 -2.3795e-67 -1.9937e-69 -1.5425e-71 -1.1020e-73 -7.2695e-76 -4.4282e-78 -2.4908e-80 -1.2936e-82 -6.2040e-85 -2.7473e-87 -1.1233e-89 -4.2409e-92 -1.4783e-94 -4.7584e-97 -1.4142e-99 -3.8805e-102 -9.8319e-105 -2.3000e-107 -4.9680e-110 -9.9077e-113 -1.8243e-115 -3.1016e-118 -4.8685e-121 -7.0559e-124 -9.4415e-127 -1.1664e-129 -1.3305e-132 -1.4012e-135 -1.3625e-138 -1.2231e-141 -1.0138e-144 -7.7578e-148 -5.4810e-151 -3.5752e-154
-1.1303e-05 -1.5824e-05 -2.3223e-05 -3.3033e-05 -4.4237e-05 -5.5229e-05 -6.4053e-05 -6.8899e-05 8.1100e-03 -6.3402e-05 -5.4183e-05 -4.2849e-05 -3.1349e-05 -2.1213e-05 -1.3273e-05 -7.6784e-06 -4.1061e-06 -2.0295e-06 -9.2703e-07 -3.9130e-07 -1.5262e-07 -5.4996e-08 -1.8309e-08 -5.6311e-09 -1.5998e-09 -4.1984e-10 -1.0177e-10 -2.2786e-11 -4.7118e-12 -8.9987e-13 -1.5872e-13 -2.5855e-14 -3.8894e-15 -5.4031e-16 -6.9315e-17 -8.2115e-18 -8.9830e-19 -9.0742e-20 -8.4643e-21 -7.2904e-22 -5.7981e-23 -4.2579e-24 -2.8871e-25 -1.8076e-26 -1.0449e-27 -5.5773e-29 -2.7486e-30 -1.2507e-31 -5.2544e-33 -2.0382e-34 -7.2994e-36 -2.4136e-37 -7.3684e-39 -2.0769e-40 -5.4047e-42 -1.2985e-43 -2.8804e-45 -5.8990e-47 -1.1153e-48 -1.9470e-50 -3.1378e-52 -4.6687e-54 -6.4132e-56 -8.1332e-58 -9.5225e-60 -1.0293e-61 -1.0272e-63 -9.4634e-66 -8.0491e-68 -6.3204e-70 -4.5819e-72 -3.0665e-74 -1.8946e-76 -1.0807e-78 -5.6910e-81 -2.7667e-83 -1.2417e-85 -5.1448e-88 -1.9679e-90 -6.9493e-93 -2.2655e-95 -6.8182e-98 -1.8944e-100 -4.8589e-103 -1.1506e-105 -2.5151e-108 -5.0756e-111 -9.4560e-114 -1.6263e-116 -2.5822e-119 -3.7849e-122 -5.1216e-125 -6.3978e-128 -7.3780e-131 -7.8546e-134 -7.7195e-137 -7.0038e-140 -5.8662e-143 -4.5358e-146 -3.2377e-149 -1.0030e-05 -1.0701e-05 -1.1669e-05 -1.2721e-05 -1.3593e-05 -1.4024e-05 -1.3817e-05 -1.2902e-05 0.0000e+00 -9.3774e-06 -7.2489e-06 -5.2323e-06 -3.5204e-06 -2.2047e-06 -1.2839e-06 -6.9451e-07 -3.4876e-07 -1.6247e-07 -7.0178e-08 -2.8095e-08 -1.0420e-08 -3.5792e-09 -1.1383e-09 -3.3512e-10 -9.1303e-11 -2.3016e-11 -5.3675e-12 -1.1578e-12 -2.3098e-13 -4.2611e-14 -7.2683e-15 -1.1462e-15 -1.6709e-16 -2.2517e-17 -2.8045e-18 -3.2284e-19 -3.4346e-20 -3.3766e-21 -3.0674e-22 -2.5749e-23 -1.9971e-24 -1.4311e-25 -9.4744e-27 -5.7949e-28 -3.2744e-29 -1.7092e-30 -8.2414e-32 -3.6708e-33 -1.5103e-34 -5.7395e-36 -2.0147e-37 -6.5320e-39 -1.9560e-40 -5.4100e-42 -1.3819e-43 -3.2602e-45 -7.1035e-47 -1.4294e-48 -2.6563e-50 -4.5587e-52 -7.2251e-54 -1.0575e-55 -1.4293e-57 -1.7840e-59 -2.0563e-61 -2.1887e-63 -2.1513e-65 -1.9525e-67 -1.6364e-69 -1.2664e-71 -9.0502e-74 -5.9720e-76 -3.6388e-78 -2.0473e-80 -1.0636e-82 -5.1020e-85 -2.2598e-87 -9.2421e-90 -3.4901e-92 -1.2169e-94 -3.9177e-97 -1.1646e-99 -3.1963e-102 -8.1001e-105 -1.8953e-107 -4.0945e-110 -8.1673e-113 -1.5042e-115 -2.5577e-118 -4.0155e-121 -5.8206e-124 -7.7900e-127 -9.6257e-130 -1.0981e-132 -1.1567e-135 -1.1249e-138 -1.0100e-141 -8.3725e-145 -6.4079e-148 -4.5279e-151
-5.5030e-06 -8.3654e-06 -1.3364e-05 -2.0608e-05 -2.9856e-05 -4.0302e-05 -5.0539e-05 -5.8796e-05 -6.3402e-05 1.0011e-02 -5.8574e-05 -5.0139e-05 -3.9709e-05 -2.9089e-05 -1.9707e-05 -1.2344e-05 -7.1477e-06 -3.8256e-06 -1.8924e-06 -8.6505e-07 -3.6539e-07 -1.4260e-07 -5.1416e-08 -1.7126e-08 -5.2699e-09 -1.4979e-09 -3.9327e-10 -9.5368e-11 -2.1360e-11 -4.4186e-12 -8.4417e-13 -1.4895e-13 -2.4269e-14 -3.6519e-15 -5.0747e-16 -6.5119e-17 -7.7162e-18 -8.4431e-19 -8.5308e-20 -7.9590e-21 -6.8566e-22 -5.4541e-23 -4.0060e-24 -2.7168e-25 -1.7012e-26 -9.8362e-28 -5.2509e-29 -2.5882e-30 -1.1778e-31 -4.9491e-33 -1.9200e-34 -6.8770e-36 -2.2742e-37 -6.9437e-39 -1.9574e-40 -5.0944e-42 -1.2241e-43 -2.7156e-45 -5.5620e-47 -1.0517e-48 -1.8361e-50 -2.9594e-52 -4.4036e-54 -6.0496e-56 -7.6727e-58 -8.9842e-60 -9.7120e-62 -9.6926e-64 -8.9304e-66 -7.5963e-68 -5.9653e-70 -4.3248e-72 -2.8946e-74 -1.7886e-76 -1.0203e-78 -5.3730e-81 -2.6122e-83 -1.1725e-85 -4.8582e-88 -1.8584e-90 -6.5629e-93 -2.1396e-95 -6.4397e-98 -1.7893e-100 -4.5897e-103 -1.0869e-105 -2.3760e-108 -4.7951e-111 -8.9338e-114 -1.5366e-116 -2.4398e-119 -3.5763e-122 -4.8395e-125 -6.0457e-128 -6.9723e-131 -7.4230e-134 -7.2956e-137 -6.6194e-140 -5.5445e-143 -4.2872e-146 -4.7608e-06 -5.2910e-06 -6.1180e-06 -7.1441e-06 -8.2198e-06 -9.1549e-06 -9.7503e-06 -9.8477e-06 -9.3774e-06 0.0000e+00 -7.0162e-06 -5.4833e-06 -3.9948e-06 -2.7093e-06 -1.7086e-06 -1.0010e-06 -5.4439e-07 -2.7467e-07 -1.2850e-07 -5.5719e-08 -2.2384e-08 -8.3281e-09 -2.8689e-09 -9.1484e-10 -2.6998e-10 -7.3720e-11 -1.8622e-11 -4.3512e-12 -9.4028e-13 -1.8790e-13 -3.4717e-14 -5.9305e-15 -9.3651e-16 -1.3670e-16 -1.8444e-17 -2.2999e-18 -2.6504e-19 -2.8226e-20 -2.7776e-21 -2.5257e-22 -2.1220e-23 -1.6472e-24 -1.1813e-25 -7.8270e-27 -4.7908e-28 -2.7089e-29 -1.4150e-30 -6.8271e-32 -3.0427e-33 -1.2526e-34 -4.7631e-36 -1.6729e-37 -5.4266e-39 -1.6258e-40 -4.4989e-42 -1.1497e-43 -2.7137e-45 -5.9153e-47 -1.1908e-48 -2.2138e-50 -3.8008e-52 -6.0263e-54 -8.8235e-56 -1.1930e-57 -1.4896e-59 -1.7176e-61 -1.8288e-63 -1.7980e-65 -1.6324e-67 -1.3685e-69 -1.0594e-71 -7.5731e-74 -4.9987e-76 -3.0466e-78 -1.7145e-80 -8.9095e-83 -4.2749e-85 -1.8939e-87 -7.7476e-90 -2.9264e-92 -1.0206e-94 -3.2864e-97 -9.7711e-100 -2.6824e-102 -6.7990e-105 -1.5912e-107 -3.4382e-110 -6.8594e-113 -1.2635e-115 -2.1489e-118 -3.3743e-121 -4.8921e-124 -6.5483e-127 -8.0928e-130 -9.2342e-133 -9.7280e-136 -9.4619e-139 -8.4968e-142 -7.0446e-145 -5.3924e-148
-2.4811e-06 -4.1021e-06 -7.1256e-06 -1.1900e-05 -1.8643e-05 -2.7209e-05 -3.6900e-05 -4.6438e-05 -5.4183e-05 -5.8574e-05 1.2112e-02 -5.4336e-05 -4.6589e-05 -3.6954e-05 -2.7107e-05 -1.8386e-05 -1.1529e-05 -6.6826e-06 -3.5799e-06 -1.7723e-06 -8.1076e-07 -3.4270e-07 -1.3383e-07 -4.8282e-08 -1.6092e-08 -4.9540e-09 -1.4088e-09 -3.7004e-10 -8.9773e-11 -2.0115e-11 -4.1626e-12 -7.9553e-13 -1.4041e-13 -2.2886e-14 -3.4447e-15 -4.7881e-16 -6.1457e-17 -7.2842e-18 -7.9723e-19 -8.0570e-20 -7.5186e-21 -6.4785e-22 -5.1544e-23 -3.7866e-24 -2.5685e-25 -1.6087e-26 -9.3024e-28 -4.9668e-29 -2.4485e-30 -1.1144e-31 -4.6833e-33 -1.8171e-34 -6.5095e-36 -2.1530e-37 -6.5744e-39 -1.8535e-40 -4.8245e-42 -1.1594e-43 -2.5723e-45 -5.2691e-47 -9.9645e-49 -1.7398e-50 -2.8044e-52 -4.1733e-54 -5.7338e-56 -7.2728e-58 -8.5166e-60 -9.2073e-62 -9.1897e-64 -8.4677e-66 -7.2033e-68 -5.6571e-70 -4.1016e-72 -2.7454e-74 -1.6965e-76 -9.6781e-79 -5.0971e-81 -2.4782e-83 -1.1124e-85 -4.6096e-88 -1.7634e-90 -6.2278e-93 -2.0305e-95 -6.1116e-98 -1.6982e-100 -4.3563e-103 -1.0316e-105 -2.2554e-108 -4.5519e-111 -8.4810e-114 -1.4588e-116 -2.3164e-119 -3.3956e-122 -4.5951e-125 -5.7406e-128 -6.6207e-131 -7.0490e-134 -6.9283e-137 -6.2864e-140 -5.2658e-143 -2.0891e-06 -2.4265e-06 -2.9849e-06 -3.7423e-06 -4.6430e-06 -5.5871e-06 -6.4354e-06 -7.0330e-06 -7.2489e-06 -7.0162e-06 0.0000e+00 -5.3801e-06 -4.2446e-06 -3.1176e-06 -2.1293e-06 -1.3511e-06 -7.9584e-07 -4.3492e-07 -2.2039e-07 -1.0351e-07 -4.5039e-08 -1.8151e-08 -6.7729e-09 -2.3394e-09 -7.4782e-10 -2.2119e-10 -6.0524e-11 -1.5319e-11 -3.5858e-12 -7.7620e-13 -1.5535e-13 -2.8747e-14 -4.9174e-15 -7.7755e-16 -1.1364e-16 -1.5350e-17 -1.9162e-18 -2.2106e-19 -2.3565e-20 -2.3212e-21 -2.1125e-22 -1.7764e-23 -1.3800e-24 -9.9048e-26 -6.5674e-27 -4.0227e-28 -2.2761e-29 -1.1897e-30 -5.7437e-32 -2.5614e-33 -1.0551e-34 -4.0141e-36 -1.4106e-37 -4.5781e-39 -1.3723e-40 -3.7991e-42 -9.7136e-44 -2.2937e-45 -5.0019e-47 -1.0073e-48 -1.8735e-50 -3.2178e-52 -5.1038e-54 -7.4755e-56 -1.0111e-57 -1.2629e-59 -1.4567e-61 -1.5514e-63 -1.5259e-65 -1.3857e-67 -1.1621e-69 -8.9986e-72 -6.4342e-74 -4.2481e-76 -2.5898e-78 -1.4579e-80 -7.5775e-83 -3.6367e-85 -1.6116e-87 -6.5940e-90 -2.4912e-92 -8.6901e-95 -2.7989e-97 -8.3235e-100 -2.2855e-102 -5.7941e-105 -1.3562e-107 -2.9311e-110 -5.8489e-113 -1.0776e-115 -1.8330e-118 -2.8788e-121 -4.1743e-124 -5.5885e-127 -6.9077e-130 -7.8832e-133 -8.3061e-136 -8.0802e-139 -7.2571e-142 -6.0177e-145
-1.0357e-06 -1.8640e-06 -3.5166e-06 -6.3557e-06 -1.0766e-05 -1.6990e-05 -2.4923e-05 -3.3935e-05 -4.2849e-05 -5.0139e-05 -5.4336e-05 1.4413e-02 -5.0608e-05 -4.3465e-05 -3.4526e-05 -2.5360e-05 -1.7222e-05 -1.0811e-05 -6.2723e-06 -3.3631e-06 -1.6663e-06 -7.6285e-07 -3.2267e-07 -1.2609e-07 -4.5517e-08 -1.5178e-08 -4.6752e-09 -1.3301e-09 -3.4954e-10 -8.4834e-11 -1.9016e-11 -3.9366e-12 -7.5261e-13 -1.3288e-13 -2.1665e-14 -3.2620e-15 -4.5353e-16 -5.8229e-17 -6.9033e-18 -7.5573e-19 -7.6393e-20 -7.1304e-21 -6.1453e-22 -4.8903e-23 -3.5933e-24 -2.4378e-25 -1.5271e-26 -8.8321e-28 -4.7165e-29 -2.3254e-30 -1.0586e-31 -4.4493e-33 -1.7266e-34 -6.1860e-36 -2.0462e-37 -6.2492e-39 -1.7621e-40 -4.5870e-42 -1.1024e-43 -2.4463e-45 -5.0114e-47 -9.4782e-49 -1.6550e-50 -2.6680e-52 -3.9708e-54 -5.4560e-56 -6.9211e-58 -8.1054e-60 -8.7635e-62 -8.7475e-64 -8.0609e-66 -6.8577e-68 -5.3861e-70 -3.9054e-72 -2.6143e-74 -1.6156e-76 -9.2171e-79 -4.8546e-81 -2.3605e-83 -1.0596e-85 -4.3912e-88 -1.6800e-90 -5.9334e-93 -1.9346e-95 -5.8233e-98 -1.6182e-100 -4.1513e-103 -9.8313e-106 -2.1494e-108 -4.3383e-111 -8.0836e-114 -1.3905e-116 -2.2080e-119 -3.2369e-122 -4.3806e-125 -5.4729e-128 -6.3121e-131 -6.7207e-134 -6.6059e-137 -5.9942e-140 -8.4750e-07 -1.0320e-06 -1.3542e-06 -1.8262e-06 -2.4456e-06 -3.1815e-06 -3.9646e-06 -4.6893e-06 -5.2323e-06 -5.4833e-06 -5.3801e-06 0.0000e+00 -4.2128e-06 -3.3511e-06 -2.4789e-06 -1.7036e-06 -1.0869e-06 -6.4338e-07 -3.5313e-07 -1.7965e-07 -8.4672e-08 -3.6962e-08 -1.4940e-08 -5.5897e-09 -1.9355e-09 -6.2013e-10 -1.8381e-10 -5.0395e-11 -1.2778e-11 -2.9963e-12 -6.4961e-13 -1.3021e-13 -2.4128e-14 -4.1328e-15 -6.5430e-16 -9.5740e-17 -1.2947e-17 -1.6179e-18 -1.8683e-19 -1.9935e-20 -1.9653e-21 -1.7902e-22 -1.5066e-23 -1.1714e-24 -8.4134e-26 -5.5825e-27 -3.4217e-28 -1.9374e-29 -1.0132e-30 -4.8949e-32 -2.1841e-33 -9.0017e-35 -3.4266e-36 -1.2047e-37 -3.9120e-39 -1.1732e-40 -3.2494e-42 -8.3118e-44 -1.9635e-45 -4.2837e-47 -8.6304e-49 -1.6058e-50 -2.7590e-52 -4.3776e-54 -6.4142e-56 -8.6788e-58 -1.0844e-59 -1.2511e-61 -1.3329e-63 -1.3114e-65 -1.1913e-67 -9.9930e-70 -7.7403e-72 -5.5360e-74 -3.6560e-76 -2.2294e-78 -1.2553e-80 -6.5264e-83 -3.1330e-85 -1.3887e-87 -5.6832e-90 -2.1476e-92 -7.4931e-95 -2.4139e-97 -7.1800e-100 -1.9719e-102 -5.0000e-105 -1.1706e-107 -2.5304e-110 -5.0502e-113 -9.3060e-116 -1.5833e-118 -2.4870e-121 -3.6068e-124 -4.8295e-127 -5.9706e-130 -6.8148e-133 -7.1815e-136 -6.9872e-139 -6.2764e-142
-4.0014e-07 -7.8429e-07 -1.6054e-06 -3.1386e-06 -5.7482e-06 -9.8105e-06 -1.5568e-05 -2.2938e-05 -3.1349e-05 -3.9709e-05 -4.6589e-05 -5.0608e-05 1.6914e-02 -4.7316e-05 -4.0703e-05 -3.2378e-05 -2.3813e-05 -1.6190e-05 -1.0173e-05 -5.9080e-06 -3.1705e-06 -1.5722e-06 -7.2027e-07 -3.0486e-07 -1.1920e-07 -4.3056e-08 -1.4366e-08 -4.4271e-09 -1.2602e-09 -3.3129e-10 -8.0440e-11 -1.8038e-11 -3.7355e-12 -7.1441e-13 -1.2617e-13 -2.0578e-14 -3.0993e-15 -4.3104e-16 -5.5355e-17 -6.5643e-18 -7.1879e-19 -7.2676e-20 -6.7849e-21 -5.8488e-22 -4.6553e-23 -3.4213e-24 -2.3215e-25 -1.4545e-26 -8.4138e-28 -4.4938e-29 -2.2160e-30 -1.0089e-31 -4.2413e-33 -1.6461e-34 -5.8983e-36 -1.9513e-37 -5.9602e-39 -1.6808e-40 -4.3759e-42 -1.0518e-43 -2.3342e-45 -4.7823e-47 -9.0459e-49 -1.5797e-50 -2.5468e-52 -3.7908e-54 -5.2092e-56 -6.6086e-58 -7.7401e-60 -8.3693e-62 -8.3546e-64 -7.6995e-66 -6.5508e-68 -5.1455e-70 -3.7312e-72 -2.4978e-74 -1.5437e-76 -8.8078e-79 -4.6394e-81 -2.2560e-83 -1.0128e-85 -4.1972e-88 -1.6059e-90 -5.6720e-93 -1.8495e-95 -5.5675e-98 -1.5472e-100 -3.9693e-103 -9.4009e-106 -2.0554e-108 -4.1488e-111 -7.7308e-114 -1.3299e-116 -2.1119e-119 -3.0961e-122 -4.1902e-125 -5.2353e-128 -6.0384e-131 -6.4295e-134 -6.3200e-137 -3.1782e-07 -4.0688e-07 -5.7092e-07 -8.2924e-07 -1.1996e-06 -1.6878e-06 -2.2759e-06 -2.9141e-06 -3.5204e-06 -3.9948e-06 -4.2446e-06 -4.2128e-06 0.0000e+00 -3.3587e-06 -2.6910e-06 -2.0031e-06 -1.3843e-06 -8.8753e-07 -5.2766e-07 -2.9076e-07 -1.4845e-07 -7.0194e-08 -3.0733e-08 -1.2456e-08 -4.6719e-09 -1.6214e-09 -5.2061e-10 -1.5461e-10 -4.2468e-11 -1.0787e-11 -2.5334e-12 -5.5008e-13 -1.1042e-13 -2.0487e-14 -3.5136e-15 -5.5692e-16 -8.1582e-17 -1.1044e-17 -1.3815e-18 -1.5968e-19 -1.7054e-20 -1.6827e-21 -1.5341e-22 -1.2920e-23 -1.0053e-24 -7.2258e-26 -4.7978e-27 -2.9427e-28 -1.6672e-29 -8.7246e-31 -4.2172e-32 -1.8828e-33 -7.7640e-35 -2.9570e-36 -1.0401e-37 -3.3791e-39 -1.0139e-40 -2.8094e-42 -7.1894e-44 -1.6991e-45 -3.7082e-47 -7.4740e-49 -1.3911e-50 -2.3911e-52 -3.7953e-54 -5.5628e-56 -7.5293e-58 -9.4106e-60 -1.0861e-61 -1.1575e-63 -1.1391e-65 -1.0351e-67 -8.6852e-70 -6.7292e-72 -4.8141e-74 -3.1801e-76 -1.9397e-78 -1.0924e-80 -5.6810e-83 -2.7278e-85 -1.2093e-87 -4.9505e-90 -1.8711e-92 -6.5298e-95 -2.1040e-97 -6.2595e-100 -1.7194e-102 -4.3607e-105 -1.0211e-107 -2.2077e-110 -4.4069e-113 -8.1220e-116 -1.3821e-118 -2.1713e-121 -3.1495e-124 -4.2179e-127 -5.2153e-130 -5.9543e-133 -6.2756e-136 -6.1065e-139
-1.4306e-07 -3.0538e-07 -6.7762e-07 -1.4326e-06 -2.8370e-06 -5.2372e-06 -8.9922e-06 -1.4339e-05 -2.1213e-05 -2.9089e-05 -3.6954e-05 -4.3465e-05 -4.7316e-05 1.9615e-02 -4.4398e-05 -3.8250e-05 -3.0468e-05 -2.2435e-05 -1.5269e-05 -9.6045e-06 -5.5828e-06 -2.9985e-06 -1.4880e-06 -6.8218e-07 -2.8893e-07 -1.1304e-07 -4.0853e-08 -1.3638e-08 -4.2049e-09 -1.1974e-09 -3.1494e-10 -7.6500e-11 -1.7161e-11 -3.5552e-12 -6.8016e-13 -1.2016e-13 -1.9604e-14 -2.9534e-15 -4.1086e-16 -5.2778e-17 -6.2602e-18 -6.8566e-19 -6.9341e-20 -6.4751e-21 -5.5829e-22 -4.4445e-23 -3.2670e-24 -2.2173e-25 -1.3894e-26 -8.0387e-28 -4.2941e-29 -2.1179e-30 -9.6442e-32 -4.0546e-33 -1.5739e-34 -5.6404e-36 -1.8662e-37 -5.7010e-39 -1.6079e-40 -4.1866e-42 -1.0064e-43 -2.2337e-45 -4.5770e-47 -8.6584e-49 -1.5122e-50 -2.4382e-52 -3.6295e-54 -4.9880e-56 -6.3285e-58 -7.4128e-60 -8.0160e-62 -8.0026e-64 -7.3757e-66 -6.2758e-68 -4.9298e-70 -3.5751e-72 -2.3935e-74 -1.4793e-76 -8.4411e-79 -4.4465e-81 -2.1624e-83 -9.7078e-86 -4.0235e-88 -1.5395e-90 -5.4379e-93 -1.7733e-95 -5.3383e-98 -1.4836e-100 -3.8063e-103 -9.0154e-106 -1.9713e-108 -3.9791e-111 -7.4150e-114 -1.2756e-116 -2.0258e-119 -2.9700e-122 -4.0198e-125 -5.0225e-128 -5.7933e-131 -6.1688e-134 -1.1018e-07 -1.4869e-07 -2.2353e-07 -3.5007e-07 -5.4733e-07 -8.3310e-07 -1.2159e-06 -1.6855e-06 -2.2047e-06 -2.7093e-06 -3.1176e-06 -3.3511e-06 -3.3587e-06 0.0000e+00 -2.7199e-06 -2.1930e-06 -1.6415e-06 -1.1400e-06 -7.3415e-07 -4.3821e-07 -2.4234e-07 -1.2413e-07 -5.8871e-08 -2.5845e-08 -1.0501e-08 -3.9479e-09 -1.3731e-09 -4.4174e-10 -1.3144e-10 -3.6164e-11 -9.2004e-12 -2.1640e-12 -4.7055e-13 -9.4578e-14 -1.7571e-14 -3.0169e-15 -4.7874e-16 -7.0204e-17 -9.5131e-18 -1.1911e-18 -1.3780e-19 -1.4730e-20 -1.4547e-21 -1.3272e-22 -1.1186e-23 -8.7101e-25 -6.2649e-26 -4.1625e-27 -2.5547e-28 -1.4482e-29 -7.5833e-31 -3.6676e-32 -1.6383e-33 -6.7593e-35 -2.5756e-36 -9.0643e-38 -2.9461e-39 -8.8434e-41 -2.4515e-42 -6.2762e-44 -1.4839e-45 -3.2398e-47 -6.5324e-49 -1.2163e-50 -2.0914e-52 -3.3207e-54 -4.8689e-56 -6.5922e-58 -8.2419e-60 -9.5151e-62 -1.0144e-63 -9.9852e-66 -9.0761e-68 -7.6177e-70 -5.9036e-72 -4.2246e-74 -2.7914e-76 -1.7031e-78 -9.5939e-81 -4.9902e-83 -2.3966e-85 -1.0628e-87 -4.3514e-90 -1.6450e-92 -5.7420e-95 -1.8506e-97 -5.5066e-100 -1.5129e-102 -3.8377e-105 -8.9881e-108 -1.9438e-110 -3.8808e-113 -7.1534e-116 -1.2174e-118 -1.9129e-121 -2.7751e-124 -3.7171e-127 -4.5967e-130 -5.2483e-133 -5.5324e-136
-4.7319e-08 -1.0998e-07 -2.6436e-07 -6.0434e-07 -1.2941e-06 -2.5844e-06 -4.8018e-06 -8.2878e-06 -1.3273e-05 -1.9707e-05 -2.7107e-05 -3.4526e-05 -4.0703e-05 -4.4398e-05 2.2516e-02 -4.1799e-05 -3.6061e-05 -2.8760e-05 -2.1201e-05 -1.4445e-05 -9.0943e-06 -5.2907e-06 -2.8438e-06 -1.4123e-06 -6.4790e-07 -2.7458e-07 -1.0749e-07 -3.8869e-08 -1.2982e-08 -4.0045e-09 -1.1409e-09 -3.0019e-10 -7.2946e-11 -1.6370e-11 -3.3924e-12 -6.4924e-13 -1.1474e-13 -1.8724e-14 -2.8217e-15 -3.9264e-16 -5.0450e-17 -5.9856e-18 -6.5573e-19 -6.6330e-20 -6.1952e-21 -5.3426e-22 -4.2541e-23 -3.1276e-24 -2.1231e-25 -1.3306e-26 -7.6998e-28 -4.1138e-29 -2.0292e-30 -9.2419e-32 -3.8861e-33 -1.5086e-34 -5.4073e-36 -1.7894e-37 -5.4669e-39 -1.5420e-40 -4.0156e-42 -9.6545e-44 -2.1430e-45 -4.3915e-47 -8.3084e-49 -1.4512e-50 -2.3401e-52 -3.4838e-54 -4.7882e-56 -6.0756e-58 -7.1171e-60 -7.6969e-62 -7.6847e-64 -7.0833e-66 -6.0275e-68 -4.7351e-70 -3.4341e-72 -2.2993e-74 -1.4212e-76 -8.1100e-79 -4.2724e-81 -2.0778e-83 -9.3289e-86 -3.8667e-88 -1.4796e-90 -5.2266e-93 -1.7045e-95 -5.1315e-98 -1.4262e-100 -3.6593e-103 -8.6675e-106 -1.8953e-108 -3.8260e-111 -7.1299e-114 -1.2266e-116 -1.9481e-119 -2.8563e-122 -3.8660e-125 -4.8306e-128 -5.5721e-131 -3.5308e-08 -5.0349e-08 -8.1230e-08 -1.3728e-07 -2.3208e-07 -3.8224e-07 -6.0392e-07 -9.0639e-07 -1.2839e-06 -1.7086e-06 -2.1293e-06 -2.4789e-06 -2.6910e-06 -2.7199e-06 0.0000e+00 -2.2328e-06 -1.8103e-06 -1.3619e-06 -9.5000e-07 -6.1424e-07 -3.6796e-07 -2.0416e-07 -1.0488e-07 -4.9879e-08 -2.1953e-08 -8.9404e-09 -3.3684e-09 -1.1739e-09 -3.7835e-10 -1.1277e-10 -3.1078e-11 -7.9185e-12 -1.8652e-12 -4.0610e-13 -8.1728e-14 -1.5201e-14 -2.6131e-15 -4.1510e-16 -6.0932e-17 -8.2647e-18 -1.0358e-18 -1.1993e-19 -1.2830e-20 -1.2681e-21 -1.1578e-22 -9.7659e-24 -7.6093e-25 -5.4768e-26 -3.6412e-27 -2.2361e-28 -1.2684e-29 -6.6452e-31 -3.2156e-32 -1.4372e-33 -5.9324e-35 -2.2616e-36 -7.9630e-38 -2.5893e-39 -7.7759e-41 -2.1565e-42 -5.5232e-44 -1.3063e-45 -2.8533e-47 -5.7552e-49 -1.0720e-50 -1.8438e-52 -2.9286e-54 -4.2955e-56 -5.8176e-58 -7.2758e-60 -8.4023e-62 -8.9599e-64 -8.8224e-66 -8.0214e-68 -6.7343e-70 -5.2204e-72 -3.7366e-74 -2.4696e-76 -1.5071e-78 -8.4918e-81 -4.4180e-83 -2.1223e-85 -9.4133e-88 -3.8550e-90 -1.4578e-92 -5.0895e-95 -1.6405e-97 -4.8823e-100 -1.3416e-102 -3.4039e-105 -7.9735e-108 -1.7245e-110 -3.4436e-113 -6.3488e-116 -1.0807e-118 -1.6984e-121 -2.4643e-124 -3.3013e-127 -4.0832e-130 -4.6627e-133
-1.4478e-08 -3.6625e-08 -9.5308e-08 -2.3557e-07 -5.4557e-07 -1.1787e-06 -2.3702e-06 -4.4284e-06 -7.6784e-06 -1.2344e-05 -1.8386e-05 -2.5360e-05 -3.2378e-05 -3.8250e-05 -4.1799e-05 2.5616e-02 -3.9472e-05 -3.4098e-05 -2.7226e-05 -2.0092e-05 -1.3702e-05 -8.6343e-06 -5.0272e-06 -2.7042e-06 -1.3438e-06 -6.1691e-07 -2.6160e-07 -1.0247e-07 -3.7071e-08 -1.2387e-08 -3.8228e-09 -1.0896e-09 -2.8681e-10 -6.9721e-11 -1.5652e-11 -3.2447e-12 -6.2117e-13 -1.0981e-13 -1.7926e-14 -2.7020e-15 -3.7609e-16 -4.8336e-17 -5.7361e-18 -6.2855e-19 -6.3594e-20 -5.9409e-21 -5.1243e-22 -4.0811e-23 -3.0009e-24 -2.0374e-25 -1.2772e-26 -7.3917e-28 -3.9498e-29 -1.9487e-30 -8.8762e-32 -3.7328e-33 -1.4494e-34 -5.1955e-36 -1.7195e-37 -5.2540e-39 -1.4822e-40 -3.8602e-42 -9.2819e-44 -2.0605e-45 -4.2229e-47 -7.9903e-49 -1.3958e-50 -2.2510e-52 -3.3514e-54 -4.6066e-56 -5.8457e-58 -6.8484e-60 -7.4069e-62 -7.3958e-64 -6.8175e-66 -5.8018e-68 -4.5581e-70 -3.3060e-72 -2.2137e-74 -1.3684e-76 -7.8091e-79 -4.1141e-81 -2.0010e-83 -8.9845e-86 -3.7242e-88 -1.4251e-90 -5.0346e-93 -1.6419e-95 -4.9435e-98 -1.3740e-100 -3.5256e-103 -8.3514e-106 -1.8263e-108 -3.6868e-111 -6.8709e-114 -1.1821e-116 -1.8775e-119 -2.7529e-122 -3.7263e-125 -4.6562e-128 -1.0459e-08 -1.5795e-08 -2.7385e-08 -4.9976e-08 -9.1377e-08 -1.6289e-07 -2.7861e-07 -4.5277e-07 -6.9451e-07 -1.0010e-06 -1.3511e-06 -1.7036e-06 -2.0031e-06 -2.1930e-06 -2.2328e-06 0.0000e+00 -1.8551e-06 -1.5116e-06 -1.1422e-06 -7.9998e-07 -5.1912e-07 -3.1200e-07 -1.7363e-07 -8.9447e-08 -4.2645e-08 -1.8813e-08 -7.6781e-09 -2.8986e-09 -1.0120e-09 -3.2675e-10 -9.7547e-11 -2.6924e-11 -6.8699e-12 -1.6203e-12 -3.5324e-13 -7.1175e-14 -1.3254e-14 -2.2807e-15 -3.6266e-16 -5.3287e-17 -7.2343e-18 -9.0742e-19 -1.0516e-19 -1.1259e-20 -1.1136e-21 -1.0175e-22 -8.5883e-24 -6.6962e-25 -4.8226e-26 -3.2083e-27 -1.9714e-28 -1.1188e-29 -5.8650e-31 -2.8396e-32 -1.2697e-33 -5.2438e-35 -2.0001e-36 -7.0452e-38 -2.2919e-39 -6.8856e-41 -1.9104e-42 -4.8947e-44 -1.1581e-45 -2.5306e-47 -5.1060e-49 -9.5140e-51 -1.6370e-52 -2.6009e-54 -3.8160e-56 -5.1699e-58 -6.4676e-60 -7.4712e-62 -7.9693e-64 -7.8492e-66 -7.1385e-68 -5.9945e-70 -4.6481e-72 -3.3279e-74 -2.2000e-76 -1.3430e-78 -7.5688e-81 -3.9386e-83 -1.8923e-85 -8.3949e-88 -3.4387e-90 -1.3005e-92 -4.5413e-95 -1.4641e-97 -4.3585e-100 -1.1979e-102 -3.0398e-105 -7.1219e-108 -1.5406e-110 -3.0769e-113 -5.6736e-116 -9.6592e-119 -1.5183e-121 -2.2033e-124 -2.9521e-127 -3.6519e-130
