1.0199e-04 -9.9800e-07 -1.4940e-06 -1.9865e-06 -2.4741e-06 -2.9559e-06 -3.4307e-06 -3.8974e-06 -4.3548e-06 -4.8021e-06 -5.2381e-06 -5.6620e-06 -6.0728e-06 -6.4697e-06 -6.8519e-06 -7.2187e-06 -7.5693e-06 -7.9032e-06 -8.2198e-06 -8.5185e-06 -8.7990e-06 -9.0608e-06 -9.3038e-06 -9.5275e-06 -9.7319e-06 -9.9169e-06 -1.0082e-05 -1.0228e-05 -1.0355e-05 -1.0462e-05 -1.0550e-05 -1.0620e-05 -1.0671e-05 -1.0703e-05 -1.0718e-05 -1.0716e-05 -1.0697e-05 -1.0661e-05 -1.0610e-05 -1.0544e-05 -1.0463e-05 -1.0368e-05 -1.0260e-05 -1.0140e-05 -1.0008e-05 -9.8648e-06 -9.7113e-06 -9.5483e-06 -9.3764e-06 -9.1964e-06 -9.0090e-06 -8.8150e-06 -8.6151e-06 -8.4100e-06 -8.2005e-06 -7.9871e-06 -7.7705e-06 -7.5515e-06 -7.3306e-06 -7.1084e-06 -6.8855e-06 -6.6625e-06 -6.4399e-06 -6.2182e-06 -5.9979e-06 -5.7793e-06 -5.5630e-06 -5.3494e-06 -5.1387e-06 -4.9313e-06 -4.7275e-06 -4.5277e-06 -4.3320e-06 -4.1406e-06 -3.9539e-06 -3.7718e-06 -3.5947e-06 -3.4225e-06 -3.2555e-06 -3.0936e-06 -2.9370e-06 -2.7856e-06 -2.6396e-06 -2.4988e-06 -2.3633e-06 -2.2331e-06 -2.1081e-06 -1.9882e-06 -1.8734e-06 -1.7636e-06 -1.6587e-06 -1.5586e-06 -1.4632e-06 -1.3724e-06 -1.2860e-06 -1.2040e-06 -1.1262e-06 -1.0524e-06 -9.8263e-07 -9.1664e-07 0.0000e+00 9.9800e-07 1.4940e-06 1.9864e-06 2.4741e-06 2.9559e-06 3.4307e-06 3.8973e-06 4.3548e-06 4.8020e-06 5.2381e-06 5.6619e-06 6.0727e-06 6.4696e-06 6.8518e-06 7.2185e-06 7.5691e-06 7.9029e-06 8.2194e-06 8.5181e-06 8.7986e-06 9.0604e-06 9.3032e-06 9.5269e-06 9.7313e-06 9.9162e-06 1.0082e-05 1.0227e-05 1.0354e-05 1.0461e-05 1.0549e-05 1.0619e-05 1.0670e-05 1.0702e-05 1.0717e-05 1.0715e-05 1.0695e-05 1.0660e-05 1.0608e-05 1.0542e-05 1.0461e-05 1.0366e-05 1.0258e-05 1.0138e-05 1.0006e-05 9.8626e-06 9.7091e-06 9.5459e-06 9.3740e-06 9.1939e-06 9.0065e-06 8.8125e-06 8.6125e-06 8.4074e-06 8.1978e-06 7.9844e-06 7.7678e-06 7.5488e-06 7.3279e-06 7.1057e-06 6.8828e-06 6.6598e-06 6.4372e-06 6.2155e-06 5.9952e-06 5.7766e-06 5.5604e-06 5.3467e-06 5.1361e-06 4.9287e-06 4.7250e-06 4.5252e-06 4.3295e-06 4.1382e-06 3.9515e-06 3.7695e-06 3.5924e-06 3.4203e-06 3.2533e-06 3.0915e-06 2.9349e-06 2.7836e-06 2.6376e-06 2.4969e-06 2.3615e-06 2.2313e-06 2.1064e-06 1.9865e-06 1.8718e-06 1.7621e-06 1.6572e-06 1.5572e-06 1.4618e-06 1.3711e-06 1.2848e-06 1.2028e-06 1.1250e-06 1.0514e-06 9.8161e-07 9.1566e-07
-9.9800e-07 4.0796e-04 -2.9845e-06 -3.9682e-06 -4.9424e-06 -5.9049e-06 -6.8533e-06 -7.7856e-06 -8.6995e-06 -9.5930e-06 -1.0464e-05 -1.1311e-05 -1.2132e-05 -1.2925e-05 -1.3689e-05 -1.4422e-05 -1.5122e-05 -1.5789e-05 -1.6422e-05 -1.7019e-05 -1.7580e-05 -1.8103e-05 -1.8589e-05 -1.9037e-05 -1.9445e-05 -1.9815e-05 -2.0146e-05 -2.0439e-05 -2.0692e-05 -2.0907e-05 -2.1084e-05 -2.1223e-05 -2.1325e-05 -2.1391e-05 -2.1422e-05 -2.1418e-05 -2.1380e-05 -2.1310e-05 -2.1208e-05 -2.1076e-05 -2.0915e-05 -2.0726e-05 -2.0512e-05 -2.0272e-05 -2.0008e-05 -1.9723e-05 -1.9417e-05 -1.9091e-05 -1.8748e-05 -1.8389e-05 -1.8015e-05 -1.7628e-05 -1.7229e-05 -1.6819e-05 -1.6401e-05 -1.5975e-05 -1.5543e-05 -1.5105e-05 -1.4664e-05 -1.4220e-05 -1.3775e-05 -1.3330e-05 -1.2885e-05 -1.2442e-05 -1.2002e-05 -1.1565e-05 -1.1133e-05 -1.0706e-05 -1.0285e-05 -9.8701e-06 -9.4628e-06 -9.0633e-06 -8.6720e-06 -8.2894e-06 -7.9160e-06 -7.5520e-06 -7.1977e-06 -6.8534e-06 -6.5193e-06 -6.1956e-06 -5.8823e-06 -5.5795e-06 -5.2873e-06 -5.0057e-06 -4.7346e-06 -4.4740e-06 -4.2238e-06 -3.9839e-06 -3.7541e-06 -3.5343e-06 -3.3243e-06 -3.1239e-06 -2.9329e-06 -2.7511e-06 -2.5782e-06 -2.4139e-06 -2.2581e-06 -2.1104e-06 -1.9706e-06 -1.8384e-06 9.9800e-07 0.0000e+00 2.9844e-06 3.9681e-06 4.9423e-06 5.9048e-06 6.8532e-06 7.7854e-06 8.6992e-06 9.5926e-06 1.0464e-05 1.1310e-05 1.2131e-05 1.2924e-05 1.3687e-05 1.4420e-05 1.5120e-05 1.5787e-05 1.6420e-05 1.7016e-05 1.7577e-05 1.8100e-05 1.8585e-05 1.9032e-05 1.9440e-05 1.9810e-05 2.0140e-05 2.0432e-05 2.0685e-05 2.0899e-05 2.1075e-05 2.1214e-05 2.1315e-05 2.1381e-05 2.1410e-05 2.1406e-05 2.1367e-05 2.1296e-05 2.1194e-05 2.1062e-05 2.0900e-05 2.0711e-05 2.0495e-05 2.0255e-05 1.9991e-05 1.9705e-05 1.9398e-05 1.9072e-05 1.8729e-05 1.8369e-05 1.7995e-05 1.7608e-05 1.7208e-05 1.6799e-05 1.6380e-05 1.5954e-05 1.5521e-05 1.5084e-05 1.4642e-05 1.4198e-05 1.3753e-05 1.3308e-05 1.2863e-05 1.2420e-05 1.1980e-05 1.1543e-05 1.1111e-05 1.0685e-05 1.0264e-05 9.8495e-06 9.4425e-06 9.0433e-06 8.6523e-06 8.2701e-06 7.8970e-06 7.5334e-06 7.1796e-06 6.8357e-06 6.5020e-06 6.1787e-06 5.8659e-06 5.5635e-06 5.2718e-06 4.9907e-06 4.7201e-06 4.4599e-06 4.2102e-06 3.9708e-06 3.7415e-06 3.5222e-06 3.3126e-06 3.1127e-06 2.9222e-06 2.7408e-06 2.5683e-06 2.4045e-06 2.2491e-06 2.1018e-06 1.9624e-06 1.8306e-06
-1.4940e-06 -2.9845e-06 9.1789e-04 -5.9404e-06 -7.3989e-06 -8.8398e-06 -1.0260e-05 -1.1656e-05 -1.3024e-05 -1.4362e-05 -1.5666e-05 -1.6934e-05 -1.8164e-05 -1.9351e-05 -2.0495e-05 -2.1593e-05 -2.2642e-05 -2.3642e-05 -2.4590e-05 -2.5485e-05 -2.6325e-05 -2.7110e-05 -2.7838e-05 -2.8509e-05 -2.9122e-05 -2.9677e-05 -3.0174e-05 -3.0613e-05 -3.0993e-05 -3.1316e-05 -3.1583e-05 -3.1792e-05 -3.1947e-05 -3.2047e-05 -3.2094e-05 -3.2090e-05 -3.2035e-05 -3.1931e-05 -3.1780e-05 -3.1584e-05 -3.1345e-05 -3.1064e-05 -3.0744e-05 -3.0386e-05 -2.9993e-05 -2.9567e-05 -2.9109e-05 -2.8624e-05 -2.8111e-05 -2.7574e-05 -2.7015e-05 -2.6437e-05 -2.5840e-05 -2.5228e-05 -2.4602e-05 -2.3965e-05 -2.3318e-05 -2.2663e-05 -2.2003e-05 -2.1339e-05 -2.0672e-05 -2.0005e-05 -1.9340e-05 -1.8676e-05 -1.8017e-05 -1.7363e-05 -1.6716e-05 -1.6076e-05 -1.5445e-05 -1.4824e-05 -1.4213e-05 -1.3615e-05 -1.3028e-05 -1.2455e-05 -1.1895e-05 -1.1349e-05 -1.0818e-05 -1.0301e-05 -9.8001e-06 -9.3144e-06 -8.8443e-06 -8.3900e-06 -7.9515e-06 -7.5288e-06 -7.1219e-06 -6.7306e-06 -6.3550e-06 -5.9947e-06 -5.6496e-06 -5.3195e-06 -5.0040e-06 -4.7029e-06 -4.4159e-06 -4.1426e-06 -3.8827e-06 -3.6358e-06 -3.4016e-06 -3.1795e-06 -2.9693e-06 -2.7704e-06 1.4940e-06 2.9844e-06 0.0000e+00 5.9403e-06 7.3987e-06 8.8395e-06 1.0259e-05 1.1655e-05 1.3023e-05 1.4360e-05 1.5664e-05 1.6932e-05 1.8161e-05 1.9348e-05 2.0491e-05 2.1588e-05 2.2636e-05 2.3635e-05 2.4581e-05 2.5475e-05 2.6314e-05 2.7097e-05 2.7824e-05 2.8493e-05 2.9104e-05 2.9658e-05 3.0153e-05 3.0590e-05 3.0968e-05 3.1289e-05 3.1553e-05 3.1761e-05 3.1914e-05 3.2012e-05 3.2057e-05 3.2050e-05 3.1993e-05 3.1887e-05 3.1734e-05 3.1536e-05 3.1294e-05 3.1011e-05 3.0689e-05 3.0329e-05 2.9935e-05 2.9507e-05 2.9048e-05 2.8560e-05 2.8046e-05 2.7508e-05 2.6948e-05 2.6368e-05 2.5771e-05 2.5157e-05 2.4531e-05 2.3893e-05 2.3245e-05 2.2590e-05 2.1930e-05 2.1265e-05 2.0599e-05 1.9932e-05 1.9266e-05 1.8603e-05 1.7944e-05 1.7291e-05 1.6644e-05 1.6005e-05 1.5375e-05 1.4754e-05 1.4145e-05 1.3547e-05 1.2962e-05 1.2389e-05 1.1831e-05 1.1286e-05 1.0756e-05 1.0241e-05 9.7416e-06 9.2574e-06 8.7889e-06 8.3361e-06 7.8992e-06 7.4781e-06 7.0728e-06 6.6831e-06 6.3091e-06 5.9504e-06 5.6069e-06 5.2784e-06 4.9645e-06 4.6650e-06 4.3795e-06 4.1078e-06 3.8494e-06 3.6039e-06 3.3711e-06 3.1504e-06 2.9415e-06 2.7440e-06
-1.9865e-06 -3.9682e-06 -5.9404e-06 1.6318e-03 -9.8379e-06 -1.1754e-05 -1.3642e-05 -1.5498e-05 -1.7318e-05 -1.9097e-05 -2.0832e-05 -2.2519e-05 -2.4154e-05 -2.5734e-05 -2.7256e-05 -2.8717e-05 -3.0114e-05 -3.1444e-05 -3.2706e-05 -3.3897e-05 -3.5016e-05 -3.6061e-05 -3.7032e-05 -3.7926e-05 -3.8743e-05 -3.9484e-05 -4.0147e-05 -4.0732e-05 -4.1241e-05 -4.1673e-05 -4.2030e-05 -4.2312e-05 -4.2520e-05 -4.2656e-05 -4.2722e-05 -4.2718e-05 -4.2648e-05 -4.2513e-05 -4.2315e-05 -4.2057e-05 -4.1742e-05 -4.1371e-05 -4.0947e-05 -4.0474e-05 -3.9954e-05 -3.9389e-05 -3.8784e-05 -3.8140e-05 -3.7460e-05 -3.6748e-05 -3.6007e-05 -3.5239e-05 -3.4447e-05 -3.3634e-05 -3.2803e-05 -3.1957e-05 -3.1097e-05 -3.0228e-05 -2.9350e-05 -2.8467e-05 -2.7581e-05 -2.6695e-05 -2.5809e-05 -2.4927e-05 -2.4050e-05 -2.3180e-05 -2.2318e-05 -2.1467e-05 -2.0627e-05 -1.9800e-05 -1.8987e-05 -1.8189e-05 -1.7408e-05 -1.6644e-05 -1.5898e-05 -1.5171e-05 -1.4463e-05 -1.3774e-05 -1.3106e-05 -1.2458e-05 -1.1831e-05 -1.1225e-05 -1.0640e-05 -1.0076e-05 -9.5329e-06 -9.0107e-06 -8.5091e-06 -8.0280e-06 -7.5671e-06 -7.1261e-06 -6.7046e-06 -6.3023e-06 -5.9187e-06 -5.5534e-06 -5.2059e-06 -4.8757e-06 -4.5623e-06 -4.2652e-06 -3.9839e-06 -3.7178e-06 1.9864e-06 3.9681e-06 5.9403e-06 0.0000e+00 9.8374e-06 1.1753e-05 1.3641e-05 1.5497e-05 1.7316e-05 1.9094e-05 2.0828e-05 2.2514e-05 2.4147e-05 2.5726e-05 2.7246e-05 2.8704e-05 3.0099e-05 3.1427e-05 3.2686e-05 3.3874e-05 3.4990e-05 3.6032e-05 3.6998e-05 3.7888e-05 3.8702e-05 3.9438e-05 4.0097e-05 4.0678e-05 4.1182e-05 4.1610e-05 4.1961e-05 4.2238e-05 4.2441e-05 4.2572e-05 4.2633e-05 4.2624e-05 4.2549e-05 4.2409e-05 4.2206e-05 4.1943e-05 4.1622e-05 4.1247e-05 4.0819e-05 4.0341e-05 3.9816e-05 3.9248e-05 3.8638e-05 3.7990e-05 3.7307e-05 3.6592e-05 3.5848e-05 3.5077e-05 3.4283e-05 3.3468e-05 3.2635e-05 3.1786e-05 3.0926e-05 3.0055e-05 2.9177e-05 2.8293e-05 2.7407e-05 2.6521e-05 2.5635e-05 2.4754e-05 2.3877e-05 2.3008e-05 2.2148e-05 2.1298e-05 2.0460e-05 1.9635e-05 1.8825e-05 1.8030e-05 1.7251e-05 1.6490e-05 1.5747e-05 1.5022e-05 1.4317e-05 1.3632e-05 1.2968e-05 1.2323e-05 1.1700e-05 1.1098e-05 1.0516e-05 9.9560e-06 9.4166e-06 8.8982e-06 8.4004e-06 7.9231e-06 7.4660e-06 7.0288e-06 6.6110e-06 6.2124e-06 5.8324e-06 5.4707e-06 5.1267e-06 4.8000e-06 4.4901e-06 4.1963e-06 3.9183e-06 3.6553e-06
-2.4741e-06 -4.9424e-06 -7.3989e-06 -9.8379e-06 2.5497e-03 -1.4640e-05 -1.6992e-05 -1.9305e-05 -2.1572e-05 -2.3789e-05 -2.5950e-05 -2.8052e-05 -3.0090e-05 -3.2060e-05 -3.3957e-05 -3.5778e-05 -3.7520e-05 -3.9179e-05 -4.0753e-05 -4.2240e-05 -4.3636e-05 -4.4941e-05 -4.6152e-05 -4.7269e-05 -4.8291e-05 -4.9217e-05 -5.0047e-05 -5.0780e-05 -5.1418e-05 -5.1961e-05 -5.2409e-05 -5.2764e-05 -5.3028e-05 -5.3202e-05 -5.3288e-05 -5.3289e-05 -5.3206e-05 -5.3042e-05 -5.2800e-05 -5.2483e-05 -5.2094e-05 -5.1637e-05 -5.1113e-05 -5.0528e-05 -4.9884e-05 -4.9184e-05 -4.8433e-05 -4.7634e-05 -4.6791e-05 -4.5908e-05 -4.4987e-05 -4.4032e-05 -4.3048e-05 -4.2038e-05 -4.1005e-05 -3.9952e-05 -3.8882e-05 -3.7800e-05 -3.6708e-05 -3.5609e-05 -3.4506e-05 -3.3401e-05 -3.2298e-05 -3.1199e-05 -3.0106e-05 -2.9021e-05 -2.7946e-05 -2.6885e-05 -2.5837e-05 -2.4805e-05 -2.3791e-05 -2.2796e-05 -2.1820e-05 -2.0866e-05 -1.9934e-05 -1.9026e-05 -1.8141e-05 -1.7280e-05 -1.6445e-05 -1.5635e-05 -1.4851e-05 -1.4093e-05 -1.3361e-05 -1.2655e-05 -1.1976e-05 -1.1322e-05 -1.0694e-05 -1.0091e-05 -9.5140e-06 -8.9614e-06 -8.4331e-06 -7.9288e-06 -7.4478e-06 -6.9896e-06 -6.5537e-06 -6.1394e-06 -5.7461e-06 -5.3732e-06 -5.0199e-06 -4.6857e-06 2.4741e-06 4.9423e-06 7.3987e-06 9.8374e-06 0.0000e+00 1.4639e-05 1.6990e-05 1.9301e-05 2.1567e-05 2.3782e-05 2.5942e-05 2.8042e-05 3.0077e-05 3.2043e-05 3.3936e-05 3.5754e-05 3.7491e-05 3.9145e-05 4.0714e-05 4.2194e-05 4.3585e-05 4.4883e-05 4.6087e-05 4.7197e-05 4.8211e-05 4.9128e-05 4.9950e-05 5.0674e-05 5.1303e-05 5.1836e-05 5.2275e-05 5.2621e-05 5.2875e-05 5.3039e-05 5.3115e-05 5.3105e-05 5.3012e-05 5.2838e-05 5.2587e-05 5.2260e-05 5.1862e-05 5.1395e-05 5.0862e-05 5.0268e-05 4.9615e-05 4.8908e-05 4.8149e-05 4.7343e-05 4.6493e-05 4.5603e-05 4.4677e-05 4.3717e-05 4.2728e-05 4.1713e-05 4.0676e-05 3.9620e-05 3.8548e-05 3.7464e-05 3.6370e-05 3.5270e-05 3.4166e-05 3.3062e-05 3.1960e-05 3.0861e-05 2.9770e-05 2.8687e-05 2.7615e-05 2.6557e-05 2.5513e-05 2.4485e-05 2.3475e-05 2.2484e-05 2.1514e-05 2.0565e-05 1.9639e-05 1.8736e-05 1.7858e-05 1.7004e-05 1.6175e-05 1.5373e-05 1.4595e-05 1.3845e-05 1.3120e-05 1.2421e-05 1.1749e-05 1.1102e-05 1.0482e-05 9.8866e-06 9.3166e-06 8.7714e-06 8.2504e-06 7.7533e-06 7.2794e-06 6.8283e-06 6.3992e-06 5.9917e-06 5.6050e-06 5.2386e-06 4.8917e-06 4.5636e-06
-2.9559e-06 -5.9049e-06 -8.8398e-06 -1.1754e-05 -1.4640e-05 3.6714e-03 -2.0303e-05 -2.3066e-05 -2.5776e-05 -2.8425e-05 -3.1009e-05 -3.3522e-05 -3.5959e-05 -3.8314e-05 -4.0583e-05 -4.2761e-05 -4.4845e-05 -4.6831e-05 -4.8715e-05 -5.0494e-05 -5.2167e-05 -5.3730e-05 -5.5182e-05 -5.6522e-05 -5.7748e-05 -5.8859e-05 -5.9856e-05 -6.0738e-05 -6.1506e-05 -6.2161e-05 -6.2703e-05 -6.3134e-05 -6.3456e-05 -6.3670e-05 -6.3779e-05 -6.3787e-05 -6.3694e-05 -6.3505e-05 -6.3223e-05 -6.2850e-05 -6.2392e-05 -6.1851e-05 -6.1232e-05 -6.0538e-05 -5.9774e-05 -5.8944e-05 -5.8052e-05 -5.7102e-05 -5.6099e-05 -5.5048e-05 -5.3951e-05 -5.2815e-05 -5.1642e-05 -5.0438e-05 -4.9206e-05 -4.7950e-05 -4.6675e-05 -4.5383e-05 -4.4079e-05 -4.2767e-05 -4.1449e-05 -4.0130e-05 -3.8811e-05 -3.7497e-05 -3.6190e-05 -3.4892e-05 -3.3607e-05 -3.2336e-05 -3.1082e-05 -2.9847e-05 -2.8633e-05 -2.7440e-05 -2.6272e-05 -2.5128e-05 -2.4011e-05 -2.2922e-05 -2.1860e-05 -2.0828e-05 -1.9826e-05 -1.8854e-05 -1.7913e-05 -1.7002e-05 -1.6123e-05 -1.5275e-05 -1.4458e-05 -1.3672e-05 -1.2917e-05 -1.2192e-05 -1.1497e-05 -1.0832e-05 -1.0196e-05 -9.5891e-06 -9.0097e-06 -8.4577e-06 -7.9324e-06 -7.4329e-06 -6.9587e-06 -6.5088e-06 -6.0826e-06 -5.6793e-06 2.9559e-06 5.9048e-06 8.8395e-06 1.1753e-05 1.4639e-05 0.0000e+00 2.0299e-05 2.3060e-05 2.5768e-05 2.8414e-05 3.0995e-05 3.3504e-05 3.5935e-05 3.8285e-05 4.0548e-05 4.2719e-05 4.4795e-05 4.6772e-05 4.8647e-05 5.0417e-05 5.2079e-05 5.3631e-05 5.5071e-05 5.6397e-05 5.7610e-05 5.8707e-05 5.9689e-05 6.0556e-05 6.1308e-05 6.1947e-05 6.2472e-05 6.2886e-05 6.3191e-05 6.3388e-05 6.3481e-05 6.3470e-05 6.3361e-05 6.3155e-05 6.2855e-05 6.2466e-05 6.1992e-05 6.1435e-05 6.0800e-05 6.0091e-05 5.9312e-05 5.8468e-05 5.7563e-05 5.6601e-05 5.5586e-05 5.4524e-05 5.3417e-05 5.2271e-05 5.1091e-05 4.9879e-05 4.8640e-05 4.7379e-05 4.6099e-05 4.4803e-05 4.3497e-05 4.2183e-05 4.0864e-05 3.9545e-05 3.8227e-05 3.6915e-05 3.5611e-05 3.4317e-05 3.3036e-05 3.1771e-05 3.0523e-05 2.9295e-05 2.8088e-05 2.6903e-05 2.5744e-05 2.4609e-05 2.3502e-05 2.2423e-05 2.1372e-05 2.0352e-05 1.9361e-05 1.8400e-05 1.7471e-05 1.6573e-05 1.5706e-05 1.4871e-05 1.4066e-05 1.3293e-05 1.2551e-05 1.1839e-05 1.1157e-05 1.0504e-05 9.8810e-06 9.2860e-06 8.7190e-06 8.1790e-06 7.6656e-06 7.1778e-06 6.7150e-06 6.2763e-06 5.8610e-06 5.4683e-06
-3.4307e-06 -6.8533e-06 -1.0260e-05 -1.3642e-05 -1.6992e-05 -2.0303e-05 4.9972e-03 -2.6774e-05 -2.9920e-05 -3.2996e-05 -3.5997e-05 -3.8916e-05 -4.1747e-05 -4.4483e-05 -4.7119e-05 -4.9651e-05 -5.2074e-05 -5.4383e-05 -5.6575e-05 -5.8645e-05 -6.0592e-05 -6.2412e-05 -6.4104e-05 -6.5666e-05 -6.7096e-05 -6.8393e-05 -6.9558e-05 -7.0590e-05 -7.1489e-05 -7.2257e-05 -7.2895e-05 -7.3404e-05 -7.3786e-05 -7.4044e-05 -7.4180e-05 -7.4198e-05 -7.4099e-05 -7.3889e-05 -7.3570e-05 -7.3147e-05 -7.2623e-05 -7.2004e-05 -7.1294e-05 -7.0496e-05 -6.9617e-05 -6.8661e-05 -6.7633e-05 -6.6537e-05 -6.5380e-05 -6.4165e-05 -6.2898e-05 -6.1584e-05 -6.0227e-05 -5.8833e-05 -5.7407e-05 -5.5952e-05 -5.4474e-05 -5.2977e-05 -5.1466e-05 -4.9943e-05 -4.8415e-05 -4.6883e-05 -4.5352e-05 -4.3826e-05 -4.2308e-05 -4.0800e-05 -3.9306e-05 -3.7828e-05 -3.6370e-05 -3.4933e-05 -3.3519e-05 -3.2131e-05 -3.0770e-05 -2.9438e-05 -2.8137e-05 -2.6867e-05 -2.5629e-05 -2.4426e-05 -2.3256e-05 -2.2122e-05 -2.1023e-05 -1.9960e-05 -1.8933e-05 -1.7942e-05 -1.6987e-05 -1.6069e-05 -1.5185e-05 -1.4337e-05 -1.3524e-05 -1.2746e-05 -1.2001e-05 -1.1290e-05 -1.0611e-05 -9.9640e-06 -9.3480e-06 -8.7622e-06 -8.2057e-06 -7.6778e-06 -7.1773e-06 -6.7036e-06 3.4307e-06 6.8532e-06 1.0259e-05 1.3641e-05 1.6990e-05 2.0299e-05 0.0000e+00 2.6765e-05 2.9907e-05 3.2979e-05 3.5975e-05 3.8887e-05 4.1710e-05 4.4437e-05 4.7064e-05 4.9585e-05 5.1995e-05 5.4291e-05 5.6468e-05 5.8523e-05 6.0453e-05 6.2255e-05 6.3927e-05 6.5469e-05 6.6877e-05 6.8152e-05 6.9294e-05 7.0301e-05 7.1176e-05 7.1919e-05 7.2530e-05 7.3013e-05 7.3368e-05 7.3599e-05 7.3708e-05 7.3698e-05 7.3572e-05 7.3335e-05 7.2989e-05 7.2540e-05 7.1990e-05 7.1346e-05 7.0610e-05 6.9789e-05 6.8887e-05 6.7909e-05 6.6860e-05 6.5744e-05 6.4568e-05 6.3336e-05 6.2053e-05 6.0724e-05 5.9354e-05 5.7948e-05 5.6512e-05 5.5048e-05 5.3563e-05 5.2060e-05 5.0544e-05 4.9019e-05 4.7489e-05 4.5957e-05 4.4428e-05 4.2905e-05 4.1391e-05 3.9889e-05 3.8402e-05 3.6933e-05 3.5484e-05 3.4058e-05 3.2656e-05 3.1280e-05 2.9933e-05 2.8616e-05 2.7330e-05 2.6076e-05 2.4856e-05 2.3670e-05 2.2519e-05 2.1403e-05 2.0323e-05 1.9280e-05 1.8272e-05 1.7301e-05 1.6367e-05 1.5468e-05 1.4605e-05 1.3777e-05 1.2984e-05 1.2226e-05 1.1501e-05 1.0809e-05 1.0150e-05 9.5217e-06 8.9245e-06 8.3572e-06 7.8189e-06 7.3086e-06 6.8254e-06 6.3685e-06
-3.8974e-06 -7.7856e-06 -1.1656e-05 -1.5498e-05 -1.9305e-05 -2.3066e-05 -2.6774e-05 6.5268e-03 -3.3995e-05 -3.7492e-05 -4.0904e-05 -4.4222e-05 -4.7441e-05 -5.0553e-05 -5.3553e-05 -5.6434e-05 -5.9191e-05 -6.1820e-05 -6.4316e-05 -6.6675e-05 -6.8895e-05 -7.0970e-05 -7.2901e-05 -7.4683e-05 -7.6317e-05 -7.7801e-05 -7.9134e-05 -8.0317e-05 -8.1349e-05 -8.2233e-05 -8.2969e-05 -8.3559e-05 -8.4005e-05 -8.4310e-05 -8.4476e-05 -8.4508e-05 -8.4408e-05 -8.4181e-05 -8.3830e-05 -8.3361e-05 -8.2778e-05 -8.2085e-05 -8.1289e-05 -8.0394e-05 -7.9405e-05 -7.8329e-05 -7.7170e-05 -7.5934e-05 -7.4627e-05 -7.3254e-05 -7.1822e-05 -7.0336e-05 -6.8801e-05 -6.7223e-05 -6.5607e-05 -6.3958e-05 -6.2283e-05 -6.0585e-05 -5.8869e-05 -5.7141e-05 -5.5405e-05 -5.3665e-05 -5.1926e-05 -5.0191e-05 -4.8464e-05 -4.6749e-05 -4.5048e-05 -4.3366e-05 -4.1705e-05 -4.0068e-05 -3.8457e-05 -3.6875e-05 -3.5323e-05 -3.3803e-05 -3.2318e-05 -3.0868e-05 -2.9455e-05 -2.8080e-05 -2.6744e-05 -2.5447e-05 -2.4191e-05 -2.2975e-05 -2.1799e-05 -2.0665e-05 -1.9572e-05 -1.8519e-05 -1.7507e-05 -1.6535e-05 -1.5602e-05 -1.4709e-05 -1.3855e-05 -1.3038e-05 -1.2258e-05 -1.1515e-05 -1.0807e-05 -1.0133e-05 -9.4930e-06 -8.8854e-06 -8.3093e-06 -7.7637e-06 3.8973e-06 7.7854e-06 1.1655e-05 1.5497e-05 1.9301e-05 2.3060e-05 2.6765e-05 0.0000e+00 3.3976e-05 3.7467e-05 4.0870e-05 4.4179e-05 4.7386e-05 5.0486e-05 5.3470e-05 5.6335e-05 5.9075e-05 6.1684e-05 6.4158e-05 6.6494e-05 6.8688e-05 7.0737e-05 7.2638e-05 7.4391e-05 7.5993e-05 7.7443e-05 7.8742e-05 7.9889e-05 8.0885e-05 8.1731e-05 8.2428e-05 8.2978e-05 8.3384e-05 8.3649e-05 8.3775e-05 8.3766e-05 8.3625e-05 8.3358e-05 8.2968e-05 8.2459e-05 8.1837e-05 8.1107e-05 8.0274e-05 7.9343e-05 7.8321e-05 7.7211e-05 7.6021e-05 7.4756e-05 7.3421e-05 7.2023e-05 7.0566e-05 6.9058e-05 6.7503e-05 6.5907e-05 6.4276e-05 6.2614e-05 6.0927e-05 5.9221e-05 5.7499e-05 5.5767e-05 5.4028e-05 5.2289e-05 5.0552e-05 4.8821e-05 4.7100e-05 4.5394e-05 4.3704e-05 4.2034e-05 4.0387e-05 3.8766e-05 3.7172e-05 3.5609e-05 3.4077e-05 3.2580e-05 3.1117e-05 2.9692e-05 2.8304e-05 2.6955e-05 2.5646e-05 2.4377e-05 2.3148e-05 2.1961e-05 2.0815e-05 1.9710e-05 1.8646e-05 1.7623e-05 1.6641e-05 1.5699e-05 1.4797e-05 1.3933e-05 1.3108e-05 1.2321e-05 1.1570e-05 1.0855e-05 1.0175e-05 9.5288e-06 8.9157e-06 8.3345e-06 7.7841e-06 7.2636e-06
-4.3548e-06 -8.6995e-06 -1.3024e-05 -1.7318e-05 -2.1572e-05 -2.5776e-05 -2.9920e-05 -3.3995e-05 8.2603e-03 -4.1902e-05 -4.5717e-05 -4.9429e-05 -5.3030e-05 -5.6512e-05 -5.9869e-05 -6.3094e-05 -6.6182e-05 -6.9127e-05 -7.1924e-05 -7.4569e-05 -7.7058e-05 -7.9387e-05 -8.1555e-05 -8.3558e-05 -8.5395e-05 -8.7066e-05 -8.8568e-05 -8.9903e-05 -9.1071e-05 -9.2072e-05 -9.2909e-05 -9.3582e-05 -9.4096e-05 -9.4451e-05 -9.4653e-05 -9.4703e-05 -9.4607e-05 -9.4368e-05 -9.3991e-05 -9.3481e-05 -9.2844e-05 -9.2085e-05 -9.1209e-05 -9.0222e-05 -8.9130e-05 -8.7939e-05 -8.6656e-05 -8.5286e-05 -8.3836e-05 -8.2312e-05 -8.0721e-05 -7.9069e-05 -7.7361e-05 -7.5604e-05 -7.3804e-05 -7.1968e-05 -7.0100e-05 -6.8206e-05 -6.6292e-05 -6.4363e-05 -6.2424e-05 -6.0480e-05 -5.8535e-05 -5.6595e-05 -5.4663e-05 -5.2743e-05 -5.0840e-05 -4.8956e-05 -4.7095e-05 -4.5260e-05 -4.3453e-05 -4.1678e-05 -3.9936e-05 -3.8231e-05 -3.6563e-05 -3.4934e-05 -3.3346e-05 -3.1800e-05 -3.0297e-05 -2.8837e-05 -2.7423e-05 -2.6053e-05 -2.4729e-05 -2.3451e-05 -2.2218e-05 -2.1030e-05 -1.9888e-05 -1.8791e-05 -1.7738e-05 -1.6729e-05 -1.5763e-05 -1.4839e-05 -1.3957e-05 -1.3116e-05 -1.2314e-05 -1.1551e-05 -1.0826e-05 -1.0137e-05 -9.4839e-06 -8.8648e-06 4.3548e-06 8.6992e-06 1.3023e-05 1.7316e-05 2.1567e-05 2.5768e-05 2.9907e-05 3.3976e-05 0.0000e+00 4.1866e-05 4.5670e-05 4.9368e-05 5.2952e-05 5.6416e-05 5.9753e-05 6.2955e-05 6.6017e-05 6.8934e-05 7.1700e-05 7.4312e-05 7.6765e-05 7.9057e-05 8.1184e-05 8.3144e-05 8.4936e-05 8.6560e-05 8.8013e-05 8.9298e-05 9.0413e-05 9.1361e-05 9.2143e-05 9.2761e-05 9.3218e-05 9.3516e-05 9.3660e-05 9.3653e-05 9.3499e-05 9.3203e-05 9.2770e-05 9.2205e-05 9.1513e-05 9.0700e-05 8.9772e-05 8.8734e-05 8.7594e-05 8.6357e-05 8.5029e-05 8.3617e-05 8.2128e-05 8.0567e-05 7.8942e-05 7.7258e-05 7.5522e-05 7.3740e-05 7.1919e-05 7.0063e-05 6.8179e-05 6.6273e-05 6.4349e-05 6.2414e-05 6.0472e-05 5.8528e-05 5.6587e-05 5.4652e-05 5.2729e-05 5.0822e-05 4.8933e-05 4.7066e-05 4.5225e-05 4.3412e-05 4.1630e-05 3.9882e-05 3.8169e-05 3.6494e-05 3.4858e-05 3.3263e-05 3.1711e-05 3.0202e-05 2.8737e-05 2.7316e-05 2.5942e-05 2.4613e-05 2.3330e-05 2.2094e-05 2.0903e-05 1.9758e-05 1.8658e-05 1.7603e-05 1.6593e-05 1.5626e-05 1.4702e-05 1.3820e-05 1.2978e-05 1.2177e-05 1.1416e-05 1.0692e-05 1.0004e-05 9.3531e-06 8.7362e-06 8.1527e-06
-4.8021e-06 -9.5930e-06 -1.4362e-05 -1.9097e-05 -2.3789e-05 -2.8425e-05 -3.2996e-05 -3.7492e-05 -4.1902e-05 1.0198e-02 -5.0428e-05 -5.4525e-05 -5.8501e-05 -6.2346e-05 -6.6055e-05 -6.9619e-05 -7.3032e-05 -7.6289e-05 -7.9383e-05 -8.2310e-05 -8.5066e-05 -8.7648e-05 -9.0051e-05 -9.2274e-05 -9.4314e-05 -9.6171e-05 -9.7844e-05 -9.9332e-05 -1.0064e-04 -1.0176e-04 -1.0270e-04 -1.0346e-04 -1.0404e-04 -1.0445e-04 -1.0470e-04 -1.0477e-04 -1.0468e-04 -1.0444e-04 -1.0404e-04 -1.0350e-04 -1.0281e-04 -1.0199e-04 -1.0104e-04 -9.9971e-05 -9.8783e-05 -9.7485e-05 -9.6084e-05 -9.4588e-05 -9.3002e-05 -9.1334e-05 -8.9591e-05 -8.7779e-05 -8.5905e-05 -8.3976e-05 -8.1999e-05 -7.9980e-05 -7.7925e-05 -7.5841e-05 -7.3734e-05 -7.1609e-05 -6.9472e-05 -6.7329e-05 -6.5184e-05 -6.3043e-05 -6.0910e-05 -5.8789e-05 -5.6685e-05 -5.4603e-05 -5.2544e-05 -5.0513e-05 -4.8514e-05 -4.6548e-05 -4.4618e-05 -4.2727e-05 -4.0877e-05 -3.9070e-05 -3.7308e-05 -3.5591e-05 -3.3921e-05 -3.2300e-05 -3.0727e-05 -2.9204e-05 -2.7730e-05 -2.6307e-05 -2.4934e-05 -2.3610e-05 -2.2337e-05 -2.1113e-05 -1.9938e-05 -1.8812e-05 -1.7733e-05 -1.6701e-05 -1.5715e-05 -1.4774e-05 -1.3877e-05 -1.3023e-05 -1.2211e-05 -1.1439e-05 -1.0706e-05 -1.0012e-05 4.8020e-06 9.5926e-06 1.4360e-05 1.9094e-05 2.3782e-05 2.8414e-05 3.2979e-05 3.7467e-05 4.1866e-05 0.0000e+00 5.0363e-05 5.4442e-05 5.8395e-05 6.2216e-05 6.5897e-05 6.9429e-05 7.2808e-05 7.6026e-05 7.9078e-05 8.1960e-05 8.4668e-05 8.7197e-05 8.9545e-05 9.1710e-05 9.3689e-05 9.5482e-05 9.7088e-05 9.8507e-05 9.9741e-05 1.0079e-04 1.0166e-04 1.0234e-04 1.0285e-04 1.0318e-04 1.0334e-04 1.0334e-04 1.0317e-04 1.0285e-04 1.0238e-04 1.0176e-04 1.0100e-04 1.0010e-04 9.9084e-05 9.7943e-05 9.6689e-05 9.5327e-05 9.3866e-05 9.2312e-05 9.0672e-05 8.8954e-05 8.7164e-05 8.5309e-05 8.3397e-05 8.1433e-05 7.9426e-05 7.7381e-05 7.5304e-05 7.3203e-05 7.1082e-05 6.8949e-05 6.6807e-05 6.4664e-05 6.2523e-05 6.0390e-05 5.8269e-05 5.6164e-05 5.4080e-05 5.2021e-05 4.9989e-05 4.7989e-05 4.6022e-05 4.4093e-05 4.2202e-05 4.0353e-05 3.8547e-05 3.6786e-05 3.5072e-05 3.3405e-05 3.1788e-05 3.0219e-05 2.8701e-05 2.7233e-05 2.5816e-05 2.4449e-05 2.3134e-05 2.1868e-05 2.0653e-05 1.9487e-05 1.8370e-05 1.7301e-05 1.6279e-05 1.5304e-05 1.4374e-05 1.3488e-05 1.2645e-05 1.1844e-05 1.1084e-05 1.0363e-05 9.6809e-06 9.0352e-06
-5.2381e-06 -1.0464e-05 -1.5666e-05 -2.0832e-05 -2.5950e-05 -3.1009e-05 -3.5997e-05 -4.0904e-05 -4.5717e-05 -5.0428e-05 1.2339e-02 -5.9500e-05 -6.3843e-05 -6.8045e-05 -7.2098e-05 -7.5995e-05 -7.9728e-05 -8.3291e-05 -8.6678e-05 -8.9884e-05 -9.2905e-05 -9.5735e-05 -9.8372e-05 -1.0081e-04 -1.0306e-04 -1.0510e-04 -1.0694e-04 -1.0859e-04 -1.1003e-04 -1.1128e-04 -1.1232e-04 -1.1318e-04 -1.1383e-04 -1.1431e-04 -1.1459e-04 -1.1469e-04 -1.1462e-04 -1.1438e-04 -1.1397e-04 -1.1340e-04 -1.1267e-04 -1.1180e-04 -1.1078e-04 -1.0963e-04 -1.0836e-04 -1.0696e-04 -1.0545e-04 -1.0383e-04 -1.0212e-04 -1.0031e-04 -9.8426e-05 -9.6462e-05 -9.4430e-05 -9.2336e-05 -9.0189e-05 -8.7994e-05 -8.5760e-05 -8.3492e-05 -8.1197e-05 -7.8882e-05 -7.6553e-05 -7.4215e-05 -7.1875e-05 -6.9537e-05 -6.7207e-05 -6.4890e-05 -6.2590e-05 -6.0311e-05 -5.8058e-05 -5.5835e-05 -5.3644e-05 -5.1489e-05 -4.9374e-05 -4.7299e-05 -4.5269e-05 -4.3285e-05 -4.1348e-05 -3.9461e-05 -3.7625e-05 -3.5841e-05 -3.4110e-05 -3.2433e-05 -3.0809e-05 -2.9240e-05 -2.7726e-05 -2.6266e-05 -2.4860e-05 -2.3508e-05 -2.2210e-05 -2.0965e-05 -1.9771e-05 -1.8629e-05 -1.7537e-05 -1.6495e-05 -1.5501e-05 -1.4554e-05 -1.3652e-05 -1.2795e-05 -1.1982e-05 -1.1210e-05 5.2381e-06 1.0464e-05 1.5664e-05 2.0828e-05 2.5942e-05 3.0995e-05 3.5975e-05 4.0870e-05 4.5670e-05 5.0363e-05 0.0000e+00 5.9390e-05 6.3704e-05 6.7873e-05 7.1889e-05 7.5744e-05 7.9431e-05 8.2944e-05 8.6276e-05 8.9422e-05 9.2378e-05 9.5140e-05 9.7705e-05 1.0007e-04 1.0223e-04 1.0419e-04 1.0595e-04 1.0750e-04 1.0885e-04 1.1000e-04 1.1094e-04 1.1170e-04 1.1225e-04 1.1262e-04 1.1280e-04 1.1280e-04 1.1263e-04 1.1228e-04 1.1177e-04 1.1109e-04 1.1027e-04 1.0930e-04 1.0819e-04 1.0695e-04 1.0559e-04 1.0411e-04 1.0252e-04 1.0082e-04 9.9038e-05 9.7166e-05 9.5216e-05 9.3196e-05 9.1112e-05 8.8972e-05 8.6784e-05 8.4555e-05 8.2291e-05 8.0000e-05 7.7687e-05 7.5360e-05 7.3025e-05 7.0687e-05 6.8351e-05 6.6024e-05 6.3709e-05 6.1413e-05 5.9139e-05 5.6891e-05 5.4673e-05 5.2489e-05 5.0342e-05 4.8235e-05 4.6171e-05 4.4151e-05 4.2179e-05 4.0256e-05 3.8383e-05 3.6562e-05 3.4794e-05 3.3080e-05 3.1421e-05 2.9817e-05 2.8268e-05 2.6774e-05 2.5335e-05 2.3952e-05 2.2623e-05 2.1348e-05 2.0126e-05 1.8957e-05 1.7839e-05 1.6772e-05 1.5754e-05 1.4785e-05 1.3862e-05 1.2986e-05 1.2154e-05 1.1365e-05 1.0617e-05 9.9103e-06
-5.6620e-06 -1.1311e-05 -1.6934e-05 -2.2519e-05 -2.8052e-05 -3.3522e-05 -3.8916e-05 -4.4222e-05 -4.9429e-05 -5.4525e-05 -5.9500e-05 1.4684e-02 -6.9044e-05 -7.3595e-05 -7.7986e-05 -8.2208e-05 -8.6256e-05 -9.0120e-05 -9.3796e-05 -9.7276e-05 -1.0056e-04 -1.0363e-04 -1.0650e-04 -1.0916e-04 -1.1161e-04 -1.1384e-04 -1.1586e-04 -1.1766e-04 -1.1924e-04 -1.2061e-04 -1.2177e-04 -1.2271e-04 -1.2345e-04 -1.2399e-04 -1.2432e-04 -1.2446e-04 -1.2441e-04 -1.2417e-04 -1.2376e-04 -1.2317e-04 -1.2241e-04 -1.2149e-04 -1.2042e-04 -1.1920e-04 -1.1784e-04 -1.1635e-04 -1.1474e-04 -1.1302e-04 -1.1118e-04 -1.0925e-04 -1.0722e-04 -1.0512e-04 -1.0293e-04 -1.0068e-04 -9.8372e-05 -9.6009e-05 -9.3602e-05 -9.1157e-05 -8.8682e-05 -8.6183e-05 -8.3667e-05 -8.1141e-05 -7.8611e-05 -7.6081e-05 -7.3559e-05 -7.1049e-05 -6.8557e-05 -6.6087e-05 -6.3643e-05 -6.1229e-05 -5.8850e-05 -5.6509e-05 -5.4209e-05 -5.1953e-05 -4.9744e-05 -4.7583e-05 -4.5474e-05 -4.3418e-05 -4.1415e-05 -3.9469e-05 -3.7579e-05 -3.5747e-05 -3.3973e-05 -3.2258e-05 -3.0601e-05 -2.9003e-05 -2.7464e-05 -2.5983e-05 -2.4560e-05 -2.3194e-05 -2.1884e-05 -2.0630e-05 -1.9431e-05 -1.8285e-05 -1.7191e-05 -1.6149e-05 -1.5156e-05 -1.4213e-05 -1.3316e-05 -1.2465e-05 5.6619e-06 1.1310e-05 1.6932e-05 2.2514e-05 2.8042e-05 3.3504e-05 3.8887e-05 4.4179e-05 4.9368e-05 5.4442e-05 5.9390e-05 0.0000e+00 6.8866e-05 7.3374e-05 7.7717e-05 8.1886e-05 8.5874e-05 8.9673e-05 9.3278e-05 9.6682e-05 9.9881e-05 1.0287e-04 1.0564e-04 1.0820e-04 1.1055e-04 1.1267e-04 1.1457e-04 1.1625e-04 1.1772e-04 1.1896e-04 1.1999e-04 1.2081e-04 1.2142e-04 1.2182e-04 1.2202e-04 1.2203e-04 1.2184e-04 1.2147e-04 1.2092e-04 1.2020e-04 1.1932e-04 1.1827e-04 1.1708e-04 1.1574e-04 1.1427e-04 1.1268e-04 1.1096e-04 1.0914e-04 1.0721e-04 1.0519e-04 1.0308e-04 1.0090e-04 9.8654e-05 9.6343e-05 9.3980e-05 9.1572e-05 8.9126e-05 8.6651e-05 8.4152e-05 8.1638e-05 7.9113e-05 7.6586e-05 7.4061e-05 7.1545e-05 6.9042e-05 6.6559e-05 6.4099e-05 6.1668e-05 5.9269e-05 5.6906e-05 5.4583e-05 5.2303e-05 5.0069e-05 4.7883e-05 4.5748e-05 4.3666e-05 4.1639e-05 3.9667e-05 3.7753e-05 3.5897e-05 3.4099e-05 3.2361e-05 3.0683e-05 2.9065e-05 2.7506e-05 2.6007e-05 2.4566e-05 2.3184e-05 2.1859e-05 2.0592e-05 1.9380e-05 1.8222e-05 1.7118e-05 1.6067e-05 1.5066e-05 1.4115e-05 1.3212e-05 1.2356e-05 1.1545e-05 1.0777e-05
-6.0728e-06 -1.2132e-05 -1.8164e-05 -2.4154e-05 -3.0090e-05 -3.5959e-05 -4.1747e-05 -4.7441e-05 -5.3030e-05 -5.8501e-05 -6.3843e-05 -6.9044e-05 1.7232e-02 -7.8986e-05 -8.3706e-05 -8.8248e-05 -9.2603e-05 -9.6763e-05 -1.0072e-04 -1.0447e-04 -1.0801e-04 -1.1133e-04 -1.1443e-04 -1.1731e-04 -1.1995e-04 -1.2237e-04 -1.2456e-04 -1.2652e-04 -1.2825e-04 -1.2975e-04 -1.3102e-04 -1.3206e-04 -1.3289e-04 -1.3349e-04 -1.3388e-04 -1.3406e-04 -1.3404e-04 -1.3382e-04 -1.3340e-04 -1.3280e-04 -1.3201e-04 -1.3106e-04 -1.2994e-04 -1.2866e-04 -1.2723e-04 -1.2566e-04 -1.2396e-04 -1.2213e-04 -1.2018e-04 -1.1813e-04 -1.1598e-04 -1.1374e-04 -1.1141e-04 -1.0901e-04 -1.0655e-04 -1.0402e-04 -1.0145e-04 -9.8837e-05 -9.6188e-05 -9.3512e-05 -9.0817e-05 -8.8108e-05 -8.5393e-05 -8.2678e-05 -7.9969e-05 -7.7271e-05 -7.4591e-05 -7.1933e-05 -6.9301e-05 -6.6702e-05 -6.4137e-05 -6.1612e-05 -5.9130e-05 -5.6695e-05 -5.4308e-05 -5.1972e-05 -4.9691e-05 -4.7466e-05 -4.5298e-05 -4.3189e-05 -4.1141e-05 -3.9154e-05 -3.7229e-05 -3.5366e-05 -3.3566e-05 -3.1829e-05 -3.0155e-05 -2.8543e-05 -2.6994e-05 -2.5505e-05 -2.4078e-05 -2.2710e-05 -2.1400e-05 -2.0149e-05 -1.8954e-05 -1.7815e-05 -1.6729e-05 -1.5695e-05 -1.4713e-05 -1.3780e-05 6.0727e-06 1.2131e-05 1.8161e-05 2.4147e-05 3.0077e-05 3.5935e-05 4.1710e-05 4.7386e-05 5.2952e-05 5.8395e-05 6.3704e-05 6.8866e-05 0.0000e+00 7.8708e-05 8.3368e-05 8.7842e-05 9.2122e-05 9.6200e-05 1.0007e-04 1.0372e-04 1.0716e-04 1.1037e-04 1.1335e-04 1.1610e-04 1.1862e-04 1.2090e-04 1.2294e-04 1.2475e-04 1.2633e-04 1.2767e-04 1.2878e-04 1.2966e-04 1.3032e-04 1.3076e-04 1.3098e-04 1.3099e-04 1.3080e-04 1.3041e-04 1.2983e-04 1.2906e-04 1.2812e-04 1.2700e-04 1.2573e-04 1.2430e-04 1.2273e-04 1.2102e-04 1.1919e-04 1.1723e-04 1.1517e-04 1.1301e-04 1.1076e-04 1.0842e-04 1.0601e-04 1.0353e-04 1.0100e-04 9.8420e-05 9.5799e-05 9.3145e-05 9.0466e-05 8.7770e-05 8.5063e-05 8.2352e-05 7.9643e-05 7.6944e-05 7.4259e-05 7.1594e-05 6.8954e-05 6.6345e-05 6.3769e-05 6.1233e-05 5.8739e-05 5.6290e-05 5.3891e-05 5.1543e-05 4.9250e-05 4.7013e-05 4.4835e-05 4.2716e-05 4.0659e-05 3.8664e-05 3.6732e-05 3.4864e-05 3.3059e-05 3.1319e-05 2.9642e-05 2.8030e-05 2.6480e-05 2.4993e-05 2.3568e-05 2.2204e-05 2.0899e-05 1.9653e-05 1.8465e-05 1.7333e-05 1.6255e-05 1.5231e-05 1.4259e-05 1.3336e-05 1.2462e-05 1.1635e-05
-6.4697e-06 -1.2925e-05 -1.9351e-05 -2.5734e-05 -3.2060e-05 -3.8314e-05 -4.4483e-05 -5.0553e-05 -5.6512e-05 -6.2346e-05 -6.8045e-05 -7.3595e-05 -7.8986e-05 1.9985e-02 -8.9249e-05 -9.4102e-05 -9.8757e-05 -1.0321e-04 -1.0744e-04 -1.1146e-04 -1.1525e-04 -1.1881e-04 -1.2214e-04 -1.2523e-04 -1.2808e-04 -1.3069e-04 -1.3305e-04 -1.3517e-04 -1.3704e-04 -1.3867e-04 -1.4006e-04 -1.4121e-04 -1.4212e-04 -1.4280e-04 -1.4325e-04 -1.4348e-04 -1.4349e-04 -1.4329e-04 -1.4288e-04 -1.4228e-04 -1.4148e-04 -1.4049e-04 -1.3933e-04 -1.3800e-04 -1.3651e-04 -1.3487e-04 -1.3308e-04 -1.3116e-04 -1.2912e-04 -1.2696e-04 -1.2469e-04 -1.2232e-04 -1.1986e-04 -1.1732e-04 -1.1471e-04 -1.1203e-04 -1.0931e-04 -1.0653e-04 -1.0371e-04 -1.0087e-04 -9.8001e-05 -9.5117e-05 -9.2224e-05 -8.9329e-05 -8.6438e-05 -8.3558e-05 -8.0694e-05 -7.7853e-05 -7.5038e-05 -7.2256e-05 -6.9509e-05 -6.6804e-05 -6.4142e-05 -6.1529e-05 -5.8966e-05 -5.6458e-05 -5.4005e-05 -5.1612e-05 -4.9279e-05 -4.7008e-05 -4.4801e-05 -4.2659e-05 -4.0582e-05 -3.8572e-05 -3.6628e-05 -3.4751e-05 -3.2940e-05 -3.1196e-05 -2.9518e-05 -2.7906e-05 -2.6358e-05 -2.4874e-05 -2.3453e-05 -2.2094e-05 -2.0795e-05 -1.9556e-05 -1.8375e-05 -1.7250e-05 -1.6179e-05 -1.5162e-05 6.4696e-06 1.2924e-05 1.9348e-05 2.5726e-05 3.2043e-05 3.8285e-05 4.4437e-05 5.0486e-05 5.6416e-05 6.2216e-05 6.7873e-05 7.3374e-05 7.8708e-05 0.0000e+00 8.8831e-05 9.3601e-05 9.8163e-05 1.0251e-04 1.0664e-04 1.1054e-04 1.1420e-04 1.1762e-04 1.2080e-04 1.2374e-04 1.2643e-04 1.2886e-04 1.3105e-04 1.3298e-04 1.3467e-04 1.3610e-04 1.3729e-04 1.3824e-04 1.3895e-04 1.3942e-04 1.3967e-04 1.3969e-04 1.3949e-04 1.3908e-04 1.3846e-04 1.3765e-04 1.3665e-04 1.3547e-04 1.3412e-04 1.3261e-04 1.3094e-04 1.2913e-04 1.2718e-04 1.2510e-04 1.2291e-04 1.2061e-04 1.1821e-04 1.1573e-04 1.1316e-04 1.1053e-04 1.0784e-04 1.0509e-04 1.0230e-04 9.9472e-05 9.6619e-05 9.3747e-05 9.0863e-05 8.7975e-05 8.5090e-05 8.2213e-05 7.9351e-05 7.6511e-05 7.3697e-05 7.0914e-05 6.8168e-05 6.5463e-05 6.2803e-05 6.0191e-05 5.7631e-05 5.5127e-05 5.2679e-05 5.0292e-05 4.7967e-05 4.5705e-05 4.3509e-05 4.1379e-05 3.9315e-05 3.7320e-05 3.5392e-05 3.3533e-05 3.1742e-05 3.0019e-05 2.8363e-05 2.6773e-05 2.5250e-05 2.3791e-05 2.2396e-05 2.1064e-05 1.9793e-05 1.8581e-05 1.7429e-05 1.6333e-05 1.5292e-05 1.4305e-05 1.3369e-05 1.2483e-05
-6.8519e-06 -1.3689e-05 -2.0495e-05 -2.7256e-05 -3.3957e-05 -4.0583e-05 -4.7119e-05 -5.3553e-05 -5.9869e-05 -6.6055e-05 -7.2098e-05 -7.7986e-05 -8.3706e-05 -8.9249e-05 2.2941e-02 -9.9759e-05 -1.0471e-04 -1.0944e-04 -1.1395e-04 -1.1823e-04 -1.2227e-04 -1.2607e-04 -1.2962e-04 -1.3292e-04 -1.3597e-04 -1.3876e-04 -1.4130e-04 -1.4358e-04 -1.4560e-04 -1.4737e-04 -1.4888e-04 -1.5013e-04 -1.5114e-04 -1.5190e-04 -1.5242e-04 -1.5271e-04 -1.5276e-04 -1.5259e-04 -1.5220e-04 -1.5160e-04 -1.5079e-04 -1.4979e-04 -1.4860e-04 -1.4722e-04 -1.4568e-04 -1.4398e-04 -1.4212e-04 -1.4012e-04 -1.3798e-04 -1.3572e-04 -1.3334e-04 -1.3086e-04 -1.2827e-04 -1.2560e-04 -1.2286e-04 -1.2004e-04 -1.1716e-04 -1.1423e-04 -1.1126e-04 -1.0825e-04 -1.0522e-04 -1.0217e-04 -9.9104e-05 -9.6035e-05 -9.2969e-05 -8.9912e-05 -8.6871e-05 -8.3850e-05 -8.0857e-05 -7.7895e-05 -7.4970e-05 -7.2087e-05 -6.9249e-05 -6.6460e-05 -6.3724e-05 -6.1044e-05 -5.8422e-05 -5.5862e-05 -5.3365e-05 -5.0932e-05 -4.8567e-05 -4.6269e-05 -4.4040e-05 -4.1881e-05 -3.9792e-05 -3.7773e-05 -3.5825e-05 -3.3947e-05 -3.2139e-05 -3.0401e-05 -2.8731e-05 -2.7129e-05 -2.5594e-05 -2.4125e-05 -2.2721e-05 -2.1379e-05 -2.0099e-05 -1.8880e-05 -1.7719e-05 -1.6615e-05 6.8518e-06 1.3687e-05 2.0491e-05 2.7246e-05 3.3936e-05 4.0548e-05 4.7064e-05 5.3470e-05 5.9753e-05 6.5897e-05 7.1889e-05 7.7717e-05 8.3368e-05 8.8831e-05 0.0000e+00 9.9149e-05 1.0399e-04 1.0859e-04 1.1297e-04 1.1710e-04 1.2099e-04 1.2462e-04 1.2799e-04 1.3111e-04 1.3396e-04 1.3654e-04 1.3887e-04 1.4092e-04 1.4271e-04 1.4424e-04 1.4551e-04 1.4652e-04 1.4728e-04 1.4779e-04 1.4806e-04 1.4808e-04 1.4788e-04 1.4746e-04 1.4682e-04 1.4596e-04 1.4491e-04 1.4367e-04 1.4225e-04 1.4065e-04 1.3889e-04 1.3698e-04 1.3492e-04 1.3273e-04 1.3041e-04 1.2798e-04 1.2545e-04 1.2282e-04 1.2011e-04 1.1732e-04 1.1447e-04 1.1156e-04 1.0861e-04 1.0562e-04 1.0260e-04 9.9559e-05 9.6506e-05 9.3447e-05 9.0390e-05 8.7343e-05 8.4311e-05 8.1301e-05 7.8319e-05 7.5369e-05 7.2458e-05 6.9590e-05 6.6770e-05 6.4000e-05 6.1285e-05 5.8628e-05 5.6032e-05 5.3498e-05 5.1031e-05 4.8631e-05 4.6299e-05 4.4037e-05 4.1847e-05 3.9727e-05 3.7680e-05 3.5705e-05 3.3802e-05 3.1971e-05 3.0211e-05 2.8522e-05 2.6902e-05 2.5352e-05 2.3868e-05 2.2452e-05 2.1100e-05 1.9811e-05 1.8585e-05 1.7419e-05 1.6311e-05 1.5260e-05 1.4264e-05 1.3321e-05
-7.2187e-06 -1.4422e-05 -2.1593e-05 -2.8717e-05 -3.5778e-05 -4.2761e-05 -4.9651e-05 -5.6434e-05 -6.3094e-05 -6.9619e-05 -7.5995e-05 -8.2208e-05 -8.8248e-05 -9.4102e-05 -9.9759e-05 2.6101e-02 -1.1044e-04 -1.1545e-04 -1.2023e-04 -1.2476e-04 -1.2904e-04 -1.3308e-04 -1.3685e-04 -1.4037e-04 -1.4362e-04 -1.4660e-04 -1.4931e-04 -1.5175e-04 -1.5392e-04 -1.5582e-04 -1.5746e-04 -1.5883e-04 -1.5994e-04 -1.6079e-04 -1.6138e-04 -1.6173e-04 -1.6183e-04 -1.6170e-04 -1.6133e-04 -1.6074e-04 -1.5994e-04 -1.5893e-04 -1.5772e-04 -1.5631e-04 -1.5473e-04 -1.5297e-04 -1.5105e-04 -1.4898e-04 -1.4676e-04 -1.4441e-04 -1.4193e-04 -1.3934e-04 -1.3665e-04 -1.3386e-04 -1.3099e-04 -1.2804e-04 -1.2502e-04 -1.2195e-04 -1.1883e-04 -1.1567e-04 -1.1248e-04 -1.0926e-04 -1.0603e-04 -1.0280e-04 -9.9563e-05 -9.6335e-05 -9.3121e-05 -8.9928e-05 -8.6760e-05 -8.3624e-05 -8.0524e-05 -7.7467e-05 -7.4455e-05 -7.1494e-05 -6.8587e-05 -6.5737e-05 -6.2947e-05 -6.0221e-05 -5.7560e-05 -5.4966e-05 -5.2442e-05 -4.9989e-05 -4.7608e-05 -4.5299e-05 -4.3064e-05 -4.0903e-05 -3.8816e-05 -3.6803e-05 -3.4863e-05 -3.2997e-05 -3.1203e-05 -2.9481e-05 -2.7830e-05 -2.6248e-05 -2.4735e-05 -2.3289e-05 -2.1908e-05 -2.0592e-05 -1.9338e-05 -1.8145e-05 7.2185e-06 1.4420e-05 2.1588e-05 2.8704e-05 3.5754e-05 4.2719e-05 4.9585e-05 5.6335e-05 6.2955e-05 6.9429e-05 7.5744e-05 8.1886e-05 8.7842e-05 9.3601e-05 9.9149e-05 0.0000e+00 1.0958e-04 1.1444e-04 1.1905e-04 1.2341e-04 1.2751e-04 1.3134e-04 1.3490e-04 1.3819e-04 1.4120e-04 1.4393e-04 1.4639e-04 1.4856e-04 1.5046e-04 1.5208e-04 1.5342e-04 1.5449e-04 1.5530e-04 1.5585e-04 1.5614e-04 1.5618e-04 1.5597e-04 1.5553e-04 1.5487e-04 1.5398e-04 1.5288e-04 1.5158e-04 1.5009e-04 1.4842e-04 1.4657e-04 1.4456e-04 1.4240e-04 1.4010e-04 1.3766e-04 1.3511e-04 1.3244e-04 1.2968e-04 1.2683e-04 1.2390e-04 1.2090e-04 1.1784e-04 1.1473e-04 1.1158e-04 1.0840e-04 1.0520e-04 1.0198e-04 9.8759e-05 9.5538e-05 9.2326e-05 8.9131e-05 8.5958e-05 8.2814e-05 7.9704e-05 7.6634e-05 7.3609e-05 7.0633e-05 6.7711e-05 6.4846e-05 6.2042e-05 5.9302e-05 5.6628e-05 5.4022e-05 5.1488e-05 4.9025e-05 4.6636e-05 4.4322e-05 4.2083e-05 3.9920e-05 3.7832e-05 3.5821e-05 3.3885e-05 3.2024e-05 3.0238e-05 2.8525e-05 2.6884e-05 2.5315e-05 2.3816e-05 2.2385e-05 2.1021e-05 1.9723e-05 1.8488e-05 1.7315e-05 1.6202e-05 1.5147e-05 1.4148e-05
-7.5693e-06 -1.5122e-05 -2.2642e-05 -3.0114e-05 -3.7520e-05 -4.4845e-05 -5.2074e-05 -5.9191e-05 -6.6182e-05 -7.3032e-05 -7.9728e-05 -8.6256e-05 -9.2603e-05 -9.8757e-05 -1.0471e-04 -1.1044e-04 2.9464e-02 -1.2123e-04 -1.2626e-04 -1.3105e-04 -1.3557e-04 -1.3984e-04 -1.4383e-04 -1.4755e-04 -1.5100e-04 -1.5417e-04 -1.5706e-04 -1.5966e-04 -1.6199e-04 -1.6403e-04 -1.6579e-04 -1.6728e-04 -1.6850e-04 -1.6944e-04 -1.7012e-04 -1.7053e-04 -1.7069e-04 -1.7060e-04 -1.7027e-04 -1.6971e-04 -1.6892e-04 -1.6790e-04 -1.6668e-04 -1.6526e-04 -1.6364e-04 -1.6185e-04 -1.5988e-04 -1.5774e-04 -1.5546e-04 -1.5303e-04 -1.5047e-04 -1.4778e-04 -1.4498e-04 -1.4209e-04 -1.3910e-04 -1.3602e-04 -1.3288e-04 -1.2967e-04 -1.2641e-04 -1.2310e-04 -1.1976e-04 -1.1640e-04 -1.1301e-04 -1.0962e-04 -1.0622e-04 -1.0283e-04 -9.9448e-05 -9.6087e-05 -9.2750e-05 -8.9444e-05 -8.6174e-05 -8.2946e-05 -7.9764e-05 -7.6633e-05 -7.3557e-05 -7.0540e-05 -6.7584e-05 -6.4693e-05 -6.1869e-05 -5.9115e-05 -5.6433e-05 -5.3824e-05 -5.1290e-05 -4.8832e-05 -4.6450e-05 -4.4145e-05 -4.1918e-05 -3.9768e-05 -3.7695e-05 -3.5699e-05 -3.3779e-05 -3.1935e-05 -3.0165e-05 -2.8468e-05 -2.6844e-05 -2.5291e-05 -2.3807e-05 -2.2391e-05 -2.1041e-05 -1.9755e-05 7.5691e-06 1.5120e-05 2.2636e-05 3.0099e-05 3.7491e-05 4.4795e-05 5.1995e-05 5.9075e-05 6.6017e-05 7.2808e-05 7.9431e-05 8.5874e-05 9.2122e-05 9.8163e-05 1.0399e-04 1.0958e-04 0.0000e+00 1.2003e-04 1.2487e-04 1.2945e-04 1.3375e-04 1.3778e-04 1.4152e-04 1.4497e-04 1.4814e-04 1.5101e-04 1.5359e-04 1.5588e-04 1.5788e-04 1.5959e-04 1.6101e-04 1.6214e-04 1.6300e-04 1.6358e-04 1.6390e-04 1.6395e-04 1.6375e-04 1.6329e-04 1.6260e-04 1.6168e-04 1.6054e-04 1.5919e-04 1.5763e-04 1.5589e-04 1.5396e-04 1.5186e-04 1.4960e-04 1.4720e-04 1.4465e-04 1.4198e-04 1.3919e-04 1.3630e-04 1.3331e-04 1.3025e-04 1.2710e-04 1.2390e-04 1.2064e-04 1.1734e-04 1.1401e-04 1.1065e-04 1.0728e-04 1.0390e-04 1.0052e-04 9.7156e-05 9.3804e-05 9.0474e-05 8.7175e-05 8.3911e-05 8.0689e-05 7.7513e-05 7.4388e-05 7.1319e-05 6.8310e-05 6.5364e-05 6.2485e-05 5.9675e-05 5.6937e-05 5.4273e-05 5.1684e-05 4.9172e-05 4.6739e-05 4.4384e-05 4.2108e-05 3.9912e-05 3.7795e-05 3.5758e-05 3.3799e-05 3.1918e-05 3.0115e-05 2.8387e-05 2.6734e-05 2.5155e-05 2.3647e-05 2.2210e-05 2.0841e-05 1.9540e-05 1.8303e-05 1.7129e-05 1.6016e-05 1.4962e-05
