1.0020e-04 -9.9800e-08 -1.4940e-07 -1.9865e-07 -2.4741e-07 -2.9559e-07 -3.4307e-07 -3.8974e-07 -4.3548e-07 -4.8021e-07 -5.2381e-07 -5.6620e-07 -6.0728e-07 -6.4697e-07 -6.8519e-07 -7.2187e-07 -7.5693e-07 -7.9032e-07 -8.2198e-07 -8.5185e-07 -8.7990e-07 -9.0608e-07 -9.3038e-07 -9.5275e-07 -9.7319e-07 -9.9169e-07 -1.0082e-06 -1.0228e-06 -1.0355e-06 -1.0462e-06 -1.0550e-06 -1.0620e-06 -1.0671e-06 -1.0703e-06 -1.0718e-06 -1.0716e-06 -1.0697e-06 -1.0661e-06 -1.0610e-06 -1.0544e-06 -1.0463e-06 -1.0368e-06 -1.0260e-06 -1.0140e-06 -1.0008e-06 -9.8648e-07 -9.7113e-07 -9.5483e-07 -9.3764e-07 -9.1964e-07 -9.0090e-07 -8.8150e-07 -8.6151e-07 -8.4100e-07 -8.2005e-07 -7.9871e-07 -7.7705e-07 -7.5515e-07 -7.3306e-07 -7.1084e-07 -6.8855e-07 -6.6625e-07 -6.4399e-07 -6.2182e-07 -5.9979e-07 -5.7793e-07 -5.5630e-07 -5.3494e-07 -5.1387e-07 -4.9313e-07 -4.7275e-07 -4.5277e-07 -4.3320e-07 -4.1406e-07 -3.9539e-07 -3.7718e-07 -3.5947e-07 -3.4225e-07 -3.2555e-07 -3.0936e-07 -2.9370e-07 -2.7856e-07 -2.6396e-07 -2.4988e-07 -2.3633e-07 -2.2331e-07 -2.1081e-07 -1.9882e-07 -1.8734e-07 -1.7636e-07 -1.6587e-07 -1.5586e-07 -1.4632e-07 -1.3724e-07 -1.2860e-07 -1.2040e-07 -1.1262e-07 -1.0524e-07 -9.8263e-08 -9.1664e-08 0.0000e+00 9.9800e-08 1.4940e-07 1.9864e-07 2.4741e-07 2.9559e-07 3.4307e-07 3.8973e-07 4.3548e-07 4.8020e-07 5.2381e-07 5.6619e-07 6.0727e-07 6.4696e-07 6.8518e-07 7.2185e-07 7.5691e-07 7.9029e-07 8.2194e-07 8.5181e-07 8.7986e-07 9.0604e-07 9.3032e-07 9.5269e-07 9.7313e-07 9.9162e-07 1.0082e-06 1.0227e-06 1.0354e-06 1.0461e-06 1.0549e-06 1.0619e-06 1.0670e-06 1.0702e-06 1.0717e-06 1.0715e-06 1.0695e-06 1.0660e-06 1.0608e-06 1.0542e-06 1.0461e-06 1.0366e-06 1.0258e-06 1.0138e-06 1.0006e-06 9.8626e-07 9.7091e-07 9.5459e-07 9.3740e-07 9.1939e-07 9.0065e-07 8.8125e-07 8.6125e-07 8.4074e-07 8.1978e-07 7.9844e-07 7.7678e-07 7.5488e-07 7.3279e-07 7.1057e-07 6.8828e-07 6.6598e-07 6.4372e-07 6.2155e-07 5.9952e-07 5.7766e-07 5.5604e-07 5.3467e-07 5.1361e-07 4.9287e-07 4.7250e-07 4.5252e-07 4.3295e-07 4.1382e-07 3.9515e-07 3.7695e-07 3.5924e-07 3.4203e-07 3.2533e-07 3.0915e-07 2.9349e-07 2.7836e-07 2.6376e-07 2.4969e-07 2.3615e-07 2.2313e-07 2.1064e-07 1.9865e-07 1.8718e-07 1.7621e-07 1.6572e-07 1.5572e-07 1.4618e-07 1.3711e-07 1.2848e-07 1.2028e-07 1.1250e-07 1.0514e-07 9.8161e-08 9.1566e-08
-9.9800e-08 4.0080e-04 -2.9845e-07 -3.9682e-07 -4.9424e-07 -5.9049e-07 -6.8533e-07 -7.7856e-07 -8.6995e-07 -9.5930e-07 -1.0464e-06 -1.1311e-06 -1.2132e-06 -1.2925e-06 -1.3689e-06 -1.4422e-06 -1.5122e-06 -1.5789e-06 -1.6422e-06 -1.7019e-06 -1.7580e-06 -1.8103e-06 -1.8589e-06 -1.9037e-06 -1.9445e-06 -1.9815e-06 -2.0146e-06 -2.0439e-06 -2.0692e-06 -2.0907e-06 -2.1084e-06 -2.1223e-06 -2.1325e-06 -2.1391e-06 -2.1422e-06 -2.1418e-06 -2.1380e-06 -2.1310e-06 -2.1208e-06 -2.1076e-06 -2.0915e-06 -2.0726e-06 -2.0512e-06 -2.0272e-06 -2.0008e-06 -1.9723e-06 -1.9417e-06 -1.9091e-06 -1.8748e-06 -1.8389e-06 -1.8015e-06 -1.7628e-06 -1.7229e-06 -1.6819e-06 -1.6401e-06 -1.5975e-06 -1.5543e-06 -1.5105e-06 -1.4664e-06 -1.4220e-06 -1.3775e-06 -1.3330e-06 -1.2885e-06 -1.2442e-06 -1.2002e-06 -1.1565e-06 -1.1133e-06 -1.0706e-06 -1.0285e-06 -9.8701e-07 -9.4628e-07 -9.0633e-07 -8.6720e-07 -8.2894e-07 -7.9160e-07 -7.5520e-07 -7.1977e-07 -6.8534e-07 -6.5193e-07 -6.1956e-07 -5.8823e-07 -5.5795e-07 -5.2873e-07 -5.0057e-07 -4.7346e-07 -4.4740e-07 -4.2238e-07 -3.9839e-07 -3.7541e-07 -3.5343e-07 -3.3243e-07 -3.1239e-07 -2.9329e-07 -2.7511e-07 -2.5782e-07 -2.4139e-07 -2.2581e-07 -2.1104e-07 -1.9706e-07 -1.8384e-07 9.9800e-08 0.0000e+00 2.9844e-07 3.9681e-07 4.9423e-07 5.9048e-07 6.8532e-07 7.7854e-07 8.6992e-07 9.5926e-07 1.0464e-06 1.1310e-06 1.2131e-06 1.2924e-06 1.3687e-06 1.4420e-06 1.5120e-06 1.5787e-06 1.6420e-06 1.7016e-06 1.7577e-06 1.8100e-06 1.8585e-06 1.9032e-06 1.9440e-06 1.9810e-06 2.0140e-06 2.0432e-06 2.0685e-06 2.0899e-06 2.1075e-06 2.1214e-06 2.1315e-06 2.1381e-06 2.1410e-06 2.1406e-06 2.1367e-06 2.1296e-06 2.1194e-06 2.1062e-06 2.0900e-06 2.0711e-06 2.0495e-06 2.0255e-06 1.9991e-06 1.9705e-06 1.9398e-06 1.9072e-06 1.8729e-06 1.8369e-06 1.7995e-06 1.7608e-06 1.7208e-06 1.6799e-06 1.6380e-06 1.5954e-06 1.5521e-06 1.5084e-06 1.4642e-06 1.4198e-06 1.3753e-06 1.3308e-06 1.2863e-06 1.2420e-06 1.1980e-06 1.1543e-06 1.1111e-06 1.0685e-06 1.0264e-06 9.8495e-07 9.4425e-07 9.0433e-07 8.6523e-07 8.2701e-07 7.8970e-07 7.5334e-07 7.1796e-07 6.8357e-07 6.5020e-07 6.1787e-07 5.8659e-07 5.5635e-07 5.2718e-07 4.9907e-07 4.7201e-07 4.4599e-07 4.2102e-07 3.9708e-07 3.7415e-07 3.5222e-07 3.3126e-07 3.1127e-07 2.9222e-07 2.7408e-07 2.5683e-07 2.4045e-07 2.2491e-07 2.1018e-07 1.9624e-07 1.8306e-07
-1.4940e-07 -2.9845e-07 9.0179e-04 -5.9404e-07 -7.3989e-07 -8.8398e-07 -1.0260e-06 -1.1656e-06 -1.3024e-06 -1.4362e-06 -1.5666e-06 -1.6934e-06 -1.8164e-06 -1.9351e-06 -2.0495e-06 -2.1593e-06 -2.2642e-06 -2.3642e-06 -2.4590e-06 -2.5485e-06 -2.6325e-06 -2.7110e-06 -2.7838e-06 -2.8509e-06 -2.9122e-06 -2.9677e-06 -3.0174e-06 -3.0613e-06 -3.0993e-06 -3.1316e-06 -3.1583e-06 -3.1792e-06 -3.1947e-06 -3.2047e-06 -3.2094e-06 -3.2090e-06 -3.2035e-06 -3.1931e-06 -3.1780e-06 -3.1584e-06 -3.1345e-06 -3.1064e-06 -3.0744e-06 -3.0386e-06 -2.9993e-06 -2.9567e-06 -2.9109e-06 -2.8624e-06 -2.8111e-06 -2.7574e-06 -2.7015e-06 -2.6437e-06 -2.5840e-06 -2.5228e-06 -2.4602e-06 -2.3965e-06 -2.3318e-06 -2.2663e-06 -2.2003e-06 -2.1339e-06 -2.0672e-06 -2.0005e-06 -1.9340e-06 -1.8676e-06 -1.8017e-06 -1.7363e-06 -1.6716e-06 -1.6076e-06 -1.5445e-06 -1.4824e-06 -1.4213e-06 -1.3615e-06 -1.3028e-06 -1.2455e-06 -1.1895e-06 -1.1349e-06 -1.0818e-06 -1.0301e-06 -9.8001e-07 -9.3144e-07 -8.8443e-07 -8.3900e-07 -7.9515e-07 -7.5288e-07 -7.1219e-07 -6.7306e-07 -6.3550e-07 -5.9947e-07 -5.6496e-07 -5.3195e-07 -5.0040e-07 -4.7029e-07 -4.4159e-07 -4.1426e-07 -3.8827e-07 -3.6358e-07 -3.4016e-07 -3.1795e-07 -2.9693e-07 -2.7704e-07 1.4940e-07 2.9844e-07 0.0000e+00 5.9403e-07 7.3987e-07 8.8395e-07 1.0259e-06 1.1655e-06 1.3023e-06 1.4360e-06 1.5664e-06 1.6932e-06 1.8161e-06 1.9348e-06 2.0491e-06 2.1588e-06 2.2636e-06 2.3635e-06 2.4581e-06 2.5475e-06 2.6314e-06 2.7097e-06 2.7824e-06 2.8493e-06 2.9104e-06 2.9658e-06 3.0153e-06 3.0590e-06 3.0968e-06 3.1289e-06 3.1553e-06 3.1761e-06 3.1914e-06 3.2012e-06 3.2057e-06 3.2050e-06 3.1993e-06 3.1887e-06 3.1734e-06 3.1536e-06 3.1294e-06 3.1011e-06 3.0689e-06 3.0329e-06 2.9935e-06 2.9507e-06 2.9048e-06 2.8560e-06 2.8046e-06 2.7508e-06 2.6948e-06 2.6368e-06 2.5771e-06 2.5157e-06 2.4531e-06 2.3893e-06 2.3245e-06 2.2590e-06 2.1930e-06 2.1265e-06 2.0599e-06 1.9932e-06 1.9266e-06 1.8603e-06 1.7944e-06 1.7291e-06 1.6644e-06 1.6005e-06 1.5375e-06 1.4754e-06 1.4145e-06 1.3547e-06 1.2962e-06 1.2389e-06 1.1831e-06 1.1286e-06 1.0756e-06 1.0241e-06 9.7416e-07 9.2574e-07 8.7889e-07 8.3361e-07 7.8992e-07 7.4781e-07 7.0728e-07 6.6831e-07 6.3091e-07 5.9504e-07 5.6069e-07 5.2784e-07 4.9645e-07 4.6650e-07 4.3795e-07 4.1078e-07 3.8494e-07 3.6039e-07 3.3711e-07 3.1504e-07 2.9415e-07 2.7440e-07
-1.9865e-07 -3.9682e-07 -5.9404e-07 1.6032e-03 -9.8379e-07 -1.1754e-06 -1.3642e-06 -1.5498e-06 -1.7318e-06 -1.9097e-06 -2.0832e-06 -2.2519e-06 -2.4154e-06 -2.5734e-06 -2.7256e-06 -2.8717e-06 -3.0114e-06 -3.1444e-06 -3.2706e-06 -3.3897e-06 -3.5016e-06 -3.6061e-06 -3.7032e-06 -3.7926e-06 -3.8743e-06 -3.9484e-06 -4.0147e-06 -4.0732e-06 -4.1241e-06 -4.1673e-06 -4.2030e-06 -4.2312e-06 -4.2520e-06 -4.2656e-06 -4.2722e-06 -4.2718e-06 -4.2648e-06 -4.2513e-06 -4.2315e-06 -4.2057e-06 -4.1742e-06 -4.1371e-06 -4.0947e-06 -4.0474e-06 -3.9954e-06 -3.9389e-06 -3.8784e-06 -3.8140e-06 -3.7460e-06 -3.6748e-06 -3.6007e-06 -3.5239e-06 -3.4447e-06 -3.3634e-06 -3.2803e-06 -3.1957e-06 -3.1097e-06 -3.0228e-06 -2.9350e-06 -2.8467e-06 -2.7581e-06 -2.6695e-06 -2.5809e-06 -2.4927e-06 -2.4050e-06 -2.3180e-06 -2.2318e-06 -2.1467e-06 -2.0627e-06 -1.9800e-06 -1.8987e-06 -1.8189e-06 -1.7408e-06 -1.6644e-06 -1.5898e-06 -1.5171e-06 -1.4463e-06 -1.3774e-06 -1.3106e-06 -1.2458e-06 -1.1831e-06 -1.1225e-06 -1.0640e-06 -1.0076e-06 -9.5329e-07 -9.0107e-07 -8.5091e-07 -8.0280e-07 -7.5671e-07 -7.1261e-07 -6.7046e-07 -6.3023e-07 -5.9187e-07 -5.5534e-07 -5.2059e-07 -4.8757e-07 -4.5623e-07 -4.2652e-07 -3.9839e-07 -3.7178e-07 1.9864e-07 3.9681e-07 5.9403e-07 0.0000e+00 9.8374e-07 1.1753e-06 1.3641e-06 1.5497e-06 1.7316e-06 1.9094e-06 2.0828e-06 2.2514e-06 2.4147e-06 2.5726e-06 2.7246e-06 2.8704e-06 3.0099e-06 3.1427e-06 3.2686e-06 3.3874e-06 3.4990e-06 3.6032e-06 3.6998e-06 3.7888e-06 3.8702e-06 3.9438e-06 4.0097e-06 4.0678e-06 4.1182e-06 4.1610e-06 4.1961e-06 4.2238e-06 4.2441e-06 4.2572e-06 4.2633e-06 4.2624e-06 4.2549e-06 4.2409e-06 4.2206e-06 4.1943e-06 4.1622e-06 4.1247e-06 4.0819e-06 4.0341e-06 3.9816e-06 3.9248e-06 3.8638e-06 3.7990e-06 3.7307e-06 3.6592e-06 3.5848e-06 3.5077e-06 3.4283e-06 3.3468e-06 3.2635e-06 3.1786e-06 3.0926e-06 3.0055e-06 2.9177e-06 2.8293e-06 2.7407e-06 2.6521e-06 2.5635e-06 2.4754e-06 2.3877e-06 2.3008e-06 2.2148e-06 2.1298e-06 2.0460e-06 1.9635e-06 1.8825e-06 1.8030e-06 1.7251e-06 1.6490e-06 1.5747e-06 1.5022e-06 1.4317e-06 1.3632e-06 1.2968e-06 1.2323e-06 1.1700e-06 1.1098e-06 1.0516e-06 9.9560e-07 9.4166e-07 8.8982e-07 8.4004e-07 7.9231e-07 7.4660e-07 7.0288e-07 6.6110e-07 6.2124e-07 5.8324e-07 5.4707e-07 5.1267e-07 4.8000e-07 4.4901e-07 4.1963e-07 3.9183e-07 3.6553e-07
-2.4741e-07 -4.9424e-07 -7.3989e-07 -9.8379e-07 2.5050e-03 -1.4640e-06 -1.6992e-06 -1.9305e-06 -2.1572e-06 -2.3789e-06 -2.5950e-06 -2.8052e-06 -3.0090e-06 -3.2060e-06 -3.3957e-06 -3.5778e-06 -3.7520e-06 -3.9179e-06 -4.0753e-06 -4.2240e-06 -4.3636e-06 -4.4941e-06 -4.6152e-06 -4.7269e-06 -4.8291e-06 -4.9217e-06 -5.0047e-06 -5.0780e-06 -5.1418e-06 -5.1961e-06 -5.2409e-06 -5.2764e-06 -5.3028e-06 -5.3202e-06 -5.3288e-06 -5.3289e-06 -5.3206e-06 -5.3042e-06 -5.2800e-06 -5.2483e-06 -5.2094e-06 -5.1637e-06 -5.1113e-06 -5.0528e-06 -4.9884e-06 -4.9184e-06 -4.8433e-06 -4.7634e-06 -4.6791e-06 -4.5908e-06 -4.4987e-06 -4.4032e-06 -4.3048e-06 -4.2038e-06 -4.1005e-06 -3.9952e-06 -3.8882e-06 -3.7800e-06 -3.6708e-06 -3.5609e-06 -3.4506e-06 -3.3401e-06 -3.2298e-06 -3.1199e-06 -3.0106e-06 -2.9021e-06 -2.7946e-06 -2.6885e-06 -2.5837e-06 -2.4805e-06 -2.3791e-06 -2.2796e-06 -2.1820e-06 -2.0866e-06 -1.9934e-06 -1.9026e-06 -1.8141e-06 -1.7280e-06 -1.6445e-06 -1.5635e-06 -1.4851e-06 -1.4093e-06 -1.3361e-06 -1.2655e-06 -1.1976e-06 -1.1322e-06 -1.0694e-06 -1.0091e-06 -9.5140e-07 -8.9614e-07 -8.4331e-07 -7.9288e-07 -7.4478e-07 -6.9896e-07 -6.5537e-07 -6.1394e-07 -5.7461e-07 -5.3732e-07 -5.0199e-07 -4.6857e-07 2.4741e-07 4.9423e-07 7.3987e-07 9.8374e-07 0.0000e+00 1.4639e-06 1.6990e-06 1.9301e-06 2.1567e-06 2.3782e-06 2.5942e-06 2.8042e-06 3.0077e-06 3.2043e-06 3.3936e-06 3.5754e-06 3.7491e-06 3.9145e-06 4.0714e-06 4.2194e-06 4.3585e-06 4.4883e-06 4.6087e-06 4.7197e-06 4.8211e-06 4.9128e-06 4.9950e-06 5.0674e-06 5.1303e-06 5.1836e-06 5.2275e-06 5.2621e-06 5.2875e-06 5.3039e-06 5.3115e-06 5.3105e-06 5.3012e-06 5.2838e-06 5.2587e-06 5.2260e-06 5.1862e-06 5.1395e-06 5.0862e-06 5.0268e-06 4.9615e-06 4.8908e-06 4.8149e-06 4.7343e-06 4.6493e-06 4.5603e-06 4.4677e-06 4.3717e-06 4.2728e-06 4.1713e-06 4.0676e-06 3.9620e-06 3.8548e-06 3.7464e-06 3.6370e-06 3.5270e-06 3.4166e-06 3.3062e-06 3.1960e-06 3.0861e-06 2.9770e-06 2.8687e-06 2.7615e-06 2.6557e-06 2.5513e-06 2.4485e-06 2.3475e-06 2.2484e-06 2.1514e-06 2.0565e-06 1.9639e-06 1.8736e-06 1.7858e-06 1.7004e-06 1.6175e-06 1.5373e-06 1.4595e-06 1.3845e-06 1.3120e-06 1.2421e-06 1.1749e-06 1.1102e-06 1.0482e-06 9.8866e-07 9.3166e-07 8.7714e-07 8.2504e-07 7.7533e-07 7.2794e-07 6.8283e-07 6.3992e-07 5.9917e-07 5.6050e-07 5.2386e-07 4.8917e-07 4.5636e-07
-2.9559e-07 -5.9049e-07 -8.8398e-07 -1.1754e-06 -1.4640e-06 3.6071e-03 -2.0303e-06 -2.3066e-06 -2.5776e-06 -2.8425e-06 -3.1009e-06 -3.3522e-06 -3.5959e-06 -3.8314e-06 -4.0583e-06 -4.2761e-06 -4.4845e-06 -4.6831e-06 -4.8715e-06 -5.0494e-06 -5.2167e-06 -5.3730e-06 -5.5182e-06 -5.6522e-06 -5.7748e-06 -5.8859e-06 -5.9856e-06 -6.0738e-06 -6.1506e-06 -6.2161e-06 -6.2703e-06 -6.3134e-06 -6.3456e-06 -6.3670e-06 -6.3779e-06 -6.3787e-06 -6.3694e-06 -6.3505e-06 -6.3223e-06 -6.2850e-06 -6.2392e-06 -6.1851e-06 -6.1232e-06 -6.0538e-06 -5.9774e-06 -5.8944e-06 -5.8052e-06 -5.7102e-06 -5.6099e-06 -5.5048e-06 -5.3951e-06 -5.2815e-06 -5.1642e-06 -5.0438e-06 -4.9206e-06 -4.7950e-06 -4.6675e-06 -4.5383e-06 -4.4079e-06 -4.2767e-06 -4.1449e-06 -4.0130e-06 -3.8811e-06 -3.7497e-06 -3.6190e-06 -3.4892e-06 -3.3607e-06 -3.2336e-06 -3.1082e-06 -2.9847e-06 -2.8633e-06 -2.7440e-06 -2.6272e-06 -2.5128e-06 -2.4011e-06 -2.2922e-06 -2.1860e-06 -2.0828e-06 -1.9826e-06 -1.8854e-06 -1.7913e-06 -1.7002e-06 -1.6123e-06 -1.5275e-06 -1.4458e-06 -1.3672e-06 -1.2917e-06 -1.2192e-06 -1.1497e-06 -1.0832e-06 -1.0196e-06 -9.5891e-07 -9.0097e-07 -8.4577e-07 -7.9324e-07 -7.4329e-07 -6.9587e-07 -6.5088e-07 -6.0826e-07 -5.6793e-07 2.9559e-07 5.9048e-07 8.8395e-07 1.1753e-06 1.4639e-06 0.0000e+00 2.0299e-06 2.3060e-06 2.5768e-06 2.8414e-06 3.0995e-06 3.3504e-06 3.5935e-06 3.8285e-06 4.0548e-06 4.2719e-06 4.4795e-06 4.6772e-06 4.8647e-06 5.0417e-06 5.2079e-06 5.3631e-06 5.5071e-06 5.6397e-06 5.7610e-06 5.8707e-06 5.9689e-06 6.0556e-06 6.1308e-06 6.1947e-06 6.2472e-06 6.2886e-06 6.3191e-06 6.3388e-06 6.3481e-06 6.3470e-06 6.3361e-06 6.3155e-06 6.2855e-06 6.2466e-06 6.1992e-06 6.1435e-06 6.0800e-06 6.0091e-06 5.9312e-06 5.8468e-06 5.7563e-06 5.6601e-06 5.5586e-06 5.4524e-06 5.3417e-06 5.2271e-06 5.1091e-06 4.9879e-06 4.8640e-06 4.7379e-06 4.6099e-06 4.4803e-06 4.3497e-06 4.2183e-06 4.0864e-06 3.9545e-06 3.8227e-06 3.6915e-06 3.5611e-06 3.4317e-06 3.3036e-06 3.1771e-06 3.0523e-06 2.9295e-06 2.8088e-06 2.6903e-06 2.5744e-06 2.4609e-06 2.3502e-06 2.2423e-06 2.1372e-06 2.0352e-06 1.9361e-06 1.8400e-06 1.7471e-06 1.6573e-06 1.5706e-06 1.4871e-06 1.4066e-06 1.3293e-06 1.2551e-06 1.1839e-06 1.1157e-06 1.0504e-06 9.8810e-07 9.2860e-07 8.7190e-07 8.1790e-07 7.6656e-07 7.1778e-07 6.7150e-07 6.2763e-07 5.8610e-07 5.4683e-07
-3.4307e-07 -6.8533e-07 -1.0260e-06 -1.3642e-06 -1.6992e-06 -2.0303e-06 4.9097e-03 -2.6774e-06 -2.9920e-06 -3.2996e-06 -3.5997e-06 -3.8916e-06 -4.1747e-06 -4.4483e-06 -4.7119e-06 -4.9651e-06 -5.2074e-06 -5.4383e-06 -5.6575e-06 -5.8645e-06 -6.0592e-06 -6.2412e-06 -6.4104e-06 -6.5666e-06 -6.7096e-06 -6.8393e-06 -6.9558e-06 -7.0590e-06 -7.1489e-06 -7.2257e-06 -7.2895e-06 -7.3404e-06 -7.3786e-06 -7.4044e-06 -7.4180e-06 -7.4198e-06 -7.4099e-06 -7.3889e-06 -7.3570e-06 -7.3147e-06 -7.2623e-06 -7.2004e-06 -7.1294e-06 -7.0496e-06 -6.9617e-06 -6.8661e-06 -6.7633e-06 -6.6537e-06 -6.5380e-06 -6.4165e-06 -6.2898e-06 -6.1584e-06 -6.0227e-06 -5.8833e-06 -5.7407e-06 -5.5952e-06 -5.4474e-06 -5.2977e-06 -5.1466e-06 -4.9943e-06 -4.8415e-06 -4.6883e-06 -4.5352e-06 -4.3826e-06 -4.2308e-06 -4.0800e-06 -3.9306e-06 -3.7828e-06 -3.6370e-06 -3.4933e-06 -3.3519e-06 -3.2131e-06 -3.0770e-06 -2.9438e-06 -2.8137e-06 -2.6867e-06 -2.5629e-06 -2.4426e-06 -2.3256e-06 -2.2122e-06 -2.1023e-06 -1.9960e-06 -1.8933e-06 -1.7942e-06 -1.6987e-06 -1.6069e-06 -1.5185e-06 -1.4337e-06 -1.3524e-06 -1.2746e-06 -1.2001e-06 -1.1290e-06 -1.0611e-06 -9.9640e-07 -9.3480e-07 -8.7622e-07 -8.2057e-07 -7.6778e-07 -7.1773e-07 -6.7036e-07 3.4307e-07 6.8532e-07 1.0259e-06 1.3641e-06 1.6990e-06 2.0299e-06 0.0000e+00 2.6765e-06 2.9907e-06 3.2979e-06 3.5975e-06 3.8887e-06 4.1710e-06 4.4437e-06 4.7064e-06 4.9585e-06 5.1995e-06 5.4291e-06 5.6468e-06 5.8523e-06 6.0453e-06 6.2255e-06 6.3927e-06 6.5469e-06 6.6877e-06 6.8152e-06 6.9294e-06 7.0301e-06 7.1176e-06 7.1919e-06 7.2530e-06 7.3013e-06 7.3368e-06 7.3599e-06 7.3708e-06 7.3698e-06 7.3572e-06 7.3335e-06 7.2989e-06 7.2540e-06 7.1990e-06 7.1346e-06 7.0610e-06 6.9789e-06 6.8887e-06 6.7909e-06 6.6860e-06 6.5744e-06 6.4568e-06 6.3336e-06 6.2053e-06 6.0724e-06 5.9354e-06 5.7948e-06 5.6512e-06 5.5048e-06 5.3563e-06 5.2060e-06 5.0544e-06 4.9019e-06 4.7489e-06 4.5957e-06 4.4428e-06 4.2905e-06 4.1391e-06 3.9889e-06 3.8402e-06 3.6933e-06 3.5484e-06 3.4058e-06 3.2656e-06 3.1280e-06 2.9933e-06 2.8616e-06 2.7330e-06 2.6076e-06 2.4856e-06 2.3670e-06 2.2519e-06 2.1403e-06 2.0323e-06 1.9280e-06 1.8272e-06 1.7301e-06 1.6367e-06 1.5468e-06 1.4605e-06 1.3777e-06 1.2984e-06 1.2226e-06 1.1501e-06 1.0809e-06 1.0150e-06 9.5217e-07 8.9245e-07 8.3572e-07 7.8189e-07 7.3086e-07 6.8254e-07 6.3685e-07
-3.8974e-07 -7.7856e-07 -1.1656e-06 -1.5498e-06 -1.9305e-06 -2.3066e-06 -2.6774e-06 6.4127e-03 -3.3995e-06 -3.7492e-06 -4.0904e-06 -4.4222e-06 -4.7441e-06 -5.0553e-06 -5.3553e-06 -5.6434e-06 -5.9191e-06 -6.1820e-06 -6.4316e-06 -6.6675e-06 -6.8895e-06 -7.0970e-06 -7.2901e-06 -7.4683e-06 -7.6317e-06 -7.7801e-06 -7.9134e-06 -8.0317e-06 -8.1349e-06 -8.2233e-06 -8.2969e-06 -8.3559e-06 -8.4005e-06 -8.4310e-06 -8.4476e-06 -8.4508e-06 -8.4408e-06 -8.4181e-06 -8.3830e-06 -8.3361e-06 -8.2778e-06 -8.2085e-06 -8.1289e-06 -8.0394e-06 -7.9405e-06 -7.8329e-06 -7.7170e-06 -7.5934e-06 -7.4627e-06 -7.3254e-06 -7.1822e-06 -7.0336e-06 -6.8801e-06 -6.7223e-06 -6.5607e-06 -6.3958e-06 -6.2283e-06 -6.0585e-06 -5.8869e-06 -5.7141e-06 -5.5405e-06 -5.3665e-06 -5.1926e-06 -5.0191e-06 -4.8464e-06 -4.6749e-06 -4.5048e-06 -4.3366e-06 -4.1705e-06 -4.0068e-06 -3.8457e-06 -3.6875e-06 -3.5323e-06 -3.3803e-06 -3.2318e-06 -3.0868e-06 -2.9455e-06 -2.8080e-06 -2.6744e-06 -2.5447e-06 -2.4191e-06 -2.2975e-06 -2.1799e-06 -2.0665e-06 -1.9572e-06 -1.8519e-06 -1.7507e-06 -1.6535e-06 -1.5602e-06 -1.4709e-06 -1.3855e-06 -1.3038e-06 -1.2258e-06 -1.1515e-06 -1.0807e-06 -1.0133e-06 -9.4930e-07 -8.8854e-07 -8.3093e-07 -7.7637e-07 3.8973e-07 7.7854e-07 1.1655e-06 1.5497e-06 1.9301e-06 2.3060e-06 2.6765e-06 0.0000e+00 3.3976e-06 3.7467e-06 4.0870e-06 4.4179e-06 4.7386e-06 5.0486e-06 5.3470e-06 5.6335e-06 5.9075e-06 6.1684e-06 6.4158e-06 6.6494e-06 6.8688e-06 7.0737e-06 7.2638e-06 7.4391e-06 7.5993e-06 7.7443e-06 7.8742e-06 7.9889e-06 8.0885e-06 8.1731e-06 8.2428e-06 8.2978e-06 8.3384e-06 8.3649e-06 8.3775e-06 8.3766e-06 8.3625e-06 8.3358e-06 8.2968e-06 8.2459e-06 8.1837e-06 8.1107e-06 8.0274e-06 7.9343e-06 7.8321e-06 7.7211e-06 7.6021e-06 7.4756e-06 7.3421e-06 7.2023e-06 7.0566e-06 6.9058e-06 6.7503e-06 6.5907e-06 6.4276e-06 6.2614e-06 6.0927e-06 5.9221e-06 5.7499e-06 5.5767e-06 5.4028e-06 5.2289e-06 5.0552e-06 4.8821e-06 4.7100e-06 4.5394e-06 4.3704e-06 4.2034e-06 4.0387e-06 3.8766e-06 3.7172e-06 3.5609e-06 3.4077e-06 3.2580e-06 3.1117e-06 2.9692e-06 2.8304e-06 2.6955e-06 2.5646e-06 2.4377e-06 2.3148e-06 2.1961e-06 2.0815e-06 1.9710e-06 1.8646e-06 1.7623e-06 1.6641e-06 1.5699e-06 1.4797e-06 1.3933e-06 1.3108e-06 1.2321e-06 1.1570e-06 1.0855e-06 1.0175e-06 9.5288e-07 8.9157e-07 8.3345e-07 7.7841e-07 7.2636e-07
-4.3548e-07 -8.6995e-07 -1.3024e-06 -1.7318e-06 -2.1572e-06 -2.5776e-06 -2.9920e-06 -3.3995e-06 8.1160e-03 -4.1902e-06 -4.5717e-06 -4.9429e-06 -5.3030e-06 -5.6512e-06 -5.9869e-06 -6.3094e-06 -6.6182e-06 -6.9127e-06 -7.1924e-06 -7.4569e-06 -7.7058e-06 -7.9387e-06 -8.1555e-06 -8.3558e-06 -8.5395e-06 -8.7066e-06 -8.8568e-06 -8.9903e-06 -9.1071e-06 -9.2072e-06 -9.2909e-06 -9.3582e-06 -9.4096e-06 -9.4451e-06 -9.4653e-06 -9.4703e-06 -9.4607e-06 -9.4368e-06 -9.3991e-06 -9.3481e-06 -9.2844e-06 -9.2085e-06 -9.1209e-06 -9.0222e-06 -8.9130e-06 -8.7939e-06 -8.6656e-06 -8.5286e-06 -8.3836e-06 -8.2312e-06 -8.0721e-06 -7.9069e-06 -7.7361e-06 -7.5604e-06 -7.3804e-06 -7.1968e-06 -7.0100e-06 -6.8206e-06 -6.6292e-06 -6.4363e-06 -6.2424e-06 -6.0480e-06 -5.8535e-06 -5.6595e-06 -5.4663e-06 -5.2743e-06 -5.0840e-06 -4.8956e-06 -4.7095e-06 -4.5260e-06 -4.3453e-06 -4.1678e-06 -3.9936e-06 -3.8231e-06 -3.6563e-06 -3.4934e-06 -3.3346e-06 -3.1800e-06 -3.0297e-06 -2.8837e-06 -2.7423e-06 -2.6053e-06 -2.4729e-06 -2.3451e-06 -2.2218e-06 -2.1030e-06 -1.9888e-06 -1.8791e-06 -1.7738e-06 -1.6729e-06 -1.5763e-06 -1.4839e-06 -1.3957e-06 -1.3116e-06 -1.2314e-06 -1.1551e-06 -1.0826e-06 -1.0137e-06 -9.4839e-07 -8.8648e-07 4.3548e-07 8.6992e-07 1.3023e-06 1.7316e-06 2.1567e-06 2.5768e-06 2.9907e-06 3.3976e-06 0.0000e+00 4.1866e-06 4.5670e-06 4.9368e-06 5.2952e-06 5.6416e-06 5.9753e-06 6.2955e-06 6.6017e-06 6.8934e-06 7.1700e-06 7.4312e-06 7.6765e-06 7.9057e-06 8.1184e-06 8.3144e-06 8.4936e-06 8.6560e-06 8.8013e-06 8.9298e-06 9.0413e-06 9.1361e-06 9.2143e-06 9.2761e-06 9.3218e-06 9.3516e-06 9.3660e-06 9.3653e-06 9.3499e-06 9.3203e-06 9.2770e-06 9.2205e-06 9.1513e-06 9.0700e-06 8.9772e-06 8.8734e-06 8.7594e-06 8.6357e-06 8.5029e-06 8.3617e-06 8.2128e-06 8.0567e-06 7.8942e-06 7.7258e-06 7.5522e-06 7.3740e-06 7.1919e-06 7.0063e-06 6.8179e-06 6.6273e-06 6.4349e-06 6.2414e-06 6.0472e-06 5.8528e-06 5.6587e-06 5.4652e-06 5.2729e-06 5.0822e-06 4.8933e-06 4.7066e-06 4.5225e-06 4.3412e-06 4.1630e-06 3.9882e-06 3.8169e-06 3.6494e-06 3.4858e-06 3.3263e-06 3.1711e-06 3.0202e-06 2.8737e-06 2.7316e-06 2.5942e-06 2.4613e-06 2.3330e-06 2.2094e-06 2.0903e-06 1.9758e-06 1.8658e-06 1.7603e-06 1.6593e-06 1.5626e-06 1.4702e-06 1.3820e-06 1.2978e-06 1.2177e-06 1.1416e-06 1.0692e-06 1.0004e-06 9.3531e-07 8.7362e-07 8.1527e-07
-4.8021e-07 -9.5930e-07 -1.4362e-06 -1.9097e-06 -2.3789e-06 -2.8425e-06 -3.2996e-06 -3.7492e-06 -4.1902e-06 1.0020e-02 -5.0428e-06 -5.4525e-06 -5.8501e-06 -6.2346e-06 -6.6055e-06 -6.9619e-06 -7.3032e-06 -7.6289e-06 -7.9383e-06 -8.2310e-06 -8.5066e-06 -8.7648e-06 -9.0051e-06 -9.2274e-06 -9.4314e-06 -9.6171e-06 -9.7844e-06 -9.9332e-06 -1.0064e-05 -1.0176e-05 -1.0270e-05 -1.0346e-05 -1.0404e-05 -1.0445e-05 -1.0470e-05 -1.0477e-05 -1.0468e-05 -1.0444e-05 -1.0404e-05 -1.0350e-05 -1.0281e-05 -1.0199e-05 -1.0104e-05 -9.9971e-06 -9.8783e-06 -9.7485e-06 -9.6084e-06 -9.4588e-06 -9.3002e-06 -9.1334e-06 -8.9591e-06 -8.7779e-06 -8.5905e-06 -8.3976e-06 -8.1999e-06 -7.9980e-06 -7.7925e-06 -7.5841e-06 -7.3734e-06 -7.1609e-06 -6.9472e-06 -6.7329e-06 -6.5184e-06 -6.3043e-06 -6.0910e-06 -5.8789e-06 -5.6685e-06 -5.4603e-06 -5.2544e-06 -5.0513e-06 -4.8514e-06 -4.6548e-06 -4.4618e-06 -4.2727e-06 -4.0877e-06 -3.9070e-06 -3.7308e-06 -3.5591e-06 -3.3921e-06 -3.2300e-06 -3.0727e-06 -2.9204e-06 -2.7730e-06 -2.6307e-06 -2.4934e-06 -2.3610e-06 -2.2337e-06 -2.1113e-06 -1.9938e-06 -1.8812e-06 -1.7733e-06 -1.6701e-06 -1.5715e-06 -1.4774e-06 -1.3877e-06 -1.3023e-06 -1.2211e-06 -1.1439e-06 -1.0706e-06 -1.0012e-06 4.8020e-07 9.5926e-07 1.4360e-06 1.9094e-06 2.3782e-06 2.8414e-06 3.2979e-06 3.7467e-06 4.1866e-06 0.0000e+00 5.0363e-06 5.4442e-06 5.8395e-06 6.2216e-06 6.5897e-06 6.9429e-06 7.2808e-06 7.6026e-06 7.9078e-06 8.1960e-06 8.4668e-06 8.7197e-06 8.9545e-06 9.1710e-06 9.3689e-06 9.5482e-06 9.7088e-06 9.8507e-06 9.9741e-06 1.0079e-05 1.0166e-05 1.0234e-05 1.0285e-05 1.0318e-05 1.0334e-05 1.0334e-05 1.0317e-05 1.0285e-05 1.0238e-05 1.0176e-05 1.0100e-05 1.0010e-05 9.9084e-06 9.7943e-06 9.6689e-06 9.5327e-06 9.3866e-06 9.2312e-06 9.0672e-06 8.8954e-06 8.7164e-06 8.5309e-06 8.3397e-06 8.1433e-06 7.9426e-06 7.7381e-06 7.5304e-06 7.3203e-06 7.1082e-06 6.8949e-06 6.6807e-06 6.4664e-06 6.2523e-06 6.0390e-06 5.8269e-06 5.6164e-06 5.4080e-06 5.2021e-06 4.9989e-06 4.7989e-06 4.6022e-06 4.4093e-06 4.2202e-06 4.0353e-06 3.8547e-06 3.6786e-06 3.5072e-06 3.3405e-06 3.1788e-06 3.0219e-06 2.8701e-06 2.7233e-06 2.5816e-06 2.4449e-06 2.3134e-06 2.1868e-06 2.0653e-06 1.9487e-06 1.8370e-06 1.7301e-06 1.6279e-06 1.5304e-06 1.4374e-06 1.3488e-06 1.2645e-06 1.1844e-06 1.1084e-06 1.0363e-06 9.6809e-07 9.0352e-07
-5.2381e-07 -1.0464e-06 -1.5666e-06 -2.0832e-06 -2.5950e-06 -3.1009e-06 -3.5997e-06 -4.0904e-06 -4.5717e-06 -5.0428e-06 1.2124e-02 -5.9500e-06 -6.3843e-06 -6.8045e-06 -7.2098e-06 -7.5995e-06 -7.9728e-06 -8.3291e-06 -8.6678e-06 -8.9884e-06 -9.2905e-06 -9.5735e-06 -9.8372e-06 -1.0081e-05 -1.0306e-05 -1.0510e-05 -1.0694e-05 -1.0859e-05 -1.1003e-05 -1.1128e-05 -1.1232e-05 -1.1318e-05 -1.1383e-05 -1.1431e-05 -1.1459e-05 -1.1469e-05 -1.1462e-05 -1.1438e-05 -1.1397e-05 -1.1340e-05 -1.1267e-05 -1.1180e-05 -1.1078e-05 -1.0963e-05 -1.0836e-05 -1.0696e-05 -1.0545e-05 -1.0383e-05 -1.0212e-05 -1.0031e-05 -9.8426e-06 -9.6462e-06 -9.4430e-06 -9.2336e-06 -9.0189e-06 -8.7994e-06 -8.5760e-06 -8.3492e-06 -8.1197e-06 -7.8882e-06 -7.6553e-06 -7.4215e-06 -7.1875e-06 -6.9537e-06 -6.7207e-06 -6.4890e-06 -6.2590e-06 -6.0311e-06 -5.8058e-06 -5.5835e-06 -5.3644e-06 -5.1489e-06 -4.9374e-06 -4.7299e-06 -4.5269e-06 -4.3285e-06 -4.1348e-06 -3.9461e-06 -3.7625e-06 -3.5841e-06 -3.4110e-06 -3.2433e-06 -3.0809e-06 -2.9240e-06 -2.7726e-06 -2.6266e-06 -2.4860e-06 -2.3508e-06 -2.2210e-06 -2.0965e-06 -1.9771e-06 -1.8629e-06 -1.7537e-06 -1.6495e-06 -1.5501e-06 -1.4554e-06 -1.3652e-06 -1.2795e-06 -1.1982e-06 -1.1210e-06 5.2381e-07 1.0464e-06 1.5664e-06 2.0828e-06 2.5942e-06 3.0995e-06 3.5975e-06 4.0870e-06 4.5670e-06 5.0363e-06 0.0000e+00 5.9390e-06 6.3704e-06 6.7873e-06 7.1889e-06 7.5744e-06 7.9431e-06 8.2944e-06 8.6276e-06 8.9422e-06 9.2378e-06 9.5140e-06 9.7705e-06 1.0007e-05 1.0223e-05 1.0419e-05 1.0595e-05 1.0750e-05 1.0885e-05 1.1000e-05 1.1094e-05 1.1170e-05 1.1225e-05 1.1262e-05 1.1280e-05 1.1280e-05 1.1263e-05 1.1228e-05 1.1177e-05 1.1109e-05 1.1027e-05 1.0930e-05 1.0819e-05 1.0695e-05 1.0559e-05 1.0411e-05 1.0252e-05 1.0082e-05 9.9038e-06 9.7166e-06 9.5216e-06 9.3196e-06 9.1112e-06 8.8972e-06 8.6784e-06 8.4555e-06 8.2291e-06 8.0000e-06 7.7687e-06 7.5360e-06 7.3025e-06 7.0687e-06 6.8351e-06 6.6024e-06 6.3709e-06 6.1413e-06 5.9139e-06 5.6891e-06 5.4673e-06 5.2489e-06 5.0342e-06 4.8235e-06 4.6171e-06 4.4151e-06 4.2179e-06 4.0256e-06 3.8383e-06 3.6562e-06 3.4794e-06 3.3080e-06 3.1421e-06 2.9817e-06 2.8268e-06 2.6774e-06 2.5335e-06 2.3952e-06 2.2623e-06 2.1348e-06 2.0126e-06 1.8957e-06 1.7839e-06 1.6772e-06 1.5754e-06 1.4785e-06 1.3862e-06 1.2986e-06 1.2154e-06 1.1365e-06 1.0617e-06 9.9103e-07
-5.6620e-07 -1.1311e-06 -1.6934e-06 -2.2519e-06 -2.8052e-06 -3.3522e-06 -3.8916e-06 -4.4222e-06 -4.9429e-06 -5.4525e-06 -5.9500e-06 1.4428e-02 -6.9044e-06 -7.3595e-06 -7.7986e-06 -8.2208e-06 -8.6256e-06 -9.0120e-06 -9.3796e-06 -9.7276e-06 -1.0056e-05 -1.0363e-05 -1.0650e-05 -1.0916e-05 -1.1161e-05 -1.1384e-05 -1.1586e-05 -1.1766e-05 -1.1924e-05 -1.2061e-05 -1.2177e-05 -1.2271e-05 -1.2345e-05 -1.2399e-05 -1.2432e-05 -1.2446e-05 -1.2441e-05 -1.2417e-05 -1.2376e-05 -1.2317e-05 -1.2241e-05 -1.2149e-05 -1.2042e-05 -1.1920e-05 -1.1784e-05 -1.1635e-05 -1.1474e-05 -1.1302e-05 -1.1118e-05 -1.0925e-05 -1.0722e-05 -1.0512e-05 -1.0293e-05 -1.0068e-05 -9.8372e-06 -9.6009e-06 -9.3602e-06 -9.1157e-06 -8.8682e-06 -8.6183e-06 -8.3667e-06 -8.1141e-06 -7.8611e-06 -7.6081e-06 -7.3559e-06 -7.1049e-06 -6.8557e-06 -6.6087e-06 -6.3643e-06 -6.1229e-06 -5.8850e-06 -5.6509e-06 -5.4209e-06 -5.1953e-06 -4.9744e-06 -4.7583e-06 -4.5474e-06 -4.3418e-06 -4.1415e-06 -3.9469e-06 -3.7579e-06 -3.5747e-06 -3.3973e-06 -3.2258e-06 -3.0601e-06 -2.9003e-06 -2.7464e-06 -2.5983e-06 -2.4560e-06 -2.3194e-06 -2.1884e-06 -2.0630e-06 -1.9431e-06 -1.8285e-06 -1.7191e-06 -1.6149e-06 -1.5156e-06 -1.4213e-06 -1.3316e-06 -1.2465e-06 5.6619e-07 1.1310e-06 1.6932e-06 2.2514e-06 2.8042e-06 3.3504e-06 3.8887e-06 4.4179e-06 4.9368e-06 5.4442e-06 5.9390e-06 0.0000e+00 6.8866e-06 7.3374e-06 7.7717e-06 8.1886e-06 8.5874e-06 8.9673e-06 9.3278e-06 9.6682e-06 9.9881e-06 1.0287e-05 1.0564e-05 1.0820e-05 1.1055e-05 1.1267e-05 1.1457e-05 1.1625e-05 1.1772e-05 1.1896e-05 1.1999e-05 1.2081e-05 1.2142e-05 1.2182e-05 1.2202e-05 1.2203e-05 1.2184e-05 1.2147e-05 1.2092e-05 1.2020e-05 1.1932e-05 1.1827e-05 1.1708e-05 1.1574e-05 1.1427e-05 1.1268e-05 1.1096e-05 1.0914e-05 1.0721e-05 1.0519e-05 1.0308e-05 1.0090e-05 9.8654e-06 9.6343e-06 9.3980e-06 9.1572e-06 8.9126e-06 8.6651e-06 8.4152e-06 8.1638e-06 7.9113e-06 7.6586e-06 7.4061e-06 7.1545e-06 6.9042e-06 6.6559e-06 6.4099e-06 6.1668e-06 5.9269e-06 5.6906e-06 5.4583e-06 5.2303e-06 5.0069e-06 4.7883e-06 4.5748e-06 4.3666e-06 4.1639e-06 3.9667e-06 3.7753e-06 3.5897e-06 3.4099e-06 3.2361e-06 3.0683e-06 2.9065e-06 2.7506e-06 2.6007e-06 2.4566e-06 2.3184e-06 2.1859e-06 2.0592e-06 1.9380e-06 1.8222e-06 1.7118e-06 1.6067e-06 1.5066e-06 1.4115e-06 1.3212e-06 1.2356e-06 1.1545e-06 1.0777e-06
-6.0728e-07 -1.2132e-06 -1.8164e-06 -2.4154e-06 -3.0090e-06 -3.5959e-06 -4.1747e-06 -4.7441e-06 -5.3030e-06 -5.8501e-06 -6.3843e-06 -6.9044e-06 1.6933e-02 -7.8986e-06 -8.3706e-06 -8.8248e-06 -9.2603e-06 -9.6763e-06 -1.0072e-05 -1.0447e-05 -1.0801e-05 -1.1133e-05 -1.1443e-05 -1.1731e-05 -1.1995e-05 -1.2237e-05 -1.2456e-05 -1.2652e-05 -1.2825e-05 -1.2975e-05 -1.3102e-05 -1.3206e-05 -1.3289e-05 -1.3349e-05 -1.3388e-05 -1.3406e-05 -1.3404e-05 -1.3382e-05 -1.3340e-05 -1.3280e-05 -1.3201e-05 -1.3106e-05 -1.2994e-05 -1.2866e-05 -1.2723e-05 -1.2566e-05 -1.2396e-05 -1.2213e-05 -1.2018e-05 -1.1813e-05 -1.1598e-05 -1.1374e-05 -1.1141e-05 -1.0901e-05 -1.0655e-05 -1.0402e-05 -1.0145e-05 -9.8837e-06 -9.6188e-06 -9.3512e-06 -9.0817e-06 -8.8108e-06 -8.5393e-06 -8.2678e-06 -7.9969e-06 -7.7271e-06 -7.4591e-06 -7.1933e-06 -6.9301e-06 -6.6702e-06 -6.4137e-06 -6.1612e-06 -5.9130e-06 -5.6695e-06 -5.4308e-06 -5.1972e-06 -4.9691e-06 -4.7466e-06 -4.5298e-06 -4.3189e-06 -4.1141e-06 -3.9154e-06 -3.7229e-06 -3.5366e-06 -3.3566e-06 -3.1829e-06 -3.0155e-06 -2.8543e-06 -2.6994e-06 -2.5505e-06 -2.4078e-06 -2.2710e-06 -2.1400e-06 -2.0149e-06 -1.8954e-06 -1.7815e-06 -1.6729e-06 -1.5695e-06 -1.4713e-06 -1.3780e-06 6.0727e-07 1.2131e-06 1.8161e-06 2.4147e-06 3.0077e-06 3.5935e-06 4.1710e-06 4.7386e-06 5.2952e-06 5.8395e-06 6.3704e-06 6.8866e-06 0.0000e+00 7.8708e-06 8.3368e-06 8.7842e-06 9.2122e-06 9.6200e-06 1.0007e-05 1.0372e-05 1.0716e-05 1.1037e-05 1.1335e-05 1.1610e-05 1.1862e-05 1.2090e-05 1.2294e-05 1.2475e-05 1.2633e-05 1.2767e-05 1.2878e-05 1.2966e-05 1.3032e-05 1.3076e-05 1.3098e-05 1.3099e-05 1.3080e-05 1.3041e-05 1.2983e-05 1.2906e-05 1.2812e-05 1.2700e-05 1.2573e-05 1.2430e-05 1.2273e-05 1.2102e-05 1.1919e-05 1.1723e-05 1.1517e-05 1.1301e-05 1.1076e-05 1.0842e-05 1.0601e-05 1.0353e-05 1.0100e-05 9.8420e-06 9.5799e-06 9.3145e-06 9.0466e-06 8.7770e-06 8.5063e-06 8.2352e-06 7.9643e-06 7.6944e-06 7.4259e-06 7.1594e-06 6.8954e-06 6.6345e-06 6.3769e-06 6.1233e-06 5.8739e-06 5.6290e-06 5.3891e-06 5.1543e-06 4.9250e-06 4.7013e-06 4.4835e-06 4.2716e-06 4.0659e-06 3.8664e-06 3.6732e-06 3.4864e-06 3.3059e-06 3.1319e-06 2.9642e-06 2.8030e-06 2.6480e-06 2.4993e-06 2.3568e-06 2.2204e-06 2.0899e-06 1.9653e-06 1.8465e-06 1.7333e-06 1.6255e-06 1.5231e-06 1.4259e-06 1.3336e-06 1.2462e-06 1.1635e-06
-6.4697e-07 -1.2925e-06 -1.9351e-06 -2.5734e-06 -3.2060e-06 -3.8314e-06 -4.4483e-06 -5.0553e-06 -5.6512e-06 -6.2346e-06 -6.8045e-06 -7.3595e-06 -7.8986e-06 1.9638e-02 -8.9249e-06 -9.4102e-06 -9.8757e-06 -1.0321e-05 -1.0744e-05 -1.1146e-05 -1.1525e-05 -1.1881e-05 -1.2214e-05 -1.2523e-05 -1.2808e-05 -1.3069e-05 -1.3305e-05 -1.3517e-05 -1.3704e-05 -1.3867e-05 -1.4006e-05 -1.4121e-05 -1.4212e-05 -1.4280e-05 -1.4325e-05 -1.4348e-05 -1.4349e-05 -1.4329e-05 -1.4288e-05 -1.4228e-05 -1.4148e-05 -1.4049e-05 -1.3933e-05 -1.3800e-05 -1.3651e-05 -1.3487e-05 -1.3308e-05 -1.3116e-05 -1.2912e-05 -1.2696e-05 -1.2469e-05 -1.2232e-05 -1.1986e-05 -1.1732e-05 -1.1471e-05 -1.1203e-05 -1.0931e-05 -1.0653e-05 -1.0371e-05 -1.0087e-05 -9.8001e-06 -9.5117e-06 -9.2224e-06 -8.9329e-06 -8.6438e-06 -8.3558e-06 -8.0694e-06 -7.7853e-06 -7.5038e-06 -7.2256e-06 -6.9509e-06 -6.6804e-06 -6.4142e-06 -6.1529e-06 -5.8966e-06 -5.6458e-06 -5.4005e-06 -5.1612e-06 -4.9279e-06 -4.7008e-06 -4.4801e-06 -4.2659e-06 -4.0582e-06 -3.8572e-06 -3.6628e-06 -3.4751e-06 -3.2940e-06 -3.1196e-06 -2.9518e-06 -2.7906e-06 -2.6358e-06 -2.4874e-06 -2.3453e-06 -2.2094e-06 -2.0795e-06 -1.9556e-06 -1.8375e-06 -1.7250e-06 -1.6179e-06 -1.5162e-06 6.4696e-07 1.2924e-06 1.9348e-06 2.5726e-06 3.2043e-06 3.8285e-06 4.4437e-06 5.0486e-06 5.6416e-06 6.2216e-06 6.7873e-06 7.3374e-06 7.8708e-06 0.0000e+00 8.8831e-06 9.3601e-06 9.8163e-06 1.0251e-05 1.0664e-05 1.1054e-05 1.1420e-05 1.1762e-05 1.2080e-05 1.2374e-05 1.2643e-05 1.2886e-05 1.3105e-05 1.3298e-05 1.3467e-05 1.3610e-05 1.3729e-05 1.3824e-05 1.3895e-05 1.3942e-05 1.3967e-05 1.3969e-05 1.3949e-05 1.3908e-05 1.3846e-05 1.3765e-05 1.3665e-05 1.3547e-05 1.3412e-05 1.3261e-05 1.3094e-05 1.2913e-05 1.2718e-05 1.2510e-05 1.2291e-05 1.2061e-05 1.1821e-05 1.1573e-05 1.1316e-05 1.1053e-05 1.0784e-05 1.0509e-05 1.0230e-05 9.9472e-06 9.6619e-06 9.3747e-06 9.0863e-06 8.7975e-06 8.5090e-06 8.2213e-06 7.9351e-06 7.6511e-06 7.3697e-06 7.0914e-06 6.8168e-06 6.5463e-06 6.2803e-06 6.0191e-06 5.7631e-06 5.5127e-06 5.2679e-06 5.0292e-06 4.7967e-06 4.5705e-06 4.3509e-06 4.1379e-06 3.9315e-06 3.7320e-06 3.5392e-06 3.3533e-06 3.1742e-06 3.0019e-06 2.8363e-06 2.6773e-06 2.5250e-06 2.3791e-06 2.2396e-06 2.1064e-06 1.9793e-06 1.8581e-06 1.7429e-06 1.6333e-06 1.5292e-06 1.4305e-06 1.3369e-06 1.2483e-06
-6.8519e-07 -1.3689e-06 -2.0495e-06 -2.7256e-06 -3.3957e-06 -4.0583e-06 -4.7119e-06 -5.3553e-06 -5.9869e-06 -6.6055e-06 -7.2098e-06 -7.7986e-06 -8.3706e-06 -8.9249e-06 2.2544e-02 -9.9759e-06 -1.0471e-05 -1.0944e-05 -1.1395e-05 -1.1823e-05 -1.2227e-05 -1.2607e-05 -1.2962e-05 -1.3292e-05 -1.3597e-05 -1.3876e-05 -1.4130e-05 -1.4358e-05 -1.4560e-05 -1.4737e-05 -1.4888e-05 -1.5013e-05 -1.5114e-05 -1.5190e-05 -1.5242e-05 -1.5271e-05 -1.5276e-05 -1.5259e-05 -1.5220e-05 -1.5160e-05 -1.5079e-05 -1.4979e-05 -1.4860e-05 -1.4722e-05 -1.4568e-05 -1.4398e-05 -1.4212e-05 -1.4012e-05 -1.3798e-05 -1.3572e-05 -1.3334e-05 -1.3086e-05 -1.2827e-05 -1.2560e-05 -1.2286e-05 -1.2004e-05 -1.1716e-05 -1.1423e-05 -1.1126e-05 -1.0825e-05 -1.0522e-05 -1.0217e-05 -9.9104e-06 -9.6035e-06 -9.2969e-06 -8.9912e-06 -8.6871e-06 -8.3850e-06 -8.0857e-06 -7.7895e-06 -7.4970e-06 -7.2087e-06 -6.9249e-06 -6.6460e-06 -6.3724e-06 -6.1044e-06 -5.8422e-06 -5.5862e-06 -5.3365e-06 -5.0932e-06 -4.8567e-06 -4.6269e-06 -4.4040e-06 -4.1881e-06 -3.9792e-06 -3.7773e-06 -3.5825e-06 -3.3947e-06 -3.2139e-06 -3.0401e-06 -2.8731e-06 -2.7129e-06 -2.5594e-06 -2.4125e-06 -2.2721e-06 -2.1379e-06 -2.0099e-06 -1.8880e-06 -1.7719e-06 -1.6615e-06 6.8518e-07 1.3687e-06 2.0491e-06 2.7246e-06 3.3936e-06 4.0548e-06 4.7064e-06 5.3470e-06 5.9753e-06 6.5897e-06 7.1889e-06 7.7717e-06 8.3368e-06 8.8831e-06 0.0000e+00 9.9149e-06 1.0399e-05 1.0859e-05 1.1297e-05 1.1710e-05 1.2099e-05 1.2462e-05 1.2799e-05 1.3111e-05 1.3396e-05 1.3654e-05 1.3887e-05 1.4092e-05 1.4271e-05 1.4424e-05 1.4551e-05 1.4652e-05 1.4728e-05 1.4779e-05 1.4806e-05 1.4808e-05 1.4788e-05 1.4746e-05 1.4682e-05 1.4596e-05 1.4491e-05 1.4367e-05 1.4225e-05 1.4065e-05 1.3889e-05 1.3698e-05 1.3492e-05 1.3273e-05 1.3041e-05 1.2798e-05 1.2545e-05 1.2282e-05 1.2011e-05 1.1732e-05 1.1447e-05 1.1156e-05 1.0861e-05 1.0562e-05 1.0260e-05 9.9559e-06 9.6506e-06 9.3447e-06 9.0390e-06 8.7343e-06 8.4311e-06 8.1301e-06 7.8319e-06 7.5369e-06 7.2458e-06 6.9590e-06 6.6770e-06 6.4000e-06 6.1285e-06 5.8628e-06 5.6032e-06 5.3498e-06 5.1031e-06 4.8631e-06 4.6299e-06 4.4037e-06 4.1847e-06 3.9727e-06 3.7680e-06 3.5705e-06 3.3802e-06 3.1971e-06 3.0211e-06 2.8522e-06 2.6902e-06 2.5352e-06 2.3868e-06 2.2452e-06 2.1100e-06 1.9811e-06 1.8585e-06 1.7419e-06 1.6311e-06 1.5260e-06 1.4264e-06 1.3321e-06
-7.2187e-07 -1.4422e-06 -2.1593e-06 -2.8717e-06 -3.5778e-06 -4.2761e-06 -4.9651e-06 -5.6434e-06 -6.3094e-06 -6.9619e-06 -7.5995e-06 -8.2208e-06 -8.8248e-06 -9.4102e-06 -9.9759e-06 2.5650e-02 -1.1044e-05 -1.1545e-05 -1.2023e-05 -1.2476e-05 -1.2904e-05 -1.3308e-05 -1.3685e-05 -1.4037e-05 -1.4362e-05 -1.4660e-05 -1.4931e-05 -1.5175e-05 -1.5392e-05 -1.5582e-05 -1.5746e-05 -1.5883e-05 -1.5994e-05 -1.6079e-05 -1.6138e-05 -1.6173e-05 -1.6183e-05 -1.6170e-05 -1.6133e-05 -1.6074e-05 -1.5994e-05 -1.5893e-05 -1.5772e-05 -1.5631e-05 -1.5473e-05 -1.5297e-05 -1.5105e-05 -1.4898e-05 -1.4676e-05 -1.4441e-05 -1.4193e-05 -1.3934e-05 -1.3665e-05 -1.3386e-05 -1.3099e-05 -1.2804e-05 -1.2502e-05 -1.2195e-05 -1.1883e-05 -1.1567e-05 -1.1248e-05 -1.0926e-05 -1.0603e-05 -1.0280e-05 -9.9563e-06 -9.6335e-06 -9.3121e-06 -8.9928e-06 -8.6760e-06 -8.3624e-06 -8.0524e-06 -7.7467e-06 -7.4455e-06 -7.1494e-06 -6.8587e-06 -6.5737e-06 -6.2947e-06 -6.0221e-06 -5.7560e-06 -5.4966e-06 -5.2442e-06 -4.9989e-06 -4.7608e-06 -4.5299e-06 -4.3064e-06 -4.0903e-06 -3.8816e-06 -3.6803e-06 -3.4863e-06 -3.2997e-06 -3.1203e-06 -2.9481e-06 -2.7830e-06 -2.6248e-06 -2.4735e-06 -2.3289e-06 -2.1908e-06 -2.0592e-06 -1.9338e-06 -1.8145e-06 7.2185e-07 1.4420e-06 2.1588e-06 2.8704e-06 3.5754e-06 4.2719e-06 4.9585e-06 5.6335e-06 6.2955e-06 6.9429e-06 7.5744e-06 8.1886e-06 8.7842e-06 9.3601e-06 9.9149e-06 0.0000e+00 1.0958e-05 1.1444e-05 1.1905e-05 1.2341e-05 1.2751e-05 1.3134e-05 1.3490e-05 1.3819e-05 1.4120e-05 1.4393e-05 1.4639e-05 1.4856e-05 1.5046e-05 1.5208e-05 1.5342e-05 1.5449e-05 1.5530e-05 1.5585e-05 1.5614e-05 1.5618e-05 1.5597e-05 1.5553e-05 1.5487e-05 1.5398e-05 1.5288e-05 1.5158e-05 1.5009e-05 1.4842e-05 1.4657e-05 1.4456e-05 1.4240e-05 1.4010e-05 1.3766e-05 1.3511e-05 1.3244e-05 1.2968e-05 1.2683e-05 1.2390e-05 1.2090e-05 1.1784e-05 1.1473e-05 1.1158e-05 1.0840e-05 1.0520e-05 1.0198e-05 9.8759e-06 9.5538e-06 9.2326e-06 8.9131e-06 8.5958e-06 8.2814e-06 7.9704e-06 7.6634e-06 7.3609e-06 7.0633e-06 6.7711e-06 6.4846e-06 6.2042e-06 5.9302e-06 5.6628e-06 5.4022e-06 5.1488e-06 4.9025e-06 4.6636e-06 4.4322e-06 4.2083e-06 3.9920e-06 3.7832e-06 3.5821e-06 3.3885e-06 3.2024e-06 3.0238e-06 2.8525e-06 2.6884e-06 2.5315e-06 2.3816e-06 2.2385e-06 2.1021e-06 1.9723e-06 1.8488e-06 1.7315e-06 1.6202e-06 1.5147e-06 1.4148e-06
-7.5693e-07 -1.5122e-06 -2.2642e-06 -3.0114e-06 -3.7520e-06 -4.4845e-06 -5.2074e-06 -5.9191e-06 -6.6182e-06 -7.3032e-06 -7.9728e-06 -8.6256e-06 -9.2603e-06 -9.8757e-06 -1.0471e-05 -1.1044e-05 2.8956e-02 -1.2123e-05 -1.2626e-05 -1.3105e-05 -1.3557e-05 -1.3984e-05 -1.4383e-05 -1.4755e-05 -1.5100e-05 -1.5417e-05 -1.5706e-05 -1.5966e-05 -1.6199e-05 -1.6403e-05 -1.6579e-05 -1.6728e-05 -1.6850e-05 -1.6944e-05 -1.7012e-05 -1.7053e-05 -1.7069e-05 -1.7060e-05 -1.7027e-05 -1.6971e-05 -1.6892e-05 -1.6790e-05 -1.6668e-05 -1.6526e-05 -1.6364e-05 -1.6185e-05 -1.5988e-05 -1.5774e-05 -1.5546e-05 -1.5303e-05 -1.5047e-05 -1.4778e-05 -1.4498e-05 -1.4209e-05 -1.3910e-05 -1.3602e-05 -1.3288e-05 -1.2967e-05 -1.2641e-05 -1.2310e-05 -1.1976e-05 -1.1640e-05 -1.1301e-05 -1.0962e-05 -1.0622e-05 -1.0283e-05 -9.9448e-06 -9.6087e-06 -9.2750e-06 -8.9444e-06 -8.6174e-06 -8.2946e-06 -7.9764e-06 -7.6633e-06 -7.3557e-06 -7.0540e-06 -6.7584e-06 -6.4693e-06 -6.1869e-06 -5.9115e-06 -5.6433e-06 -5.3824e-06 -5.1290e-06 -4.8832e-06 -4.6450e-06 -4.4145e-06 -4.1918e-06 -3.9768e-06 -3.7695e-06 -3.5699e-06 -3.3779e-06 -3.1935e-06 -3.0165e-06 -2.8468e-06 -2.6844e-06 -2.5291e-06 -2.3807e-06 -2.2391e-06 -2.1041e-06 -1.9755e-06 7.5691e-07 1.5120e-06 2.2636e-06 3.0099e-06 3.7491e-06 4.4795e-06 5.1995e-06 5.9075e-06 6.6017e-06 7.2808e-06 7.9431e-06 8.5874e-06 9.2122e-06 9.8163e-06 1.0399e-05 1.0958e-05 0.0000e+00 1.2003e-05 1.2487e-05 1.2945e-05 1.3375e-05 1.3778e-05 1.4152e-05 1.4497e-05 1.4814e-05 1.5101e-05 1.5359e-05 1.5588e-05 1.5788e-05 1.5959e-05 1.6101e-05 1.6214e-05 1.6300e-05 1.6358e-05 1.6390e-05 1.6395e-05 1.6375e-05 1.6329e-05 1.6260e-05 1.6168e-05 1.6054e-05 1.5919e-05 1.5763e-05 1.5589e-05 1.5396e-05 1.5186e-05 1.4960e-05 1.4720e-05 1.4465e-05 1.4198e-05 1.3919e-05 1.3630e-05 1.3331e-05 1.3025e-05 1.2710e-05 1.2390e-05 1.2064e-05 1.1734e-05 1.1401e-05 1.1065e-05 1.0728e-05 1.0390e-05 1.0052e-05 9.7156e-06 9.3804e-06 9.0474e-06 8.7175e-06 8.3911e-06 8.0689e-06 7.7513e-06 7.4388e-06 7.1319e-06 6.8310e-06 6.5364e-06 6.2485e-06 5.9675e-06 5.6937e-06 5.4273e-06 5.1684e-06 4.9172e-06 4.6739e-06 4.4384e-06 4.2108e-06 3.9912e-06 3.7795e-06 3.5758e-06 3.3799e-06 3.1918e-06 3.0115e-06 2.8387e-06 2.6734e-06 2.5155e-06 2.3647e-06 2.2210e-06 2.0841e-06 1.9540e-06 1.8303e-06 1.7129e-06 1.6016e-06 1.4962e-06
