1.0020e-04 -6.1725e-07 -9.1440e-07 -1.1981e-06 -1.4644e-06 -1.7097e-06 -1.9310e-06 -2.1257e-06 -2.2922e-06 -2.4289e-06 -2.5355e-06 -2.6117e-06 -2.6583e-06 -2.6763e-06 -2.6673e-06 -2.6334e-06 -2.5768e-06 -2.5003e-06 -2.4065e-06 -2.2983e-06 -2.1786e-06 -2.0501e-06 -1.9157e-06 -1.7778e-06 -1.6388e-06 -1.5007e-06 -1.3654e-06 -1.2345e-06 -1.1091e-06 -9.9028e-07 -8.7883e-07 -7.7524e-07 -6.7978e-07 -5.9257e-07 -5.1354e-07 -4.4247e-07 -3.7904e-07 -3.2285e-07 -2.7344e-07 -2.3028e-07 -1.9285e-07 -1.6060e-07 -1.3301e-07 -1.0955e-07 -8.9728e-08 -7.3093e-08 -5.9218e-08 -4.7716e-08 -3.8240e-08 -3.0481e-08 -2.4166e-08 -1.9056e-08 -1.4946e-08 -1.1661e-08 -9.0488e-09 -6.9847e-09 -5.3629e-09 -4.0959e-09 -3.1118e-09 -2.3516e-09 -1.7679e-09 -1.3220e-09 -9.8344e-10 -7.2775e-10 -5.3573e-10 -3.9232e-10 -2.8580e-10 -2.0712e-10 -1.4932e-10 -1.0709e-10 -7.6411e-11 -5.4236e-11 -3.8298e-11 -2.6903e-11 -1.8801e-11 -1.3072e-11 -9.0414e-12 -6.2215e-12 -4.2591e-12 -2.9007e-12 -1.9654e-12 -1.3249e-12 -8.8849e-13 -5.9280e-13 -3.9349e-13 -2.5985e-13 -1.7073e-13 -1.1160e-13 -7.2573e-14 -4.6954e-14 -3.0224e-14 -1.9356e-14 -1.2333e-14 -7.8179e-15 -4.9306e-15 -3.0938e-15 -1.9314e-15 -1.1996e-15 -7.4130e-16 -4.5576e-16 0.0000e+00 6.1724e-07 9.1436e-07 1.1980e-06 1.4642e-06 1.7094e-06 1.9306e-06 2.1252e-06 2.2914e-06 2.4279e-06 2.5342e-06 2.6101e-06 2.6564e-06 2.6741e-06 2.6648e-06 2.6306e-06 2.5737e-06 2.4969e-06 2.4029e-06 2.2945e-06 2.1746e-06 2.0460e-06 1.9115e-06 1.7736e-06 1.6346e-06 1.4965e-06 1.3613e-06 1.2304e-06 1.1052e-06 9.8657e-07 8.7532e-07 7.7194e-07 6.7671e-07 5.8973e-07 5.1093e-07 4.4009e-07 3.7689e-07 3.2092e-07 2.7171e-07 2.2875e-07 1.9151e-07 1.5943e-07 1.3199e-07 1.0867e-07 8.8977e-08 7.2454e-08 5.8677e-08 4.7262e-08 3.7861e-08 3.0166e-08 2.3906e-08 1.8843e-08 1.4773e-08 1.1520e-08 8.9360e-09 6.8945e-09 5.2912e-09 4.0392e-09 3.0672e-09 2.3168e-09 1.7408e-09 1.3011e-09 9.6741e-10 7.1552e-10 5.2644e-10 3.8531e-10 2.8054e-10 2.0320e-10 1.4641e-10 1.0495e-10 7.4835e-11 5.3086e-11 3.7463e-11 2.6301e-11 1.8370e-11 1.2764e-11 8.8227e-12 6.0672e-12 4.1508e-12 2.8251e-12 1.9129e-12 1.2886e-12 8.6361e-13 5.7581e-13 3.8195e-13 2.5206e-13 1.6549e-13 1.0809e-13 7.0245e-14 4.5415e-14 2.9212e-14 1.8694e-14 1.1902e-14 7.5391e-15 4.7511e-15 2.9789e-15 1.8582e-15 1.1532e-15 7.1207e-16 4.3744e-16
-6.1725e-07 4.0079e-04 -1.8154e-06 -2.3789e-06 -2.9080e-06 -3.3957e-06 -3.8360e-06 -4.2240e-06 -4.5558e-06 -4.8291e-06 -5.0425e-06 -5.1961e-06 -5.2908e-06 -5.3288e-06 -5.3134e-06 -5.2483e-06 -5.1383e-06 -4.9884e-06 -4.8040e-06 -4.5908e-06 -4.3544e-06 -4.1005e-06 -3.8343e-06 -3.5609e-06 -3.2849e-06 -3.0106e-06 -2.7414e-06 -2.4805e-06 -2.2305e-06 -1.9934e-06 -1.7708e-06 -1.5635e-06 -1.3724e-06 -1.1976e-06 -1.0389e-06 -8.9614e-07 -7.6854e-07 -6.5537e-07 -5.5571e-07 -4.6857e-07 -3.9290e-07 -3.2762e-07 -2.7168e-07 -2.2405e-07 -1.8377e-07 -1.4991e-07 -1.2162e-07 -9.8140e-08 -7.8766e-08 -6.2878e-08 -4.9927e-08 -3.9431e-08 -3.0977e-08 -2.4206e-08 -1.8815e-08 -1.4547e-08 -1.1189e-08 -8.5600e-09 -6.5146e-09 -4.9320e-09 -3.7144e-09 -2.7827e-09 -2.0739e-09 -1.5376e-09 -1.1341e-09 -8.3210e-10 -6.0737e-10 -4.4104e-10 -3.1861e-10 -2.2897e-10 -1.6371e-10 -1.1644e-10 -8.2399e-11 -5.8008e-11 -4.0627e-11 -2.8309e-11 -1.9624e-11 -1.3534e-11 -9.2860e-12 -6.3389e-12 -4.3050e-12 -2.9088e-12 -1.9553e-12 -1.3077e-12 -8.7015e-13 -5.7604e-13 -3.7940e-13 -2.4861e-13 -1.6209e-13 -1.0514e-13 -6.7849e-14 -4.3564e-14 -2.7829e-14 -1.7688e-14 -1.1185e-14 -7.0370e-15 -4.4049e-15 -2.7434e-15 -1.6999e-15 -1.0480e-15 6.1724e-07 0.0000e+00 1.8151e-06 2.3782e-06 2.9068e-06 3.3936e-06 3.8329e-06 4.2194e-06 4.5497e-06 4.8211e-06 5.0324e-06 5.1836e-06 5.2759e-06 5.3115e-06 5.2935e-06 5.2260e-06 5.1137e-06 4.9615e-06 4.7752e-06 4.5603e-06 4.3226e-06 4.0676e-06 3.8007e-06 3.5270e-06 3.2510e-06 2.9770e-06 2.7084e-06 2.4485e-06 2.1996e-06 1.9639e-06 1.7428e-06 1.5373e-06 1.3479e-06 1.1749e-06 1.0181e-06 8.7714e-07 7.5135e-07 6.3992e-07 5.4193e-07 4.5636e-07 3.8215e-07 3.1823e-07 2.6352e-07 2.1702e-07 1.7774e-07 1.4478e-07 1.1728e-07 9.4494e-08 7.5721e-08 6.0351e-08 4.7841e-08 3.7722e-08 2.9584e-08 2.3077e-08 1.7906e-08 1.3820e-08 1.0610e-08 8.1025e-09 6.1549e-09 4.6509e-09 3.4959e-09 2.6139e-09 1.9442e-09 1.4386e-09 1.0588e-09 7.7530e-10 5.6472e-10 4.0920e-10 2.9497e-10 2.1152e-10 1.5090e-10 1.0709e-10 7.5609e-11 5.3106e-11 3.7108e-11 2.5795e-11 1.7839e-11 1.2273e-11 8.4008e-12 5.7205e-12 3.8754e-12 2.6119e-12 1.7514e-12 1.1683e-12 7.7537e-13 5.1196e-13 3.3630e-13 2.1979e-13 1.4291e-13 9.2443e-14 5.9495e-14 3.8095e-14 2.4268e-14 1.5381e-14 9.6984e-15 6.0843e-15 3.7976e-15 2.3583e-15 1.4570e-15 8.9561e-16
-9.1440e-07 -1.8154e-06 9.0178e-04 -3.5254e-06 -4.3106e-06 -5.0350e-06 -5.6898e-06 -6.2676e-06 -6.7631e-06 -7.1723e-06 -7.4934e-06 -7.7261e-06 -7.8720e-06 -7.9342e-06 -7.9171e-06 -7.8265e-06 -7.6689e-06 -7.4519e-06 -7.1832e-06 -6.8713e-06 -6.5244e-06 -6.1507e-06 -5.7581e-06 -5.3540e-06 -4.9452e-06 -4.5381e-06 -4.1379e-06 -3.7494e-06 -3.3764e-06 -3.0220e-06 -2.6886e-06 -2.3777e-06 -2.0905e-06 -1.8272e-06 -1.5879e-06 -1.3721e-06 -1.1789e-06 -1.0072e-06 -8.5564e-07 -7.2288e-07 -6.0735e-07 -5.0747e-07 -4.2170e-07 -3.4852e-07 -2.8648e-07 -2.3421e-07 -1.9045e-07 -1.5403e-07 -1.2391e-07 -9.9155e-08 -7.8922e-08 -6.2486e-08 -4.9211e-08 -3.8552e-08 -3.0044e-08 -2.3290e-08 -1.7960e-08 -1.3778e-08 -1.0515e-08 -7.9824e-09 -6.0285e-09 -4.5293e-09 -3.3854e-09 -2.5173e-09 -1.8621e-09 -1.3704e-09 -1.0033e-09 -7.3076e-10 -5.2953e-10 -3.8175e-10 -2.7380e-10 -1.9537e-10 -1.3869e-10 -9.7957e-11 -6.8832e-11 -4.8120e-11 -3.3469e-11 -2.3160e-11 -1.5945e-11 -1.0922e-11 -7.4431e-12 -5.0466e-12 -3.4044e-12 -2.2849e-12 -1.5258e-12 -1.0137e-12 -6.7007e-13 -4.4069e-13 -2.8836e-13 -1.8773e-13 -1.2160e-13 -7.8371e-14 -5.0253e-14 -3.2061e-14 -2.0351e-14 -1.2853e-14 -8.0765e-15 -5.0496e-15 -3.1411e-15 -1.9441e-15 9.1436e-07 1.8151e-06 0.0000e+00 3.5233e-06 4.3065e-06 5.0282e-06 5.6793e-06 6.2526e-06 6.7426e-06 7.1455e-06 7.4595e-06 7.6846e-06 7.8224e-06 7.8763e-06 7.8508e-06 7.7520e-06 7.5866e-06 7.3623e-06 7.0871e-06 6.7696e-06 6.4181e-06 6.0408e-06 5.6458e-06 5.2405e-06 4.8317e-06 4.4255e-06 4.0274e-06 3.6419e-06 3.2727e-06 2.9229e-06 2.5946e-06 2.2894e-06 2.0080e-06 1.7509e-06 1.5178e-06 1.3081e-06 1.1210e-06 9.5509e-07 8.0916e-07 6.8167e-07 5.7106e-07 4.7574e-07 3.9413e-07 3.2473e-07 2.6608e-07 2.1683e-07 1.7574e-07 1.4166e-07 1.1357e-07 9.0565e-08 7.1830e-08 5.6666e-08 4.4465e-08 3.4705e-08 2.6944e-08 2.0807e-08 1.5983e-08 1.2213e-08 9.2829e-09 7.0187e-09 5.2790e-09 3.9497e-09 2.9396e-09 2.1765e-09 1.6030e-09 1.1745e-09 8.5611e-10 6.2077e-10 4.4779e-10 3.2134e-10 2.2940e-10 1.6292e-10 1.1511e-10 8.0911e-11 5.6579e-11 3.9361e-11 2.7242e-11 1.8757e-11 1.2849e-11 8.7564e-12 5.9369e-12 4.0046e-12 2.6874e-12 1.7942e-12 1.1918e-12 7.8758e-13 5.1781e-13 3.3870e-13 2.2042e-13 1.4271e-13 9.1930e-14 5.8917e-14 3.7567e-14 2.3831e-14 1.5041e-14 9.4452e-15 5.9010e-15 3.6680e-15 2.2684e-15 1.3957e-15
-1.1981e-06 -2.3789e-06 -3.5254e-06 1.6032e-03 -5.6529e-06 -6.6055e-06 -7.4680e-06 -8.2310e-06 -8.8872e-06 -9.4314e-06 -9.8611e-06 -1.0176e-05 -1.0377e-05 -1.0470e-05 -1.0458e-05 -1.0350e-05 -1.0153e-05 -9.8783e-06 -9.5348e-06 -9.1334e-06 -8.6849e-06 -8.1999e-06 -7.6887e-06 -7.1609e-06 -6.6256e-06 -6.0910e-06 -5.5641e-06 -5.0513e-06 -4.5578e-06 -4.0877e-06 -3.6443e-06 -3.2300e-06 -2.8461e-06 -2.4934e-06 -2.1719e-06 -1.8812e-06 -1.6202e-06 -1.3877e-06 -1.1820e-06 -1.0012e-06 -8.4342e-07 -7.0665e-07 -5.8885e-07 -4.8804e-07 -4.0232e-07 -3.2988e-07 -2.6904e-07 -2.1826e-07 -1.7612e-07 -1.4137e-07 -1.1288e-07 -8.9659e-08 -7.0842e-08 -5.5681e-08 -4.3537e-08 -3.3865e-08 -2.6205e-08 -2.0172e-08 -1.5448e-08 -1.1769e-08 -8.9204e-09 -6.7263e-09 -5.0458e-09 -3.7658e-09 -2.7960e-09 -2.0654e-09 -1.5179e-09 -1.1098e-09 -8.0730e-10 -5.8426e-10 -4.2068e-10 -3.0136e-10 -2.1479e-10 -1.5231e-10 -1.0745e-10 -7.5425e-11 -5.2674e-11 -3.6600e-11 -2.5302e-11 -1.7403e-11 -1.1909e-11 -8.1087e-12 -5.4931e-12 -3.7024e-12 -2.4829e-12 -1.6566e-12 -1.0998e-12 -7.2642e-13 -4.7739e-13 -3.1215e-13 -2.0308e-13 -1.3145e-13 -8.4663e-14 -5.4253e-14 -3.4590e-14 -2.1943e-14 -1.3850e-14 -8.6982e-15 -5.4351e-15 -3.3791e-15 1.1980e-06 2.3782e-06 3.5233e-06 0.0000e+00 5.6435e-06 6.5897e-06 7.4437e-06 8.1960e-06 8.8394e-06 9.3689e-06 9.7821e-06 1.0079e-05 1.0262e-05 1.0334e-05 1.0303e-05 1.0176e-05 9.9609e-06 9.6689e-06 9.3100e-06 8.8954e-06 8.4360e-06 7.9426e-06 7.4256e-06 6.8949e-06 6.3593e-06 5.8269e-06 5.3047e-06 4.7989e-06 4.3142e-06 3.8547e-06 3.4233e-06 3.0219e-06 2.6518e-06 2.3134e-06 2.0064e-06 1.7301e-06 1.4833e-06 1.2645e-06 1.0719e-06 9.0352e-07 7.5735e-07 6.3131e-07 5.2334e-07 4.3145e-07 3.5375e-07 2.8846e-07 2.3395e-07 1.8871e-07 1.5140e-07 1.2081e-07 9.5890e-08 7.5702e-08 5.9446e-08 4.6433e-08 3.6077e-08 2.7882e-08 2.1435e-08 1.6392e-08 1.2470e-08 9.4360e-09 7.1031e-09 5.3190e-09 3.9623e-09 2.9362e-09 2.1646e-09 1.5874e-09 1.1581e-09 8.4055e-10 6.0690e-10 4.3594e-10 3.1152e-10 2.2146e-10 1.5663e-10 1.1021e-10 7.7143e-11 5.3722e-11 3.7220e-11 2.5655e-11 1.7593e-11 1.2002e-11 8.1466e-12 5.5012e-12 3.6959e-12 2.4703e-12 1.6428e-12 1.0869e-12 7.1540e-13 4.6851e-13 3.0526e-13 1.9788e-13 1.2762e-13 8.1890e-14 5.2279e-14 3.3206e-14 2.0984e-14 1.3194e-14 8.2535e-15 5.1369e-15 3.1809e-15 1.9598e-15
-1.4644e-06 -2.9080e-06 -4.3106e-06 -5.6529e-06 2.5049e-03 -8.0868e-06 -9.1483e-06 -1.0090e-05 -1.0903e-05 -1.1581e-05 -1.2120e-05 -1.2520e-05 -1.2783e-05 -1.2913e-05 -1.2915e-05 -1.2800e-05 -1.2576e-05 -1.2255e-05 -1.1848e-05 -1.1370e-05 -1.0831e-05 -1.0246e-05 -9.6265e-06 -8.9844e-06 -8.3308e-06 -7.6757e-06 -7.0280e-06 -6.3955e-06 -5.7849e-06 -5.2014e-06 -4.6493e-06 -4.1317e-06 -3.6506e-06 -3.2072e-06 -2.8017e-06 -2.4339e-06 -2.1026e-06 -1.8063e-06 -1.5433e-06 -1.3115e-06 -1.1084e-06 -9.3170e-07 -7.7898e-07 -6.4782e-07 -5.3588e-07 -4.4094e-07 -3.6090e-07 -2.9383e-07 -2.3797e-07 -1.9173e-07 -1.5366e-07 -1.2251e-07 -9.7169e-08 -7.6670e-08 -6.0183e-08 -4.6997e-08 -3.6511e-08 -2.8219e-08 -2.1698e-08 -1.6598e-08 -1.2632e-08 -9.5648e-09 -7.2051e-09 -5.3999e-09 -4.0263e-09 -2.9868e-09 -2.2045e-09 -1.6188e-09 -1.1826e-09 -8.5962e-10 -6.2167e-10 -4.4730e-10 -3.2021e-10 -2.2807e-10 -1.6163e-10 -1.1396e-10 -7.9942e-11 -5.5797e-11 -3.8747e-11 -2.6772e-11 -1.8405e-11 -1.2588e-11 -8.5670e-12 -5.8008e-12 -3.9080e-12 -2.6196e-12 -1.7471e-12 -1.1593e-12 -7.6545e-13 -5.0284e-13 -3.2867e-13 -2.1374e-13 -1.3831e-13 -8.9044e-14 -5.7040e-14 -3.6355e-14 -2.3055e-14 -1.4547e-14 -9.1331e-15 -5.7051e-15 1.4642e-06 2.9068e-06 4.3065e-06 5.6435e-06 0.0000e+00 8.0565e-06 9.1018e-06 1.0023e-05 1.0812e-05 1.1461e-05 1.1969e-05 1.2335e-05 1.2561e-05 1.2654e-05 1.2619e-05 1.2466e-05 1.2207e-05 1.1853e-05 1.1417e-05 1.0913e-05 1.0353e-05 9.7513e-06 9.1205e-06 8.4722e-06 7.8177e-06 7.1666e-06 6.5276e-06 5.9081e-06 5.3142e-06 4.7508e-06 4.2214e-06 3.7287e-06 3.2739e-06 2.8579e-06 2.4802e-06 2.1401e-06 1.8360e-06 1.5663e-06 1.3286e-06 1.1207e-06 9.4012e-07 7.8425e-07 6.5063e-07 5.3681e-07 4.4049e-07 3.5949e-07 2.9180e-07 2.3558e-07 1.8916e-07 1.5108e-07 1.2002e-07 9.4843e-08 7.4547e-08 5.8284e-08 4.5328e-08 3.5066e-08 2.6985e-08 2.0657e-08 1.5731e-08 1.1916e-08 8.9797e-09 6.7316e-09 5.0200e-09 3.7242e-09 2.7486e-09 2.0180e-09 1.4740e-09 1.0710e-09 7.7423e-10 5.5680e-10 3.9837e-10 2.8355e-10 2.0079e-10 1.4146e-10 9.9144e-11 6.9133e-11 4.7959e-11 3.3100e-11 2.2729e-11 1.5527e-11 1.0553e-11 7.1360e-12 4.8008e-12 3.2133e-12 2.1398e-12 1.4177e-12 9.3452e-13 6.1288e-13 3.9990e-13 2.5961e-13 1.6768e-13 1.0776e-13 6.8895e-14 4.3826e-14 2.7738e-14 1.7467e-14 1.0943e-14 6.8215e-15 4.2307e-15 2.6106e-15
-1.7097e-06 -3.3957e-06 -5.0350e-06 -6.6055e-06 -8.0868e-06 3.6071e-03 -1.0710e-05 -1.1823e-05 -1.2787e-05 -1.3597e-05 -1.4247e-05 -1.4737e-05 -1.5067e-05 -1.5242e-05 -1.5270e-05 -1.5160e-05 -1.4921e-05 -1.4568e-05 -1.4114e-05 -1.3572e-05 -1.2958e-05 -1.2286e-05 -1.1570e-05 -1.0825e-05 -1.0064e-05 -9.2969e-06 -8.5357e-06 -7.7895e-06 -7.0662e-06 -6.3724e-06 -5.7134e-06 -5.0932e-06 -4.5146e-06 -3.9792e-06 -3.4877e-06 -3.0401e-06 -2.6354e-06 -2.2721e-06 -1.9482e-06 -1.6615e-06 -1.4095e-06 -1.1892e-06 -9.9809e-07 -8.3324e-07 -6.9195e-07 -5.7160e-07 -4.6971e-07 -3.8397e-07 -3.1225e-07 -2.5260e-07 -2.0329e-07 -1.6276e-07 -1.2964e-07 -1.0273e-07 -8.0981e-08 -6.3512e-08 -4.9556e-08 -3.8469e-08 -2.9710e-08 -2.2828e-08 -1.7451e-08 -1.3272e-08 -1.0043e-08 -7.5606e-09 -5.6630e-09 -4.2202e-09 -3.1290e-09 -2.3082e-09 -1.6941e-09 -1.2371e-09 -8.9877e-10 -6.4969e-10 -4.6727e-10 -3.3437e-10 -2.3806e-10 -1.6864e-10 -1.1886e-10 -8.3347e-11 -5.8153e-11 -4.0370e-11 -2.7884e-11 -1.9163e-11 -1.3103e-11 -8.9142e-12 -6.0341e-12 -4.0640e-12 -2.7233e-12 -1.8158e-12 -1.2046e-12 -7.9509e-13 -5.2217e-13 -3.4121e-13 -2.2184e-13 -1.4351e-13 -9.2371e-14 -5.9156e-14 -3.7695e-14 -2.3899e-14 -1.5076e-14 -9.4625e-15 1.7094e-06 3.3936e-06 5.0282e-06 6.5897e-06 8.0565e-06 0.0000e+00 1.0632e-05 1.1710e-05 1.2634e-05 1.3396e-05 1.3993e-05 1.4424e-05 1.4693e-05 1.4806e-05 1.4770e-05 1.4596e-05 1.4298e-05 1.3889e-05 1.3384e-05 1.2798e-05 1.2147e-05 1.1447e-05 1.0712e-05 9.9559e-06 9.1918e-06 8.4311e-06 7.6840e-06 6.9590e-06 6.2635e-06 5.6032e-06 4.9822e-06 4.4037e-06 3.8695e-06 3.3802e-06 2.9358e-06 2.5352e-06 2.1768e-06 1.8585e-06 1.5779e-06 1.3321e-06 1.1184e-06 9.3385e-07 7.7546e-07 6.4041e-07 5.2601e-07 4.2971e-07 3.4915e-07 2.8217e-07 2.2681e-07 1.8135e-07 1.4422e-07 1.1409e-07 8.9775e-08 7.0270e-08 5.4713e-08 4.2377e-08 3.2650e-08 2.5024e-08 1.9079e-08 1.4471e-08 1.0919e-08 8.1955e-09 6.1197e-09 4.5460e-09 3.3595e-09 2.4699e-09 1.8065e-09 1.3144e-09 9.5152e-10 6.8526e-10 4.9098e-10 3.4997e-10 2.4818e-10 1.7510e-10 1.2291e-10 8.5830e-11 5.9633e-11 4.1220e-11 2.8347e-11 1.9395e-11 1.3203e-11 8.9419e-12 6.0252e-12 4.0393e-12 2.6942e-12 1.7879e-12 1.1805e-12 7.7546e-13 5.0682e-13 3.2957e-13 2.1322e-13 1.3725e-13 8.7904e-14 5.6013e-14 3.5512e-14 2.2401e-14 1.4059e-14 8.7790e-15 5.4543e-15 3.3716e-15
-1.9310e-06 -3.8360e-06 -5.6898e-06 -7.4680e-06 -9.1483e-06 -1.0710e-05 4.9096e-03 -1.3410e-05 -1.4520e-05 -1.5459e-05 -1.6221e-05 -1.6803e-05 -1.7208e-05 -1.7439e-05 -1.7504e-05 -1.7412e-05 -1.7174e-05 -1.6805e-05 -1.6319e-05 -1.5731e-05 -1.5057e-05 -1.4314e-05 -1.3518e-05 -1.2683e-05 -1.1825e-05 -1.0957e-05 -1.0092e-05 -9.2389e-06 -8.4085e-06 -7.6084e-06 -6.8451e-06 -6.1235e-06 -5.4472e-06 -4.8187e-06 -4.2393e-06 -3.7092e-06 -3.2277e-06 -2.7936e-06 -2.4049e-06 -2.0592e-06 -1.7539e-06 -1.4859e-06 -1.2523e-06 -1.0498e-06 -8.7549e-07 -7.2631e-07 -5.9941e-07 -4.9212e-07 -4.0195e-07 -3.2660e-07 -2.6401e-07 -2.1232e-07 -1.6987e-07 -1.3521e-07 -1.0708e-07 -8.4361e-08 -6.6125e-08 -5.1567e-08 -4.0009e-08 -3.0884e-08 -2.3719e-08 -1.8124e-08 -1.3778e-08 -1.0421e-08 -7.8423e-09 -5.8717e-09 -4.3741e-09 -3.2419e-09 -2.3906e-09 -1.7540e-09 -1.2804e-09 -9.2996e-10 -6.7203e-10 -4.8318e-10 -3.4565e-10 -2.4602e-10 -1.7423e-10 -1.2276e-10 -8.6063e-11 -6.0031e-11 -4.1663e-11 -2.8769e-11 -1.9766e-11 -1.3512e-11 -9.1901e-12 -6.2193e-12 -4.1876e-12 -2.8055e-12 -1.8701e-12 -1.2403e-12 -8.1848e-13 -5.3740e-13 -3.5108e-13 -2.2820e-13 -1.4759e-13 -9.4972e-14 -6.0807e-14 -3.8737e-14 -2.4554e-14 -1.5485e-14 1.9306e-06 3.8329e-06 5.6793e-06 7.4437e-06 9.1018e-06 1.0632e-05 0.0000e+00 1.3236e-05 1.4284e-05 1.5149e-05 1.5829e-05 1.6322e-05 1.6632e-05 1.6765e-05 1.6731e-05 1.6542e-05 1.6211e-05 1.5754e-05 1.5189e-05 1.4532e-05 1.3800e-05 1.3012e-05 1.2184e-05 1.1331e-05 1.0468e-05 9.6083e-06 8.7629e-06 7.9420e-06 7.1536e-06 6.4043e-06 5.6992e-06 5.0416e-06 4.4337e-06 3.8765e-06 3.3698e-06 2.9126e-06 2.5032e-06 2.1393e-06 1.8181e-06 1.5365e-06 1.2913e-06 1.0794e-06 8.9725e-07 7.4181e-07 6.0999e-07 4.9888e-07 4.0582e-07 3.2836e-07 2.6426e-07 2.1155e-07 1.6845e-07 1.3343e-07 1.0513e-07 8.2394e-08 6.4238e-08 4.9821e-08 3.8438e-08 2.9501e-08 2.2524e-08 1.7108e-08 1.2927e-08 9.7171e-09 7.2665e-09 5.4059e-09 4.0010e-09 2.9460e-09 2.1580e-09 1.5727e-09 1.1402e-09 8.2248e-10 5.9023e-10 4.2140e-10 2.9932e-10 2.1153e-10 1.4872e-10 1.0403e-10 7.2398e-11 5.0128e-11 3.4532e-11 2.3668e-11 1.6139e-11 1.0949e-11 7.3908e-12 4.9635e-12 3.3164e-12 2.2047e-12 1.4583e-12 9.5966e-13 6.2834e-13 4.0933e-13 2.6530e-13 1.7109e-13 1.0977e-13 7.0077e-14 4.4510e-14 2.8128e-14 1.7686e-14 1.1064e-14 6.8869e-15 4.2651e-15
-2.1257e-06 -4.2240e-06 -6.2676e-06 -8.2310e-06 -1.0090e-05 -1.1823e-05 -1.3410e-05 6.4124e-03 -1.6084e-05 -1.7149e-05 -1.8023e-05 -1.8702e-05 -1.9188e-05 -1.9485e-05 -1.9599e-05 -1.9540e-05 -1.9320e-05 -1.8952e-05 -1.8452e-05 -1.7836e-05 -1.7121e-05 -1.6324e-05 -1.5463e-05 -1.4555e-05 -1.3615e-05 -1.2658e-05 -1.1698e-05 -1.0747e-05 -9.8164e-06 -8.9151e-06 -8.0508e-06 -7.2297e-06 -6.4564e-06 -5.7341e-06 -5.0649e-06 -4.4496e-06 -3.8880e-06 -3.3792e-06 -2.9213e-06 -2.5121e-06 -2.1488e-06 -1.8285e-06 -1.5477e-06 -1.3032e-06 -1.0917e-06 -9.0973e-07 -7.5419e-07 -6.2201e-07 -5.1035e-07 -4.1659e-07 -3.3831e-07 -2.7333e-07 -2.1970e-07 -1.7569e-07 -1.3978e-07 -1.1065e-07 -8.7137e-08 -6.8274e-08 -5.3222e-08 -4.1278e-08 -3.1852e-08 -2.4454e-08 -1.8679e-08 -1.4195e-08 -1.0734e-08 -8.0748e-09 -6.0440e-09 -4.5011e-09 -3.3351e-09 -2.4586e-09 -1.8034e-09 -1.3161e-09 -9.5562e-10 -6.9038e-10 -4.9625e-10 -3.5491e-10 -2.5254e-10 -1.7880e-10 -1.2595e-10 -8.8276e-11 -6.1559e-11 -4.2712e-11 -2.9486e-11 -2.0253e-11 -1.3842e-11 -9.4121e-12 -6.3679e-12 -4.2866e-12 -2.8711e-12 -1.9133e-12 -1.2687e-12 -8.3698e-13 -5.4941e-13 -3.5883e-13 -2.3318e-13 -1.5077e-13 -9.6995e-14 -6.2087e-14 -3.9542e-14 -2.5058e-14 2.1252e-06 4.2194e-06 6.2526e-06 8.1960e-06 1.0023e-05 1.1710e-05 1.3236e-05 0.0000e+00 1.5743e-05 1.6702e-05 1.7457e-05 1.8007e-05 1.8356e-05 1.8511e-05 1.8482e-05 1.8281e-05 1.7925e-05 1.7430e-05 1.6813e-05 1.6096e-05 1.5295e-05 1.4431e-05 1.3522e-05 1.2584e-05 1.1635e-05 1.0687e-05 9.7548e-06 8.8483e-06 7.9767e-06 7.1476e-06 6.3664e-06 5.6371e-06 4.9622e-06 4.3429e-06 3.7791e-06 3.2698e-06 2.8132e-06 2.4068e-06 2.0477e-06 1.7326e-06 1.4578e-06 1.2200e-06 1.0154e-06 8.4053e-07 6.9204e-07 5.6672e-07 4.6161e-07 3.7399e-07 3.0140e-07 2.4161e-07 1.9266e-07 1.5282e-07 1.2058e-07 9.4641e-08 7.3896e-08 5.7397e-08 4.4350e-08 3.4091e-08 2.6069e-08 1.9832e-08 1.5009e-08 1.1300e-08 8.4640e-09 6.3071e-09 4.6757e-09 3.4485e-09 2.5304e-09 1.8472e-09 1.3415e-09 9.6934e-10 6.9682e-10 4.9837e-10 3.5462e-10 2.5105e-10 1.7682e-10 1.2391e-10 8.6386e-11 5.9921e-11 4.1353e-11 2.8394e-11 1.9397e-11 1.3184e-11 8.9156e-12 5.9986e-12 4.0155e-12 2.6744e-12 1.7722e-12 1.1684e-12 7.6646e-13 5.0024e-13 3.2483e-13 2.0987e-13 1.3491e-13 8.6283e-14 5.4905e-14 3.4762e-14 2.1898e-14 1.3725e-14 8.5587e-15 5.3102e-15
-2.2922e-06 -4.5558e-06 -6.7631e-06 -8.8872e-06 -1.0903e-05 -1.2787e-05 -1.4520e-05 -1.6084e-05 8.1156e-03 -1.8651e-05 -1.9636e-05 -2.0416e-05 -2.0991e-05 -2.1363e-05 -2.1540e-05 -2.1529e-05 -2.1343e-05 -2.0995e-05 -2.0500e-05 -1.9875e-05 -1.9139e-05 -1.8308e-05 -1.7400e-05 -1.6435e-05 -1.5428e-05 -1.4396e-05 -1.3353e-05 -1.2315e-05 -1.1292e-05 -1.0296e-05 -9.3353e-06 -8.4175e-06 -7.5483e-06 -6.7321e-06 -5.9717e-06 -5.2688e-06 -4.6239e-06 -4.0364e-06 -3.5049e-06 -3.0275e-06 -2.6014e-06 -2.2235e-06 -1.8907e-06 -1.5994e-06 -1.3459e-06 -1.1268e-06 -9.3848e-07 -7.7762e-07 -6.4103e-07 -5.2572e-07 -4.2894e-07 -3.4819e-07 -2.8120e-07 -2.2594e-07 -1.8062e-07 -1.4365e-07 -1.1367e-07 -8.9487e-08 -7.0093e-08 -5.4623e-08 -4.2351e-08 -3.2670e-08 -2.5075e-08 -1.9147e-08 -1.4547e-08 -1.0997e-08 -8.2704e-09 -6.1887e-09 -4.6075e-09 -3.4130e-09 -2.5155e-09 -1.8446e-09 -1.3458e-09 -9.7692e-10 -7.0558e-10 -5.0704e-10 -3.6253e-10 -2.5790e-10 -1.8254e-10 -1.2855e-10 -9.0077e-11 -6.2798e-11 -4.3561e-11 -3.0064e-11 -2.0645e-11 -1.4105e-11 -9.5889e-12 -6.4858e-12 -4.3649e-12 -2.9227e-12 -1.9472e-12 -1.2908e-12 -8.5136e-13 -5.5870e-13 -3.6480e-13 -2.3700e-13 -1.5320e-13 -9.8532e-14 -6.3054e-14 -4.0148e-14 2.2914e-06 4.5497e-06 6.7426e-06 8.8394e-06 1.0812e-05 1.2634e-05 1.4284e-05 1.5743e-05 0.0000e+00 1.8040e-05 1.8862e-05 1.9465e-05 1.9851e-05 2.0028e-05 2.0006e-05 1.9800e-05 1.9425e-05 1.8899e-05 1.8243e-05 1.7476e-05 1.6619e-05 1.5692e-05 1.4714e-05 1.3705e-05 1.2681e-05 1.1659e-05 1.0651e-05 9.6703e-06 8.7262e-06 7.8269e-06 6.9786e-06 6.1857e-06 5.4510e-06 4.7760e-06 4.1607e-06 3.6042e-06 3.1046e-06 2.6594e-06 2.2654e-06 1.9192e-06 1.6170e-06 1.3549e-06 1.1292e-06 9.3605e-07 7.7175e-07 6.3290e-07 5.1626e-07 4.1888e-07 3.3808e-07 2.7142e-07 2.1676e-07 1.7220e-07 1.3609e-07 1.0698e-07 8.3668e-08 6.5093e-08 5.0380e-08 3.8790e-08 2.9712e-08 2.2641e-08 1.7164e-08 1.2945e-08 9.7132e-09 7.2506e-09 5.3847e-09 3.9784e-09 2.9244e-09 2.1387e-09 1.5560e-09 1.1264e-09 8.1119e-10 5.8123e-10 4.1434e-10 2.9386e-10 2.0736e-10 1.4558e-10 1.0168e-10 7.0664e-11 4.8858e-11 3.3610e-11 2.3003e-11 1.5664e-11 1.0613e-11 7.1536e-12 4.7977e-12 3.2013e-12 2.1253e-12 1.4038e-12 9.2256e-13 6.0322e-13 3.9242e-13 2.5400e-13 1.6357e-13 1.0480e-13 6.6810e-14 4.2374e-14 2.6740e-14 1.6789e-14 1.0487e-14 6.5180e-15
-2.4289e-06 -4.8291e-06 -7.1723e-06 -9.4314e-06 -1.1581e-05 -1.3597e-05 -1.5459e-05 -1.7149e-05 -1.8651e-05 1.0019e-02 -2.1050e-05 -2.1933e-05 -2.2602e-05 -2.3060e-05 -2.3311e-05 -2.3364e-05 -2.3229e-05 -2.2919e-05 -2.2450e-05 -2.1838e-05 -2.1100e-05 -2.0254e-05 -1.9320e-05 -1.8315e-05 -1.7259e-05 -1.6167e-05 -1.5056e-05 -1.3941e-05 -1.2836e-05 -1.1752e-05 -1.0701e-05 -9.6902e-06 -8.7274e-06 -7.8178e-06 -6.9656e-06 -6.1733e-06 -5.4421e-06 -4.7722e-06 -4.1629e-06 -3.6123e-06 -3.1182e-06 -2.6778e-06 -2.2876e-06 -1.9442e-06 -1.6438e-06 -1.3827e-06 -1.1570e-06 -9.6327e-07 -7.9784e-07 -6.5744e-07 -5.3897e-07 -4.3960e-07 -3.5672e-07 -2.8800e-07 -2.3133e-07 -1.8486e-07 -1.4698e-07 -1.1627e-07 -9.1506e-08 -7.1652e-08 -5.5822e-08 -4.3268e-08 -3.3368e-08 -2.5603e-08 -1.9545e-08 -1.4846e-08 -1.1219e-08 -8.4353e-09 -6.3103e-09 -4.6968e-09 -3.4782e-09 -2.5628e-09 -1.8787e-09 -1.3703e-09 -9.9448e-10 -7.1807e-10 -5.1587e-10 -3.6874e-10 -2.6225e-10 -1.8557e-10 -1.3065e-10 -9.1520e-11 -6.3788e-11 -4.4235e-11 -3.0521e-11 -2.0953e-11 -1.4312e-11 -9.7267e-12 -6.5772e-12 -4.4252e-12 -2.9623e-12 -1.9731e-12 -1.3076e-12 -8.6219e-13 -5.6566e-13 -3.6925e-13 -2.3983e-13 -1.5498e-13 -9.9653e-14 -6.3754e-14 2.4279e-06 4.8211e-06 7.1455e-06 9.3689e-06 1.1461e-05 1.3396e-05 1.5149e-05 1.6702e-05 1.8040e-05 0.0000e+00 2.0033e-05 2.0683e-05 2.1103e-05 2.1303e-05 2.1292e-05 2.1085e-05 2.0699e-05 2.0153e-05 1.9467e-05 1.8662e-05 1.7760e-05 1.6783e-05 1.5751e-05 1.4684e-05 1.3600e-05 1.2515e-05 1.1445e-05 1.0402e-05 9.3963e-06 8.4372e-06 7.5312e-06 6.6832e-06 5.8965e-06 5.1726e-06 4.5118e-06 3.9133e-06 3.3753e-06 2.8951e-06 2.4695e-06 2.0950e-06 1.7676e-06 1.4833e-06 1.2380e-06 1.0278e-06 8.4867e-07 6.9705e-07 5.6947e-07 4.6279e-07 3.7412e-07 3.0084e-07 2.4065e-07 1.9150e-07 1.5159e-07 1.1938e-07 9.3519e-08 7.2883e-08 5.6507e-08 4.3584e-08 3.3444e-08 2.5530e-08 1.9389e-08 1.4650e-08 1.1012e-08 8.2353e-09 6.1272e-09 4.5354e-09 3.3400e-09 2.4471e-09 1.7838e-09 1.2936e-09 9.3339e-10 6.7003e-10 4.7854e-10 3.4003e-10 2.4039e-10 1.6908e-10 1.1832e-10 8.2376e-11 5.7062e-11 3.9326e-11 2.6965e-11 1.8395e-11 1.2485e-11 8.4312e-12 5.6646e-12 3.7865e-12 2.5182e-12 1.6662e-12 1.0969e-12 7.1843e-13 4.6816e-13 3.0352e-13 1.9578e-13 1.2564e-13 8.0219e-14 5.0957e-14 3.2205e-14 2.0250e-14 1.2667e-14 7.8839e-15
-2.5355e-06 -5.0425e-06 -7.4934e-06 -9.8611e-06 -1.2120e-05 -1.4247e-05 -1.6221e-05 -1.8023e-05 -1.9636e-05 -2.1050e-05 1.2123e-02 -2.3241e-05 -2.4011e-05 -2.4563e-05 -2.4901e-05 -2.5032e-05 -2.4965e-05 -2.4713e-05 -2.4289e-05 -2.3709e-05 -2.2991e-05 -2.2152e-05 -2.1212e-05 -2.0188e-05 -1.9099e-05 -1.7964e-05 -1.6799e-05 -1.5621e-05 -1.4444e-05 -1.3283e-05 -1.2148e-05 -1.1049e-05 -9.9960e-06 -8.9949e-06 -8.0509e-06 -7.1679e-06 -6.3482e-06 -5.5927e-06 -4.9014e-06 -4.2731e-06 -3.7060e-06 -3.1976e-06 -2.7446e-06 -2.3437e-06 -1.9910e-06 -1.6827e-06 -1.4148e-06 -1.1835e-06 -9.8496e-07 -8.1552e-07 -6.7178e-07 -5.5055e-07 -4.4890e-07 -3.6416e-07 -2.9390e-07 -2.3600e-07 -1.8854e-07 -1.4986e-07 -1.1851e-07 -9.3243e-08 -7.2991e-08 -5.6848e-08 -4.4051e-08 -3.3962e-08 -2.6051e-08 -1.9882e-08 -1.5097e-08 -1.1405e-08 -8.5731e-09 -6.4116e-09 -4.7708e-09 -3.5320e-09 -2.6017e-09 -1.9067e-09 -1.3904e-09 -1.0087e-09 -7.2814e-10 -5.2296e-10 -3.7371e-10 -2.6570e-10 -1.8796e-10 -1.3230e-10 -9.2649e-11 -6.4556e-11 -4.4755e-11 -3.0872e-11 -2.1188e-11 -1.4468e-11 -9.8304e-12 -6.6455e-12 -4.4699e-12 -2.9914e-12 -1.9919e-12 -1.3197e-12 -8.6997e-13 -5.7061e-13 -3.7238e-13 -2.4180e-13 -1.5622e-13 -1.0042e-13 2.5342e-06 5.0324e-06 7.4595e-06 9.7821e-06 1.1969e-05 1.3993e-05 1.5829e-05 1.7457e-05 1.8862e-05 2.0033e-05 0.0000e+00 2.1655e-05 2.2107e-05 2.2329e-05 2.2331e-05 2.2129e-05 2.1739e-05 2.1181e-05 2.0476e-05 1.9646e-05 1.8713e-05 1.7700e-05 1.6627e-05 1.5516e-05 1.4385e-05 1.3252e-05 1.2131e-05 1.1038e-05 9.9825e-06 8.9742e-06 8.0203e-06 7.1262e-06 6.2954e-06 5.5298e-06 4.8300e-06 4.1951e-06 3.6234e-06 3.1124e-06 2.6588e-06 2.2590e-06 1.9088e-06 1.6043e-06 1.3411e-06 1.1151e-06 9.2229e-07 7.5875e-07 6.2092e-07 5.0545e-07 4.0929e-07 3.2969e-07 2.6419e-07 2.1060e-07 1.6700e-07 1.3175e-07 1.0340e-07 8.0727e-08 6.2702e-08 4.8451e-08 3.7247e-08 2.8486e-08 2.1674e-08 1.6407e-08 1.2356e-08 9.2573e-09 6.9004e-09 5.1173e-09 3.7756e-09 2.7714e-09 2.0239e-09 1.4705e-09 1.0630e-09 7.6447e-10 5.4699e-10 3.8938e-10 2.7578e-10 1.9432e-10 1.3622e-10 9.5012e-11 6.5930e-11 4.5516e-11 3.1263e-11 2.1363e-11 1.4524e-11 9.8239e-12 6.6108e-12 4.4259e-12 2.9480e-12 1.9535e-12 1.2879e-12 8.4474e-13 5.5123e-13 3.5785e-13 2.3112e-13 1.4850e-13 9.4926e-14 6.0367e-14 3.8192e-14 2.4038e-14 1.5051e-14 9.3752e-15
-2.6117e-06 -5.1961e-06 -7.7261e-06 -1.0176e-05 -1.2520e-05 -1.4737e-05 -1.6803e-05 -1.8702e-05 -2.0416e-05 -2.1933e-05 -2.3241e-05 1.4427e-02 -2.5209e-05 -2.5862e-05 -2.6298e-05 -2.6520e-05 -2.6538e-05 -2.6361e-05 -2.6002e-05 -2.5476e-05 -2.4799e-05 -2.3988e-05 -2.3062e-05 -2.2039e-05 -2.0938e-05 -1.9777e-05 -1.8575e-05 -1.7348e-05 -1.6113e-05 -1.4883e-05 -1.3673e-05 -1.2493e-05 -1.1355e-05 -1.0265e-05 -9.2302e-06 -8.2564e-06 -7.3465e-06 -6.5028e-06 -5.7259e-06 -5.0157e-06 -4.3708e-06 -3.7891e-06 -3.2679e-06 -2.8039e-06 -2.3933e-06 -2.0324e-06 -1.7171e-06 -1.4433e-06 -1.2069e-06 -1.0041e-06 -8.3108e-07 -6.8437e-07 -5.6069e-07 -4.5703e-07 -3.7063e-07 -2.9904e-07 -2.4005e-07 -1.9171e-07 -1.5234e-07 -1.2043e-07 -9.4727e-08 -7.4131e-08 -5.7718e-08 -4.4712e-08 -3.4462e-08 -2.6426e-08 -2.0162e-08 -1.5305e-08 -1.1559e-08 -8.6864e-09 -6.4944e-09 -4.8310e-09 -3.5755e-09 -2.6330e-09 -1.9291e-09 -1.4063e-09 -1.0200e-09 -7.3606e-10 -5.2850e-10 -3.7755e-10 -2.6836e-10 -1.8979e-10 -1.3355e-10 -9.3498e-11 -6.5130e-11 -4.5140e-11 -3.1129e-11 -2.1358e-11 -1.4581e-11 -9.9042e-12 -6.6936e-12 -4.5011e-12 -3.0115e-12 -2.0048e-12 -1.3279e-12 -8.7512e-13 -5.7384e-13 -3.7439e-13 -2.4304e-13 -1.5698e-13 2.6101e-06 5.1836e-06 7.6846e-06 1.0079e-05 1.2335e-05 1.4424e-05 1.6322e-05 1.8007e-05 1.9465e-05 2.0683e-05 2.1655e-05 0.0000e+00 2.2861e-05 2.3105e-05 2.3123e-05 2.2930e-05 2.2543e-05 2.1983e-05 2.1269e-05 2.0425e-05 1.9474e-05 1.8437e-05 1.7337e-05 1.6196e-05 1.5032e-05 1.3863e-05 1.2706e-05 1.1575e-05 1.0481e-05 9.4346e-06 8.4429e-06 7.5119e-06 6.6453e-06 5.8454e-06 5.1130e-06 4.4475e-06 3.8472e-06 3.3097e-06 2.8318e-06 2.4098e-06 2.0396e-06 1.7170e-06 1.4377e-06 1.1974e-06 9.9205e-07 8.1755e-07 6.7020e-07 5.4653e-07 4.4334e-07 3.5776e-07 2.8720e-07 2.2936e-07 1.8221e-07 1.4401e-07 1.1323e-07 8.8568e-08 6.8920e-08 5.3356e-08 4.1093e-08 3.1487e-08 2.4002e-08 1.8203e-08 1.3734e-08 1.0309e-08 7.6986e-09 5.7198e-09 4.2278e-09 3.1091e-09 2.2746e-09 1.6556e-09 1.1989e-09 8.6375e-10 6.1910e-10 4.4147e-10 3.1319e-10 2.2105e-10 1.5522e-10 1.0843e-10 7.5358e-11 5.2104e-11 3.5840e-11 2.4526e-11 1.6698e-11 1.1309e-11 7.6201e-12 5.1078e-12 3.4061e-12 2.2596e-12 1.4912e-12 9.7902e-13 6.3940e-13 4.1542e-13 2.6849e-13 1.7262e-13 1.1040e-13 7.0234e-14 4.4447e-14 2.7979e-14 1.7519e-14 1.0912e-14
-2.6583e-06 -5.2908e-06 -7.8720e-06 -1.0377e-05 -1.2783e-05 -1.5067e-05 -1.7208e-05 -1.9188e-05 -2.0991e-05 -2.2602e-05 -2.4011e-05 -2.5209e-05 1.6931e-02 -2.6951e-05 -2.7493e-05 -2.7820e-05 -2.7937e-05 -2.7852e-05 -2.7577e-05 -2.7125e-05 -2.6510e-05 -2.5748e-05 -2.4857e-05 -2.3856e-05 -2.2762e-05 -2.1595e-05 -2.0372e-05 -1.9112e-05 -1.7832e-05 -1.6547e-05 -1.5272e-05 -1.4019e-05 -1.2801e-05 -1.1627e-05 -1.0504e-05 -9.4405e-06 -8.4400e-06 -7.5063e-06 -6.6411e-06 -5.8452e-06 -5.1180e-06 -4.4581e-06 -3.8633e-06 -3.3307e-06 -2.8567e-06 -2.4375e-06 -2.0693e-06 -1.7476e-06 -1.4684e-06 -1.2275e-06 -1.0209e-06 -8.4472e-07 -6.9538e-07 -5.6953e-07 -4.6408e-07 -3.7623e-07 -3.0346e-07 -2.4352e-07 -1.9443e-07 -1.5445e-07 -1.2206e-07 -9.5979e-08 -7.5088e-08 -5.8446e-08 -4.5262e-08 -3.4874e-08 -2.6735e-08 -2.0392e-08 -1.5475e-08 -1.1684e-08 -8.7773e-09 -6.5604e-09 -4.8787e-09 -3.6098e-09 -2.6574e-09 -1.9465e-09 -1.4185e-09 -1.0286e-09 -7.4204e-10 -5.3264e-10 -3.8041e-10 -2.7032e-10 -1.9112e-10 -1.3445e-10 -9.4101e-11 -6.5532e-11 -4.5407e-11 -3.1304e-11 -2.1473e-11 -1.4656e-11 -9.9522e-12 -6.7244e-12 -4.5206e-12 -3.0238e-12 -2.0124e-12 -1.3326e-12 -8.7803e-13 -5.7561e-13 -3.7545e-13 -2.4367e-13 2.6564e-06 5.2759e-06 7.8224e-06 1.0262e-05 1.2561e-05 1.4693e-05 1.6632e-05 1.8356e-05 1.9851e-05 2.1103e-05 2.2107e-05 2.2861e-05 0.0000e+00 2.3633e-05 2.3669e-05 2.3489e-05 2.3113e-05 2.2557e-05 2.1845e-05 2.0999e-05 2.0041e-05 1.8994e-05 1.7880e-05 1.6722e-05 1.5539e-05 1.4348e-05 1.3167e-05 1.2011e-05 1.0890e-05 9.8162e-06 8.7968e-06 7.8380e-06 6.9440e-06 6.1174e-06 5.3591e-06 4.6688e-06 4.0451e-06 3.4856e-06 2.9872e-06 2.5463e-06 2.1588e-06 1.8204e-06 1.5270e-06 1.2740e-06 1.0574e-06 8.7296e-07 7.1691e-07 5.8568e-07 4.7598e-07 3.8480e-07 3.0948e-07 2.4761e-07 1.9708e-07 1.5605e-07 1.2293e-07 9.6332e-08 7.5103e-08 5.8250e-08 4.4947e-08 3.4503e-08 2.6350e-08 2.0020e-08 1.5132e-08 1.1379e-08 8.5130e-09 6.3360e-09 4.6915e-09 3.4559e-09 2.5327e-09 1.8465e-09 1.3393e-09 9.6642e-10 6.9376e-10 4.9545e-10 3.5200e-10 2.4879e-10 1.7493e-10 1.2236e-10 8.5144e-11 5.8939e-11 4.0586e-11 2.7803e-11 1.8946e-11 1.2843e-11 8.6600e-12 5.8087e-12 3.8757e-12 2.5722e-12 1.6981e-12 1.1151e-12 7.2829e-13 4.7313e-13 3.0571e-13 1.9647e-13 1.2558e-13 7.9829e-14 5.0469e-14 3.1732e-14 1.9841e-14 1.2337e-14
-2.6763e-06 -5.3288e-06 -7.9342e-06 -1.0470e-05 -1.2913e-05 -1.5242e-05 -1.7439e-05 -1.9485e-05 -2.1363e-05 -2.3060e-05 -2.4563e-05 -2.5862e-05 -2.6951e-05 1.9636e-02 -2.8482e-05 -2.8923e-05 -2.9152e-05 -2.9175e-05 -2.9001e-05 -2.8641e-05 -2.8107e-05 -2.7416e-05 -2.6582e-05 -2.5623e-05 -2.4557e-05 -2.3402e-05 -2.2178e-05 -2.0902e-05 -1.9592e-05 -1.8265e-05 -1.6936e-05 -1.5621e-05 -1.4331e-05 -1.3078e-05 -1.1872e-05 -1.0720e-05 -9.6300e-06 -8.6056e-06 -7.6502e-06 -6.7656e-06 -5.9524e-06 -5.2099e-06 -4.5364e-06 -3.9297e-06 -3.3867e-06 -2.9037e-06 -2.4768e-06 -2.1018e-06 -1.7745e-06 -1.4905e-06 -1.2456e-06 -1.0356e-06 -8.5658e-07 -7.0492e-07 -5.7715e-07 -4.7014e-07 -3.8102e-07 -3.0722e-07 -2.4646e-07 -1.9671e-07 -1.5621e-07 -1.2342e-07 -9.7016e-08 -7.5875e-08 -5.9040e-08 -4.5708e-08 -3.5208e-08 -2.6982e-08 -2.0574e-08 -1.5608e-08 -1.1781e-08 -8.8479e-09 -6.6113e-09 -4.9151e-09 -3.6357e-09 -2.6757e-09 -1.9593e-09 -1.4275e-09 -1.0348e-09 -7.4631e-10 -5.3556e-10 -3.8239e-10 -2.7165e-10 -1.9201e-10 -1.3504e-10 -9.4490e-11 -6.5786e-11 -4.5571e-11 -3.1409e-11 -2.1540e-11 -1.4697e-11 -9.9781e-12 -6.7402e-12 -4.5301e-12 -3.0294e-12 -2.0157e-12 -1.3345e-12 -8.7904e-13 -5.7614e-13 -3.7571e-13 2.6741e-06 5.3115e-06 7.8763e-06 1.0334e-05 1.2654e-05 1.4806e-05 1.6765e-05 1.8511e-05 2.0028e-05 2.1303e-05 2.2329e-05 2.3105e-05 2.3633e-05 0.0000e+00 2.3974e-05 2.3813e-05 2.3451e-05 2.2910e-05 2.2209e-05 2.1370e-05 2.0417e-05 1.9372e-05 1.8258e-05 1.7096e-05 1.5906e-05 1.4707e-05 1.3514e-05 1.2344e-05 1.1208e-05 1.0118e-05 9.0805e-06 8.1031e-06 7.1900e-06 6.3442e-06 5.5667e-06 4.8577e-06 4.2158e-06 3.6388e-06 3.1239e-06 2.6674e-06 2.2654e-06 1.9138e-06 1.6082e-06 1.3442e-06 1.1177e-06 9.2442e-07 7.6058e-07 6.2251e-07 5.0685e-07 4.1053e-07 3.3079e-07 2.6515e-07 2.1144e-07 1.6773e-07 1.3237e-07 1.0393e-07 8.1173e-08 6.3073e-08 4.8756e-08 3.7494e-08 2.8685e-08 2.1832e-08 1.6530e-08 1.2451e-08 9.3306e-09 6.9557e-09 5.1584e-09 3.8057e-09 2.7931e-09 2.0393e-09 1.4812e-09 1.0702e-09 7.6922e-10 5.4999e-10 3.9118e-10 2.7676e-10 1.9478e-10 1.3636e-10 9.4953e-11 6.5770e-11 4.5314e-11 3.1053e-11 2.1166e-11 1.4349e-11 9.6754e-12 6.4884e-12 4.3275e-12 2.8704e-12 1.8935e-12 1.2421e-12 8.1024e-13 5.2557e-13 3.3899e-13 2.1740e-13 1.3862e-13 8.7874e-14 5.5379e-14 3.4694e-14 2.1605e-14 1.3372e-14
-2.6673e-06 -5.3134e-06 -7.9171e-06 -1.0458e-05 -1.2915e-05 -1.5270e-05 -1.7504e-05 -1.9599e-05 -2.1540e-05 -2.3311e-05 -2.4901e-05 -2.6298e-05 -2.7493e-05 -2.8482e-05 2.2541e-02 -2.9822e-05 -3.0174e-05 -3.0319e-05 -3.0261e-05 -3.0011e-05 -2.9578e-05 -2.8976e-05 -2.8219e-05 -2.7323e-05 -2.6305e-05 -2.5184e-05 -2.3977e-05 -2.2703e-05 -2.1380e-05 -2.0026e-05 -1.8657e-05 -1.7289e-05 -1.5937e-05 -1.4613e-05 -1.3329e-05 -1.2094e-05 -1.0916e-05 -9.8016e-06 -8.7553e-06 -7.7801e-06 -6.8778e-06 -6.0487e-06 -5.2922e-06 -4.6064e-06 -3.9889e-06 -3.4364e-06 -2.9453e-06 -2.5114e-06 -2.1305e-06 -1.7981e-06 -1.5098e-06 -1.2612e-06 -1.0482e-06 -8.6676e-07 -7.1306e-07 -5.8362e-07 -4.7525e-07 -3.8504e-07 -3.1036e-07 -2.4890e-07 -1.9860e-07 -1.5766e-07 -1.2452e-07 -9.7852e-08 -7.6505e-08 -5.9512e-08 -4.6060e-08 -3.5468e-08 -2.7173e-08 -2.0714e-08 -1.5710e-08 -1.1854e-08 -8.9002e-09 -6.6484e-09 -4.9413e-09 -3.6540e-09 -2.6885e-09 -1.9681e-09 -1.4335e-09 -1.0388e-09 -7.4906e-10 -5.3739e-10 -3.8359e-10 -2.7244e-10 -1.9252e-10 -1.3536e-10 -9.4692e-11 -6.5910e-11 -4.5646e-11 -3.1453e-11 -2.1565e-11 -1.4711e-11 -9.9850e-12 -6.7433e-12 -4.5311e-12 -3.0294e-12 -2.0153e-12 -1.3339e-12 -8.7846e-13 -5.7563e-13 2.6648e-06 5.2935e-06 7.8508e-06 1.0303e-05 1.2619e-05 1.4770e-05 1.6731e-05 1.8482e-05 2.0006e-05 2.1292e-05 2.2331e-05 2.3123e-05 2.3669e-05 2.3974e-05 0.0000e+00 2.3909e-05 2.3569e-05 2.3048e-05 2.2366e-05 2.1545e-05 2.0608e-05 1.9577e-05 1.8474e-05 1.7320e-05 1.6136e-05 1.4940e-05 1.3748e-05 1.2576e-05 1.1436e-05 1.0339e-05 9.2935e-06 8.3064e-06 7.3824e-06 6.5247e-06 5.7348e-06 5.0129e-06 4.3581e-06 3.7683e-06 3.2407e-06 2.7721e-06 2.3587e-06 1.9962e-06 1.6805e-06 1.4073e-06 1.1723e-06 9.7140e-07 8.0073e-07 6.5660e-07 5.3560e-07 4.3463e-07 3.5085e-07 2.8176e-07 2.2509e-07 1.7889e-07 1.4143e-07 1.1124e-07 8.7038e-08 6.7748e-08 5.2459e-08 4.0409e-08 3.0966e-08 2.3605e-08 1.7901e-08 1.3504e-08 1.0134e-08 7.5649e-09 5.6176e-09 4.1497e-09 3.0492e-09 2.2287e-09 1.6203e-09 1.1718e-09 8.4291e-10 6.0309e-10 4.2919e-10 3.0379e-10 2.1386e-10 1.4974e-10 1.0427e-10 7.2210e-11 4.9732e-11 3.4060e-11 2.3197e-11 1.5710e-11 1.0579e-11 7.0830e-12 4.7150e-12 3.1205e-12 2.0530e-12 1.3427e-12 8.7285e-13 5.6395e-13 3.6212e-13 2.3105e-13 1.4648e-13 9.2260e-14 5.7721e-14 3.5865e-14 2.2128e-14 1.3554e-14
-2.6334e-06 -5.2483e-06 -7.8265e-06 -1.0350e-05 -1.2800e-05 -1.5160e-05 -1.7412e-05 -1.9540e-05 -2.1529e-05 -2.3364e-05 -2.5032e-05 -2.6520e-05 -2.7820e-05 -2.8923e-05 -2.9822e-05 2.5646e-02 -3.0998e-05 -3.1275e-05 -3.1347e-05 -3.1222e-05 -3.0907e-05 -3.0413e-05 -2.9752e-05 -2.8939e-05 -2.7990e-05 -2.6921e-05 -2.5751e-05 -2.4498e-05 -2.3180e-05 -2.1814e-05 -2.0420e-05 -1.9014e-05 -1.7611e-05 -1.6225e-05 -1.4870e-05 -1.3557e-05 -1.2296e-05 -1.1093e-05 -9.9567e-06 -8.8902e-06 -7.8969e-06 -6.9784e-06 -6.1348e-06 -5.3655e-06 -4.6685e-06 -4.0412e-06 -3.4802e-06 -2.9817e-06 -2.5415e-06 -2.1553e-06 -1.8184e-06 -1.5263e-06 -1.2746e-06 -1.0590e-06 -8.7535e-07 -7.1988e-07 -5.8901e-07 -4.7948e-07 -3.8834e-07 -3.1292e-07 -2.5087e-07 -2.0011e-07 -1.5881e-07 -1.2539e-07 -9.8504e-08 -7.6991e-08 -5.9872e-08 -4.6325e-08 -3.5661e-08 -2.7314e-08 -2.0814e-08 -1.5782e-08 -1.1905e-08 -8.9359e-09 -6.6733e-09 -4.9584e-09 -3.6657e-09 -2.6963e-09 -1.9733e-09 -1.4369e-09 -1.0411e-09 -7.5047e-10 -5.3827e-10 -3.8413e-10 -2.7275e-10 -1.9269e-10 -1.3545e-10 -9.4732e-11 -6.5923e-11 -4.5644e-11 -3.1445e-11 -2.1554e-11 -1.4700e-11 -9.9756e-12 -6.7355e-12 -4.5250e-12 -3.0247e-12 -2.0117e-12 -1.3312e-12 -8.7653e-13 2.6306e-06 5.2260e-06 7.7520e-06 1.0176e-05 1.2466e-05 1.4596e-05 1.6542e-05 1.8281e-05 1.9800e-05 2.1085e-05 2.2129e-05 2.2930e-05 2.3489e-05 2.3813e-05 2.3909e-05 0.0000e+00 2.3478e-05 2.2983e-05 2.2327e-05 2.1533e-05 2.0622e-05 1.9615e-05 1.8534e-05 1.7400e-05 1.6233e-05 1.5052e-05 1.3872e-05 1.2708e-05 1.1574e-05 1.0481e-05 9.4362e-06 8.4479e-06 7.5209e-06 6.6585e-06 5.8626e-06 5.1337e-06 4.4711e-06 3.8729e-06 3.3368e-06 2.8596e-06 2.4376e-06 2.0668e-06 1.7432e-06 1.4625e-06 1.2206e-06 1.0133e-06 8.3683e-07 6.8747e-07 5.6182e-07 4.5674e-07 3.6938e-07 2.9717e-07 2.3782e-07 1.8934e-07 1.4995e-07 1.1814e-07 9.2585e-08 7.2181e-08 5.5978e-08 4.3184e-08 3.3140e-08 2.5297e-08 1.9209e-08 1.4508e-08 1.0900e-08 8.1453e-09 6.0543e-09 4.4760e-09 3.2913e-09 2.4071e-09 1.7509e-09 1.2666e-09 9.1122e-10 6.5195e-10 4.6386e-10 3.2819e-10 2.3089e-10 1.6152e-10 1.1234e-10 7.7689e-11 5.3411e-11 3.6503e-11 2.4799e-11 1.6746e-11 1.1239e-11 7.4955e-12 4.9675e-12 3.2709e-12 2.1395e-12 1.3901e-12 8.9691e-13 5.7459e-13 3.6541e-13 2.3061e-13 1.4439e-13 8.9653e-14 5.5182e-14 3.3651e-14 2.0318e-14 1.2137e-14
-2.5768e-06 -5.1383e-06 -7.6689e-06 -1.0153e-05 -1.2576e-05 -1.4921e-05 -1.7174e-05 -1.9320e-05 -2.1343e-05 -2.3229e-05 -2.4965e-05 -2.6538e-05 -2.7937e-05 -2.9152e-05 -3.0174e-05 -3.0998e-05 2.8951e-02 -3.2037e-05 -3.2250e-05 -3.2263e-05 -3.2080e-05 -3.1711e-05 -3.1164e-05 -3.0454e-05 -2.9592e-05 -2.8597e-05 -2.7483e-05 -2.6269e-05 -2.4974e-05 -2.3616e-05 -2.2212e-05 -2.0781e-05 -1.9340e-05 -1.7904e-05 -1.6488e-05 -1.5104e-05 -1.3764e-05 -1.2478e-05 -1.1253e-05 -1.0096e-05 -9.0112e-06 -8.0012e-06 -7.0678e-06 -6.2111e-06 -5.4301e-06 -4.7229e-06 -4.0868e-06 -3.5182e-06 -3.0132e-06 -2.5674e-06 -2.1765e-06 -1.8356e-06 -1.5402e-06 -1.2858e-06 -1.0679e-06 -8.8243e-07 -7.2546e-07 -5.9338e-07 -4.8288e-07 -3.9097e-07 -3.1494e-07 -2.5241e-07 -2.0127e-07 -1.5968e-07 -1.2604e-07 -9.8986e-08 -7.7346e-08 -6.0130e-08 -4.6511e-08 -3.5794e-08 -2.7408e-08 -2.0880e-08 -1.5827e-08 -1.1937e-08 -8.9569e-09 -6.6872e-09 -4.9675e-09 -3.6715e-09 -2.6999e-09 -1.9754e-09 -1.4381e-09 -1.0417e-09 -7.5073e-10 -5.3832e-10 -3.8407e-10 -2.7265e-10 -1.9258e-10 -1.3534e-10 -9.4633e-11 -6.5839e-11 -4.5577e-11 -3.1392e-11 -2.1513e-11 -1.4669e-11 -9.9525e-12 -6.7185e-12 -4.5127e-12 -3.0158e-12 -2.0054e-12 -1.3268e-12 2.5737e-06 5.1137e-06 7.5866e-06 9.9609e-06 1.2207e-05 1.4298e-05 1.6211e-05 1.7925e-05 1.9425e-05 2.0699e-05 2.1739e-05 2.2543e-05 2.3113e-05 2.3451e-05 2.3569e-05 2.3478e-05 0.0000e+00 2.2728e-05 2.2106e-05 2.1346e-05 2.0469e-05 1.9495e-05 1.8446e-05 1.7343e-05 1.6203e-05 1.5046e-05 1.3888e-05 1.2744e-05 1.1625e-05 1.0544e-05 9.5097e-06 8.5284e-06 7.6058e-06 6.7456e-06 5.9500e-06 5.2196e-06 4.5542e-06 3.9522e-06 3.4114e-06 2.9290e-06 2.5014e-06 2.1249e-06 1.7955e-06 1.5092e-06 1.2619e-06 1.0496e-06 8.6835e-07 7.1467e-07 5.8510e-07 4.7650e-07 3.8603e-07 3.1109e-07 2.4938e-07 1.9886e-07 1.5774e-07 1.2446e-07 9.7685e-08 7.6262e-08 5.9221e-08 4.5743e-08 3.5143e-08 2.6854e-08 2.0410e-08 1.5429e-08 1.1599e-08 8.6730e-09 6.4492e-09 4.7692e-09 3.5072e-09 2.5647e-09 1.8649e-09 1.3483e-09 9.6925e-10 6.9272e-10 4.9218e-10 3.4763e-10 2.4406e-10 1.7031e-10 1.1811e-10 8.1398e-11 5.5738e-11 3.7919e-11 2.5625e-11 1.7199e-11 1.1462e-11 7.5840e-12 4.9805e-12 3.2453e-12 2.0975e-12 1.3441e-12 8.5359e-13 5.3687e-13 3.3418e-13 2.0567e-13 1.2501e-13 7.4932e-14 4.4198e-14 2.5583e-14 1.4474e-14 7.9555e-15
