1.0040e-04 -4.9900e-04 -4.9801e-04 -4.9661e-04 -4.9483e-04 -4.9266e-04 -4.9011e-04 -4.8718e-04 -4.8388e-04 -4.8021e-04 -4.7620e-04 -4.7184e-04 -4.6715e-04 -4.6213e-04 -4.5681e-04 -4.5118e-04 -4.4527e-04 -4.3908e-04 -4.3264e-04 -4.2594e-04 -4.1902e-04 -4.1188e-04 -4.0453e-04 -3.9700e-04 -3.8930e-04 -3.8145e-04 -3.7345e-04 -3.6533e-04 -3.5710e-04 -3.4877e-04 -3.4037e-04 -3.3191e-04 -3.2339e-04 -3.1485e-04 -3.0628e-04 -2.9771e-04 -2.8915e-04 -2.8061e-04 -2.7210e-04 -2.6364e-04 -2.5524e-04 -2.4691e-04 -2.3866e-04 -2.3051e-04 -2.2245e-04 -2.1450e-04 -2.0667e-04 -1.9897e-04 -1.9140e-04 -1.8398e-04 -1.7670e-04 -1.6957e-04 -1.6260e-04 -1.5579e-04 -1.4915e-04 -1.4267e-04 -1.3637e-04 -1.3024e-04 -1.2429e-04 -1.1852e-04 -1.1292e-04 -1.0750e-04 -1.0226e-04 -9.7202e-05 -9.2316e-05 -8.7606e-05 -8.3070e-05 -7.8706e-05 -7.4511e-05 -7.0484e-05 -6.6621e-05 -6.2919e-05 -5.9376e-05 -5.5987e-05 -5.2750e-05 -4.9660e-05 -4.6713e-05 -4.3907e-05 -4.1236e-05 -3.8696e-05 -3.6284e-05 -3.3995e-05 -3.1825e-05 -2.9770e-05 -2.7825e-05 -2.5987e-05 -2.4250e-05 -2.2612e-05 -2.1067e-05 -1.9612e-05 -1.8243e-05 -1.6956e-05 -1.5748e-05 -1.4613e-05 -1.3550e-05 -1.2554e-05 -1.1622e-05 -1.0750e-05 -9.9359e-06 -9.1761e-06 0.0000e+00 -4.9900e-04 -4.9800e-04 -4.9661e-04 -4.9483e-04 -4.9266e-04 -4.9010e-04 -4.8717e-04 -4.8387e-04 -4.8021e-04 -4.7619e-04 -4.7183e-04 -4.6714e-04 -4.6212e-04 -4.5679e-04 -4.5116e-04 -4.4525e-04 -4.3906e-04 -4.3261e-04 -4.2592e-04 -4.1899e-04 -4.1184e-04 -4.0450e-04 -3.9697e-04 -3.8926e-04 -3.8141e-04 -3.7341e-04 -3.6528e-04 -3.5705e-04 -3.4872e-04 -3.4032e-04 -3.3185e-04 -3.2334e-04 -3.1479e-04 -3.0622e-04 -2.9765e-04 -2.8908e-04 -2.8054e-04 -2.7203e-04 -2.6357e-04 -2.5517e-04 -2.4684e-04 -2.3859e-04 -2.3043e-04 -2.2238e-04 -2.1443e-04 -2.0660e-04 -1.9890e-04 -1.9133e-04 -1.8390e-04 -1.7662e-04 -1.6950e-04 -1.6253e-04 -1.5572e-04 -1.4908e-04 -1.4260e-04 -1.3630e-04 -1.3017e-04 -1.2422e-04 -1.1845e-04 -1.1286e-04 -1.0744e-04 -1.0220e-04 -9.7138e-05 -9.2254e-05 -8.7545e-05 -8.3011e-05 -7.8648e-05 -7.4455e-05 -7.0429e-05 -6.6567e-05 -6.2867e-05 -5.9325e-05 -5.5938e-05 -5.2702e-05 -4.9614e-05 -4.6669e-05 -4.3864e-05 -4.1195e-05 -3.8657e-05 -3.6246e-05 -3.3959e-05 -3.1790e-05 -2.9736e-05 -2.7793e-05 -2.5956e-05 -2.4221e-05 -2.2584e-05 -2.1040e-05 -1.9587e-05 -1.8219e-05 -1.6933e-05 -1.5726e-05 -1.4593e-05 -1.3530e-05 -1.2535e-05 -1.1604e-05 -1.0734e-05 -9.9204e-06 -9.1615e-06
-4.9900e-04 4.0159e-04 -4.9741e-04 -4.9602e-04 -4.9425e-04 -4.9208e-04 -4.8953e-04 -4.8661e-04 -4.8332e-04 -4.7967e-04 -4.7567e-04 -4.7132e-04 -4.6665e-04 -4.6165e-04 -4.5633e-04 -4.5072e-04 -4.4483e-04 -4.3866e-04 -4.3223e-04 -4.2555e-04 -4.1865e-04 -4.1153e-04 -4.0420e-04 -3.9669e-04 -3.8901e-04 -3.8117e-04 -3.7320e-04 -3.6510e-04 -3.5689e-04 -3.4858e-04 -3.4020e-04 -3.3175e-04 -3.2326e-04 -3.1473e-04 -3.0618e-04 -2.9763e-04 -2.8909e-04 -2.8056e-04 -2.7207e-04 -2.6363e-04 -2.5524e-04 -2.4693e-04 -2.3869e-04 -2.3055e-04 -2.2251e-04 -2.1457e-04 -2.0675e-04 -1.9906e-04 -1.9150e-04 -1.8409e-04 -1.7681e-04 -1.6969e-04 -1.6273e-04 -1.5593e-04 -1.4929e-04 -1.4282e-04 -1.3653e-04 -1.3040e-04 -1.2446e-04 -1.1868e-04 -1.1309e-04 -1.0767e-04 -1.0243e-04 -9.7372e-05 -9.2486e-05 -8.7776e-05 -8.3239e-05 -7.8873e-05 -7.4677e-05 -7.0648e-05 -6.6782e-05 -6.3078e-05 -5.9532e-05 -5.6140e-05 -5.2900e-05 -4.9806e-05 -4.6857e-05 -4.4046e-05 -4.1371e-05 -3.8828e-05 -3.6412e-05 -3.4119e-05 -3.1945e-05 -2.9885e-05 -2.7936e-05 -2.6094e-05 -2.4353e-05 -2.2710e-05 -2.1162e-05 -1.9703e-05 -1.8330e-05 -1.7039e-05 -1.5827e-05 -1.4689e-05 -1.3621e-05 -1.2622e-05 -1.1686e-05 -1.0811e-05 -9.9940e-06 -9.2311e-06 -4.9900e-04 0.0000e+00 -4.9741e-04 -4.9602e-04 -4.9424e-04 -4.9207e-04 -4.8952e-04 -4.8659e-04 -4.8330e-04 -4.7964e-04 -4.7563e-04 -4.7128e-04 -4.6660e-04 -4.6159e-04 -4.5627e-04 -4.5065e-04 -4.4474e-04 -4.3857e-04 -4.3213e-04 -4.2545e-04 -4.1853e-04 -4.1140e-04 -4.0407e-04 -3.9655e-04 -3.8886e-04 -3.8101e-04 -3.7302e-04 -3.6491e-04 -3.5669e-04 -3.4838e-04 -3.3999e-04 -3.3154e-04 -3.2303e-04 -3.1450e-04 -3.0594e-04 -2.9738e-04 -2.8883e-04 -2.8030e-04 -2.7181e-04 -2.6336e-04 -2.5497e-04 -2.4665e-04 -2.3841e-04 -2.3026e-04 -2.2222e-04 -2.1428e-04 -2.0646e-04 -1.9877e-04 -1.9121e-04 -1.8379e-04 -1.7652e-04 -1.6940e-04 -1.6244e-04 -1.5564e-04 -1.4900e-04 -1.4254e-04 -1.3624e-04 -1.3012e-04 -1.2418e-04 -1.1841e-04 -1.1282e-04 -1.0741e-04 -1.0217e-04 -9.7117e-05 -9.2237e-05 -8.7532e-05 -8.3000e-05 -7.8641e-05 -7.4450e-05 -7.0427e-05 -6.6568e-05 -6.2870e-05 -5.9330e-05 -5.5944e-05 -5.2710e-05 -4.9623e-05 -4.6679e-05 -4.3875e-05 -4.1207e-05 -3.8670e-05 -3.6260e-05 -3.3973e-05 -3.1805e-05 -2.9751e-05 -2.7808e-05 -2.5971e-05 -2.4236e-05 -2.2599e-05 -2.1055e-05 -1.9601e-05 -1.8233e-05 -1.6947e-05 -1.5740e-05 -1.4606e-05 -1.3543e-05 -1.2548e-05 -1.1616e-05 -1.0745e-05 -9.9318e-06 -9.1725e-06
-4.9801e-04 -4.9741e-04 9.0358e-04 -4.9504e-04 -4.9327e-04 -4.9112e-04 -4.8859e-04 -4.8568e-04 -4.8240e-04 -4.7877e-04 -4.7479e-04 -4.7046e-04 -4.6581e-04 -4.6083e-04 -4.5554e-04 -4.4996e-04 -4.4409e-04 -4.3795e-04 -4.3155e-04 -4.2491e-04 -4.1803e-04 -4.1094e-04 -4.0365e-04 -3.9617e-04 -3.8853e-04 -3.8072e-04 -3.7278e-04 -3.6471e-04 -3.5653e-04 -3.4826e-04 -3.3991e-04 -3.3150e-04 -3.2303e-04 -3.1454e-04 -3.0602e-04 -2.9750e-04 -2.8898e-04 -2.8049e-04 -2.7202e-04 -2.6361e-04 -2.5525e-04 -2.4696e-04 -2.3875e-04 -2.3062e-04 -2.2260e-04 -2.1469e-04 -2.0689e-04 -1.9921e-04 -1.9167e-04 -1.8427e-04 -1.7701e-04 -1.6990e-04 -1.6295e-04 -1.5616e-04 -1.4953e-04 -1.4307e-04 -1.3679e-04 -1.3067e-04 -1.2472e-04 -1.1896e-04 -1.1337e-04 -1.0795e-04 -1.0271e-04 -9.7654e-05 -9.2769e-05 -8.8057e-05 -8.3519e-05 -7.9152e-05 -7.4953e-05 -7.0920e-05 -6.7051e-05 -6.3343e-05 -5.9792e-05 -5.6396e-05 -5.3150e-05 -5.0051e-05 -4.7095e-05 -4.4278e-05 -4.1597e-05 -3.9047e-05 -3.6624e-05 -3.4325e-05 -3.2144e-05 -3.0077e-05 -2.8122e-05 -2.6272e-05 -2.4525e-05 -2.2875e-05 -2.1320e-05 -1.9854e-05 -1.8475e-05 -1.7177e-05 -1.5958e-05 -1.4814e-05 -1.3741e-05 -1.2735e-05 -1.1794e-05 -1.0914e-05 -1.0091e-05 -9.3228e-06 -4.9800e-04 -4.9741e-04 0.0000e+00 -4.9503e-04 -4.9325e-04 -4.9109e-04 -4.8855e-04 -4.8563e-04 -4.8235e-04 -4.7870e-04 -4.7471e-04 -4.7037e-04 -4.6569e-04 -4.6070e-04 -4.5540e-04 -4.4980e-04 -4.4391e-04 -4.3775e-04 -4.3133e-04 -4.2466e-04 -4.1777e-04 -4.1066e-04 -4.0334e-04 -3.9585e-04 -3.8818e-04 -3.8035e-04 -3.7239e-04 -3.6430e-04 -3.5610e-04 -3.4781e-04 -3.3944e-04 -3.3101e-04 -3.2253e-04 -3.1401e-04 -3.0548e-04 -2.9694e-04 -2.8841e-04 -2.7990e-04 -2.7143e-04 -2.6300e-04 -2.5463e-04 -2.4633e-04 -2.3811e-04 -2.2998e-04 -2.2195e-04 -2.1403e-04 -2.0623e-04 -1.9856e-04 -1.9101e-04 -1.8361e-04 -1.7635e-04 -1.6925e-04 -1.6230e-04 -1.5551e-04 -1.4889e-04 -1.4243e-04 -1.3615e-04 -1.3004e-04 -1.2410e-04 -1.1834e-04 -1.1276e-04 -1.0736e-04 -1.0213e-04 -9.7082e-05 -9.2208e-05 -8.7509e-05 -8.2983e-05 -7.8629e-05 -7.4443e-05 -7.0424e-05 -6.6569e-05 -6.2874e-05 -5.9338e-05 -5.5955e-05 -5.2723e-05 -4.9638e-05 -4.6697e-05 -4.3894e-05 -4.1227e-05 -3.8691e-05 -3.6282e-05 -3.3996e-05 -3.1829e-05 -2.9775e-05 -2.7833e-05 -2.5996e-05 -2.4261e-05 -2.2623e-05 -2.1080e-05 -1.9626e-05 -1.8257e-05 -1.6971e-05 -1.5762e-05 -1.4628e-05 -1.3565e-05 -1.2569e-05 -1.1637e-05 -1.0765e-05 -9.9508e-06 -9.1908e-06
-4.9661e-04 -4.9602e-04 -4.9504e-04 1.6064e-03 -4.9191e-04 -4.8978e-04 -4.8726e-04 -4.8437e-04 -4.8112e-04 -4.7751e-04 -4.7356e-04 -4.6926e-04 -4.6464e-04 -4.5969e-04 -4.5444e-04 -4.4890e-04 -4.4307e-04 -4.3696e-04 -4.3061e-04 -4.2400e-04 -4.1717e-04 -4.1013e-04 -4.0288e-04 -3.9545e-04 -3.8785e-04 -3.8009e-04 -3.7219e-04 -3.6417e-04 -3.5604e-04 -3.4781e-04 -3.3951e-04 -3.3114e-04 -3.2272e-04 -3.1427e-04 -3.0579e-04 -2.9731e-04 -2.8884e-04 -2.8038e-04 -2.7196e-04 -2.6358e-04 -2.5525e-04 -2.4699e-04 -2.3882e-04 -2.3072e-04 -2.2273e-04 -2.1484e-04 -2.0707e-04 -1.9942e-04 -1.9191e-04 -1.8452e-04 -1.7729e-04 -1.7020e-04 -1.6326e-04 -1.5649e-04 -1.4987e-04 -1.4342e-04 -1.3714e-04 -1.3104e-04 -1.2510e-04 -1.1934e-04 -1.1375e-04 -1.0834e-04 -1.0311e-04 -9.8048e-05 -9.3163e-05 -8.8451e-05 -8.3911e-05 -7.9540e-05 -7.5338e-05 -7.1301e-05 -6.7427e-05 -6.3713e-05 -6.0156e-05 -5.6752e-05 -5.3499e-05 -5.0392e-05 -4.7428e-05 -4.4603e-05 -4.1913e-05 -3.9354e-05 -3.6922e-05 -3.4613e-05 -3.2422e-05 -3.0346e-05 -2.8381e-05 -2.6522e-05 -2.4764e-05 -2.3106e-05 -2.1541e-05 -2.0066e-05 -1.8677e-05 -1.7371e-05 -1.6143e-05 -1.4990e-05 -1.3908e-05 -1.2895e-05 -1.1945e-05 -1.1057e-05 -1.0227e-05 -9.4513e-06 -4.9661e-04 -4.9602e-04 -4.9503e-04 0.0000e+00 -4.9188e-04 -4.8973e-04 -4.8720e-04 -4.8429e-04 -4.8102e-04 -4.7739e-04 -4.7341e-04 -4.6909e-04 -4.6444e-04 -4.5946e-04 -4.5418e-04 -4.4860e-04 -4.4274e-04 -4.3660e-04 -4.3021e-04 -4.2357e-04 -4.1670e-04 -4.0962e-04 -4.0234e-04 -3.9487e-04 -3.8723e-04 -3.7943e-04 -3.7150e-04 -3.6344e-04 -3.5527e-04 -3.4701e-04 -3.3867e-04 -3.3027e-04 -3.2182e-04 -3.1334e-04 -3.0484e-04 -2.9633e-04 -2.8783e-04 -2.7935e-04 -2.7090e-04 -2.6250e-04 -2.5416e-04 -2.4589e-04 -2.3769e-04 -2.2959e-04 -2.2158e-04 -2.1369e-04 -2.0591e-04 -1.9826e-04 -1.9073e-04 -1.8335e-04 -1.7611e-04 -1.6903e-04 -1.6210e-04 -1.5533e-04 -1.4872e-04 -1.4228e-04 -1.3601e-04 -1.2992e-04 -1.2400e-04 -1.1825e-04 -1.1268e-04 -1.0729e-04 -1.0207e-04 -9.7033e-05 -9.2168e-05 -8.7477e-05 -8.2959e-05 -7.8612e-05 -7.4433e-05 -7.0420e-05 -6.6570e-05 -6.2881e-05 -5.9348e-05 -5.5970e-05 -5.2741e-05 -4.9660e-05 -4.6721e-05 -4.3921e-05 -4.1256e-05 -3.8721e-05 -3.6314e-05 -3.4029e-05 -3.1862e-05 -2.9809e-05 -2.7867e-05 -2.6030e-05 -2.4295e-05 -2.2658e-05 -2.1114e-05 -1.9659e-05 -1.8291e-05 -1.7004e-05 -1.5794e-05 -1.4660e-05 -1.3595e-05 -1.2599e-05 -1.1665e-05 -1.0793e-05 -9.9774e-06 -9.2164e-06
-4.9483e-04 -4.9425e-04 -4.9327e-04 -4.9191e-04 2.5099e-03 -4.8805e-04 -4.8556e-04 -4.8270e-04 -4.7948e-04 -4.7590e-04 -4.7198e-04 -4.6772e-04 -4.6314e-04 -4.5824e-04 -4.5303e-04 -4.4753e-04 -4.4175e-04 -4.3570e-04 -4.2939e-04 -4.2285e-04 -4.1607e-04 -4.0908e-04 -4.0189e-04 -3.9452e-04 -3.8697e-04 -3.7927e-04 -3.7144e-04 -3.6347e-04 -3.5540e-04 -3.4723e-04 -3.3899e-04 -3.3068e-04 -3.2231e-04 -3.1392e-04 -3.0550e-04 -2.9707e-04 -2.8865e-04 -2.8024e-04 -2.7187e-04 -2.6353e-04 -2.5525e-04 -2.4704e-04 -2.3890e-04 -2.3085e-04 -2.2290e-04 -2.1505e-04 -2.0731e-04 -1.9969e-04 -1.9220e-04 -1.8485e-04 -1.7764e-04 -1.7057e-04 -1.6366e-04 -1.5690e-04 -1.5030e-04 -1.4387e-04 -1.3760e-04 -1.3151e-04 -1.2558e-04 -1.1983e-04 -1.1425e-04 -1.0884e-04 -1.0361e-04 -9.8553e-05 -9.3668e-05 -8.8955e-05 -8.4413e-05 -8.0039e-05 -7.5832e-05 -7.1790e-05 -6.7909e-05 -6.4188e-05 -6.0622e-05 -5.7210e-05 -5.3947e-05 -5.0830e-05 -4.7856e-05 -4.5020e-05 -4.2318e-05 -3.9748e-05 -3.7304e-05 -3.4983e-05 -3.2780e-05 -3.0692e-05 -2.8714e-05 -2.6842e-05 -2.5073e-05 -2.3402e-05 -2.1825e-05 -2.0338e-05 -1.8937e-05 -1.7619e-05 -1.6380e-05 -1.5216e-05 -1.4124e-05 -1.3099e-05 -1.2140e-05 -1.1242e-05 -1.0402e-05 -9.6168e-06 -4.9483e-04 -4.9424e-04 -4.9325e-04 -4.9188e-04 0.0000e+00 -4.8798e-04 -4.8546e-04 -4.8257e-04 -4.7932e-04 -4.7571e-04 -4.7175e-04 -4.6745e-04 -4.6282e-04 -4.5788e-04 -4.5262e-04 -4.4707e-04 -4.4124e-04 -4.3513e-04 -4.2877e-04 -4.2217e-04 -4.1534e-04 -4.0829e-04 -4.0104e-04 -3.9361e-04 -3.8601e-04 -3.7825e-04 -3.7036e-04 -3.6234e-04 -3.5421e-04 -3.4599e-04 -3.3769e-04 -3.2933e-04 -3.2092e-04 -3.1247e-04 -3.0401e-04 -2.9554e-04 -2.8708e-04 -2.7863e-04 -2.7022e-04 -2.6186e-04 -2.5355e-04 -2.4531e-04 -2.3715e-04 -2.2908e-04 -2.2111e-04 -2.1324e-04 -2.0550e-04 -1.9787e-04 -1.9038e-04 -1.8302e-04 -1.7581e-04 -1.6875e-04 -1.6184e-04 -1.5509e-04 -1.4851e-04 -1.4209e-04 -1.3584e-04 -1.2977e-04 -1.2386e-04 -1.1813e-04 -1.1258e-04 -1.0720e-04 -1.0200e-04 -9.6969e-05 -9.2116e-05 -8.7436e-05 -8.2928e-05 -7.8590e-05 -7.4419e-05 -7.0414e-05 -6.6571e-05 -6.2888e-05 -5.9362e-05 -5.5988e-05 -5.2764e-05 -4.9687e-05 -4.6751e-05 -4.3954e-05 -4.1292e-05 -3.8760e-05 -3.6354e-05 -3.4070e-05 -3.1905e-05 -2.9853e-05 -2.7911e-05 -2.6075e-05 -2.4340e-05 -2.2702e-05 -2.1158e-05 -1.9703e-05 -1.8333e-05 -1.7046e-05 -1.5836e-05 -1.4700e-05 -1.3635e-05 -1.2636e-05 -1.1702e-05 -1.0828e-05 -1.0012e-05 -9.2492e-06
-4.9266e-04 -4.9208e-04 -4.9112e-04 -4.8978e-04 -4.8805e-04 3.6143e-03 -4.8349e-04 -4.8066e-04 -4.7747e-04 -4.7394e-04 -4.7006e-04 -4.6584e-04 -4.6131e-04 -4.5646e-04 -4.5131e-04 -4.4587e-04 -4.4014e-04 -4.3416e-04 -4.2791e-04 -4.2143e-04 -4.1472e-04 -4.0780e-04 -4.0068e-04 -3.9338e-04 -3.8591e-04 -3.7828e-04 -3.7052e-04 -3.6262e-04 -3.5462e-04 -3.4653e-04 -3.3835e-04 -3.3011e-04 -3.2182e-04 -3.1349e-04 -3.0514e-04 -2.9677e-04 -2.8841e-04 -2.8007e-04 -2.7175e-04 -2.6348e-04 -2.5526e-04 -2.4710e-04 -2.3901e-04 -2.3101e-04 -2.2310e-04 -2.1529e-04 -2.0759e-04 -2.0001e-04 -1.9256e-04 -1.8524e-04 -1.7806e-04 -1.7102e-04 -1.6414e-04 -1.5740e-04 -1.5083e-04 -1.4441e-04 -1.3816e-04 -1.3208e-04 -1.2617e-04 -1.2042e-04 -1.1485e-04 -1.0945e-04 -1.0422e-04 -9.9167e-05 -9.4283e-05 -8.9569e-05 -8.5024e-05 -8.0646e-05 -7.6434e-05 -7.2384e-05 -6.8496e-05 -6.4766e-05 -6.1191e-05 -5.7768e-05 -5.4494e-05 -5.1365e-05 -4.8377e-05 -4.5528e-05 -4.2813e-05 -4.0228e-05 -3.7770e-05 -3.5434e-05 -3.3217e-05 -3.1113e-05 -2.9121e-05 -2.7234e-05 -2.5450e-05 -2.3764e-05 -2.2172e-05 -2.0670e-05 -1.9256e-05 -1.7924e-05 -1.6671e-05 -1.5493e-05 -1.4387e-05 -1.3350e-05 -1.2378e-05 -1.1467e-05 -1.0616e-05 -9.8194e-06 -4.9266e-04 -4.9207e-04 -4.9109e-04 -4.8973e-04 -4.8798e-04 0.0000e+00 -4.8335e-04 -4.8048e-04 -4.7725e-04 -4.7366e-04 -4.6973e-04 -4.6546e-04 -4.6086e-04 -4.5595e-04 -4.5072e-04 -4.4521e-04 -4.3941e-04 -4.3335e-04 -4.2703e-04 -4.2046e-04 -4.1367e-04 -4.0667e-04 -3.9947e-04 -3.9208e-04 -3.8452e-04 -3.7681e-04 -3.6897e-04 -3.6100e-04 -3.5292e-04 -3.4474e-04 -3.3649e-04 -3.2818e-04 -3.1982e-04 -3.1142e-04 -3.0300e-04 -2.9458e-04 -2.8616e-04 -2.7776e-04 -2.6940e-04 -2.6108e-04 -2.5281e-04 -2.4461e-04 -2.3650e-04 -2.2846e-04 -2.2053e-04 -2.1270e-04 -2.0499e-04 -1.9740e-04 -1.8994e-04 -1.8262e-04 -1.7544e-04 -1.6841e-04 -1.6153e-04 -1.5481e-04 -1.4825e-04 -1.4186e-04 -1.3563e-04 -1.2958e-04 -1.2369e-04 -1.1799e-04 -1.1245e-04 -1.0709e-04 -1.0190e-04 -9.6891e-05 -9.2052e-05 -8.7385e-05 -8.2890e-05 -7.8563e-05 -7.4402e-05 -7.0407e-05 -6.6572e-05 -6.2897e-05 -5.9378e-05 -5.6010e-05 -5.2792e-05 -4.9719e-05 -4.6788e-05 -4.3995e-05 -4.1336e-05 -3.8806e-05 -3.6403e-05 -3.4121e-05 -3.1957e-05 -2.9906e-05 -2.7965e-05 -2.6129e-05 -2.4394e-05 -2.2756e-05 -2.1211e-05 -1.9756e-05 -1.8386e-05 -1.7097e-05 -1.5886e-05 -1.4749e-05 -1.3682e-05 -1.2683e-05 -1.1747e-05 -1.0871e-05 -1.0053e-05 -9.2894e-06
-4.9011e-04 -4.8953e-04 -4.8859e-04 -4.8726e-04 -4.8556e-04 -4.8349e-04 4.9194e-03 -4.7826e-04 -4.7512e-04 -4.7162e-04 -4.6780e-04 -4.6364e-04 -4.5916e-04 -4.5437e-04 -4.4928e-04 -4.4391e-04 -4.3826e-04 -4.3234e-04 -4.2617e-04 -4.1977e-04 -4.1314e-04 -4.0630e-04 -3.9926e-04 -3.9204e-04 -3.8465e-04 -3.7711e-04 -3.6943e-04 -3.6162e-04 -3.5371e-04 -3.4570e-04 -3.3760e-04 -3.2944e-04 -3.2123e-04 -3.1298e-04 -3.0471e-04 -2.9642e-04 -2.8813e-04 -2.7986e-04 -2.7162e-04 -2.6341e-04 -2.5525e-04 -2.4716e-04 -2.3913e-04 -2.3118e-04 -2.2333e-04 -2.1557e-04 -2.0792e-04 -2.0039e-04 -1.9298e-04 -1.8570e-04 -1.7856e-04 -1.7155e-04 -1.6470e-04 -1.5799e-04 -1.5144e-04 -1.4505e-04 -1.3882e-04 -1.3275e-04 -1.2685e-04 -1.2112e-04 -1.1556e-04 -1.1017e-04 -1.0494e-04 -9.9889e-05 -9.5006e-05 -9.0290e-05 -8.5742e-05 -8.1360e-05 -7.7141e-05 -7.3085e-05 -6.9187e-05 -6.5447e-05 -6.1860e-05 -5.8425e-05 -5.5137e-05 -5.1994e-05 -4.8992e-05 -4.6127e-05 -4.3396e-05 -4.0795e-05 -3.8320e-05 -3.5967e-05 -3.3732e-05 -3.1611e-05 -2.9601e-05 -2.7696e-05 -2.5895e-05 -2.4191e-05 -2.2582e-05 -2.1063e-05 -1.9632e-05 -1.8283e-05 -1.7014e-05 -1.5820e-05 -1.4699e-05 -1.3647e-05 -1.2660e-05 -1.1735e-05 -1.0869e-05 -1.0059e-05 -4.9010e-04 -4.8952e-04 -4.8855e-04 -4.8720e-04 -4.8546e-04 -4.8335e-04 0.0000e+00 -4.7802e-04 -4.7482e-04 -4.7126e-04 -4.6735e-04 -4.6311e-04 -4.5855e-04 -4.5367e-04 -4.4849e-04 -4.4302e-04 -4.3727e-04 -4.3125e-04 -4.2497e-04 -4.1846e-04 -4.1172e-04 -4.0476e-04 -3.9761e-04 -3.9028e-04 -3.8278e-04 -3.7512e-04 -3.6733e-04 -3.5942e-04 -3.5139e-04 -3.4328e-04 -3.3508e-04 -3.2682e-04 -3.1852e-04 -3.1017e-04 -3.0181e-04 -2.9344e-04 -2.8508e-04 -2.7674e-04 -2.6842e-04 -2.6015e-04 -2.5194e-04 -2.4379e-04 -2.3572e-04 -2.2774e-04 -2.1985e-04 -2.1206e-04 -2.0440e-04 -1.9685e-04 -1.8943e-04 -1.8214e-04 -1.7500e-04 -1.6800e-04 -1.6116e-04 -1.5447e-04 -1.4795e-04 -1.4158e-04 -1.3538e-04 -1.2936e-04 -1.2350e-04 -1.1781e-04 -1.1230e-04 -1.0696e-04 -1.0179e-04 -9.6798e-05 -9.1976e-05 -8.7325e-05 -8.2844e-05 -7.8530e-05 -7.4382e-05 -7.0397e-05 -6.6573e-05 -6.2907e-05 -5.9396e-05 -5.6036e-05 -5.2825e-05 -4.9758e-05 -4.6832e-05 -4.4043e-05 -4.1387e-05 -3.8861e-05 -3.6460e-05 -3.4180e-05 -3.2018e-05 -2.9968e-05 -2.8028e-05 -2.6192e-05 -2.4457e-05 -2.2819e-05 -2.1274e-05 -1.9818e-05 -1.8447e-05 -1.7157e-05 -1.5945e-05 -1.4806e-05 -1.3738e-05 -1.2737e-05 -1.1800e-05 -1.0922e-05 -1.0103e-05 -9.3367e-06
-4.8718e-04 -4.8661e-04 -4.8568e-04 -4.8437e-04 -4.8270e-04 -4.8066e-04 -4.7826e-04 6.4254e-03 -4.7241e-04 -4.6897e-04 -4.6520e-04 -4.6110e-04 -4.5669e-04 -4.5197e-04 -4.4696e-04 -4.4166e-04 -4.3609e-04 -4.3025e-04 -4.2417e-04 -4.1786e-04 -4.1132e-04 -4.0457e-04 -3.9763e-04 -3.9050e-04 -3.8321e-04 -3.7576e-04 -3.6818e-04 -3.6047e-04 -3.5265e-04 -3.4473e-04 -3.3674e-04 -3.2867e-04 -3.2055e-04 -3.1239e-04 -3.0421e-04 -2.9601e-04 -2.8781e-04 -2.7962e-04 -2.7146e-04 -2.6333e-04 -2.5524e-04 -2.4722e-04 -2.3926e-04 -2.3138e-04 -2.2359e-04 -2.1589e-04 -2.0830e-04 -2.0082e-04 -1.9346e-04 -1.8622e-04 -1.7912e-04 -1.7216e-04 -1.6534e-04 -1.5866e-04 -1.5214e-04 -1.4577e-04 -1.3957e-04 -1.3352e-04 -1.2764e-04 -1.2192e-04 -1.1637e-04 -1.1098e-04 -1.0577e-04 -1.0072e-04 -9.5834e-05 -9.1118e-05 -8.6567e-05 -8.2179e-05 -7.7954e-05 -7.3888e-05 -6.9981e-05 -6.6229e-05 -6.2630e-05 -5.9180e-05 -5.5877e-05 -5.2718e-05 -4.9699e-05 -4.6816e-05 -4.4067e-05 -4.1447e-05 -3.8953e-05 -3.6580e-05 -3.4325e-05 -3.2184e-05 -3.0154e-05 -2.8230e-05 -2.6408e-05 -2.4684e-05 -2.3055e-05 -2.1517e-05 -2.0066e-05 -1.8698e-05 -1.7410e-05 -1.6198e-05 -1.5059e-05 -1.3989e-05 -1.2985e-05 -1.2044e-05 -1.1162e-05 -1.0337e-05 -4.8717e-04 -4.8659e-04 -4.8563e-04 -4.8429e-04 -4.8257e-04 -4.8048e-04 -4.7802e-04 0.0000e+00 -4.7202e-04 -4.6849e-04 -4.6462e-04 -4.6042e-04 -4.5590e-04 -4.5106e-04 -4.4593e-04 -4.4050e-04 -4.3480e-04 -4.2883e-04 -4.2261e-04 -4.1615e-04 -4.0947e-04 -4.0258e-04 -3.9549e-04 -3.8821e-04 -3.8077e-04 -3.7318e-04 -3.6545e-04 -3.5760e-04 -3.4964e-04 -3.4159e-04 -3.3346e-04 -3.2527e-04 -3.1702e-04 -3.0875e-04 -3.0045e-04 -2.9214e-04 -2.8384e-04 -2.7556e-04 -2.6730e-04 -2.5909e-04 -2.5094e-04 -2.4285e-04 -2.3483e-04 -2.2690e-04 -2.1906e-04 -2.1133e-04 -2.0371e-04 -1.9621e-04 -1.8884e-04 -1.8160e-04 -1.7449e-04 -1.6754e-04 -1.6073e-04 -1.5408e-04 -1.4759e-04 -1.4126e-04 -1.3510e-04 -1.2910e-04 -1.2327e-04 -1.1761e-04 -1.1212e-04 -1.0681e-04 -1.0166e-04 -9.6690e-05 -9.1887e-05 -8.7254e-05 -8.2790e-05 -7.8491e-05 -7.4358e-05 -7.0386e-05 -6.6574e-05 -6.2918e-05 -5.9416e-05 -5.6065e-05 -5.2861e-05 -4.9801e-05 -4.6881e-05 -4.4097e-05 -4.1446e-05 -3.8924e-05 -3.6526e-05 -3.4248e-05 -3.2088e-05 -3.0040e-05 -2.8100e-05 -2.6265e-05 -2.4530e-05 -2.2892e-05 -2.1347e-05 -1.9890e-05 -1.8517e-05 -1.7226e-05 -1.6012e-05 -1.4872e-05 -1.3803e-05 -1.2800e-05 -1.1860e-05 -1.0981e-05 -1.0159e-05 -9.3913e-06
-4.8388e-04 -4.8332e-04 -4.8240e-04 -4.8112e-04 -4.7948e-04 -4.7747e-04 -4.7512e-04 -4.7241e-04 8.1321e-03 -4.6598e-04 -4.6227e-04 -4.5825e-04 -4.5391e-04 -4.4927e-04 -4.4433e-04 -4.3912e-04 -4.3364e-04 -4.2790e-04 -4.2192e-04 -4.1570e-04 -4.0926e-04 -4.0262e-04 -3.9578e-04 -3.8876e-04 -3.8158e-04 -3.7424e-04 -3.6676e-04 -3.5916e-04 -3.5145e-04 -3.4364e-04 -3.3575e-04 -3.2780e-04 -3.1978e-04 -3.1173e-04 -3.0364e-04 -2.9554e-04 -2.8744e-04 -2.7934e-04 -2.7127e-04 -2.6323e-04 -2.5523e-04 -2.4728e-04 -2.3940e-04 -2.3160e-04 -2.2388e-04 -2.1625e-04 -2.0872e-04 -2.0130e-04 -1.9399e-04 -1.8681e-04 -1.7975e-04 -1.7283e-04 -1.6605e-04 -1.5942e-04 -1.5293e-04 -1.4659e-04 -1.4041e-04 -1.3438e-04 -1.2852e-04 -1.2282e-04 -1.1728e-04 -1.1190e-04 -1.0669e-04 -1.0165e-04 -9.6767e-05 -9.2049e-05 -8.7495e-05 -8.3102e-05 -7.8869e-05 -7.4794e-05 -7.0876e-05 -6.7111e-05 -6.3497e-05 -6.0032e-05 -5.6712e-05 -5.3535e-05 -5.0497e-05 -4.7595e-05 -4.4825e-05 -4.2184e-05 -3.9668e-05 -3.7273e-05 -3.4996e-05 -3.2833e-05 -3.0780e-05 -2.8833e-05 -2.6988e-05 -2.5242e-05 -2.3591e-05 -2.2031e-05 -2.0558e-05 -1.9169e-05 -1.7860e-05 -1.6627e-05 -1.5468e-05 -1.4378e-05 -1.3355e-05 -1.2395e-05 -1.1495e-05 -1.0652e-05 -4.8387e-04 -4.8330e-04 -4.8235e-04 -4.8102e-04 -4.7932e-04 -4.7725e-04 -4.7482e-04 -4.7202e-04 0.0000e+00 -4.6538e-04 -4.6155e-04 -4.5739e-04 -4.5291e-04 -4.4813e-04 -4.4304e-04 -4.3767e-04 -4.3202e-04 -4.2611e-04 -4.1995e-04 -4.1356e-04 -4.0694e-04 -4.0011e-04 -3.9309e-04 -3.8588e-04 -3.7851e-04 -3.7099e-04 -3.6334e-04 -3.5556e-04 -3.4767e-04 -3.3969e-04 -3.3163e-04 -3.2351e-04 -3.1534e-04 -3.0714e-04 -2.9891e-04 -2.9067e-04 -2.8244e-04 -2.7423e-04 -2.6604e-04 -2.5790e-04 -2.4981e-04 -2.4178e-04 -2.3382e-04 -2.2595e-04 -2.1818e-04 -2.1050e-04 -2.0294e-04 -1.9549e-04 -1.8817e-04 -1.8098e-04 -1.7392e-04 -1.6701e-04 -1.6025e-04 -1.5364e-04 -1.4719e-04 -1.4090e-04 -1.3477e-04 -1.2881e-04 -1.2301e-04 -1.1738e-04 -1.1192e-04 -1.0664e-04 -1.0152e-04 -9.6567e-05 -9.1786e-05 -8.7174e-05 -8.2728e-05 -7.8447e-05 -7.4329e-05 -7.0372e-05 -6.6573e-05 -6.2929e-05 -5.9439e-05 -5.6097e-05 -5.2902e-05 -4.9849e-05 -4.6936e-05 -4.4158e-05 -4.1512e-05 -3.8994e-05 -3.6599e-05 -3.4325e-05 -3.2166e-05 -3.0120e-05 -2.8182e-05 -2.6347e-05 -2.4613e-05 -2.2974e-05 -2.1428e-05 -1.9970e-05 -1.8597e-05 -1.7304e-05 -1.6089e-05 -1.4947e-05 -1.3876e-05 -1.2871e-05 -1.1929e-05 -1.1048e-05 -1.0223e-05 -9.4529e-06
-4.8021e-04 -4.7967e-04 -4.7877e-04 -4.7751e-04 -4.7590e-04 -4.7394e-04 -4.7162e-04 -4.6897e-04 -4.6598e-04 1.0040e-02 -4.5903e-04 -4.5507e-04 -4.5082e-04 -4.4626e-04 -4.4142e-04 -4.3630e-04 -4.3092e-04 -4.2529e-04 -4.1941e-04 -4.1330e-04 -4.0698e-04 -4.0045e-04 -3.9373e-04 -3.8682e-04 -3.7976e-04 -3.7254e-04 -3.6519e-04 -3.5771e-04 -3.5012e-04 -3.4243e-04 -3.3466e-04 -3.2682e-04 -3.1892e-04 -3.1098e-04 -3.0300e-04 -2.9501e-04 -2.8701e-04 -2.7902e-04 -2.7105e-04 -2.6310e-04 -2.5520e-04 -2.4735e-04 -2.3955e-04 -2.3183e-04 -2.2419e-04 -2.1663e-04 -2.0917e-04 -2.0182e-04 -1.9457e-04 -1.8745e-04 -1.8045e-04 -1.7358e-04 -1.6684e-04 -1.6024e-04 -1.5379e-04 -1.4749e-04 -1.4134e-04 -1.3534e-04 -1.2950e-04 -1.2381e-04 -1.1829e-04 -1.1292e-04 -1.0772e-04 -1.0268e-04 -9.7801e-05 -9.3083e-05 -8.8525e-05 -8.4126e-05 -7.9885e-05 -7.5800e-05 -7.1870e-05 -6.8091e-05 -6.4462e-05 -6.0979e-05 -5.7641e-05 -5.4445e-05 -5.1386e-05 -4.8462e-05 -4.5670e-05 -4.3005e-05 -4.0465e-05 -3.8047e-05 -3.5745e-05 -3.3557e-05 -3.1479e-05 -2.9507e-05 -2.7637e-05 -2.5866e-05 -2.4190e-05 -2.2605e-05 -2.1108e-05 -1.9695e-05 -1.8363e-05 -1.7107e-05 -1.5925e-05 -1.4814e-05 -1.3769e-05 -1.2788e-05 -1.1868e-05 -1.1006e-05 -4.8021e-04 -4.7964e-04 -4.7870e-04 -4.7739e-04 -4.7571e-04 -4.7366e-04 -4.7126e-04 -4.6849e-04 -4.6538e-04 0.0000e+00 -4.5814e-04 -4.5403e-04 -4.4960e-04 -4.4487e-04 -4.3984e-04 -4.3453e-04 -4.2894e-04 -4.2310e-04 -4.1700e-04 -4.1068e-04 -4.0413e-04 -3.9737e-04 -3.9043e-04 -3.8330e-04 -3.7601e-04 -3.6856e-04 -3.6098e-04 -3.5328e-04 -3.4548e-04 -3.3758e-04 -3.2960e-04 -3.2156e-04 -3.1347e-04 -3.0534e-04 -2.9720e-04 -2.8904e-04 -2.8088e-04 -2.7275e-04 -2.6464e-04 -2.5656e-04 -2.4855e-04 -2.4059e-04 -2.3270e-04 -2.2490e-04 -2.1719e-04 -2.0958e-04 -2.0207e-04 -1.9469e-04 -1.8742e-04 -1.8029e-04 -1.7329e-04 -1.6643e-04 -1.5972e-04 -1.5315e-04 -1.4675e-04 -1.4050e-04 -1.3441e-04 -1.2848e-04 -1.2272e-04 -1.1713e-04 -1.1170e-04 -1.0644e-04 -1.0135e-04 -9.6428e-05 -9.1672e-05 -8.7083e-05 -8.2658e-05 -7.8396e-05 -7.4296e-05 -7.0355e-05 -6.6571e-05 -6.2941e-05 -5.9462e-05 -5.6132e-05 -5.2946e-05 -4.9902e-05 -4.6996e-05 -4.4225e-05 -4.1584e-05 -3.9071e-05 -3.6680e-05 -3.4409e-05 -3.2253e-05 -3.0209e-05 -2.8272e-05 -2.6438e-05 -2.4704e-05 -2.3065e-05 -2.1519e-05 -2.0060e-05 -1.8685e-05 -1.7391e-05 -1.6174e-05 -1.5031e-05 -1.3957e-05 -1.2949e-05 -1.2005e-05 -1.1122e-05 -1.0295e-05 -9.5217e-06
-4.7620e-04 -4.7567e-04 -4.7479e-04 -4.7356e-04 -4.7198e-04 -4.7006e-04 -4.6780e-04 -4.6520e-04 -4.6227e-04 -4.5903e-04 1.2148e-02 -4.5159e-04 -4.4742e-04 -4.4296e-04 -4.3822e-04 -4.3321e-04 -4.2794e-04 -4.2242e-04 -4.1665e-04 -4.1067e-04 -4.0446e-04 -3.9806e-04 -3.9147e-04 -3.8469e-04 -3.7776e-04 -3.7067e-04 -3.6345e-04 -3.5610e-04 -3.4864e-04 -3.4109e-04 -3.3344e-04 -3.2573e-04 -3.1796e-04 -3.1014e-04 -3.0229e-04 -2.9442e-04 -2.8654e-04 -2.7866e-04 -2.7080e-04 -2.6296e-04 -2.5516e-04 -2.4741e-04 -2.3971e-04 -2.3208e-04 -2.2452e-04 -2.1704e-04 -2.0966e-04 -2.0238e-04 -1.9521e-04 -1.8814e-04 -1.8120e-04 -1.7439e-04 -1.6770e-04 -1.6115e-04 -1.5474e-04 -1.4847e-04 -1.4235e-04 -1.3638e-04 -1.3056e-04 -1.2490e-04 -1.1939e-04 -1.1404e-04 -1.0884e-04 -1.0381e-04 -9.8933e-05 -9.4215e-05 -8.9654e-05 -8.5249e-05 -8.1000e-05 -7.6904e-05 -7.2961e-05 -6.9167e-05 -6.5521e-05 -6.2021e-05 -5.8663e-05 -5.5445e-05 -5.2363e-05 -4.9416e-05 -4.6599e-05 -4.3910e-05 -4.1344e-05 -3.8899e-05 -3.6570e-05 -3.4355e-05 -3.2249e-05 -3.0250e-05 -2.8353e-05 -2.6555e-05 -2.4852e-05 -2.3240e-05 -2.1716e-05 -2.0277e-05 -1.8919e-05 -1.7638e-05 -1.6432e-05 -1.5296e-05 -1.4228e-05 -1.3224e-05 -1.2282e-05 -1.1398e-05 -4.7619e-04 -4.7563e-04 -4.7471e-04 -4.7341e-04 -4.7175e-04 -4.6973e-04 -4.6735e-04 -4.6462e-04 -4.6155e-04 -4.5814e-04 0.0000e+00 -4.5034e-04 -4.4597e-04 -4.4129e-04 -4.3632e-04 -4.3108e-04 -4.2556e-04 -4.1979e-04 -4.1377e-04 -4.0751e-04 -4.0105e-04 -3.9437e-04 -3.8750e-04 -3.8046e-04 -3.7325e-04 -3.6589e-04 -3.5840e-04 -3.5079e-04 -3.4307e-04 -3.3526e-04 -3.2737e-04 -3.1942e-04 -3.1142e-04 -3.0338e-04 -2.9532e-04 -2.8724e-04 -2.7917e-04 -2.7112e-04 -2.6309e-04 -2.5510e-04 -2.4716e-04 -2.3928e-04 -2.3147e-04 -2.2374e-04 -2.1610e-04 -2.0856e-04 -2.0112e-04 -1.9380e-04 -1.8660e-04 -1.7952e-04 -1.7258e-04 -1.6578e-04 -1.5912e-04 -1.5261e-04 -1.4625e-04 -1.4005e-04 -1.3401e-04 -1.2812e-04 -1.2240e-04 -1.1685e-04 -1.1145e-04 -1.0623e-04 -1.0117e-04 -9.6274e-05 -9.1545e-05 -8.6980e-05 -8.2579e-05 -7.8339e-05 -7.4258e-05 -7.0335e-05 -6.6567e-05 -6.2952e-05 -5.9487e-05 -5.6168e-05 -5.2994e-05 -4.9959e-05 -4.7062e-05 -4.4298e-05 -4.1663e-05 -3.9155e-05 -3.6769e-05 -3.4502e-05 -3.2349e-05 -3.0306e-05 -2.8370e-05 -2.6538e-05 -2.4804e-05 -2.3165e-05 -2.1618e-05 -2.0158e-05 -1.8782e-05 -1.7487e-05 -1.6268e-05 -1.5122e-05 -1.4046e-05 -1.3036e-05 -1.2090e-05 -1.1203e-05 -1.0373e-05 -9.5974e-06
-4.7184e-04 -4.7132e-04 -4.7046e-04 -4.6926e-04 -4.6772e-04 -4.6584e-04 -4.6364e-04 -4.6110e-04 -4.5825e-04 -4.5507e-04 -4.5159e-04 1.4457e-02 -4.4374e-04 -4.3938e-04 -4.3475e-04 -4.2985e-04 -4.2469e-04 -4.1929e-04 -4.1366e-04 -4.0780e-04 -4.0173e-04 -3.9546e-04 -3.8900e-04 -3.8237e-04 -3.7558e-04 -3.6863e-04 -3.6155e-04 -3.5435e-04 -3.4703e-04 -3.3961e-04 -3.3211e-04 -3.2454e-04 -3.1691e-04 -3.0922e-04 -3.0151e-04 -2.9377e-04 -2.8601e-04 -2.7826e-04 -2.7051e-04 -2.6279e-04 -2.5510e-04 -2.4746e-04 -2.3986e-04 -2.3233e-04 -2.2487e-04 -2.1748e-04 -2.1018e-04 -2.0298e-04 -1.9588e-04 -1.8889e-04 -1.8201e-04 -1.7525e-04 -1.6862e-04 -1.6212e-04 -1.5576e-04 -1.4953e-04 -1.4344e-04 -1.3750e-04 -1.3171e-04 -1.2607e-04 -1.2058e-04 -1.1524e-04 -1.1006e-04 -1.0503e-04 -1.0016e-04 -9.5443e-05 -9.0879e-05 -8.6469e-05 -8.2211e-05 -7.8104e-05 -7.4147e-05 -7.0338e-05 -6.6674e-05 -6.3154e-05 -5.9775e-05 -5.6534e-05 -5.3429e-05 -5.0456e-05 -4.7613e-05 -4.4896e-05 -4.2302e-05 -3.9829e-05 -3.7471e-05 -3.5227e-05 -3.3092e-05 -3.1063e-05 -2.9136e-05 -2.7308e-05 -2.5576e-05 -2.3935e-05 -2.2383e-05 -2.0915e-05 -1.9529e-05 -1.8221e-05 -1.6987e-05 -1.5825e-05 -1.4732e-05 -1.3703e-05 -1.2737e-05 -1.1829e-05 -4.7183e-04 -4.7128e-04 -4.7037e-04 -4.6909e-04 -4.6745e-04 -4.6546e-04 -4.6311e-04 -4.6042e-04 -4.5739e-04 -4.5403e-04 -4.5034e-04 0.0000e+00 -4.4202e-04 -4.3741e-04 -4.3251e-04 -4.2733e-04 -4.2189e-04 -4.1619e-04 -4.1025e-04 -4.0408e-04 -3.9769e-04 -3.9111e-04 -3.8433e-04 -3.7737e-04 -3.7026e-04 -3.6299e-04 -3.5560e-04 -3.4808e-04 -3.4045e-04 -3.3274e-04 -3.2495e-04 -3.1709e-04 -3.0918e-04 -3.0124e-04 -2.9327e-04 -2.8529e-04 -2.7731e-04 -2.6935e-04 -2.6141e-04 -2.5351e-04 -2.4565e-04 -2.3785e-04 -2.3013e-04 -2.2248e-04 -2.1492e-04 -2.0745e-04 -2.0009e-04 -1.9283e-04 -1.8570e-04 -1.7869e-04 -1.7182e-04 -1.6507e-04 -1.5847e-04 -1.5202e-04 -1.4572e-04 -1.3956e-04 -1.3357e-04 -1.2773e-04 -1.2205e-04 -1.1654e-04 -1.1118e-04 -1.0599e-04 -1.0097e-04 -9.6104e-05 -9.1404e-05 -8.6867e-05 -8.2491e-05 -7.8274e-05 -7.4215e-05 -7.0311e-05 -6.6562e-05 -6.2963e-05 -5.9512e-05 -5.6207e-05 -5.3044e-05 -5.0020e-05 -4.7132e-05 -4.4376e-05 -4.1748e-05 -3.9246e-05 -3.6865e-05 -3.4601e-05 -3.2451e-05 -3.0412e-05 -2.8478e-05 -2.6646e-05 -2.4913e-05 -2.3274e-05 -2.1726e-05 -2.0265e-05 -1.8888e-05 -1.7591e-05 -1.6370e-05 -1.5222e-05 -1.4143e-05 -1.3131e-05 -1.2181e-05 -1.1292e-05 -1.0459e-05 -9.6802e-06
-4.6715e-04 -4.6665e-04 -4.6581e-04 -4.6464e-04 -4.6314e-04 -4.6131e-04 -4.5916e-04 -4.5669e-04 -4.5391e-04 -4.5082e-04 -4.4742e-04 -4.4374e-04 1.6966e-02 -4.3552e-04 -4.3100e-04 -4.2622e-04 -4.2119e-04 -4.1592e-04 -4.1042e-04 -4.0470e-04 -3.9877e-04 -3.9265e-04 -3.8634e-04 -3.7986e-04 -3.7322e-04 -3.6642e-04 -3.5950e-04 -3.5244e-04 -3.4528e-04 -3.3802e-04 -3.3067e-04 -3.2324e-04 -3.1576e-04 -3.0822e-04 -3.0065e-04 -2.9305e-04 -2.8543e-04 -2.7781e-04 -2.7019e-04 -2.6260e-04 -2.5503e-04 -2.4750e-04 -2.4001e-04 -2.3259e-04 -2.2523e-04 -2.1794e-04 -2.1073e-04 -2.0362e-04 -1.9660e-04 -1.8968e-04 -1.8287e-04 -1.7618e-04 -1.6961e-04 -1.6316e-04 -1.5684e-04 -1.5066e-04 -1.4461e-04 -1.3871e-04 -1.3295e-04 -1.2733e-04 -1.2186e-04 -1.1654e-04 -1.1137e-04 -1.0635e-04 -1.0148e-04 -9.6764e-05 -9.2197e-05 -8.7781e-05 -8.3515e-05 -7.9397e-05 -7.5426e-05 -7.1600e-05 -6.7918e-05 -6.4377e-05 -6.0976e-05 -5.7711e-05 -5.4580e-05 -5.1580e-05 -4.8709e-05 -4.5964e-05 -4.3340e-05 -4.0836e-05 -3.8448e-05 -3.6172e-05 -3.4005e-05 -3.1944e-05 -2.9986e-05 -2.8126e-05 -2.6362e-05 -2.4690e-05 -2.3107e-05 -2.1609e-05 -2.0192e-05 -1.8855e-05 -1.7592e-05 -1.6402e-05 -1.5281e-05 -1.4225e-05 -1.3233e-05 -1.2300e-05 -4.6714e-04 -4.6660e-04 -4.6569e-04 -4.6444e-04 -4.6282e-04 -4.6086e-04 -4.5855e-04 -4.5590e-04 -4.5291e-04 -4.4960e-04 -4.4597e-04 -4.4202e-04 0.0000e+00 -4.3322e-04 -4.2840e-04 -4.2329e-04 -4.1793e-04 -4.1231e-04 -4.0646e-04 -4.0038e-04 -3.9408e-04 -3.8759e-04 -3.8091e-04 -3.7405e-04 -3.6703e-04 -3.5987e-04 -3.5257e-04 -3.4515e-04 -3.3763e-04 -3.3002e-04 -3.2233e-04 -3.1457e-04 -3.0677e-04 -2.9893e-04 -2.9106e-04 -2.8318e-04 -2.7530e-04 -2.6743e-04 -2.5959e-04 -2.5178e-04 -2.4402e-04 -2.3631e-04 -2.2868e-04 -2.2111e-04 -2.1363e-04 -2.0625e-04 -1.9896e-04 -1.9179e-04 -1.8473e-04 -1.7779e-04 -1.7098e-04 -1.6431e-04 -1.5777e-04 -1.5138e-04 -1.4513e-04 -1.3903e-04 -1.3309e-04 -1.2730e-04 -1.2167e-04 -1.1620e-04 -1.1089e-04 -1.0574e-04 -1.0075e-04 -9.5917e-05 -9.1249e-05 -8.6742e-05 -8.2393e-05 -7.8201e-05 -7.4166e-05 -7.0284e-05 -6.6553e-05 -6.2972e-05 -5.9538e-05 -5.6247e-05 -5.3097e-05 -5.0084e-05 -4.7206e-05 -4.4459e-05 -4.1839e-05 -3.9343e-05 -3.6967e-05 -3.4708e-05 -3.2562e-05 -3.0525e-05 -2.8593e-05 -2.6762e-05 -2.5029e-05 -2.3391e-05 -2.1842e-05 -2.0381e-05 -1.9002e-05 -1.7703e-05 -1.6480e-05 -1.5330e-05 -1.4248e-05 -1.3233e-05 -1.2281e-05 -1.1388e-05 -1.0552e-05 -9.7698e-06
-4.6213e-04 -4.6165e-04 -4.6083e-04 -4.5969e-04 -4.5824e-04 -4.5646e-04 -4.5437e-04 -4.5197e-04 -4.4927e-04 -4.4626e-04 -4.4296e-04 -4.3938e-04 -4.3552e-04 1.9677e-02 -4.2699e-04 -4.2234e-04 -4.1744e-04 -4.1231e-04 -4.0695e-04 -4.0138e-04 -3.9561e-04 -3.8964e-04 -3.8348e-04 -3.7716e-04 -3.7068e-04 -3.6405e-04 -3.5729e-04 -3.5040e-04 -3.4340e-04 -3.3630e-04 -3.2911e-04 -3.2184e-04 -3.1451e-04 -3.0713e-04 -2.9971e-04 -2.9226e-04 -2.8479e-04 -2.7731e-04 -2.6983e-04 -2.6237e-04 -2.5493e-04 -2.4752e-04 -2.4016e-04 -2.3285e-04 -2.2559e-04 -2.1841e-04 -2.1130e-04 -2.0428e-04 -1.9735e-04 -1.9051e-04 -1.8378e-04 -1.7715e-04 -1.7065e-04 -1.6426e-04 -1.5799e-04 -1.5186e-04 -1.4586e-04 -1.3999e-04 -1.3426e-04 -1.2867e-04 -1.2322e-04 -1.1792e-04 -1.1276e-04 -1.0775e-04 -1.0289e-04 -9.8174e-05 -9.3606e-05 -8.9185e-05 -8.4910e-05 -8.0780e-05 -7.6795e-05 -7.2952e-05 -6.9251e-05 -6.5689e-05 -6.2264e-05 -5.8973e-05 -5.5816e-05 -5.2788e-05 -4.9887e-05 -4.7111e-05 -4.4456e-05 -4.1920e-05 -3.9498e-05 -3.7189e-05 -3.4989e-05 -3.2894e-05 -3.0902e-05 -2.9009e-05 -2.7211e-05 -2.5505e-05 -2.3889e-05 -2.2358e-05 -2.0909e-05 -1.9540e-05 -1.8247e-05 -1.7026e-05 -1.5875e-05 -1.4791e-05 -1.3770e-05 -1.2810e-05 -4.6212e-04 -4.6159e-04 -4.6070e-04 -4.5946e-04 -4.5788e-04 -4.5595e-04 -4.5367e-04 -4.5106e-04 -4.4813e-04 -4.4487e-04 -4.4129e-04 -4.3741e-04 -4.3322e-04 0.0000e+00 -4.2400e-04 -4.1898e-04 -4.1370e-04 -4.0817e-04 -4.0241e-04 -3.9642e-04 -3.9022e-04 -3.8383e-04 -3.7724e-04 -3.7049e-04 -3.6358e-04 -3.5652e-04 -3.4933e-04 -3.4202e-04 -3.3461e-04 -3.2711e-04 -3.1953e-04 -3.1188e-04 -3.0418e-04 -2.9645e-04 -2.8869e-04 -2.8092e-04 -2.7314e-04 -2.6538e-04 -2.5764e-04 -2.4993e-04 -2.4227e-04 -2.3466e-04 -2.2712e-04 -2.1964e-04 -2.1226e-04 -2.0496e-04 -1.9776e-04 -1.9067e-04 -1.8369e-04 -1.7682e-04 -1.7009e-04 -1.6348e-04 -1.5701e-04 -1.5068e-04 -1.4450e-04 -1.3846e-04 -1.3257e-04 -1.2684e-04 -1.2126e-04 -1.1583e-04 -1.1056e-04 -1.0546e-04 -1.0051e-04 -9.5714e-05 -9.1080e-05 -8.6604e-05 -8.2285e-05 -7.8121e-05 -7.4110e-05 -7.0251e-05 -6.6542e-05 -6.2980e-05 -5.9563e-05 -5.6288e-05 -5.3152e-05 -5.0152e-05 -4.7284e-05 -4.4547e-05 -4.1935e-05 -3.9446e-05 -3.7076e-05 -3.4822e-05 -3.2680e-05 -3.0645e-05 -2.8715e-05 -2.6886e-05 -2.5154e-05 -2.3516e-05 -2.1967e-05 -2.0504e-05 -1.9124e-05 -1.7823e-05 -1.6598e-05 -1.5445e-05 -1.4361e-05 -1.3343e-05 -1.2387e-05 -1.1491e-05 -1.0652e-05 -9.8662e-06
-4.5681e-04 -4.5633e-04 -4.5554e-04 -4.5444e-04 -4.5303e-04 -4.5131e-04 -4.4928e-04 -4.4696e-04 -4.4433e-04 -4.4142e-04 -4.3822e-04 -4.3475e-04 -4.3100e-04 -4.2699e-04 2.2588e-02 -4.1821e-04 -4.1345e-04 -4.0847e-04 -4.0326e-04 -3.9785e-04 -3.9223e-04 -3.8642e-04 -3.8044e-04 -3.7428e-04 -3.6797e-04 -3.6151e-04 -3.5492e-04 -3.4821e-04 -3.4138e-04 -3.3445e-04 -3.2743e-04 -3.2034e-04 -3.1317e-04 -3.0596e-04 -2.9870e-04 -2.9140e-04 -2.8409e-04 -2.7676e-04 -2.6943e-04 -2.6211e-04 -2.5481e-04 -2.4753e-04 -2.4030e-04 -2.3310e-04 -2.2597e-04 -2.1889e-04 -2.1189e-04 -2.0497e-04 -1.9813e-04 -1.9138e-04 -1.8472e-04 -1.7818e-04 -1.7174e-04 -1.6541e-04 -1.5921e-04 -1.5312e-04 -1.4717e-04 -1.4134e-04 -1.3564e-04 -1.3008e-04 -1.2466e-04 -1.1938e-04 -1.1424e-04 -1.0924e-04 -1.0438e-04 -9.9671e-05 -9.5101e-05 -9.0675e-05 -8.6392e-05 -8.2251e-05 -7.8251e-05 -7.4391e-05 -7.0670e-05 -6.7086e-05 -6.3636e-05 -6.0320e-05 -5.7134e-05 -5.4077e-05 -5.1145e-05 -4.8337e-05 -4.5649e-05 -4.3078e-05 -4.0623e-05 -3.8279e-05 -3.6043e-05 -3.3912e-05 -3.1884e-05 -2.9955e-05 -2.8122e-05 -2.6381e-05 -2.4729e-05 -2.3163e-05 -2.1681e-05 -2.0277e-05 -1.8951e-05 -1.7698e-05 -1.6515e-05 -1.5400e-05 -1.4350e-05 -1.3361e-05 -4.5679e-04 -4.5627e-04 -4.5540e-04 -4.5418e-04 -4.5262e-04 -4.5072e-04 -4.4849e-04 -4.4593e-04 -4.4304e-04 -4.3984e-04 -4.3632e-04 -4.3251e-04 -4.2840e-04 -4.2400e-04 0.0000e+00 -4.1439e-04 -4.0920e-04 -4.0377e-04 -3.9810e-04 -3.9221e-04 -3.8612e-04 -3.7982e-04 -3.7335e-04 -3.6671e-04 -3.5990e-04 -3.5296e-04 -3.4588e-04 -3.3869e-04 -3.3139e-04 -3.2401e-04 -3.1654e-04 -3.0901e-04 -3.0143e-04 -2.9381e-04 -2.8617e-04 -2.7851e-04 -2.7085e-04 -2.6319e-04 -2.5556e-04 -2.4796e-04 -2.4040e-04 -2.3290e-04 -2.2545e-04 -2.1808e-04 -2.1079e-04 -2.0358e-04 -1.9647e-04 -1.8946e-04 -1.8257e-04 -1.7579e-04 -1.6913e-04 -1.6260e-04 -1.5620e-04 -1.4994e-04 -1.4382e-04 -1.3785e-04 -1.3202e-04 -1.2634e-04 -1.2081e-04 -1.1544e-04 -1.1022e-04 -1.0515e-04 -1.0025e-04 -9.5493e-05 -9.0896e-05 -8.6454e-05 -8.2167e-05 -7.8032e-05 -7.4048e-05 -7.0214e-05 -6.6527e-05 -6.2986e-05 -5.9587e-05 -5.6329e-05 -5.3208e-05 -5.0221e-05 -4.7366e-05 -4.4638e-05 -4.2036e-05 -3.9554e-05 -3.7191e-05 -3.4942e-05 -3.2804e-05 -3.0773e-05 -2.8846e-05 -2.7018e-05 -2.5287e-05 -2.3649e-05 -2.2099e-05 -2.0636e-05 -1.9254e-05 -1.7952e-05 -1.6724e-05 -1.5569e-05 -1.4482e-05 -1.3460e-05 -1.2501e-05 -1.1602e-05 -1.0759e-05 -9.9693e-06
-4.5118e-04 -4.5072e-04 -4.4996e-04 -4.4890e-04 -4.4753e-04 -4.4587e-04 -4.4391e-04 -4.4166e-04 -4.3912e-04 -4.3630e-04 -4.3321e-04 -4.2985e-04 -4.2622e-04 -4.2234e-04 -4.1821e-04 2.5700e-02 -4.0923e-04 -4.0439e-04 -3.9935e-04 -3.9410e-04 -3.8865e-04 -3.8301e-04 -3.7720e-04 -3.7123e-04 -3.6509e-04 -3.5882e-04 -3.5240e-04 -3.4587e-04 -3.3922e-04 -3.3248e-04 -3.2564e-04 -3.1872e-04 -3.1174e-04 -3.0469e-04 -2.9760e-04 -2.9047e-04 -2.8332e-04 -2.7615e-04 -2.6898e-04 -2.6181e-04 -2.5465e-04 -2.4752e-04 -2.4042e-04 -2.3335e-04 -2.2634e-04 -2.1938e-04 -2.1249e-04 -2.0567e-04 -1.9893e-04 -1.9227e-04 -1.8571e-04 -1.7924e-04 -1.7288e-04 -1.6662e-04 -1.6047e-04 -1.5445e-04 -1.4854e-04 -1.4275e-04 -1.3710e-04 -1.3157e-04 -1.2618e-04 -1.2092e-04 -1.1579e-04 -1.1081e-04 -1.0596e-04 -1.0125e-04 -9.6680e-05 -9.2249e-05 -8.7958e-05 -8.3806e-05 -7.9792e-05 -7.5914e-05 -7.2173e-05 -6.8566e-05 -6.5091e-05 -6.1748e-05 -5.8533e-05 -5.5445e-05 -5.2482e-05 -4.9640e-05 -4.6917e-05 -4.4312e-05 -4.1820e-05 -3.9439e-05 -3.7166e-05 -3.4998e-05 -3.2932e-05 -3.0965e-05 -2.9094e-05 -2.7315e-05 -2.5627e-05 -2.4024e-05 -2.2505e-05 -2.1067e-05 -1.9705e-05 -1.8418e-05 -1.7202e-05 -1.6054e-05 -1.4972e-05 -1.3952e-05 -4.5116e-04 -4.5065e-04 -4.4980e-04 -4.4860e-04 -4.4707e-04 -4.4521e-04 -4.4302e-04 -4.4050e-04 -4.3767e-04 -4.3453e-04 -4.3108e-04 -4.2733e-04 -4.2329e-04 -4.1898e-04 -4.1439e-04 0.0000e+00 -4.0445e-04 -3.9911e-04 -3.9354e-04 -3.8776e-04 -3.8177e-04 -3.7559e-04 -3.6923e-04 -3.6270e-04 -3.5602e-04 -3.4919e-04 -3.4224e-04 -3.3516e-04 -3.2799e-04 -3.2072e-04 -3.1338e-04 -3.0598e-04 -2.9852e-04 -2.9102e-04 -2.8349e-04 -2.7595e-04 -2.6841e-04 -2.6087e-04 -2.5336e-04 -2.4587e-04 -2.3842e-04 -2.3102e-04 -2.2369e-04 -2.1642e-04 -2.0922e-04 -2.0211e-04 -1.9510e-04 -1.8819e-04 -1.8138e-04 -1.7468e-04 -1.6811e-04 -1.6166e-04 -1.5534e-04 -1.4915e-04 -1.4310e-04 -1.3719e-04 -1.3142e-04 -1.2580e-04 -1.2033e-04 -1.1501e-04 -1.0984e-04 -1.0483e-04 -9.9965e-05 -9.5255e-05 -9.0697e-05 -8.6291e-05 -8.2037e-05 -7.7934e-05 -7.3979e-05 -7.0171e-05 -6.6509e-05 -6.2989e-05 -5.9610e-05 -5.6370e-05 -5.3265e-05 -5.0293e-05 -4.7450e-05 -4.4734e-05 -4.2141e-05 -3.9668e-05 -3.7311e-05 -3.5068e-05 -3.2935e-05 -3.0907e-05 -2.8983e-05 -2.7157e-05 -2.5427e-05 -2.3789e-05 -2.2239e-05 -2.0775e-05 -1.9392e-05 -1.8087e-05 -1.6858e-05 -1.5699e-05 -1.4610e-05 -1.3585e-05 -1.2623e-05 -1.1719e-05 -1.0872e-05 -1.0079e-05
