1.1986e-04 -7.1358e-04 -1.0185e-03 -1.2666e-03 -1.4477e-03 -1.5573e-03 -1.5965e-03 -1.5717e-03 -1.4932e-03 -1.3734e-03 -1.2260e-03 -1.0640e-03 -8.9897e-04 -7.4015e-04 -5.9434e-04 -4.6577e-04 -3.5643e-04 -2.6646e-04 -1.9468e-04 -1.3904e-04 -9.7109e-05 -6.6335e-05 -4.4330e-05 -2.8985e-05 -1.8547e-05 -1.1615e-05 -7.1204e-06 -4.2731e-06 -2.5107e-06 -1.4444e-06 -8.1366e-07 -4.4886e-07 -2.4251e-07 -1.2832e-07 -6.6503e-08 -3.3760e-08 -1.6787e-08 -8.1771e-09 -3.9019e-09 -1.8240e-09 -8.3534e-10 -3.7480e-10 -1.6476e-10 -7.0960e-11 -2.9945e-11 -1.2381e-11 -5.0160e-12 -1.9912e-12 -7.7453e-13 -2.9522e-13 -1.1026e-13 -4.0354e-14 -1.4473e-14 -5.0865e-15 -1.7518e-15 -5.9125e-16 -1.9555e-16 -6.3385e-17 -2.0134e-17 -6.2675e-18 -1.9121e-18 -5.7166e-19 -1.6750e-19 -4.8100e-20 -1.3537e-20 -3.7336e-21 -1.0093e-21 -2.6738e-22 -6.9424e-23 -1.7667e-23 -4.4061e-24 -1.0770e-24 -2.5802e-25 -6.0585e-26 -1.3942e-26 -3.1447e-27 -6.9519e-28 -1.5063e-28 -3.1987e-29 -6.6577e-30 -1.3582e-30 -2.7156e-31 -5.3219e-32 -1.0222e-32 -1.9245e-33 -3.5511e-34 -6.4225e-35 -1.1385e-35 -1.9781e-36 -3.3687e-37 -5.6230e-38 -9.1994e-39 -1.4752e-39 -2.3186e-40 -3.5720e-41 -5.3937e-42 -7.9828e-43 -1.1580e-43 -1.6466e-44 -2.2948e-45 0.0000e+00 -2.3784e-04 -3.3942e-04 -4.2206e-04 -4.8231e-04 -5.1867e-04 -5.3158e-04 -5.2316e-04 -4.9682e-04 -4.5679e-04 -4.0758e-04 -3.5355e-04 -2.9854e-04 -2.4565e-04 -1.9713e-04 -1.5438e-04 -1.1805e-04 -8.8188e-05 -6.4378e-05 -4.5941e-05 -3.2057e-05 -2.1877e-05 -1.4606e-05 -9.5403e-06 -6.0980e-06 -3.8148e-06 -2.3359e-06 -1.4001e-06 -8.2164e-07 -4.7208e-07 -2.6559e-07 -1.4632e-07 -7.8942e-08 -4.1712e-08 -2.1586e-08 -1.0941e-08 -5.4323e-09 -2.6419e-09 -1.2586e-09 -5.8739e-10 -2.6855e-10 -1.2029e-10 -5.2783e-11 -2.2693e-11 -9.5585e-12 -3.9448e-12 -1.5951e-12 -6.3198e-13 -2.4534e-13 -9.3325e-14 -3.4785e-14 -1.2705e-14 -4.5469e-15 -1.5946e-15 -5.4799e-16 -1.8454e-16 -6.0902e-17 -1.9695e-17 -6.2418e-18 -1.9385e-18 -5.9001e-19 -1.7598e-19 -5.1440e-20 -1.4735e-20 -4.1368e-21 -1.1382e-21 -3.0689e-22 -8.1096e-23 -2.1002e-23 -5.3307e-24 -1.3260e-24 -3.2327e-25 -7.7241e-26 -1.8088e-26 -4.1512e-27 -9.3375e-28 -2.0585e-28 -4.4478e-29 -9.4188e-30 -1.9549e-30 -3.9766e-31 -7.9284e-32 -1.5493e-32 -2.9672e-33 -5.5698e-34 -1.0247e-34 -1.8479e-35 -3.2659e-36 -5.6574e-37 -9.6055e-38 -1.5985e-38 -2.6072e-39 -4.1680e-40 -6.5310e-41 -1.0030e-41 -1.5098e-42 -2.2276e-43 -3.2214e-44 -4.5661e-45 -6.3436e-46
-7.1358e-04 4.7905e-04 -1.9797e-03 -2.4649e-03 -2.8216e-03 -3.0406e-03 -3.1239e-03 -3.0831e-03 -2.9373e-03 -2.7102e-03 -2.4278e-03 -2.1150e-03 -1.7942e-03 -1.4838e-03 -1.1971e-03 -9.4290e-04 -7.2543e-04 -5.4539e-04 -4.0085e-04 -2.8809e-04 -2.0253e-04 -1.3930e-04 -9.3754e-05 -6.1758e-05 -3.9823e-05 -2.5139e-05 -1.5539e-05 -9.4047e-06 -5.5745e-06 -3.2361e-06 -1.8400e-06 -1.0248e-06 -5.5912e-07 -2.9884e-07 -1.5648e-07 -8.0272e-08 -4.0347e-08 -1.9870e-08 -9.5880e-09 -4.5335e-09 -2.1005e-09 -9.5364e-10 -4.2428e-10 -1.8498e-10 -7.9036e-11 -3.3094e-11 -1.3580e-11 -5.4612e-12 -2.1524e-12 -8.3140e-13 -3.1474e-13 -1.1678e-13 -4.2464e-14 -1.5134e-14 -5.2864e-15 -1.8099e-15 -6.0730e-16 -1.9973e-16 -6.4384e-17 -2.0342e-17 -6.2994e-18 -1.9120e-18 -5.6884e-19 -1.6587e-19 -4.7409e-20 -1.3281e-20 -3.6469e-21 -9.8154e-22 -2.5894e-22 -6.6956e-23 -1.6970e-23 -4.2159e-24 -1.0266e-24 -2.4503e-25 -5.7327e-26 -1.3146e-26 -2.9549e-27 -6.5104e-28 -1.4060e-28 -2.9762e-29 -6.1754e-30 -1.2560e-30 -2.5038e-31 -4.8926e-32 -9.3712e-33 -1.7594e-33 -3.2378e-34 -5.8404e-35 -1.0327e-35 -1.7897e-36 -3.0404e-37 -5.0629e-38 -8.2638e-39 -1.3221e-39 -2.0734e-40 -3.1873e-41 -4.8025e-42 -7.0931e-43 -1.0269e-43 -1.4572e-44 -2.3784e-04 0.0000e+00 -6.5936e-04 -8.2048e-04 -9.3845e-04 -1.0103e-03 -1.0368e-03 -1.0219e-03 -9.7211e-04 -8.9548e-04 -8.0068e-04 -6.9612e-04 -5.8927e-04 -4.8617e-04 -3.9127e-04 -3.0737e-04 -2.3581e-04 -1.7676e-04 -1.2951e-04 -9.2775e-05 -6.4998e-05 -4.4546e-05 -2.9871e-05 -1.9601e-05 -1.2589e-05 -7.9145e-06 -4.8712e-06 -2.9355e-06 -1.7322e-06 -1.0009e-06 -5.6643e-07 -3.1395e-07 -1.7044e-07 -9.0636e-08 -4.7214e-08 -2.4094e-08 -1.2046e-08 -5.8998e-09 -2.8312e-09 -1.3311e-09 -6.1323e-10 -2.7681e-10 -1.2243e-10 -5.3064e-11 -2.2536e-11 -9.3791e-12 -3.8251e-12 -1.5288e-12 -5.9876e-13 -2.2982e-13 -8.6450e-14 -3.1870e-14 -1.1514e-14 -4.0770e-15 -1.4148e-15 -4.8119e-16 -1.6040e-16 -5.2402e-17 -1.6779e-17 -5.2657e-18 -1.6197e-18 -4.8829e-19 -1.4428e-19 -4.1787e-20 -1.1862e-20 -3.3003e-21 -9.0003e-22 -2.4058e-22 -6.3030e-23 -1.6186e-23 -4.0741e-24 -1.0052e-24 -2.4307e-25 -5.7617e-26 -1.3387e-26 -3.0486e-27 -6.8052e-28 -1.4890e-28 -3.1934e-29 -6.7134e-30 -1.3834e-30 -2.7941e-31 -5.5320e-32 -1.0736e-32 -2.0422e-33 -3.8079e-34 -6.9596e-35 -1.2469e-35 -2.1896e-36 -3.7691e-37 -6.3596e-38 -1.0518e-38 -1.7053e-39 -2.7099e-40 -4.2213e-41 -6.4455e-42 -9.6471e-43 -1.4153e-43 -2.0354e-44 -2.8693e-45
-1.0185e-03 -1.9797e-03 1.0764e-03 -3.5327e-03 -4.0540e-03 -4.3819e-03 -4.5181e-03 -4.4774e-03 -4.2854e-03 -3.9746e-03 -3.5805e-03 -3.1385e-03 -2.6804e-03 -2.2325e-03 -1.8150e-03 -1.4412e-03 -1.1183e-03 -8.4837e-04 -6.2943e-04 -4.5685e-04 -3.2448e-04 -2.2556e-04 -1.5350e-04 -1.0228e-04 -6.6730e-05 -4.2639e-05 -2.6685e-05 -1.6359e-05 -9.8242e-06 -5.7800e-06 -3.3317e-06 -1.8817e-06 -1.0413e-06 -5.6467e-07 -3.0005e-07 -1.5625e-07 -7.9734e-08 -3.9875e-08 -1.9544e-08 -9.3879e-09 -4.4196e-09 -2.0392e-09 -9.2219e-10 -4.0874e-10 -1.7757e-10 -7.5609e-11 -3.1555e-11 -1.2908e-11 -5.1755e-12 -2.0340e-12 -7.8351e-13 -2.9583e-13 -1.0949e-13 -3.9718e-14 -1.4123e-14 -4.9223e-15 -1.6816e-15 -5.6314e-16 -1.8485e-16 -5.9474e-17 -1.8757e-17 -5.7985e-18 -1.7571e-18 -5.2190e-19 -1.5195e-19 -4.3365e-20 -1.2131e-20 -3.3264e-21 -8.9409e-22 -2.3556e-22 -6.0835e-23 -1.5400e-23 -3.8214e-24 -9.2947e-25 -2.2160e-25 -5.1790e-26 -1.1864e-26 -2.6640e-27 -5.8637e-28 -1.2651e-28 -2.6756e-29 -5.5465e-30 -1.1271e-30 -2.2449e-31 -4.3830e-32 -8.3882e-33 -1.5736e-33 -2.8936e-34 -5.2156e-35 -9.2150e-36 -1.5959e-36 -2.7092e-37 -4.5082e-38 -7.3533e-39 -1.1757e-39 -1.8425e-40 -2.8305e-41 -4.2622e-42 -6.2912e-43 -9.1022e-44 -3.3942e-04 -6.5936e-04 0.0000e+00 -1.1738e-03 -1.3446e-03 -1.4502e-03 -1.4915e-03 -1.4737e-03 -1.4058e-03 -1.2991e-03 -1.1656e-03 -1.0172e-03 -8.6459e-04 -7.1649e-04 -5.7936e-04 -4.5742e-04 -3.5281e-04 -2.6596e-04 -1.9602e-04 -1.4130e-04 -9.9647e-05 -6.8761e-05 -4.6437e-05 -3.0698e-05 -1.9868e-05 -1.2590e-05 -7.8132e-06 -4.7485e-06 -2.8266e-06 -1.6481e-06 -9.4134e-07 -5.2674e-07 -2.8876e-07 -1.5510e-07 -8.1624e-08 -4.2091e-08 -2.1269e-08 -1.0532e-08 -5.1104e-09 -2.4301e-09 -1.1325e-09 -5.1725e-10 -2.3153e-10 -1.0157e-10 -4.3672e-11 -1.8404e-11 -7.6018e-12 -3.0775e-12 -1.2212e-12 -4.7496e-13 -1.8107e-13 -6.7660e-14 -2.4782e-14 -8.8973e-15 -3.1311e-15 -1.0801e-15 -3.6521e-16 -1.2105e-16 -3.9328e-17 -1.2525e-17 -3.9100e-18 -1.1965e-18 -3.5892e-19 -1.0554e-19 -3.0421e-20 -8.5956e-21 -2.3808e-21 -6.4639e-22 -1.7204e-22 -4.4884e-23 -1.1479e-23 -2.8778e-24 -7.0723e-25 -1.7038e-25 -4.0236e-26 -9.3144e-27 -2.1137e-27 -4.7020e-28 -1.0253e-28 -2.1918e-29 -4.5928e-30 -9.4342e-31 -1.8997e-31 -3.7498e-32 -7.2557e-33 -1.3762e-33 -2.5590e-34 -4.6642e-35 -8.3337e-36 -1.4597e-36 -2.5061e-37 -4.2180e-38 -6.9592e-39 -1.1255e-39 -1.7844e-40 -2.7733e-41 -4.2250e-42 -6.3097e-43 -9.2371e-44 -1.3256e-44
-1.2666e-03 -2.4649e-03 -3.5327e-03 1.9100e-03 -5.0888e-03 -5.5236e-03 -5.7235e-03 -5.7042e-03 -5.4945e-03 -5.1321e-03 -4.6593e-03 -4.1184e-03 -3.5490e-03 -2.9846e-03 -2.4513e-03 -1.9675e-03 -1.5440e-03 -1.1852e-03 -8.9020e-04 -6.5441e-04 -4.7096e-04 -3.3187e-04 -2.2903e-04 -1.5480e-04 -1.0250e-04 -6.6486e-05 -4.2253e-05 -2.6311e-05 -1.6054e-05 -9.5991e-06 -5.6246e-06 -3.2299e-06 -1.8177e-06 -1.0026e-06 -5.4200e-07 -2.8718e-07 -1.4914e-07 -7.5913e-08 -3.7875e-08 -1.8522e-08 -8.8783e-09 -4.1715e-09 -1.9212e-09 -8.6727e-10 -3.8376e-10 -1.6646e-10 -7.0771e-11 -2.9494e-11 -1.2049e-11 -4.8249e-12 -1.8939e-12 -7.2870e-13 -2.7483e-13 -1.0161e-13 -3.6822e-14 -1.3080e-14 -4.5547e-15 -1.5547e-15 -5.2017e-16 -1.7060e-16 -5.4846e-17 -1.7284e-17 -5.3391e-18 -1.6167e-18 -4.7986e-19 -1.3961e-19 -3.9818e-20 -1.1132e-20 -3.0505e-21 -8.1942e-22 -2.1576e-22 -5.5689e-23 -1.4089e-23 -3.4942e-24 -8.4943e-25 -2.0241e-25 -4.7280e-26 -1.0826e-26 -2.4297e-27 -5.3453e-28 -1.1527e-28 -2.4367e-29 -5.0490e-30 -1.0255e-30 -2.0417e-31 -3.9846e-32 -7.6226e-33 -1.4294e-33 -2.6273e-34 -4.7337e-35 -8.3603e-36 -1.4473e-36 -2.4560e-37 -4.0854e-38 -6.6612e-39 -1.0646e-39 -1.6679e-40 -2.5614e-41 -3.8556e-42 -5.6890e-43 -4.2206e-04 -8.2048e-04 -1.1738e-03 0.0000e+00 -1.6814e-03 -1.8181e-03 -1.8754e-03 -1.8595e-03 -1.7808e-03 -1.6527e-03 -1.4900e-03 -1.3071e-03 -1.1173e-03 -9.3157e-04 -7.5817e-04 -6.0274e-04 -4.6830e-04 -3.5574e-04 -2.6432e-04 -1.9215e-04 -1.3670e-04 -9.5200e-05 -6.4908e-05 -4.3334e-05 -2.8333e-05 -1.8145e-05 -1.1383e-05 -6.9953e-06 -4.2119e-06 -2.4848e-06 -1.4364e-06 -8.1368e-07 -4.5169e-07 -2.4574e-07 -1.3102e-07 -6.8468e-08 -3.5068e-08 -1.7604e-08 -8.6623e-09 -4.1779e-09 -1.9752e-09 -9.1533e-10 -4.1580e-10 -1.8515e-10 -8.0818e-11 -3.4582e-11 -1.4506e-11 -5.9645e-12 -2.4043e-12 -9.5004e-13 -3.6802e-13 -1.3975e-13 -5.2027e-14 -1.8987e-14 -6.7930e-15 -2.3825e-15 -8.1917e-16 -2.7612e-16 -9.1239e-17 -2.9556e-17 -9.3860e-18 -2.9221e-18 -8.9182e-19 -2.6683e-19 -7.8265e-20 -2.2505e-20 -6.3439e-21 -1.7531e-21 -4.7493e-22 -1.2613e-22 -3.2840e-23 -8.3819e-24 -2.0973e-24 -5.1445e-25 -1.2371e-25 -2.9162e-26 -6.7392e-27 -1.5268e-27 -3.3908e-28 -7.3823e-29 -1.5756e-29 -3.2967e-30 -6.7620e-31 -1.3597e-31 -2.6801e-32 -5.1789e-33 -9.8105e-34 -1.8218e-34 -3.3165e-35 -5.9184e-36 -1.0354e-36 -1.7756e-37 -2.9852e-38 -4.9198e-39 -7.9483e-40 -1.2588e-40 -1.9544e-41 -2.9745e-42 -4.4378e-43 -6.4906e-44
-1.4477e-03 -2.8216e-03 -4.0540e-03 -5.0888e-03 2.9773e-03 -6.4232e-03 -6.6975e-03 -6.7229e-03 -6.5279e-03 -6.1514e-03 -5.6386e-03 -5.0360e-03 -4.3880e-03 -3.7337e-03 -3.1046e-03 -2.5243e-03 -2.0079e-03 -1.5631e-03 -1.1911e-03 -8.8878e-04 -6.4950e-04 -4.6492e-04 -3.2603e-04 -2.2400e-04 -1.5080e-04 -9.9487e-05 -6.4319e-05 -4.0752e-05 -2.5306e-05 -1.5402e-05 -9.1876e-06 -5.3720e-06 -3.0787e-06 -1.7295e-06 -9.5234e-07 -5.1403e-07 -2.7196e-07 -1.4104e-07 -7.1703e-08 -3.5731e-08 -1.7454e-08 -8.3578e-09 -3.9230e-09 -1.8050e-09 -8.1413e-10 -3.5995e-10 -1.5600e-10 -6.6275e-11 -2.7600e-11 -1.1267e-11 -4.5088e-12 -1.7687e-12 -6.8010e-13 -2.5635e-13 -9.4718e-14 -3.4306e-14 -1.2180e-14 -4.2390e-15 -1.4462e-15 -4.8362e-16 -1.5854e-16 -5.0944e-17 -1.6047e-17 -4.9548e-18 -1.4997e-18 -4.4494e-19 -1.2940e-19 -3.6890e-20 -1.0309e-20 -2.8240e-21 -7.5829e-22 -1.9959e-22 -5.1497e-23 -1.3024e-23 -3.2289e-24 -7.8468e-25 -1.8692e-25 -4.3648e-26 -9.9906e-27 -2.2416e-27 -4.9299e-28 -1.0628e-28 -2.2460e-29 -4.6526e-30 -9.4472e-31 -1.8804e-31 -3.6687e-32 -7.0163e-33 -1.3153e-33 -2.4171e-34 -4.3538e-35 -7.6874e-36 -1.3305e-36 -2.2573e-37 -3.7539e-38 -6.1192e-39 -9.7778e-40 -1.5315e-40 -2.3513e-41 -3.5387e-42 -4.8231e-04 -9.3845e-04 -1.3446e-03 -1.6814e-03 0.0000e+00 -2.0994e-03 -2.1739e-03 -2.1650e-03 -2.0837e-03 -1.9446e-03 -1.7638e-03 -1.5576e-03 -1.3410e-03 -1.1266e-03 -9.2437e-04 -7.4121e-04 -5.8113e-04 -4.4569e-04 -3.3447e-04 -2.4568e-04 -1.7669e-04 -1.2443e-04 -8.5823e-05 -5.7986e-05 -3.8382e-05 -2.4892e-05 -1.5819e-05 -9.8514e-06 -6.0125e-06 -3.5965e-06 -2.1086e-06 -1.2117e-06 -6.8257e-07 -3.7690e-07 -2.0401e-07 -1.0825e-07 -5.6309e-08 -2.8715e-08 -1.4355e-08 -7.0357e-09 -3.3806e-09 -1.5925e-09 -7.3546e-10 -3.3300e-10 -1.4782e-10 -6.4330e-11 -2.7448e-11 -1.1482e-11 -4.7089e-12 -1.8934e-12 -7.4639e-13 -2.8847e-13 -1.0931e-13 -4.0606e-14 -1.4789e-14 -5.2808e-15 -1.8487e-15 -6.3450e-16 -2.1350e-16 -7.0432e-17 -2.2779e-17 -7.2229e-18 -2.2453e-18 -6.8431e-19 -2.0446e-19 -5.9892e-20 -1.7200e-20 -4.8425e-21 -1.3366e-21 -3.6168e-22 -9.5950e-23 -2.4954e-23 -6.3626e-24 -1.5904e-24 -3.8974e-25 -9.3630e-26 -2.2052e-26 -5.0915e-27 -1.1525e-27 -2.5574e-28 -5.5634e-29 -1.1865e-29 -2.4806e-30 -5.0842e-31 -1.0216e-31 -2.0123e-32 -3.8858e-33 -7.3559e-34 -1.3651e-34 -2.4835e-35 -4.4293e-36 -7.7440e-37 -1.3273e-37 -2.2301e-38 -3.6734e-39 -5.9315e-40 -9.3890e-41 -1.4569e-41 -2.2163e-42 -3.3050e-43
-1.5573e-03 -3.0406e-03 -4.3819e-03 -5.5236e-03 -6.4232e-03 4.2751e-03 -7.4122e-03 -7.5043e-03 -7.3564e-03 -7.0049e-03 -6.4938e-03 -5.8704e-03 -5.1810e-03 -4.4683e-03 -3.7684e-03 -3.1093e-03 -2.5111e-03 -1.9856e-03 -1.5376e-03 -1.1664e-03 -8.6681e-04 -6.3117e-04 -4.5037e-04 -3.1493e-04 -2.1583e-04 -1.4497e-04 -9.5443e-05 -6.1591e-05 -3.8959e-05 -2.4156e-05 -1.4681e-05 -8.7468e-06 -5.1083e-06 -2.9245e-06 -1.6412e-06 -9.0289e-07 -4.8691e-07 -2.5741e-07 -1.3339e-07 -6.7766e-08 -3.3747e-08 -1.6474e-08 -7.8836e-09 -3.6983e-09 -1.7007e-09 -7.6665e-10 -3.3878e-10 -1.4675e-10 -6.2317e-11 -2.5940e-11 -1.0585e-11 -4.2339e-12 -1.6602e-12 -6.3811e-13 -2.4043e-13 -8.8802e-14 -3.2152e-14 -1.1411e-14 -3.9700e-15 -1.3539e-15 -4.5263e-16 -1.4833e-16 -4.7649e-17 -1.5004e-17 -4.6315e-18 -1.4014e-18 -4.1567e-19 -1.2086e-19 -3.4445e-20 -9.6230e-21 -2.6354e-21 -7.0746e-22 -1.8617e-22 -4.8022e-23 -1.2142e-23 -3.0096e-24 -7.3122e-25 -1.7415e-25 -4.0656e-26 -9.3037e-27 -2.0870e-27 -4.5891e-28 -9.8915e-29 -2.0899e-29 -4.3284e-30 -8.7872e-31 -1.7487e-31 -3.4111e-32 -6.5225e-33 -1.2225e-33 -2.2462e-34 -4.0453e-35 -7.1415e-36 -1.2358e-36 -2.0963e-37 -3.4856e-38 -5.6810e-39 -9.0763e-40 -1.4214e-40 -2.1820e-41 -5.1867e-04 -1.0103e-03 -1.4502e-03 -1.8181e-03 -2.0994e-03 0.0000e+00 -2.3788e-03 -2.3818e-03 -2.3062e-03 -2.1666e-03 -1.9796e-03 -1.7620e-03 -1.5299e-03 -1.2970e-03 -1.0745e-03 -8.7039e-04 -6.8973e-04 -5.3490e-04 -4.0611e-04 -3.0193e-04 -2.1986e-04 -1.5684e-04 -1.0963e-04 -7.5084e-05 -5.0399e-05 -3.3156e-05 -2.1380e-05 -1.3515e-05 -8.3742e-06 -5.0870e-06 -3.0295e-06 -1.7688e-06 -1.0125e-06 -5.6829e-07 -3.1272e-07 -1.6872e-07 -8.9254e-08 -4.6295e-08 -2.3544e-08 -1.1740e-08 -5.7401e-09 -2.7518e-09 -1.2935e-09 -5.9613e-10 -2.6939e-10 -1.1936e-10 -5.1855e-11 -2.2088e-11 -9.2253e-12 -3.7778e-12 -1.5168e-12 -5.9712e-13 -2.3048e-13 -8.7222e-14 -3.2364e-14 -1.1774e-14 -4.1996e-15 -1.4686e-15 -5.0355e-16 -1.6928e-16 -5.5792e-17 -1.8029e-17 -5.7117e-18 -1.7741e-18 -5.4027e-19 -1.6130e-19 -4.7216e-20 -1.3550e-20 -3.8123e-21 -1.0516e-21 -2.8438e-22 -7.5396e-23 -1.9597e-23 -4.9939e-24 -1.2476e-24 -3.0557e-25 -7.3372e-26 -1.7272e-26 -3.9860e-27 -9.0182e-28 -2.0003e-28 -4.3495e-29 -9.2721e-30 -1.9377e-30 -3.9700e-31 -7.9738e-32 -1.5701e-32 -3.0307e-33 -5.7353e-34 -1.0640e-34 -1.9350e-35 -3.4499e-36 -6.0298e-37 -1.0332e-37 -1.7354e-38 -2.8576e-39 -4.6129e-40 -7.2999e-41 -1.1324e-41 -1.7222e-42
-1.5965e-03 -3.1239e-03 -4.5181e-03 -5.7235e-03 -6.6975e-03 -7.4122e-03 5.7999e-03 -8.0322e-03 -7.9603e-03 -7.6706e-03 -7.2022e-03 -6.5996e-03 -5.9085e-03 -5.1723e-03 -4.4302e-03 -3.7144e-03 -3.0496e-03 -2.4524e-03 -1.9321e-03 -1.4915e-03 -1.1283e-03 -8.3647e-04 -6.0781e-04 -4.3290e-04 -3.0222e-04 -2.0682e-04 -1.3874e-04 -9.1238e-05 -5.8815e-05 -3.7168e-05 -2.3025e-05 -1.3983e-05 -8.3246e-06 -4.8584e-06 -2.7796e-06 -1.5590e-06 -8.5716e-07 -4.6201e-07 -2.4412e-07 -1.2645e-07 -6.4206e-08 -3.1960e-08 -1.5595e-08 -7.4601e-09 -3.4982e-09 -1.6081e-09 -7.2465e-10 -3.2011e-10 -1.3862e-10 -5.8844e-11 -2.4487e-11 -9.9887e-12 -3.9943e-12 -1.5657e-12 -6.0165e-13 -2.2663e-13 -8.3684e-14 -3.0291e-14 -1.0748e-14 -3.7384e-15 -1.2746e-15 -4.2602e-16 -1.3958e-16 -4.4828e-17 -1.4113e-17 -4.3555e-18 -1.3176e-18 -3.9074e-19 -1.1359e-19 -3.2367e-20 -9.0409e-21 -2.4755e-21 -6.6443e-22 -1.7481e-22 -4.5085e-23 -1.1398e-23 -2.8247e-24 -6.8618e-25 -1.6340e-25 -3.8140e-26 -8.7267e-27 -1.9573e-27 -4.3033e-28 -9.2741e-29 -1.9592e-29 -4.0571e-30 -8.2355e-31 -1.6387e-31 -3.1962e-32 -6.1108e-33 -1.1452e-33 -2.1039e-34 -3.7886e-35 -6.6876e-36 -1.1571e-36 -1.9626e-37 -3.2630e-38 -5.3177e-39 -8.4949e-40 -1.3302e-40 -5.3158e-04 -1.0368e-03 -1.4915e-03 -1.8754e-03 -2.1739e-03 -2.3788e-03 0.0000e+00 -2.5071e-03 -2.4446e-03 -2.3145e-03 -2.1326e-03 -1.9157e-03 -1.6796e-03 -1.4388e-03 -1.2052e-03 -9.8756e-04 -7.9208e-04 -6.2204e-04 -4.7846e-04 -3.6054e-04 -2.6622e-04 -1.9264e-04 -1.3663e-04 -9.4990e-05 -6.4742e-05 -4.3261e-05 -2.8342e-05 -1.8206e-05 -1.1467e-05 -7.0819e-06 -4.2888e-06 -2.5469e-06 -1.4831e-06 -8.4691e-07 -4.7424e-07 -2.6041e-07 -1.4022e-07 -7.4037e-08 -3.8335e-08 -1.9464e-08 -9.6908e-09 -4.7313e-09 -2.2651e-09 -1.0633e-09 -4.8948e-10 -2.2094e-10 -9.7791e-11 -4.2441e-11 -1.8061e-11 -7.5365e-12 -3.0835e-12 -1.2371e-12 -4.8661e-13 -1.8768e-13 -7.0978e-14 -2.6318e-14 -9.5685e-15 -3.4109e-15 -1.1921e-15 -4.0852e-16 -1.3726e-16 -4.5215e-17 -1.4604e-17 -4.6245e-18 -1.4358e-18 -4.3704e-19 -1.3043e-19 -3.8164e-20 -1.0948e-20 -3.0791e-21 -8.4903e-22 -2.2953e-22 -6.0833e-23 -1.5807e-23 -4.0268e-24 -1.0057e-24 -2.4625e-25 -5.9112e-26 -1.3911e-26 -3.2096e-27 -7.2599e-28 -1.6099e-28 -3.4998e-29 -7.4590e-30 -1.5585e-30 -3.1923e-31 -6.4104e-32 -1.2620e-32 -2.4355e-33 -4.6081e-34 -8.5470e-35 -1.5541e-35 -2.7704e-36 -4.8413e-37 -8.2938e-38 -1.3929e-38 -2.2933e-39 -3.7013e-40 -5.8564e-41 -9.0838e-42
-1.5717e-03 -3.0831e-03 -4.4774e-03 -5.7042e-03 -6.7229e-03 -7.5043e-03 -8.0322e-03 7.5476e-03 -8.3304e-03 -8.1334e-03 -7.7446e-03 -7.2023e-03 -6.5485e-03 -5.8254e-03 -5.0729e-03 -4.3262e-03 -3.6141e-03 -2.9582e-03 -2.3728e-03 -1.8653e-03 -1.4373e-03 -1.0855e-03 -8.0369e-04 -5.8329e-04 -4.1500e-04 -2.8945e-04 -1.9792e-04 -1.3267e-04 -8.7182e-05 -5.6165e-05 -3.5472e-05 -2.1963e-05 -1.3331e-05 -7.9329e-06 -4.6277e-06 -2.6465e-06 -1.4837e-06 -8.1549e-07 -4.3939e-07 -2.3208e-07 -1.2017e-07 -6.1002e-08 -3.0356e-08 -1.4808e-08 -7.0816e-09 -3.3198e-09 -1.5257e-09 -6.8734e-10 -3.0356e-10 -1.3142e-10 -5.5775e-11 -2.3205e-11 -9.4637e-12 -3.7836e-12 -1.4828e-12 -5.6969e-13 -2.1455e-13 -7.9208e-14 -2.8666e-14 -1.0170e-14 -3.5366e-15 -1.2056e-15 -4.0290e-16 -1.3198e-16 -4.2382e-17 -1.3341e-17 -4.1167e-18 -1.2452e-18 -3.6921e-19 -1.0731e-19 -3.0575e-20 -8.5394e-21 -2.3379e-21 -6.2742e-22 -1.6506e-22 -4.2564e-23 -1.0760e-23 -2.6661e-24 -6.4760e-25 -1.5419e-25 -3.5988e-26 -8.2336e-27 -1.8465e-27 -4.0593e-28 -8.7475e-29 -1.8478e-29 -3.8261e-30 -7.7658e-31 -1.5451e-31 -3.0134e-32 -5.7608e-33 -1.0796e-33 -1.9831e-34 -3.5708e-35 -6.3026e-36 -1.0904e-36 -1.8494e-37 -3.0745e-38 -5.0101e-39 -8.0030e-40 -5.2316e-04 -1.0219e-03 -1.4737e-03 -1.8595e-03 -2.1650e-03 -2.3818e-03 -2.5071e-03 0.0000e+00 -2.5004e-03 -2.3882e-03 -2.2216e-03 -2.0161e-03 -1.7872e-03 -1.5488e-03 -1.3132e-03 -1.0899e-03 -8.8581e-04 -7.0529e-04 -5.5026e-04 -4.2076e-04 -3.1538e-04 -2.3175e-04 -1.6697e-04 -1.1796e-04 -8.1715e-05 -5.5513e-05 -3.6984e-05 -2.4164e-05 -1.5484e-05 -9.7305e-06 -5.9971e-06 -3.6249e-06 -2.1489e-06 -1.2493e-06 -7.1235e-07 -3.9834e-07 -2.1845e-07 -1.1749e-07 -6.1968e-08 -3.2053e-08 -1.6259e-08 -8.0879e-09 -3.9454e-09 -1.8874e-09 -8.8539e-10 -4.0730e-10 -1.8373e-10 -8.1271e-11 -3.5252e-11 -1.4994e-11 -6.2533e-12 -2.5573e-12 -1.0255e-12 -4.0322e-13 -1.5546e-13 -5.8769e-14 -2.1784e-14 -7.9170e-15 -2.8213e-15 -9.8575e-16 -3.3770e-16 -1.1343e-16 -3.7356e-17 -1.2062e-17 -3.8188e-18 -1.1853e-18 -3.6073e-19 -1.0763e-19 -3.1487e-20 -9.0308e-21 -2.5394e-21 -7.0010e-22 -1.8923e-22 -5.0145e-23 -1.3028e-23 -3.3182e-24 -8.2862e-25 -2.0286e-25 -4.8690e-26 -1.1457e-26 -2.6430e-27 -5.9775e-28 -1.3254e-28 -2.8809e-29 -6.1393e-30 -1.2826e-30 -2.6269e-31 -5.2746e-32 -1.0383e-32 -2.0036e-33 -3.7905e-34 -7.0300e-35 -1.2782e-35 -2.2783e-36 -3.9810e-37 -6.8195e-38 -1.1452e-38 -1.8853e-39 -3.0427e-40 -4.8139e-41
-1.4932e-03 -2.9373e-03 -4.2854e-03 -5.4945e-03 -6.5279e-03 -7.3564e-03 -7.9603e-03 -8.3304e-03 9.5143e-03 -8.3866e-03 -8.1070e-03 -7.6593e-03 -7.0791e-03 -6.4049e-03 -5.6751e-03 -4.9263e-03 -4.1902e-03 -3.4930e-03 -2.8541e-03 -2.2859e-03 -1.7948e-03 -1.3814e-03 -1.0424e-03 -7.7112e-04 -5.5926e-04 -3.9764e-04 -2.7719e-04 -1.8943e-04 -1.2692e-04 -8.3369e-05 -5.3687e-05 -3.3894e-05 -2.0978e-05 -1.2729e-05 -7.5723e-06 -4.4161e-06 -2.5248e-06 -1.4151e-06 -7.7756e-07 -4.1884e-07 -2.2118e-07 -1.1450e-07 -5.8110e-08 -2.8911e-08 -1.4101e-08 -6.7418e-09 -3.1600e-09 -1.4520e-09 -6.5401e-10 -2.8879e-10 -1.2501e-10 -5.3044e-11 -2.2065e-11 -8.9976e-12 -3.5967e-12 -1.4094e-12 -5.4141e-13 -2.0387e-13 -7.5257e-14 -2.7232e-14 -9.6599e-15 -3.3590e-15 -1.1450e-15 -3.8258e-16 -1.2531e-16 -4.0236e-17 -1.2664e-17 -3.9075e-18 -1.1818e-18 -3.5038e-19 -1.0183e-19 -2.9011e-20 -8.1018e-21 -2.2179e-21 -5.9518e-22 -1.5656e-22 -4.0371e-23 -1.0204e-23 -2.5283e-24 -6.1408e-25 -1.4620e-25 -3.4121e-26 -7.8059e-27 -1.7505e-27 -3.8480e-28 -8.2916e-29 -1.7514e-29 -3.6262e-30 -7.3597e-31 -1.4642e-31 -2.8555e-32 -5.4586e-33 -1.0229e-33 -1.8789e-34 -3.3830e-35 -5.9708e-36 -1.0330e-36 -1.7518e-37 -2.9122e-38 -4.7454e-39 -4.9682e-04 -9.7211e-04 -1.4058e-03 -1.7808e-03 -2.0837e-03 -2.3062e-03 -2.4446e-03 -2.5004e-03 0.0000e+00 -2.3914e-03 -2.2481e-03 -2.0634e-03 -1.8511e-03 -1.6246e-03 -1.3958e-03 -1.1745e-03 -9.6836e-04 -7.8249e-04 -6.1983e-04 -4.8140e-04 -3.6662e-04 -2.7382e-04 -2.0057e-04 -1.4410e-04 -1.0154e-04 -7.0183e-05 -4.7582e-05 -3.1642e-05 -2.0640e-05 -1.3206e-05 -8.2876e-06 -5.1016e-06 -3.0802e-06 -1.8241e-06 -1.0595e-06 -6.0362e-07 -3.3728e-07 -1.8484e-07 -9.9344e-08 -5.2367e-08 -2.7072e-08 -1.3725e-08 -6.8245e-09 -3.3277e-09 -1.5912e-09 -7.4618e-10 -3.4314e-10 -1.5474e-10 -6.8427e-11 -2.9672e-11 -1.2617e-11 -5.2609e-12 -2.1510e-12 -8.6237e-13 -3.3901e-13 -1.3068e-13 -4.9392e-14 -1.8305e-14 -6.6517e-15 -2.3700e-15 -8.2797e-16 -2.8361e-16 -9.5251e-17 -3.1365e-17 -1.0127e-17 -3.2057e-18 -9.9494e-19 -3.0276e-19 -9.0328e-20 -2.6422e-20 -7.5776e-21 -2.1306e-21 -5.8735e-22 -1.5874e-22 -4.2063e-23 -1.0927e-23 -2.7831e-24 -6.9495e-25 -1.7013e-25 -4.0831e-26 -9.6074e-27 -2.2162e-27 -5.0121e-28 -1.1112e-28 -2.4154e-29 -5.1471e-30 -1.0753e-30 -2.2022e-31 -4.4217e-32 -8.7036e-33 -1.6795e-33 -3.1773e-34 -5.8925e-35 -1.0713e-35 -1.9095e-36 -3.3366e-37 -5.7154e-38 -9.5978e-39 -1.5800e-39 -2.5499e-40
-1.3734e-03 -2.7102e-03 -3.9746e-03 -5.1321e-03 -6.1514e-03 -7.0049e-03 -7.6706e-03 -8.1334e-03 -8.3866e-03 1.1695e-02 -8.2823e-03 -7.9559e-03 -7.4803e-03 -6.8878e-03 -6.2135e-03 -5.4928e-03 -4.7592e-03 -4.0421e-03 -3.3654e-03 -2.7470e-03 -2.1983e-03 -1.7247e-03 -1.3267e-03 -1.0005e-03 -7.3981e-04 -5.3631e-04 -3.8118e-04 -2.6562e-04 -1.8147e-04 -1.2154e-04 -7.9815e-05 -5.1385e-05 -3.2433e-05 -2.0069e-05 -1.2175e-05 -7.2409e-06 -4.2219e-06 -2.4133e-06 -1.3524e-06 -7.4296e-07 -4.0014e-07 -2.1127e-07 -1.0936e-07 -5.5490e-08 -2.7603e-08 -1.3461e-08 -6.4352e-09 -3.0159e-09 -1.3856e-09 -6.2403e-10 -2.7552e-10 -1.1925e-10 -5.0596e-11 -2.1045e-11 -8.5807e-12 -3.4297e-12 -1.3439e-12 -5.1618e-13 -1.9436e-13 -7.1738e-14 -2.5957e-14 -9.2068e-15 -3.2012e-15 -1.0911e-15 -3.6455e-16 -1.1940e-16 -3.8335e-17 -1.2065e-17 -3.7224e-18 -1.1258e-18 -3.3375e-19 -9.6991e-20 -2.7630e-20 -7.7159e-21 -2.1121e-21 -5.6676e-22 -1.4908e-22 -3.8439e-23 -9.7157e-24 -2.4072e-24 -5.8463e-25 -1.3918e-25 -3.2481e-26 -7.4305e-27 -1.6662e-27 -3.6626e-28 -7.8919e-29 -1.6669e-29 -3.4511e-30 -7.0041e-31 -1.3934e-31 -2.7173e-32 -5.1943e-33 -9.7332e-34 -1.7878e-34 -3.2188e-35 -5.6809e-36 -9.8282e-37 -1.6667e-37 -2.7706e-38 -4.5679e-04 -8.9548e-04 -1.2991e-03 -1.6527e-03 -1.9446e-03 -2.1666e-03 -2.3145e-03 -2.3882e-03 -2.3914e-03 0.0000e+00 -2.2166e-03 -2.0595e-03 -1.8716e-03 -1.6651e-03 -1.4509e-03 -1.2390e-03 -1.0371e-03 -8.5124e-04 -6.8516e-04 -5.4090e-04 -4.1886e-04 -3.1818e-04 -2.3711e-04 -1.7334e-04 -1.2432e-04 -8.7473e-05 -6.0379e-05 -4.0887e-05 -2.7162e-05 -1.7701e-05 -1.1316e-05 -7.0967e-06 -4.3657e-06 -2.6344e-06 -1.5593e-06 -9.0531e-07 -5.1555e-07 -2.8796e-07 -1.5776e-07 -8.4764e-08 -4.4669e-08 -2.3087e-08 -1.1703e-08 -5.8175e-09 -2.8362e-09 -1.3560e-09 -6.3578e-10 -2.9233e-10 -1.3181e-10 -5.8282e-11 -2.5271e-11 -1.0745e-11 -4.4798e-12 -1.8315e-12 -7.3424e-13 -2.8863e-13 -1.1125e-13 -4.2047e-14 -1.5582e-14 -5.6622e-15 -2.0174e-15 -7.0475e-16 -2.4140e-16 -8.1072e-17 -2.6696e-17 -8.6190e-18 -2.7284e-18 -8.4679e-19 -2.5768e-19 -7.6877e-20 -2.2487e-20 -6.4491e-21 -1.8133e-21 -4.9988e-22 -1.3510e-22 -3.5799e-23 -9.3001e-24 -2.3687e-24 -5.9147e-25 -1.4479e-25 -3.4751e-26 -8.1769e-27 -1.8863e-27 -4.2659e-28 -9.4581e-29 -2.0558e-29 -4.3809e-30 -9.1522e-31 -1.8745e-31 -3.7636e-32 -7.4083e-33 -1.4296e-33 -2.7045e-34 -5.0158e-35 -9.1194e-36 -1.6254e-36 -2.8402e-37 -4.8653e-38 -8.1702e-39 -1.3450e-39
-1.2260e-03 -2.4278e-03 -3.5805e-03 -4.6593e-03 -5.6386e-03 -6.4938e-03 -7.2022e-03 -7.7446e-03 -8.1070e-03 -8.2823e-03 1.4087e-02 -8.0835e-03 -7.7360e-03 -7.2531e-03 -6.6643e-03 -6.0019e-03 -5.2989e-03 -4.5865e-03 -3.8921e-03 -3.2384e-03 -2.6418e-03 -2.1131e-03 -1.6572e-03 -1.2742e-03 -9.6068e-04 -7.1012e-04 -5.1465e-04 -3.6570e-04 -2.5477e-04 -1.7402e-04 -1.1653e-04 -7.6511e-05 -4.9249e-05 -3.1080e-05 -1.9229e-05 -1.1663e-05 -6.9358e-06 -4.0435e-06 -2.3110e-06 -1.2949e-06 -7.1131e-07 -3.8305e-07 -2.0223e-07 -1.0466e-07 -5.3105e-08 -2.6414e-08 -1.2880e-08 -6.1570e-09 -2.8853e-09 -1.3255e-09 -5.9692e-10 -2.6353e-10 -1.1405e-10 -4.8388e-11 -2.0125e-11 -8.2053e-12 -3.2795e-12 -1.2849e-12 -4.9351e-13 -1.8581e-13 -6.8581e-14 -2.4813e-14 -8.8007e-15 -3.0599e-15 -1.0429e-15 -3.4843e-16 -1.1412e-16 -3.6637e-17 -1.1530e-17 -3.5572e-18 -1.0758e-18 -3.1891e-19 -9.2677e-20 -2.6401e-20 -7.3722e-21 -2.0180e-21 -5.4148e-22 -1.4243e-22 -3.6723e-23 -9.2815e-24 -2.2995e-24 -5.5847e-25 -1.3295e-25 -3.1027e-26 -7.0975e-27 -1.5915e-27 -3.4983e-28 -7.5377e-29 -1.5920e-29 -3.2961e-30 -6.6894e-31 -1.3308e-31 -2.5951e-32 -4.9606e-33 -9.2951e-34 -1.7073e-34 -3.0738e-35 -5.4249e-36 -9.3851e-37 -1.5915e-37 -4.0758e-04 -8.0068e-04 -1.1656e-03 -1.4900e-03 -1.7638e-03 -1.9796e-03 -2.1326e-03 -2.2216e-03 -2.2481e-03 -2.2166e-03 0.0000e+00 -2.0087e-03 -1.8508e-03 -1.6704e-03 -1.4775e-03 -1.2813e-03 -1.0898e-03 -9.0911e-04 -7.4403e-04 -5.9742e-04 -4.7067e-04 -3.6384e-04 -2.7598e-04 -2.0540e-04 -1.5000e-04 -1.0748e-04 -7.5565e-05 -5.2125e-05 -3.5278e-05 -2.3424e-05 -1.5259e-05 -9.7517e-06 -6.1137e-06 -3.7600e-06 -2.2685e-06 -1.3425e-06 -7.7931e-07 -4.4374e-07 -2.4783e-07 -1.3576e-07 -7.2940e-08 -3.8437e-08 -1.9865e-08 -1.0069e-08 -5.0055e-09 -2.4403e-09 -1.1667e-09 -5.4704e-10 -2.5153e-10 -1.1342e-10 -5.0150e-11 -2.1746e-11 -9.2462e-12 -3.8552e-12 -1.5762e-12 -6.3190e-13 -2.4841e-13 -9.5754e-14 -3.6192e-14 -1.3413e-14 -4.8741e-15 -1.7367e-15 -6.0672e-16 -2.0783e-16 -6.9802e-17 -2.2986e-17 -7.4216e-18 -2.3494e-18 -7.2922e-19 -2.2191e-19 -6.6209e-20 -1.9368e-20 -5.5548e-21 -1.5619e-21 -4.3060e-22 -1.1638e-22 -3.0841e-23 -8.0124e-24 -2.0408e-24 -5.0962e-25 -1.2476e-25 -2.9945e-26 -7.0463e-27 -1.6255e-27 -3.6764e-28 -8.1515e-29 -1.7719e-29 -3.7760e-30 -7.8889e-31 -1.6158e-31 -3.2444e-32 -6.3865e-33 -1.2325e-33 -2.3316e-34 -4.3245e-35 -7.8628e-36 -1.4015e-36 -2.4491e-37 -4.1954e-38 -7.0455e-39
-1.0640e-03 -2.1150e-03 -3.1385e-03 -4.1184e-03 -5.0360e-03 -5.8704e-03 -6.5996e-03 -7.2023e-03 -7.6593e-03 -7.9559e-03 -8.0835e-03 1.6685e-02 -7.8364e-03 -7.4839e-03 -7.0060e-03 -6.4298e-03 -5.7855e-03 -5.1043e-03 -4.4156e-03 -3.7455e-03 -3.1152e-03 -2.5405e-03 -2.0315e-03 -1.5928e-03 -1.2245e-03 -9.2299e-04 -6.8215e-04 -4.9430e-04 -3.5119e-04 -2.4463e-04 -1.6707e-04 -1.1187e-04 -7.3439e-05 -4.7267e-05 -2.9826e-05 -1.8452e-05 -1.1191e-05 -6.6544e-06 -3.8791e-06 -2.2169e-06 -1.2421e-06 -6.8226e-07 -3.6739e-07 -1.9395e-07 -1.0037e-07 -5.0925e-08 -2.5329e-08 -1.2350e-08 -5.9034e-09 -2.7663e-09 -1.2708e-09 -5.7227e-10 -2.5264e-10 -1.0933e-10 -4.6385e-11 -1.9291e-11 -7.8651e-12 -3.1434e-12 -1.2316e-12 -4.7301e-13 -1.7809e-13 -6.5728e-14 -2.3781e-14 -8.4343e-15 -2.9324e-15 -9.9941e-16 -3.3390e-16 -1.0935e-16 -3.5108e-17 -1.1049e-17 -3.4086e-18 -1.0308e-18 -3.0558e-19 -8.8801e-20 -2.5296e-20 -7.0636e-21 -1.9335e-21 -5.1881e-22 -1.3646e-22 -3.5184e-23 -8.8925e-24 -2.2031e-24 -5.3505e-25 -1.2738e-25 -2.9725e-26 -6.7996e-27 -1.5247e-27 -3.3514e-28 -7.2211e-29 -1.5251e-29 -3.1576e-30 -6.4082e-31 -1.2748e-31 -2.4860e-32 -4.7520e-33 -8.9041e-34 -1.6354e-34 -2.9445e-35 -5.1966e-36 -8.9900e-37 -3.5355e-04 -6.9612e-04 -1.0172e-03 -1.3071e-03 -1.5576e-03 -1.7620e-03 -1.9157e-03 -2.0161e-03 -2.0634e-03 -2.0595e-03 -2.0087e-03 0.0000e+00 -1.7923e-03 -1.6422e-03 -1.4754e-03 -1.3003e-03 -1.1243e-03 -9.5384e-04 -7.9415e-04 -6.4889e-04 -5.2034e-04 -4.0951e-04 -3.1629e-04 -2.3974e-04 -1.7833e-04 -1.3017e-04 -9.3242e-05 -6.5537e-05 -4.5199e-05 -3.0585e-05 -2.0306e-05 -1.3227e-05 -8.4529e-06 -5.2995e-06 -3.2593e-06 -1.9664e-06 -1.1638e-06 -6.7563e-07 -3.8473e-07 -2.1489e-07 -1.1773e-07 -6.3259e-08 -3.3338e-08 -1.7232e-08 -8.7354e-09 -4.3429e-09 -2.1175e-09 -1.0125e-09 -4.7480e-10 -2.1834e-10 -9.8462e-11 -4.3543e-11 -1.8882e-11 -8.0297e-12 -3.3483e-12 -1.3691e-12 -5.4895e-13 -2.1582e-13 -8.3202e-14 -3.1451e-14 -1.1657e-14 -4.2365e-15 -1.5096e-15 -5.2746e-16 -1.8070e-16 -6.0695e-17 -1.9989e-17 -6.4546e-18 -2.0435e-18 -6.3432e-19 -1.9305e-19 -5.7603e-20 -1.6852e-20 -4.8336e-21 -1.3593e-21 -3.7476e-22 -1.0130e-22 -2.6845e-23 -6.9750e-24 -1.7767e-24 -4.4370e-25 -1.0863e-25 -2.6076e-26 -6.1363e-27 -1.4157e-27 -3.2020e-28 -7.1002e-29 -1.5435e-29 -3.2895e-30 -6.8729e-31 -1.4078e-31 -2.8269e-32 -5.5650e-33 -1.0740e-33 -2.0320e-34 -3.7689e-35 -6.8531e-36 -1.2216e-36 -2.1348e-37 -3.6572e-38
-8.9897e-04 -1.7942e-03 -2.6804e-03 -3.5490e-03 -4.3880e-03 -5.1810e-03 -5.9085e-03 -6.5485e-03 -7.0791e-03 -7.4803e-03 -7.7360e-03 -7.8364e-03 1.9486e-02 -7.5694e-03 -7.2212e-03 -6.7547e-03 -6.1955e-03 -5.5723e-03 -4.9145e-03 -4.2502e-03 -3.6043e-03 -2.9972e-03 -2.4439e-03 -1.9540e-03 -1.5318e-03 -1.1775e-03 -8.8749e-04 -6.5586e-04 -4.7521e-04 -3.3760e-04 -2.3515e-04 -1.6059e-04 -1.0752e-04 -7.0582e-05 -4.5426e-05 -2.8663e-05 -1.7732e-05 -1.0754e-05 -6.3942e-06 -3.7274e-06 -2.1301e-06 -1.1935e-06 -6.5552e-07 -3.5298e-07 -1.8634e-07 -9.6432e-08 -4.8924e-08 -2.4333e-08 -1.1865e-08 -5.6712e-09 -2.6575e-09 -1.2208e-09 -5.4974e-10 -2.4269e-10 -1.0503e-10 -4.4558e-11 -1.8531e-11 -7.5551e-12 -3.0195e-12 -1.1830e-12 -4.5436e-13 -1.7106e-13 -6.3136e-14 -2.2843e-14 -8.1015e-15 -2.8167e-15 -9.5997e-16 -3.2072e-16 -1.0504e-16 -3.3722e-17 -1.0613e-17 -3.2740e-18 -9.9011e-19 -2.9352e-19 -8.5295e-20 -2.4297e-20 -6.7847e-21 -1.8571e-21 -4.9832e-22 -1.3107e-22 -3.3794e-23 -8.5412e-24 -2.1161e-24 -5.1391e-25 -1.2234e-25 -2.8550e-26 -6.5310e-27 -1.4645e-27 -3.2190e-28 -6.9358e-29 -1.4649e-29 -3.0329e-30 -6.1550e-31 -1.2245e-31 -2.3878e-32 -4.5642e-33 -8.5523e-34 -1.5708e-34 -2.8282e-35 -4.9913e-36 -2.9854e-04 -5.8927e-04 -8.6459e-04 -1.1173e-03 -1.3410e-03 -1.5299e-03 -1.6796e-03 -1.7872e-03 -1.8511e-03 -1.8716e-03 -1.8508e-03 -1.7923e-03 0.0000e+00 -1.5833e-03 -1.4457e-03 -1.2955e-03 -1.1393e-03 -9.8349e-04 -8.3338e-04 -6.9320e-04 -5.6601e-04 -4.5364e-04 -3.5688e-04 -2.7557e-04 -2.0885e-04 -1.5534e-04 -1.1339e-04 -8.1225e-05 -5.7095e-05 -3.9381e-05 -2.6652e-05 -1.7698e-05 -1.1530e-05 -7.3698e-06 -4.6213e-06 -2.8428e-06 -1.7155e-06 -1.0155e-06 -5.8966e-07 -3.3585e-07 -1.8763e-07 -1.0281e-07 -5.5256e-08 -2.9127e-08 -1.5058e-08 -7.6349e-09 -3.7966e-09 -1.8515e-09 -8.8548e-10 -4.1530e-10 -1.9102e-10 -8.6156e-11 -3.8107e-11 -1.6528e-11 -7.0297e-12 -2.9318e-12 -1.1990e-12 -4.8082e-13 -1.8907e-13 -7.2899e-14 -2.7560e-14 -1.0217e-14 -3.7135e-15 -1.3235e-15 -4.6248e-16 -1.5846e-16 -5.3231e-17 -1.7533e-17 -5.6623e-18 -1.7929e-18 -5.5659e-19 -1.6941e-19 -5.0557e-20 -1.4792e-20 -4.2433e-21 -1.1934e-21 -3.2906e-22 -8.8956e-23 -2.3577e-23 -6.1263e-24 -1.5607e-24 -3.8979e-25 -9.5444e-26 -2.2912e-26 -5.3923e-27 -1.2442e-27 -2.8143e-28 -6.2410e-29 -1.3568e-29 -2.8919e-30 -6.0426e-31 -1.2378e-31 -2.4858e-32 -4.8939e-33 -9.4456e-34 -1.7872e-34 -3.3152e-35 -6.0285e-36 -1.0747e-36 -1.8782e-37
-7.4015e-04 -1.4838e-03 -2.2325e-03 -2.9846e-03 -3.7337e-03 -4.4683e-03 -5.1723e-03 -5.8254e-03 -6.4049e-03 -6.8878e-03 -7.2531e-03 -7.4839e-03 -7.5694e-03 2.2485e-02 -7.2986e-03 -6.9594e-03 -6.5075e-03 -5.9672e-03 -5.3659e-03 -4.7318e-03 -4.0917e-03 -3.4697e-03 -2.8850e-03 -2.3523e-03 -1.8806e-03 -1.4743e-03 -1.1332e-03 -8.5411e-04 -6.3117e-04 -4.5732e-04 -3.2488e-04 -2.2629e-04 -1.5454e-04 -1.0347e-04 -6.7922e-05 -4.3714e-05 -2.7583e-05 -1.7063e-05 -1.0349e-05 -6.1532e-06 -3.5869e-06 -2.0499e-06 -1.1485e-06 -6.3082e-07 -3.3968e-07 -1.7932e-07 -9.2801e-08 -4.7082e-08 -2.3417e-08 -1.1418e-08 -5.4578e-09 -2.5575e-09 -1.1748e-09 -5.2907e-10 -2.3357e-10 -1.0108e-10 -4.2883e-11 -1.7835e-11 -7.2713e-12 -2.9061e-12 -1.1386e-12 -4.3730e-13 -1.6464e-13 -6.0767e-14 -2.1986e-14 -7.7977e-15 -2.7111e-15 -9.2399e-16 -3.0870e-16 -1.0110e-16 -3.2459e-17 -1.0215e-17 -3.1514e-18 -9.5305e-19 -2.8253e-19 -8.2103e-20 -2.3388e-20 -6.5309e-21 -1.7877e-21 -4.7968e-22 -1.2617e-22 -3.2531e-23 -8.2221e-24 -2.0370e-24 -4.9472e-25 -1.1778e-25 -2.7484e-26 -6.2872e-27 -1.4098e-27 -3.0989e-28 -6.6770e-29 -1.4103e-29 -2.9197e-30 -5.9255e-31 -1.1788e-31 -2.2987e-32 -4.3941e-33 -8.2336e-34 -1.5123e-34 -2.7228e-35 -2.4565e-04 -4.8617e-04 -7.1649e-04 -9.3157e-04 -1.1266e-03 -1.2970e-03 -1.4388e-03 -1.5488e-03 -1.6246e-03 -1.6651e-03 -1.6704e-03 -1.6422e-03 -1.5833e-03 0.0000e+00 -1.3907e-03 -1.2676e-03 -1.1344e-03 -9.9674e-04 -8.5990e-04 -7.2837e-04 -6.0573e-04 -4.9455e-04 -3.9639e-04 -3.1188e-04 -2.4087e-04 -1.8259e-04 -1.3584e-04 -9.9187e-05 -7.1072e-05 -4.9975e-05 -3.4481e-05 -2.3344e-05 -1.5506e-05 -1.0106e-05 -6.4615e-06 -4.0531e-06 -2.4941e-06 -1.5055e-06 -8.9150e-07 -5.1782e-07 -2.9502e-07 -1.6487e-07 -9.0366e-08 -4.8581e-08 -2.5615e-08 -1.3246e-08 -6.7180e-09 -3.3415e-09 -1.6299e-09 -7.7972e-10 -3.6579e-10 -1.6828e-10 -7.5918e-11 -3.3586e-11 -1.4571e-11 -6.1984e-12 -2.5857e-12 -1.0576e-12 -4.2422e-13 -1.6684e-13 -6.4340e-14 -2.4329e-14 -9.0204e-15 -3.2793e-15 -1.1689e-15 -4.0853e-16 -1.4000e-16 -4.7037e-17 -1.5495e-17 -5.0049e-18 -1.5850e-18 -4.9212e-19 -1.4981e-19 -4.4713e-20 -1.3084e-20 -3.7537e-21 -1.0558e-21 -2.9117e-22 -7.8723e-23 -2.0867e-23 -5.4229e-24 -1.3816e-24 -3.4511e-25 -8.4513e-26 -2.0290e-26 -4.7757e-27 -1.1020e-27 -2.4930e-28 -5.5291e-29 -1.2022e-29 -2.5625e-30 -5.3549e-31 -1.0970e-31 -2.2033e-32 -4.3381e-33 -8.3736e-34 -1.5845e-34 -2.9394e-35 -5.3457e-36 -9.5305e-37
-5.9434e-04 -1.1971e-03 -1.8150e-03 -2.4513e-03 -3.1046e-03 -3.7684e-03 -4.4302e-03 -5.0729e-03 -5.6751e-03 -6.2135e-03 -6.6643e-03 -7.0060e-03 -7.2212e-03 -7.2986e-03 2.5681e-02 -7.0325e-03 -6.7044e-03 -6.2684e-03 -5.7476e-03 -5.1682e-03 -4.5574e-03 -3.9409e-03 -3.3418e-03 -2.7787e-03 -2.2657e-03 -1.8114e-03 -1.4201e-03 -1.0916e-03 -8.2273e-04 -6.0800e-04 -4.4054e-04 -3.1298e-04 -2.1800e-04 -1.4888e-04 -9.9686e-05 -6.5440e-05 -4.2118e-05 -2.6577e-05 -1.6441e-05 -9.9718e-06 -5.9294e-06 -3.4565e-06 -1.9754e-06 -1.1068e-06 -6.0794e-07 -3.2737e-07 -1.7282e-07 -8.9443e-08 -4.5380e-08 -2.2571e-08 -1.1006e-08 -5.2609e-09 -2.4653e-09 -1.1325e-09 -5.1002e-10 -2.2516e-10 -9.7446e-11 -4.1342e-11 -1.7194e-11 -7.0103e-12 -2.8019e-12 -1.0978e-12 -4.2163e-13 -1.5875e-13 -5.8592e-14 -2.1199e-14 -7.5189e-15 -2.6142e-15 -8.9099e-16 -2.9768e-16 -9.7495e-17 -3.1301e-17 -9.8511e-18 -3.0392e-18 -9.1911e-19 -2.7247e-19 -7.9182e-20 -2.2556e-20 -6.2988e-21 -1.7242e-21 -4.6265e-22 -1.2169e-22 -3.1377e-23 -7.9304e-24 -1.9648e-24 -4.7718e-25 -1.1360e-25 -2.6511e-26 -6.0646e-27 -1.3599e-27 -2.9892e-28 -6.4409e-29 -1.3604e-29 -2.8165e-30 -5.7162e-31 -1.1372e-31 -2.2176e-32 -4.2390e-33 -7.9430e-34 -1.4589e-34 -1.9713e-04 -3.9127e-04 -5.7936e-04 -7.5817e-04 -9.2437e-04 -1.0745e-03 -1.2052e-03 -1.3132e-03 -1.3958e-03 -1.4509e-03 -1.4775e-03 -1.4754e-03 -1.4457e-03 -1.3907e-03 0.0000e+00 -1.2184e-03 -1.1099e-03 -9.9291e-04 -8.7236e-04 -7.5267e-04 -6.3768e-04 -5.3047e-04 -4.3327e-04 -3.4742e-04 -2.7347e-04 -2.1130e-04 -1.6025e-04 -1.1929e-04 -8.7140e-05 -6.2471e-05 -4.3948e-05 -3.0337e-05 -2.0548e-05 -1.3655e-05 -8.9035e-06 -5.6952e-06 -3.5739e-06 -2.2001e-06 -1.3286e-06 -7.8705e-07 -4.5732e-07 -2.6065e-07 -1.4571e-07 -7.9894e-08 -4.2966e-08 -2.2662e-08 -1.1723e-08 -5.9472e-09 -2.9589e-09 -1.4438e-09 -6.9085e-10 -3.2419e-10 -1.4918e-10 -6.7319e-11 -2.9790e-11 -1.2927e-11 -5.5004e-12 -2.2950e-12 -9.3896e-13 -3.7669e-13 -1.4818e-13 -5.7157e-14 -2.1617e-14 -8.0164e-15 -2.9149e-15 -1.0392e-15 -3.6327e-16 -1.2451e-16 -4.1840e-17 -1.3786e-17 -4.4534e-18 -1.4105e-18 -4.3803e-19 -1.3336e-19 -3.9810e-20 -1.1651e-20 -3.3432e-21 -9.4049e-22 -2.5939e-22 -7.0141e-23 -1.8595e-23 -4.8330e-24 -1.2315e-24 -3.0765e-25 -7.5348e-26 -1.8092e-26 -4.2588e-27 -9.8284e-28 -2.2237e-28 -4.9322e-29 -1.0725e-29 -2.2864e-30 -4.7784e-31 -9.7902e-32 -1.9665e-32 -3.8722e-33 -7.4750e-34 -1.4146e-34 -2.6245e-35 -4.7733e-36
-4.6577e-04 -9.4290e-04 -1.4412e-03 -1.9675e-03 -2.5243e-03 -3.1093e-03 -3.7144e-03 -4.3262e-03 -4.9263e-03 -5.4928e-03 -6.0019e-03 -6.4298e-03 -6.7547e-03 -6.9594e-03 -7.0325e-03 2.9069e-02 -6.7751e-03 -6.4591e-03 -6.0392e-03 -5.5377e-03 -4.9798e-03 -4.3915e-03 -3.7978e-03 -3.2206e-03 -2.6782e-03 -2.1838e-03 -1.7461e-03 -1.3690e-03 -1.0524e-03 -7.9324e-04 -5.8625e-04 -4.2481e-04 -3.0182e-04 -2.1025e-04 -1.4359e-04 -9.6150e-05 -6.3123e-05 -4.0629e-05 -2.5639e-05 -1.5862e-05 -9.6209e-06 -5.7210e-06 -3.3352e-06 -1.9062e-06 -1.0681e-06 -5.8670e-07 -3.1595e-07 -1.6680e-07 -8.6329e-08 -4.3802e-08 -2.1787e-08 -1.0624e-08 -5.0786e-09 -2.3800e-09 -1.0934e-09 -4.9240e-10 -2.1739e-10 -9.4086e-11 -3.9918e-11 -1.6603e-11 -6.7693e-12 -2.7056e-12 -1.0601e-12 -4.0718e-13 -1.5331e-13 -5.6587e-14 -2.0474e-14 -7.2620e-15 -2.5249e-15 -8.6059e-16 -2.8753e-16 -9.4174e-17 -3.0236e-17 -9.5160e-18 -2.9358e-18 -8.8789e-19 -2.6322e-19 -7.6496e-20 -2.1792e-20 -6.0853e-21 -1.6658e-21 -4.4699e-22 -1.1758e-22 -3.0316e-23 -7.6625e-24 -1.8985e-24 -4.6108e-25 -1.0977e-25 -2.5617e-26 -5.8603e-27 -1.3141e-27 -2.8887e-28 -6.2242e-29 -1.3147e-29 -2.7219e-30 -5.5242e-31 -1.0990e-31 -2.1432e-32 -4.0969e-33 -7.6768e-34 -1.5438e-04 -3.0737e-04 -4.5742e-04 -6.0274e-04 -7.4121e-04 -8.7039e-04 -9.8756e-04 -1.0899e-03 -1.1745e-03 -1.2390e-03 -1.2813e-03 -1.3003e-03 -1.2955e-03 -1.2676e-03 -1.2184e-03 0.0000e+00 -1.0670e-03 -9.7218e-04 -8.7007e-04 -7.6481e-04 -6.6025e-04 -5.5972e-04 -4.6593e-04 -3.8080e-04 -3.0555e-04 -2.4068e-04 -1.8609e-04 -1.4122e-04 -1.0519e-04 -7.6890e-05 -5.5156e-05 -3.8825e-05 -2.6816e-05 -1.8173e-05 -1.2084e-05 -7.8828e-06 -5.0449e-06 -3.1674e-06 -1.9508e-06 -1.1786e-06 -6.9847e-07 -4.0602e-07 -2.3151e-07 -1.2947e-07 -7.1017e-08 -3.8206e-08 -2.0158e-08 -1.0431e-08 -5.2938e-09 -2.6347e-09 -1.2860e-09 -6.1554e-10 -2.8893e-10 -1.3300e-10 -6.0032e-11 -2.6572e-11 -1.1534e-11 -4.9089e-12 -2.0487e-12 -8.3840e-13 -3.3643e-13 -1.3237e-13 -5.1070e-14 -1.9319e-14 -7.1659e-15 -2.6061e-15 -9.2931e-16 -3.2492e-16 -1.1138e-16 -3.7437e-17 -1.2337e-17 -3.9862e-18 -1.2628e-18 -3.9221e-19 -1.1943e-19 -3.5658e-20 -1.0437e-20 -2.9953e-21 -8.4277e-22 -2.3248e-22 -6.2872e-23 -1.6670e-23 -4.3333e-24 -1.1043e-24 -2.7591e-25 -6.7584e-26 -1.6230e-26 -3.8209e-27 -8.8189e-28 -1.9955e-28 -4.4267e-29 -9.6270e-30 -2.0525e-30 -4.2900e-31 -8.7906e-32 -1.7659e-32 -3.4776e-33 -6.7138e-34 -1.2707e-34 -2.3577e-35
