1.0099e-04 -5.9499e-04 -5.6654e-04 -5.2898e-04 -4.8432e-04 -4.3482e-04 -3.8280e-04 -3.3046e-04 -2.7974e-04 -2.3220e-04 -1.8900e-04 -1.5085e-04 -1.1806e-04 -9.0598e-05 -6.8175e-05 -5.0304e-05 -3.6395e-05 -2.5820e-05 -1.7961e-05 -1.2251e-05 -8.1940e-06 -5.3736e-06 -3.4553e-06 -2.1785e-06 -1.3468e-06 -8.1636e-07 -4.8519e-07 -2.8274e-07 -1.6155e-07 -9.0500e-08 -4.9709e-08 -2.6771e-08 -1.4136e-08 -7.3181e-09 -3.7146e-09 -1.8486e-09 -9.0197e-10 -4.3148e-10 -2.0237e-10 -9.3054e-11 -4.1951e-11 -1.8542e-11 -8.0346e-12 -3.4134e-12 -1.4217e-12 -5.8051e-13 -2.3239e-13 -9.1205e-14 -3.5092e-14 -1.3237e-14 -4.8949e-15 -1.7745e-15 -6.3067e-16 -2.1974e-16 -7.5056e-17 -2.5132e-17 -8.2501e-18 -2.6549e-18 -8.3756e-19 -2.5903e-19 -7.8531e-20 -2.3340e-20 -6.8001e-21 -1.9422e-21 -5.4379e-22 -1.4925e-22 -4.0158e-23 -1.0592e-23 -2.7385e-24 -6.9410e-25 -1.7246e-25 -4.2003e-26 -1.0028e-26 -2.3470e-27 -5.3846e-28 -1.2110e-28 -2.6697e-29 -5.7693e-30 -1.2222e-30 -2.5379e-31 -5.1660e-32 -1.0308e-32 -2.0162e-33 -3.8656e-34 -7.2650e-35 -1.3384e-35 -2.4170e-36 -4.2787e-37 -7.4244e-38 -1.2628e-38 -2.1055e-39 -3.4412e-40 -5.5129e-41 -8.6573e-42 -1.3326e-42 -2.0108e-43 -2.9741e-44 -4.3118e-45 -6.1277e-46 -8.5360e-47 0.0000e+00 5.9452e-04 5.6552e-04 5.2729e-04 4.8191e-04 4.3171e-04 3.7908e-04 3.2628e-04 2.7527e-04 2.2764e-04 1.8452e-04 1.4661e-04 1.1418e-04 8.7159e-05 6.5218e-05 4.7833e-05 3.4388e-05 2.4233e-05 1.6738e-05 1.1333e-05 7.5208e-06 4.8923e-06 3.1194e-06 1.9496e-06 1.1943e-06 7.1717e-07 4.2212e-07 2.4353e-07 1.3772e-07 7.6338e-08 4.1476e-08 2.2089e-08 1.1531e-08 5.8999e-09 2.9591e-09 1.4547e-09 7.0097e-10 3.3109e-10 1.5328e-10 6.9559e-11 3.0940e-11 1.3490e-11 5.7650e-12 2.4149e-12 9.9154e-13 3.9905e-13 1.5742e-13 6.0870e-14 2.3070e-14 8.5705e-15 3.1208e-15 1.1139e-15 3.8969e-16 1.3363e-16 4.4916e-17 1.4798e-17 4.7787e-18 1.5126e-18 4.6929e-19 1.4271e-19 4.2540e-20 1.2429e-20 3.5594e-21 9.9912e-22 2.7489e-22 7.4134e-23 1.9596e-23 5.0772e-24 1.2894e-24 3.2096e-25 7.8308e-26 1.8727e-26 4.3897e-27 1.0085e-27 2.2712e-28 5.0132e-29 1.0846e-29 2.3000e-30 4.7807e-31 9.7397e-32 1.9449e-32 3.8066e-33 7.3026e-34 1.3731e-34 2.5307e-35 4.5715e-36 8.0941e-37 1.4047e-37 2.3893e-38 3.9834e-39 6.5093e-40 1.0426e-40 1.6366e-41 2.5182e-42 3.7977e-43 5.6135e-44 8.1326e-45 1.1548e-45 1.6072e-46 2.1924e-47
-5.9499e-04 4.0395e-04 -5.5277e-04 -5.1827e-04 -4.7705e-04 -4.3107e-04 -3.8239e-04 -3.3298e-04 -2.8462e-04 -2.3880e-04 -1.9666e-04 -1.5896e-04 -1.2610e-04 -9.8176e-05 -7.5008e-05 -5.6236e-05 -4.1372e-05 -2.9864e-05 -2.1151e-05 -1.4697e-05 -1.0019e-05 -6.7006e-06 -4.3958e-06 -2.8288e-06 -1.7856e-06 -1.1055e-06 -6.7127e-07 -3.9977e-07 -2.3349e-07 -1.3374e-07 -7.5124e-08 -4.1380e-08 -2.2351e-08 -1.1838e-08 -6.1478e-09 -3.1305e-09 -1.5630e-09 -7.6515e-10 -3.6724e-10 -1.7281e-10 -7.9728e-11 -3.6062e-11 -1.5991e-11 -6.9519e-12 -2.9628e-12 -1.2379e-12 -5.0705e-13 -2.0360e-13 -8.0142e-14 -3.0925e-14 -1.1698e-14 -4.3378e-15 -1.5768e-15 -5.6186e-16 -1.9626e-16 -6.7199e-17 -2.2555e-17 -7.4207e-18 -2.3933e-18 -7.5661e-19 -2.3447e-19 -7.1223e-20 -2.1207e-20 -6.1898e-21 -1.7709e-21 -4.9664e-22 -1.3652e-22 -3.6787e-23 -9.7164e-24 -2.5156e-24 -6.3839e-25 -1.5880e-25 -3.8721e-26 -9.2545e-27 -2.1681e-27 -4.9787e-28 -1.1207e-28 -2.4726e-29 -5.3475e-30 -1.1336e-30 -2.3555e-31 -4.7975e-32 -9.5779e-33 -1.8743e-33 -3.5952e-34 -6.7596e-35 -1.2458e-35 -2.2504e-36 -3.9847e-37 -6.9160e-38 -1.1766e-38 -1.9620e-39 -3.2070e-40 -5.1382e-41 -8.0694e-42 -1.2422e-42 -1.8743e-43 -2.7720e-44 -4.0186e-45 -5.7104e-46 5.9452e-04 0.0000e+00 5.4881e-04 5.1171e-04 4.6766e-04 4.1895e-04 3.6787e-04 3.1663e-04 2.6712e-04 2.2089e-04 1.7905e-04 1.4225e-04 1.1078e-04 8.4563e-05 6.3270e-05 4.6400e-05 3.3354e-05 2.3501e-05 1.6230e-05 1.0986e-05 7.2894e-06 4.7405e-06 3.0217e-06 1.8879e-06 1.1561e-06 6.9391e-07 4.0822e-07 2.3539e-07 1.3303e-07 7.3687e-08 4.0005e-08 2.1287e-08 1.1102e-08 5.6745e-09 2.8427e-09 1.3958e-09 6.7165e-10 3.1676e-10 1.4641e-10 6.6321e-11 2.9443e-11 1.2810e-11 5.4619e-12 2.2823e-12 9.3458e-13 3.7504e-13 1.4749e-13 5.6838e-14 2.1464e-14 7.9428e-15 2.8802e-15 1.0234e-15 3.5630e-16 1.2155e-16 4.0628e-17 1.3306e-17 4.2693e-18 1.3421e-18 4.1336e-19 1.2472e-19 3.6865e-20 1.0674e-20 3.0275e-21 8.4108e-22 2.2886e-22 6.0993e-23 1.5919e-23 4.0687e-24 1.0183e-24 2.4953e-25 5.9865e-26 1.4060e-26 3.2321e-27 7.2719e-28 1.6010e-28 3.4488e-29 7.2674e-30 1.4977e-30 3.0180e-31 5.9447e-32 1.1442e-32 2.1511e-33 3.9484e-34 7.0716e-35 1.2349e-35 2.1008e-36 3.4778e-37 5.5942e-38 8.7266e-39 1.3167e-39 1.9142e-40 2.6665e-41 3.5275e-42 4.3633e-43 4.8947e-44 4.6189e-45 2.7122e-46 -2.0814e-47 -1.1565e-47 -2.8187e-48
-5.6654e-04 -5.5277e-04 9.0882e-04 -5.0083e-04 -4.6502e-04 -4.2460e-04 -3.8123e-04 -3.3652e-04 -2.9201e-04 -2.4904e-04 -2.0871e-04 -1.7186e-04 -1.3901e-04 -1.1044e-04 -8.6170e-05 -6.6012e-05 -4.9646e-05 -3.6650e-05 -2.6555e-05 -1.8881e-05 -1.3173e-05 -9.0169e-06 -6.0551e-06 -3.9886e-06 -2.5771e-06 -1.6331e-06 -1.0150e-06 -6.1861e-07 -3.6972e-07 -2.1667e-07 -1.2451e-07 -7.0150e-08 -3.8751e-08 -2.0987e-08 -1.1144e-08 -5.8008e-09 -2.9602e-09 -1.4809e-09 -7.2629e-10 -3.4918e-10 -1.6456e-10 -7.6026e-11 -3.4430e-11 -1.5284e-11 -6.6512e-12 -2.8371e-12 -1.1863e-12 -4.8621e-13 -1.9534e-13 -7.6925e-14 -2.9694e-14 -1.1236e-14 -4.1671e-15 -1.5149e-15 -5.3985e-16 -1.8857e-16 -6.4562e-17 -2.1667e-17 -7.1275e-18 -2.2982e-18 -7.2637e-19 -2.2503e-19 -6.8333e-20 -2.0339e-20 -5.9342e-21 -1.6970e-21 -4.7571e-22 -1.3071e-22 -3.5202e-23 -9.2929e-24 -2.4046e-24 -6.0990e-25 -1.5163e-25 -3.6950e-26 -8.8260e-27 -2.0665e-27 -4.7424e-28 -1.0668e-28 -2.3523e-29 -5.0840e-30 -1.0770e-30 -2.2365e-31 -4.5523e-32 -9.0824e-33 -1.7762e-33 -3.4047e-34 -6.3972e-35 -1.1782e-35 -2.1269e-36 -3.7636e-37 -6.5278e-38 -1.1098e-38 -1.8495e-39 -3.0210e-40 -4.8370e-41 -7.5912e-42 -1.1678e-42 -1.7609e-43 -2.6026e-44 -3.7706e-45 5.6552e-04 5.4881e-04 0.0000e+00 4.8675e-04 4.4485e-04 3.9850e-04 3.4991e-04 3.0115e-04 2.5405e-04 2.1006e-04 1.7025e-04 1.3524e-04 1.0530e-04 8.0353e-05 6.0099e-05 4.4056e-05 3.1653e-05 2.2288e-05 1.5381e-05 1.0403e-05 6.8951e-06 4.4787e-06 2.8509e-06 1.7783e-06 1.0870e-06 6.5109e-07 3.8212e-07 2.1974e-07 1.2381e-07 6.8346e-08 3.6963e-08 1.9584e-08 1.0164e-08 5.1672e-09 2.5730e-09 1.2549e-09 5.9936e-10 2.8033e-10 1.2838e-10 5.7559e-11 2.5263e-11 1.0853e-11 4.5630e-12 1.8771e-12 7.5542e-13 2.9733e-13 1.1443e-13 4.3047e-14 1.5823e-14 5.6805e-15 1.9907e-15 6.8056e-16 2.2679e-16 7.3590e-17 2.3223e-17 7.1145e-18 2.1112e-18 6.0489e-19 1.6655e-19 4.3753e-20 1.0837e-20 2.4751e-21 4.9670e-22 7.5632e-23 2.0122e-24 -4.8838e-24 -2.8258e-24 -1.1575e-24 -4.0947e-25 -1.3266e-25 -4.0379e-26 -1.1703e-26 -3.2557e-27 -8.7369e-28 -2.2696e-28 -5.7212e-29 -1.4020e-29 -3.3445e-30 -7.7750e-31 -1.7628e-31 -3.9007e-32 -8.4286e-33 -1.7793e-33 -3.6708e-34 -7.4037e-35 -1.4603e-35 -2.8171e-36 -5.3170e-37 -9.8194e-38 -1.7747e-38 -3.1395e-39 -5.4366e-40 -9.2167e-41 -1.5298e-41 -2.4865e-42 -3.9575e-43 -6.1684e-44 -9.4164e-45 -1.4079e-45 -2.0619e-46
-5.2898e-04 -5.1827e-04 -5.0083e-04 1.6155e-03 -4.4838e-04 -4.1516e-04 -3.7870e-04 -3.4021e-04 -3.0087e-04 -2.6182e-04 -2.2412e-04 -1.8864e-04 -1.5606e-04 -1.2687e-04 -1.0131e-04 -7.9443e-05 -6.1163e-05 -4.6222e-05 -3.4280e-05 -2.4946e-05 -1.7809e-05 -1.2472e-05 -8.5670e-06 -5.7712e-06 -3.8126e-06 -2.4697e-06 -1.5687e-06 -9.7690e-07 -5.9646e-07 -3.5703e-07 -2.0951e-07 -1.2053e-07 -6.7971e-08 -3.7576e-08 -2.0363e-08 -1.0817e-08 -5.6326e-09 -2.8750e-09 -1.4385e-09 -7.0546e-10 -3.3913e-10 -1.5980e-10 -7.3811e-11 -3.3417e-11 -1.4830e-11 -6.4507e-12 -2.7504e-12 -1.1495e-12 -4.7088e-13 -1.8908e-13 -7.4417e-14 -2.8709e-14 -1.0856e-14 -4.0240e-15 -1.4620e-15 -5.2064e-16 -1.8174e-16 -6.2183e-17 -2.0855e-17 -6.8557e-18 -2.2091e-18 -6.9772e-19 -2.1601e-19 -6.5549e-20 -1.9498e-20 -5.6847e-21 -1.6246e-21 -4.5510e-22 -1.2496e-22 -3.3632e-23 -8.8726e-24 -2.2944e-24 -5.8156e-25 -1.4449e-25 -3.5188e-26 -8.3997e-27 -1.9654e-27 -4.5077e-28 -1.0134e-28 -2.2331e-29 -4.8235e-30 -1.0212e-30 -2.1194e-31 -4.3113e-32 -8.5965e-33 -1.6802e-33 -3.2188e-34 -6.0445e-35 -1.1126e-35 -2.0074e-36 -3.5502e-37 -6.1543e-38 -1.0457e-38 -1.7417e-39 -2.8436e-40 -4.5505e-41 -7.1379e-42 -1.0975e-42 -1.6540e-43 -2.4435e-44 5.2729e-04 5.1171e-04 4.8675e-04 0.0000e+00 4.1475e-04 3.7152e-04 3.2619e-04 2.8071e-04 2.3676e-04 1.9572e-04 1.5856e-04 1.2590e-04 9.7963e-05 7.4699e-05 5.5817e-05 4.0868e-05 2.9319e-05 2.0608e-05 1.4191e-05 9.5735e-06 6.3262e-06 4.0946e-06 2.5955e-06 1.6111e-06 9.7922e-07 5.8265e-07 3.3935e-07 1.9343e-07 1.0788e-07 5.8854e-08 3.1400e-08 1.6377e-08 8.3476e-09 4.1559e-09 2.0199e-09 9.5770e-10 4.4260e-10 1.9916e-10 8.7131e-11 3.6995e-11 1.5206e-11 6.0293e-12 2.2940e-12 8.3070e-13 2.8232e-13 8.7669e-14 2.3356e-14 4.2743e-15 -3.5357e-16 -9.3331e-16 -6.5904e-16 -3.5966e-16 -1.7334e-16 -7.7217e-17 -3.2467e-17 -1.3035e-17 -5.0316e-18 -1.8760e-18 -6.7767e-19 -2.3771e-19 -8.1106e-20 -2.6951e-20 -8.7303e-21 -2.7591e-21 -8.5129e-22 -2.5655e-22 -7.5548e-23 -2.1747e-23 -6.1214e-24 -1.6852e-24 -4.5388e-25 -1.1961e-25 -3.0848e-26 -7.7869e-27 -1.9242e-27 -4.6550e-28 -1.1026e-28 -2.5575e-29 -5.8092e-30 -1.2923e-30 -2.8156e-31 -6.0086e-32 -1.2560e-32 -2.5720e-33 -5.1594e-34 -1.0139e-34 -1.9521e-35 -3.6823e-36 -6.8053e-37 -1.2323e-37 -2.1864e-38 -3.8010e-39 -6.4748e-40 -1.0808e-40 -1.7678e-41 -2.8335e-42 -4.4505e-43 -6.8502e-44 -1.0333e-44 -1.5273e-45
-4.8432e-04 -4.7705e-04 -4.6502e-04 -4.4838e-04 2.5239e-03 -4.0246e-04 -3.7409e-04 -3.4298e-04 -3.0992e-04 -2.7581e-04 -2.4158e-04 -2.0813e-04 -1.7627e-04 -1.4669e-04 -1.1990e-04 -9.6226e-05 -7.5800e-05 -5.8594e-05 -4.4438e-05 -3.3059e-05 -2.4122e-05 -1.7260e-05 -1.2111e-05 -8.3317e-06 -5.6198e-06 -3.7163e-06 -2.4092e-06 -1.5311e-06 -9.5383e-07 -5.8249e-07 -3.4869e-07 -2.0461e-07 -1.1769e-07 -6.6352e-08 -3.6669e-08 -1.9863e-08 -1.0547e-08 -5.4891e-09 -2.8002e-09 -1.4002e-09 -6.8630e-10 -3.2972e-10 -1.5527e-10 -7.1668e-11 -3.2425e-11 -1.4380e-11 -6.2507e-12 -2.6633e-12 -1.1123e-12 -4.5535e-13 -1.8271e-13 -7.1864e-14 -2.7706e-14 -1.0470e-14 -3.8782e-15 -1.4081e-15 -5.0111e-16 -1.7481e-16 -5.9774e-17 -2.0034e-17 -6.5818e-18 -2.1195e-18 -6.6903e-19 -2.0700e-19 -6.2778e-20 -1.8662e-20 -5.4380e-21 -1.5532e-21 -4.3485e-22 -1.1934e-22 -3.2101e-23 -8.4640e-24 -2.1875e-24 -5.5419e-25 -1.3762e-25 -3.3497e-26 -7.9921e-27 -1.8691e-27 -4.2847e-28 -9.6278e-29 -2.1206e-29 -4.5782e-30 -9.6886e-31 -2.0098e-31 -4.0864e-32 -8.1445e-33 -1.5911e-33 -3.0469e-34 -5.7192e-35 -1.0523e-35 -1.8978e-36 -3.3549e-37 -5.8134e-38 -9.8741e-39 -1.6440e-39 -2.6829e-40 -4.2917e-41 -6.7293e-42 -1.0343e-42 -1.5582e-43 4.8191e-04 4.6766e-04 4.4485e-04 4.1475e-04 0.0000e+00 3.3948e-04 2.9801e-04 2.5638e-04 2.1615e-04 1.7858e-04 1.4457e-04 1.1467e-04 8.9108e-05 6.7831e-05 5.0574e-05 3.6929e-05 2.6404e-05 1.8483e-05 1.2664e-05 8.4909e-06 5.5697e-06 3.5731e-06 2.2410e-06 1.3734e-06 8.2208e-07 4.8027e-07 2.7362e-07 1.5187e-07 8.2013e-08 4.3014e-08 2.1860e-08 1.0730e-08 5.0625e-09 2.2791e-09 9.6714e-10 3.7815e-10 1.2956e-10 3.3296e-11 9.4953e-13 -6.9118e-12 -6.7233e-12 -4.7068e-12 -2.8574e-12 -1.5916e-12 -8.3381e-13 -4.1626e-13 -1.9957e-13 -9.2347e-14 -4.1383e-14 -1.8003e-14 -7.6162e-15 -3.1377e-15 -1.2601e-15 -4.9371e-16 -1.8884e-16 -7.0555e-17 -2.5760e-17 -9.1942e-18 -3.2090e-18 -1.0955e-18 -3.6591e-19 -1.1959e-19 -3.8256e-20 -1.1979e-20 -3.6720e-21 -1.1021e-21 -3.2390e-22 -9.3221e-23 -2.6276e-23 -7.2540e-24 -1.9616e-24 -5.1958e-25 -1.3482e-25 -3.4272e-26 -8.5350e-27 -2.0825e-27 -4.9782e-28 -1.1660e-28 -2.6761e-29 -6.0179e-30 -1.3261e-30 -2.8634e-31 -6.0586e-32 -1.2562e-32 -2.5526e-33 -5.0828e-34 -9.9186e-35 -1.8968e-35 -3.5550e-36 -6.5296e-37 -1.1754e-37 -2.0736e-38 -3.5853e-39 -6.0755e-40 -1.0090e-40 -1.6424e-41 -2.6203e-42 -4.0971e-43 -6.2788e-44 -9.4309e-45
-4.3482e-04 -4.3107e-04 -4.2460e-04 -4.1516e-04 -4.0246e-04 3.6338e-03 -3.6669e-04 -3.4372e-04 -3.1780e-04 -2.8950e-04 -2.5959e-04 -2.2894e-04 -1.9844e-04 -1.6897e-04 -1.4127e-04 -1.1592e-04 -9.3332e-05 -7.3717e-05 -5.7106e-05 -4.3383e-05 -3.2316e-05 -2.3602e-05 -1.6899e-05 -1.1862e-05 -8.1626e-06 -5.5059e-06 -3.6405e-06 -2.3595e-06 -1.4990e-06 -9.3344e-07 -5.6976e-07 -3.4088e-07 -1.9991e-07 -1.1491e-07 -6.4746e-08 -3.5758e-08 -1.9357e-08 -1.0271e-08 -5.3418e-09 -2.7232e-09 -1.3608e-09 -6.6651e-10 -3.1999e-10 -1.5058e-10 -6.9460e-11 -3.1405e-11 -1.3918e-11 -6.0463e-12 -2.5746e-12 -1.0746e-12 -4.3963e-13 -1.7630e-13 -6.9300e-14 -2.6701e-14 -1.0084e-14 -3.7333e-15 -1.3547e-15 -4.8186e-16 -1.6800e-16 -5.7416e-17 -1.9234e-17 -6.3156e-18 -2.0328e-18 -6.4133e-19 -1.9833e-19 -6.0121e-20 -1.7864e-20 -5.2030e-21 -1.4854e-21 -4.1568e-22 -1.1402e-22 -3.0659e-23 -8.0803e-24 -2.0875e-24 -5.2862e-25 -1.3122e-25 -3.1926e-26 -7.6143e-27 -1.7801e-27 -4.0790e-28 -9.1623e-29 -2.0173e-29 -4.3537e-30 -9.2101e-31 -1.9098e-31 -3.8819e-32 -7.7343e-33 -1.5105e-33 -2.8915e-34 -5.4258e-35 -9.9797e-36 -1.7993e-36 -3.1798e-37 -5.5082e-38 -9.3530e-39 -1.5567e-39 -2.5398e-40 -4.0616e-41 -6.3668e-42 -9.7828e-43 4.3171e-04 4.1895e-04 3.9850e-04 3.7152e-04 3.3948e-04 0.0000e+00 2.6678e-04 2.2940e-04 1.9326e-04 1.5950e-04 1.2894e-04 1.0207e-04 7.9114e-05 6.0022e-05 4.4560e-05 3.2360e-05 2.2979e-05 1.5947e-05 1.0810e-05 7.1514e-06 4.6134e-06 2.8986e-06 1.7711e-06 1.0502e-06 6.0277e-07 3.3350e-07 1.7684e-07 8.9021e-08 4.1847e-08 1.7771e-08 6.2668e-09 1.2676e-09 -5.7530e-10 -1.0177e-09 -9.2427e-10 -6.8616e-10 -4.5769e-10 -2.8436e-10 -1.6747e-10 -9.4424e-11 -5.1282e-11 -2.6938e-11 -1.3724e-11 -6.7957e-12 -3.2754e-12 -1.5384e-12 -7.0483e-13 -3.1520e-13 -1.3768e-13 -5.8761e-14 -2.4517e-14 -1.0003e-14 -3.9918e-15 -1.5586e-15 -5.9554e-16 -2.2272e-16 -8.1535e-17 -2.9223e-17 -1.0256e-17 -3.5246e-18 -1.1863e-18 -3.9104e-19 -1.2626e-19 -3.9934e-20 -1.2373e-20 -3.7556e-21 -1.1168e-21 -3.2540e-22 -9.2892e-23 -2.5983e-23 -7.1213e-24 -1.9125e-24 -5.0331e-25 -1.2980e-25 -3.2802e-26 -8.1236e-27 -1.9716e-27 -4.6895e-28 -1.0931e-28 -2.4972e-29 -5.5909e-30 -1.2268e-30 -2.6383e-31 -5.5607e-32 -1.1487e-32 -2.3257e-33 -4.6151e-34 -8.9761e-35 -1.7111e-35 -3.1970e-36 -5.8547e-37 -1.0509e-37 -1.8488e-38 -3.1881e-39 -5.3885e-40 -8.9270e-41 -1.4496e-41 -2.3071e-42 -3.5992e-43 -5.5037e-44
-3.8280e-04 -3.8239e-04 -3.8123e-04 -3.7870e-04 -3.7409e-04 -3.6669e-04 4.9450e-03 -3.4143e-04 -3.2316e-04 -3.0137e-04 -2.7658e-04 -2.4957e-04 -2.2124e-04 -1.9259e-04 -1.6453e-04 -1.3791e-04 -1.1339e-04 -9.1429e-05 -7.2287e-05 -5.6034e-05 -4.2583e-05 -3.1724e-05 -2.3167e-05 -1.6584e-05 -1.1637e-05 -8.0036e-06 -5.3958e-06 -3.5656e-06 -2.3095e-06 -1.4663e-06 -9.1246e-07 -5.5657e-07 -3.3276e-07 -1.9501e-07 -1.1202e-07 -6.3073e-08 -3.4810e-08 -1.8831e-08 -9.9852e-09 -5.1899e-09 -2.6441e-09 -1.3204e-09 -6.4632e-10 -3.1011e-10 -1.4585e-10 -6.7236e-11 -3.0382e-11 -1.3457e-11 -5.8428e-12 -2.4866e-12 -1.0373e-12 -4.2417e-13 -1.7001e-13 -6.6796e-14 -2.5724e-14 -9.7107e-15 -3.5933e-15 -1.3033e-15 -4.6337e-16 -1.6148e-16 -5.5164e-17 -1.8472e-17 -6.0629e-18 -1.9506e-18 -6.1517e-19 -1.9017e-19 -5.7625e-20 -1.7116e-20 -4.9833e-21 -1.4222e-21 -3.9785e-22 -1.0909e-22 -2.9323e-23 -7.7258e-24 -1.9953e-24 -5.0510e-25 -1.2534e-25 -3.0487e-26 -7.2688e-27 -1.6988e-27 -3.8916e-28 -8.7388e-29 -1.9235e-29 -4.1501e-30 -8.7771e-31 -1.8196e-31 -3.6975e-32 -7.3648e-33 -1.4380e-33 -2.7520e-34 -5.1627e-35 -9.4936e-36 -1.7112e-36 -3.0234e-37 -5.2362e-38 -8.8892e-39 -1.4792e-39 -2.4127e-40 -3.8576e-41 -6.0458e-42 3.7908e-04 3.6787e-04 3.4991e-04 3.2619e-04 2.9801e-04 2.6678e-04 0.0000e+00 2.0103e-04 1.6915e-04 1.3935e-04 1.1237e-04 8.8651e-05 6.8397e-05 5.1579e-05 3.7991e-05 2.7307e-05 1.9135e-05 1.3052e-05 8.6513e-06 5.5583e-06 3.4494e-06 2.0572e-06 1.1698e-06 6.2570e-07 3.0692e-07 1.3021e-07 3.9221e-08 -2.6773e-09 -1.8245e-08 -2.0931e-08 -1.8215e-08 -1.3934e-08 -9.8376e-09 -6.5528e-09 -4.1677e-09 -2.5492e-09 -1.5065e-09 -8.6297e-10 -4.8023e-10 -2.6005e-10 -1.3721e-10 -7.0608e-11 -3.5465e-11 -1.7398e-11 -8.3398e-12 -3.9081e-12 -1.7910e-12 -8.0284e-13 -3.5213e-13 -1.5115e-13 -6.3508e-14 -2.6122e-14 -1.0520e-14 -4.1488e-15 -1.6023e-15 -6.0611e-16 -2.2457e-16 -8.1505e-17 -2.8979e-17 -1.0094e-17 -3.4446e-18 -1.1518e-18 -3.7733e-19 -1.2113e-19 -3.8101e-20 -1.1744e-20 -3.5473e-21 -1.0500e-21 -3.0459e-22 -8.6587e-23 -2.4123e-23 -6.5866e-24 -1.7625e-24 -4.6225e-25 -1.1882e-25 -2.9932e-26 -7.3906e-27 -1.7885e-27 -4.2423e-28 -9.8624e-29 -2.2473e-29 -5.0190e-30 -1.0987e-30 -2.3574e-31 -4.9579e-32 -1.0220e-32 -2.0650e-33 -4.0897e-34 -7.9390e-35 -1.5106e-35 -2.8174e-36 -5.1507e-37 -9.2298e-38 -1.6212e-38 -2.7912e-39 -4.7105e-40 -7.7922e-41 -1.2635e-41 -2.0082e-42 -3.1287e-43
-3.3046e-04 -3.3298e-04 -3.3652e-04 -3.4021e-04 -3.4298e-04 -3.4372e-04 -3.4143e-04 6.4574e-03 -3.2488e-04 -3.1004e-04 -2.9105e-04 -2.6851e-04 -2.4325e-04 -2.1629e-04 -1.8868e-04 -1.6144e-04 -1.3545e-04 -1.1143e-04 -8.9865e-05 -7.1047e-05 -5.5061e-05 -4.1828e-05 -3.1146e-05 -2.2732e-05 -1.6263e-05 -1.1404e-05 -7.8382e-06 -5.2806e-06 -3.4871e-06 -2.2570e-06 -1.4320e-06 -8.9050e-07 -5.4281e-07 -3.2432e-07 -1.8994e-07 -1.0904e-07 -6.1355e-08 -3.3841e-08 -1.8296e-08 -9.6958e-09 -5.0366e-09 -2.5645e-09 -1.2800e-09 -6.2621e-10 -3.0031e-10 -1.4117e-10 -6.5046e-11 -2.9379e-11 -1.3007e-11 -5.6446e-12 -2.4012e-12 -1.0012e-12 -4.0924e-13 -1.6396e-13 -6.4393e-14 -2.4789e-14 -9.3542e-15 -3.4600e-15 -1.2545e-15 -4.4586e-16 -1.5533e-16 -5.3043e-17 -1.7756e-17 -5.8259e-18 -1.8738e-18 -5.9075e-19 -1.8256e-19 -5.5304e-20 -1.6422e-20 -4.7798e-21 -1.3637e-21 -3.8139e-22 -1.0455e-22 -2.8095e-23 -7.4002e-24 -1.9107e-24 -4.8357e-25 -1.1997e-25 -2.9173e-26 -6.9540e-27 -1.6248e-27 -3.7214e-28 -8.3547e-29 -1.8386e-29 -3.9660e-30 -8.3859e-31 -1.7381e-31 -3.5312e-32 -7.0323e-33 -1.3728e-33 -2.6268e-34 -4.9268e-35 -9.0581e-36 -1.6324e-36 -2.8837e-37 -4.9934e-38 -8.4754e-39 -1.4101e-39 -2.2997e-40 -3.6762e-41 3.2628e-04 3.1663e-04 3.0115e-04 2.8071e-04 2.5638e-04 2.2940e-04 2.0103e-04 0.0000e+00 1.4485e-04 1.1898e-04 9.5551e-05 7.4958e-05 5.7388e-05 4.2827e-05 3.1103e-05 2.1937e-05 1.4981e-05 9.8653e-06 6.2250e-06 3.7258e-06 2.0774e-06 1.0398e-06 4.2329e-07 8.4529e-08 -8.0276e-08 -1.4286e-07 -1.5041e-07 -1.3221e-07 -1.0520e-07 -7.8260e-08 -5.5312e-08 -3.7483e-08 -2.4496e-08 -1.5498e-08 -9.5175e-09 -5.6843e-09 -3.3065e-09 -1.8754e-09 -1.0380e-09 -5.6109e-10 -2.9634e-10 -1.5299e-10 -7.7243e-11 -3.8149e-11 -1.8435e-11 -8.7186e-12 -4.0362e-12 -1.8293e-12 -8.1184e-13 -3.5282e-13 -1.5017e-13 -6.2607e-14 -2.5567e-14 -1.0228e-14 -4.0087e-15 -1.5393e-15 -5.7912e-16 -2.1349e-16 -7.7115e-17 -2.7296e-17 -9.4678e-18 -3.2182e-18 -1.0720e-18 -3.4996e-19 -1.1196e-19 -3.5106e-20 -1.0788e-20 -3.2492e-21 -9.5913e-22 -2.7749e-22 -7.8689e-23 -2.1870e-23 -5.9578e-24 -1.5908e-24 -4.1633e-25 -1.0680e-25 -2.6853e-26 -6.6179e-27 -1.5987e-27 -3.7855e-28 -8.7859e-29 -1.9988e-29 -4.4572e-30 -9.7427e-31 -2.0875e-31 -4.3840e-32 -9.0251e-33 -1.8212e-33 -3.6023e-34 -6.9846e-35 -1.3275e-35 -2.4730e-36 -4.5161e-37 -8.0839e-38 -1.4185e-38 -2.4397e-39 -4.1133e-40 -6.7979e-41 -1.1012e-41 -1.7488e-42
-2.7974e-04 -2.8462e-04 -2.9201e-04 -3.0087e-04 -3.0992e-04 -3.1780e-04 -3.2316e-04 -3.2488e-04 8.1707e-03 -3.1439e-04 -3.0169e-04 -2.8436e-04 -2.6308e-04 -2.3879e-04 -2.1257e-04 -1.8556e-04 -1.5881e-04 -1.3323e-04 -1.0957e-04 -8.8333e-05 -6.9799e-05 -5.4061e-05 -4.1041e-05 -3.0539e-05 -2.2274e-05 -1.5924e-05 -1.1158e-05 -7.6640e-06 -5.1598e-06 -3.4050e-06 -2.2025e-06 -1.3964e-06 -8.6787e-07 -5.2870e-07 -3.1570e-07 -1.8479e-07 -1.0602e-07 -5.9625e-08 -3.2870e-08 -1.7762e-08 -9.4081e-09 -4.8848e-09 -2.4861e-09 -1.2403e-09 -6.0652e-10 -2.9074e-10 -1.3661e-10 -6.2922e-11 -2.8408e-11 -1.2572e-11 -5.4541e-12 -2.3193e-12 -9.6675e-13 -3.9501e-13 -1.5821e-13 -6.2112e-14 -2.3903e-14 -9.0172e-15 -3.3343e-15 -1.2086e-15 -4.2942e-16 -1.4956e-16 -5.1059e-17 -1.7087e-17 -5.6050e-18 -1.8023e-18 -5.6807e-19 -1.7551e-19 -5.3154e-20 -1.5780e-20 -4.5919e-21 -1.3098e-21 -3.6623e-22 -1.0038e-22 -2.6967e-23 -7.1018e-24 -1.8333e-24 -4.6389e-25 -1.1506e-25 -2.7975e-26 -6.6672e-27 -1.5575e-27 -3.5666e-28 -8.0059e-29 -1.7615e-29 -3.7992e-30 -8.0319e-31 -1.6645e-31 -3.3811e-32 -6.7323e-33 -1.3140e-33 -2.5139e-34 -4.7145e-35 -8.6666e-36 -1.5616e-36 -2.7583e-37 -4.7756e-38 -8.1047e-39 -1.3483e-39 -2.1985e-40 2.7527e-04 2.6712e-04 2.5405e-04 2.3676e-04 2.1615e-04 1.9326e-04 1.6915e-04 1.4485e-04 0.0000e+00 9.9170e-05 7.9130e-05 6.1515e-05 4.6500e-05 3.4088e-05 2.4143e-05 1.6429e-05 1.0646e-05 6.4720e-06 3.5831e-06 1.6817e-06 5.0736e-07 -1.5558e-07 -4.7739e-07 -5.8602e-07 -5.7277e-07 -4.9922e-07 -4.0412e-07 -3.0975e-07 -2.2722e-07 -1.6056e-07 -1.0976e-07 -7.2800e-08 -4.6948e-08 -2.9484e-08 -1.8052e-08 -1.0787e-08 -6.2940e-09 -3.5886e-09 -2.0002e-09 -1.0903e-09 -5.8144e-10 -3.0341e-10 -1.5496e-10 -7.7478e-11 -3.7928e-11 -1.8182e-11 -8.5359e-12 -3.9251e-12 -1.7680e-12 -7.8014e-13 -3.3725e-13 -1.4284e-13 -5.9277e-14 -2.4104e-14 -9.6043e-15 -3.7501e-15 -1.4349e-15 -5.3806e-16 -1.9773e-16 -7.1214e-17 -2.5137e-17 -8.6959e-18 -2.9485e-18 -9.7982e-19 -3.1914e-19 -1.0189e-19 -3.1881e-20 -9.7781e-21 -2.9395e-21 -8.6617e-22 -2.5017e-22 -7.0825e-23 -1.9654e-23 -5.3461e-24 -1.4254e-24 -3.7253e-25 -9.5436e-26 -2.3965e-26 -5.8991e-27 -1.4234e-27 -3.3665e-28 -7.8048e-29 -1.7737e-29 -3.9513e-30 -8.6283e-31 -1.8469e-31 -3.8753e-32 -7.9706e-33 -1.6070e-33 -3.1760e-34 -6.1530e-35 -1.1685e-35 -2.1752e-36 -3.9692e-37 -7.1000e-38 -1.2449e-38 -2.1398e-39 -3.6053e-40 -5.9545e-41 -9.6402e-42
-2.3220e-04 -2.3880e-04 -2.4904e-04 -2.6182e-04 -2.7581e-04 -2.8950e-04 -3.0137e-04 -3.1004e-04 -3.1439e-04 1.0085e-02 -3.0748e-04 -2.9591e-04 -2.7942e-04 -2.5878e-04 -2.3499e-04 -2.0921e-04 -1.8259e-04 -1.5620e-04 -1.3098e-04 -1.0765e-04 -8.6723e-05 -6.8479e-05 -5.3001e-05 -4.0208e-05 -2.9898e-05 -2.1791e-05 -1.5568e-05 -1.0902e-05 -7.4833e-06 -5.0350e-06 -3.3207e-06 -2.1467e-06 -1.3603e-06 -8.4498e-07 -5.1448e-07 -3.0706e-07 -1.7964e-07 -1.0302e-07 -5.7912e-08 -3.1911e-08 -1.7236e-08 -9.1261e-09 -4.7365e-09 -2.4097e-09 -1.2017e-09 -5.8745e-10 -2.8150e-10 -1.3222e-10 -6.0881e-11 -2.7478e-11 -1.2157e-11 -5.2723e-12 -2.2413e-12 -9.3398e-13 -3.8151e-13 -1.5276e-13 -5.9959e-14 -2.3069e-14 -8.7002e-15 -3.2163e-15 -1.1656e-15 -4.1403e-16 -1.4417e-16 -4.9207e-17 -1.6464e-17 -5.3995e-18 -1.7359e-18 -5.4702e-19 -1.6898e-19 -5.1166e-20 -1.5187e-20 -4.4185e-21 -1.2601e-21 -3.5229e-22 -9.6538e-23 -2.5932e-23 -6.8280e-24 -1.7623e-24 -4.4587e-25 -1.1058e-25 -2.6881e-26 -6.4054e-27 -1.4962e-27 -3.4257e-28 -7.6884e-29 -1.6914e-29 -3.6476e-30 -7.7104e-31 -1.5976e-31 -3.2450e-32 -6.4605e-33 -1.2608e-33 -2.4119e-34 -4.5227e-35 -8.3130e-36 -1.4978e-36 -2.6452e-37 -4.5793e-38 -7.7708e-39 -1.2926e-39 2.2764e-04 2.2089e-04 2.1006e-04 1.9572e-04 1.7858e-04 1.5950e-04 1.3935e-04 1.1898e-04 9.9170e-05 0.0000e+00 6.3652e-05 4.8779e-05 3.6111e-05 2.5669e-05 1.7353e-05 1.0971e-05 6.2716e-06 2.9737e-06 7.9448e-07 -5.3138e-07 -1.2380e-06 -1.5208e-06 -1.5342e-06 -1.3941e-06 -1.1821e-06 -9.5144e-07 -7.3412e-07 -5.4628e-07 -3.9359e-07 -2.7533e-07 -1.8737e-07 -1.2423e-07 -8.0335e-08 -5.0714e-08 -3.1274e-08 -1.8850e-08 -1.1109e-08 -6.4046e-09 -3.6128e-09 -1.9946e-09 -1.0780e-09 -5.7045e-10 -2.9559e-10 -1.5001e-10 -7.4568e-11 -3.6309e-11 -1.7320e-11 -8.0948e-12 -3.7067e-12 -1.6631e-12 -7.3120e-13 -3.1503e-13 -1.3301e-13 -5.5033e-14 -2.2316e-14 -8.8688e-15 -3.4544e-15 -1.3187e-15 -4.9341e-16 -1.8095e-16 -6.5042e-17 -2.2915e-17 -7.9135e-18 -2.6787e-18 -8.8875e-19 -2.8904e-19 -9.2141e-20 -2.8792e-20 -8.8189e-21 -2.6478e-21 -7.7927e-22 -2.2481e-22 -6.3575e-23 -1.7623e-23 -4.7888e-24 -1.2755e-24 -3.3305e-25 -8.5243e-26 -2.1387e-26 -5.2600e-27 -1.2681e-27 -2.9969e-28 -6.9428e-29 -1.5767e-29 -3.5098e-30 -7.6590e-31 -1.6383e-31 -3.4354e-32 -7.0615e-33 -1.4229e-33 -2.8104e-34 -5.4416e-35 -1.0328e-35 -1.9216e-36 -3.5047e-37 -6.2660e-38 -1.0982e-38 -1.8866e-39 -3.1772e-40 -5.2451e-41
-1.8900e-04 -1.9666e-04 -2.0871e-04 -2.2412e-04 -2.4158e-04 -2.5959e-04 -2.7658e-04 -2.9105e-04 -3.0169e-04 -3.0748e-04 1.2199e-02 -3.0227e-04 -2.9120e-04 -2.7508e-04 -2.5475e-04 -2.3126e-04 -2.0579e-04 -1.7949e-04 -1.5344e-04 -1.2858e-04 -1.0560e-04 -8.5013e-05 -6.7082e-05 -5.1884e-05 -3.9334e-05 -2.9230e-05 -2.1291e-05 -1.5202e-05 -1.0639e-05 -7.2990e-06 -4.9084e-06 -3.2355e-06 -2.0906e-06 -1.3242e-06 -8.2214e-07 -5.0036e-07 -2.9851e-07 -1.7457e-07 -1.0007e-07 -5.6233e-08 -3.0975e-08 -1.6725e-08 -8.8523e-09 -4.5929e-09 -2.3359e-09 -1.1646e-09 -5.6912e-10 -2.7264e-10 -1.2803e-10 -5.8933e-11 -2.6592e-11 -1.1762e-11 -5.0997e-12 -2.1674e-12 -9.0299e-13 -3.6877e-13 -1.4763e-13 -5.7932e-14 -2.2284e-14 -8.4027e-15 -3.1058e-15 -1.1253e-15 -3.9965e-16 -1.3914e-16 -4.7482e-17 -1.5884e-17 -5.2085e-18 -1.6742e-18 -5.2751e-19 -1.6292e-19 -4.9326e-20 -1.4638e-20 -4.2584e-21 -1.2143e-21 -3.3943e-22 -9.3003e-23 -2.4979e-23 -6.5763e-24 -1.6972e-24 -4.2933e-25 -1.0646e-25 -2.5878e-26 -6.1657e-27 -1.4400e-27 -3.2968e-28 -7.3984e-29 -1.6275e-29 -3.5093e-30 -7.4174e-31 -1.5368e-31 -3.1211e-32 -6.2132e-33 -1.2124e-33 -2.3192e-34 -4.3484e-35 -7.9920e-36 -1.4398e-36 -2.5427e-37 -4.4014e-38 -7.4684e-39 1.8452e-04 1.7905e-04 1.7025e-04 1.5856e-04 1.4457e-04 1.2894e-04 1.1237e-04 9.5551e-05 7.9130e-05 6.3652e-05 0.0000e+00 3.7122e-05 2.6538e-05 1.7838e-05 1.0958e-05 5.7489e-06 2.0034e-06 -5.1654e-07 -2.0575e-06 -2.8554e-06 -3.1219e-06 -3.0359e-06 -2.7400e-06 -2.3415e-06 -1.9153e-06 -1.5098e-06 -1.1518e-06 -8.5285e-07 -6.1428e-07 -4.3104e-07 -2.9501e-07 -1.9710e-07 -1.2865e-07 -8.2081e-08 -5.1211e-08 -3.1257e-08 -1.8669e-08 -1.0914e-08 -6.2465e-09 -3.5007e-09 -1.9213e-09 -1.0329e-09 -5.4388e-10 -2.8057e-10 -1.4180e-10 -7.0222e-11 -3.4074e-11 -1.6202e-11 -7.5491e-12 -3.4472e-12 -1.5426e-12 -6.7658e-13 -2.9083e-13 -1.2253e-13 -5.0596e-14 -2.0478e-14 -8.1237e-15 -3.1589e-15 -1.2040e-15 -4.4980e-16 -1.6472e-16 -5.9128e-17 -2.0805e-17 -7.1758e-18 -2.4261e-18 -8.0406e-19 -2.6122e-19 -8.3188e-20 -2.5969e-20 -7.9469e-21 -2.3839e-21 -7.0099e-22 -2.0206e-22 -5.7097e-23 -1.5816e-23 -4.2945e-24 -1.1431e-24 -2.9826e-25 -7.6291e-26 -1.9129e-26 -4.7018e-27 -1.1329e-27 -2.6758e-28 -6.1956e-29 -1.4062e-29 -3.1289e-30 -6.8244e-31 -1.4591e-31 -3.0582e-32 -6.2834e-33 -1.2655e-33 -2.4986e-34 -4.8359e-35 -9.1750e-36 -1.7064e-36 -3.1111e-37 -5.5602e-38 -9.7412e-39 -1.6730e-39 -2.8165e-40
-1.5085e-04 -1.5896e-04 -1.7186e-04 -1.8864e-04 -2.0813e-04 -2.2894e-04 -2.4957e-04 -2.6851e-04 -2.8436e-04 -2.9591e-04 -3.0227e-04 1.4514e-02 -2.9762e-04 -2.8670e-04 -2.7073e-04 -2.5058e-04 -2.2733e-04 -2.0215e-04 -1.7619e-04 -1.5051e-04 -1.2603e-04 -1.0344e-04 -8.3218e-05 -6.5623e-05 -5.0725e-05 -3.8433e-05 -2.8544e-05 -2.0781e-05 -1.4830e-05 -1.0374e-05 -7.1135e-06 -4.7815e-06 -3.1506e-06 -2.0349e-06 -1.2884e-06 -7.9962e-07 -4.8648e-07 -2.9013e-07 -1.6961e-07 -9.7197e-08 -5.4601e-08 -3.0067e-08 -1.6230e-08 -8.5881e-09 -4.4546e-09 -2.2650e-09 -1.1289e-09 -5.5158e-10 -2.6417e-10 -1.2403e-10 -5.7079e-11 -2.5750e-11 -1.1387e-11 -4.9363e-12 -2.0976e-12 -8.7375e-13 -3.5677e-13 -1.4280e-13 -5.6027e-14 -2.1548e-14 -8.1239e-15 -3.0023e-15 -1.0876e-15 -3.8622e-16 -1.3444e-16 -4.5874e-17 -1.5344e-17 -5.0308e-18 -1.6169e-18 -5.0938e-19 -1.5731e-19 -4.7620e-20 -1.4131e-20 -4.1103e-21 -1.1719e-21 -3.2755e-22 -8.9740e-23 -2.4100e-23 -6.3444e-24 -1.6371e-24 -4.1411e-25 -1.0268e-25 -2.4956e-26 -5.9456e-27 -1.3885e-27 -3.1786e-28 -7.1325e-29 -1.5689e-29 -3.3826e-30 -7.1492e-31 -1.4811e-31 -3.0078e-32 -5.9873e-33 -1.1683e-33 -2.2345e-34 -4.1895e-35 -7.6994e-36 -1.3870e-36 -2.4492e-37 -4.2395e-38 1.4661e-04 1.4225e-04 1.3524e-04 1.2590e-04 1.1467e-04 1.0207e-04 8.8651e-05 7.4958e-05 6.1515e-05 4.8779e-05 3.7122e-05 0.0000e+00 1.8028e-05 1.0817e-05 5.1541e-06 9.3178e-07 -2.0133e-06 -3.8791e-06 -4.8779e-06 -5.2189e-06 -5.0938e-06 -4.6682e-06 -4.0766e-06 -3.4211e-06 -2.7738e-06 -2.1806e-06 -1.6662e-06 -1.2397e-06 -8.9938e-07 -6.3682e-07 -4.4044e-07 -2.9773e-07 -1.9681e-07 -1.2727e-07 -8.0533e-08 -4.9881e-08 -3.0248e-08 -1.7962e-08 -1.0446e-08 -5.9504e-09 -3.3205e-09 -1.8153e-09 -9.7237e-10 -5.1036e-10 -2.6248e-10 -1.3229e-10 -6.5342e-11 -3.1630e-11 -1.5006e-11 -6.9776e-12 -3.1800e-12 -1.4205e-12 -6.2195e-13 -2.6692e-13 -1.1229e-13 -4.6301e-14 -1.8715e-14 -7.4148e-15 -2.8798e-15 -1.0964e-15 -4.0916e-16 -1.4968e-16 -5.3679e-17 -1.8870e-17 -6.5029e-18 -2.1968e-18 -7.2747e-19 -2.3616e-19 -7.5152e-20 -2.3444e-20 -7.1695e-21 -2.1493e-21 -6.3163e-22 -1.8196e-22 -5.1388e-23 -1.4227e-23 -3.8610e-24 -1.0272e-24 -2.6789e-25 -6.8490e-26 -1.7166e-26 -4.2174e-27 -1.0157e-27 -2.3982e-28 -5.5505e-29 -1.2594e-29 -2.8010e-30 -6.1072e-31 -1.3053e-31 -2.7350e-32 -5.6175e-33 -1.1311e-33 -2.2325e-34 -4.3195e-35 -8.1930e-36 -1.5233e-36 -2.7766e-37 -4.9611e-38 -8.6894e-39 -1.4920e-39
-1.1806e-04 -1.2610e-04 -1.3901e-04 -1.5606e-04 -1.7627e-04 -1.9844e-04 -2.2124e-04 -2.4325e-04 -2.6308e-04 -2.7942e-04 -2.9120e-04 -2.9762e-04 1.7029e-02 -2.9292e-04 -2.8201e-04 -2.6612e-04 -2.4614e-04 -2.2314e-04 -1.9828e-04 -1.7269e-04 -1.4743e-04 -1.2337e-04 -1.0119e-04 -8.1363e-05 -6.4125e-05 -4.9540e-05 -3.7517e-05 -2.7851e-05 -2.0267e-05 -1.4457e-05 -1.0109e-05 -6.9291e-06 -4.6559e-06 -3.0667e-06 -1.9801e-06 -1.2533e-06 -7.7758e-07 -4.7293e-07 -2.8197e-07 -1.6479e-07 -9.4414e-08 -5.3025e-08 -2.9192e-08 -1.5754e-08 -8.3344e-09 -4.3221e-09 -2.1972e-09 -1.0949e-09 -5.3486e-10 -2.5612e-10 -1.2022e-10 -5.5320e-11 -2.4952e-11 -1.1033e-11 -4.7819e-12 -2.0317e-12 -8.4617e-13 -3.4546e-13 -1.3825e-13 -5.4237e-14 -2.0857e-14 -7.8624e-15 -2.9053e-15 -1.0524e-15 -3.7366e-16 -1.3006e-16 -4.4373e-17 -1.4840e-17 -4.8652e-18 -1.5635e-18 -4.9253e-19 -1.5209e-19 -4.6036e-20 -1.3659e-20 -3.9729e-21 -1.1327e-21 -3.1655e-22 -8.6719e-23 -2.3287e-23 -6.1299e-24 -1.5817e-24 -4.0006e-25 -9.9187e-26 -2.4106e-26 -5.7427e-27 -1.3410e-27 -3.0697e-28 -6.8878e-29 -1.5149e-29 -3.2662e-30 -6.9027e-31 -1.4300e-31 -2.9038e-32 -5.7799e-33 -1.1278e-33 -2.1569e-34 -4.0437e-35 -7.4312e-36 -1.3386e-36 -2.3637e-37 1.1418e-04 1.1078e-04 1.0530e-04 9.7963e-05 8.9108e-05 7.9114e-05 6.8397e-05 5.7388e-05 4.6500e-05 3.6111e-05 2.6538e-05 1.8028e-05 0.0000e+00 4.7655e-06 9.5627e-08 -3.3339e-06 -5.6446e-06 -6.9957e-06 -7.5663e-06 -7.5400e-06 -7.0905e-06 -6.3723e-06 -5.5141e-06 -4.6162e-06 -3.7508e-06 -2.9646e-06 -2.2830e-06 -1.7152e-06 -1.2582e-06 -9.0189e-07 -6.3206e-07 -4.3327e-07 -2.9062e-07 -1.9080e-07 -1.2264e-07 -7.7185e-08 -4.7578e-08 -2.8727e-08 -1.6992e-08 -9.8468e-09 -5.5910e-09 -3.1108e-09 -1.6961e-09 -9.0624e-10 -4.7455e-10 -2.4355e-10 -1.2251e-10 -6.0401e-11 -2.9189e-11 -1.3826e-11 -6.4194e-12 -2.9216e-12 -1.3034e-12 -5.6997e-13 -2.4433e-13 -1.0267e-13 -4.2294e-14 -1.7079e-14 -6.7606e-15 -2.6234e-15 -9.9797e-16 -3.7215e-16 -1.3604e-16 -4.8754e-17 -1.7128e-17 -5.8986e-18 -1.9914e-18 -6.5909e-19 -2.1384e-19 -6.8015e-20 -2.1207e-20 -6.4823e-21 -1.9424e-21 -5.7057e-22 -1.6430e-22 -4.6382e-23 -1.2836e-23 -3.4822e-24 -9.2608e-25 -2.4144e-25 -6.1706e-26 -1.5460e-26 -3.7972e-27 -9.1427e-28 -2.1580e-28 -4.9932e-29 -1.1326e-29 -2.5184e-30 -5.4896e-31 -1.1730e-31 -2.4572e-32 -5.0459e-33 -1.0157e-33 -2.0044e-34 -3.8775e-35 -7.3530e-36 -1.3669e-36 -2.4910e-37 -4.4499e-38 -7.7927e-39
-9.0598e-05 -9.8176e-05 -1.1044e-04 -1.2687e-04 -1.4669e-04 -1.6897e-04 -1.9259e-04 -2.1629e-04 -2.3879e-04 -2.5878e-04 -2.7508e-04 -2.8670e-04 -2.9292e-04 1.9744e-02 -2.8793e-04 -2.7701e-04 -2.6121e-04 -2.4142e-04 -2.1871e-04 -1.9421e-04 -1.6905e-04 -1.4423e-04 -1.2063e-04 -9.8891e-05 -7.9472e-05 -6.2606e-05 -4.8346e-05 -3.6597e-05 -2.7157e-05 -1.9755e-05 -1.4087e-05 -9.8467e-06 -6.7473e-06 -4.5323e-06 -2.9844e-06 -1.9264e-06 -1.2190e-06 -7.5614e-07 -4.5978e-07 -2.7407e-07 -1.6014e-07 -9.1730e-08 -5.1507e-08 -2.8351e-08 -1.5298e-08 -8.0915e-09 -4.1955e-09 -2.1325e-09 -1.0625e-09 -5.1895e-10 -2.4847e-10 -1.1661e-10 -5.3652e-11 -2.4197e-11 -1.0698e-11 -4.6361e-12 -1.9695e-12 -8.2018e-13 -3.3481e-13 -1.3398e-13 -5.2555e-14 -2.0208e-14 -7.6171e-15 -2.8144e-15 -1.0194e-15 -3.6191e-16 -1.2596e-16 -4.2971e-17 -1.4370e-17 -4.7107e-18 -1.5137e-18 -4.7682e-19 -1.4723e-19 -4.4562e-20 -1.3221e-20 -3.8452e-21 -1.0962e-21 -3.0634e-22 -8.3917e-23 -2.2533e-23 -5.9311e-24 -1.5303e-24 -3.8704e-25 -9.5956e-26 -2.3319e-26 -5.5550e-27 -1.2971e-27 -2.9691e-28 -6.6618e-29 -1.4652e-29 -3.1588e-30 -6.6754e-31 -1.3828e-31 -2.8079e-32 -5.5889e-33 -1.0904e-33 -2.0855e-34 -3.9096e-35 -7.1845e-36 -1.2942e-36 8.7159e-05 8.4563e-05 8.0353e-05 7.4699e-05 6.7831e-05 6.0022e-05 5.1579e-05 4.2827e-05 3.4088e-05 2.5669e-05 1.7838e-05 1.0817e-05 4.7655e-06 0.0000e+00 -4.1103e-06 -6.9352e-06 -8.7770e-06 -9.7573e-06 -1.0023e-05 -9.7316e-06 -9.0398e-06 -8.0916e-06 -7.0115e-06 -5.8996e-06 -4.8308e-06 -3.8556e-06 -3.0029e-06 -2.2843e-06 -1.6983e-06 -1.2348e-06 -8.7833e-07 -6.1144e-07 -4.1668e-07 -2.7805e-07 -1.8170e-07 -1.1631e-07 -7.2935e-08 -4.4809e-08 -2.6974e-08 -1.5911e-08 -9.1977e-09 -5.2106e-09 -2.8930e-09 -1.5743e-09 -8.3971e-10 -4.3900e-10 -2.2496e-10 -1.1300e-10 -5.5640e-11 -2.6855e-11 -1.2706e-11 -5.8932e-12 -2.6794e-12 -1.1942e-12 -5.2179e-13 -2.2350e-13 -9.3844e-14 -3.8629e-14 -1.5588e-14 -6.1664e-15 -2.3914e-15 -9.0915e-16 -3.3884e-16 -1.2380e-16 -4.4344e-17 -1.5571e-17 -5.3601e-18 -1.8088e-18 -5.9841e-19 -1.9408e-19 -6.1705e-20 -1.9233e-20 -5.8767e-21 -1.7603e-21 -5.1693e-22 -1.4881e-22 -4.1996e-23 -1.1619e-23 -3.1512e-24 -8.3783e-25 -2.1838e-25 -5.5799e-26 -1.3977e-26 -3.4321e-27 -8.2619e-28 -1.9497e-28 -4.5103e-29 -1.0229e-29 -2.2740e-30 -4.9560e-31 -1.0588e-31 -2.2176e-32 -4.5530e-33 -9.1639e-34 -1.8081e-34 -3.4971e-35 -6.6308e-36 -1.2325e-36 -2.2457e-37 -4.0112e-38
-6.8175e-05 -7.5008e-05 -8.6170e-05 -1.0131e-04 -1.1990e-04 -1.4127e-04 -1.6453e-04 -1.8868e-04 -2.1257e-04 -2.3499e-04 -2.5475e-04 -2.7073e-04 -2.8201e-04 -2.8793e-04 2.2659e-02 -2.8261e-04 -2.7169e-04 -2.5601e-04 -2.3647e-04 -2.1409e-04 -1.9000e-04 -1.6530e-04 -1.4096e-04 -1.1784e-04 -9.6562e-05 -7.7569e-05 -6.1083e-05 -4.7152e-05 -3.5682e-05 -2.6469e-05 -1.9249e-05 -1.3722e-05 -9.5892e-06 -6.5692e-06 -4.4116e-06 -2.9043e-06 -1.8743e-06 -1.1858e-06 -7.3538e-07 -4.4708e-07 -2.6645e-07 -1.5566e-07 -8.9151e-08 -5.0051e-08 -2.7546e-08 -1.4861e-08 -7.8595e-09 -4.0747e-09 -2.0708e-09 -1.0317e-09 -5.0382e-10 -2.4120e-10 -1.1319e-10 -5.2072e-11 -2.3482e-11 -1.0381e-11 -4.4983e-12 -1.9108e-12 -7.9567e-13 -3.2478e-13 -1.2996e-13 -5.0973e-14 -1.9599e-14 -7.3868e-15 -2.7291e-15 -9.8840e-16 -3.5090e-16 -1.2211e-16 -4.1658e-17 -1.3930e-17 -4.5663e-18 -1.4673e-18 -4.6215e-19 -1.4269e-19 -4.3187e-20 -1.2813e-20 -3.7261e-21 -1.0622e-21 -2.9683e-22 -8.1308e-23 -2.1832e-23 -5.7463e-24 -1.4826e-24 -3.7495e-25 -9.2955e-26 -2.2589e-26 -5.3809e-27 -1.2565e-27 -2.8759e-28 -6.4524e-29 -1.4191e-29 -3.0593e-30 -6.4649e-31 -1.3392e-31 -2.7192e-32 -5.4122e-33 -1.0559e-33 -2.0194e-34 -3.7857e-35 -6.9566e-36 6.5218e-05 6.3270e-05 6.0099e-05 5.5817e-05 5.0574e-05 4.4560e-05 3.7991e-05 3.1103e-05 2.4143e-05 1.7353e-05 1.0958e-05 5.1541e-06 9.5627e-08 -4.1103e-06 0.0000e+00 -9.7990e-06 -1.1325e-05 -1.2072e-05 -1.2156e-05 -1.1707e-05 -1.0865e-05 -9.7615e-06 -8.5175e-06 -7.2336e-06 -5.9888e-06 -4.8391e-06 -3.8197e-06 -2.9474e-06 -2.2243e-06 -1.6425e-06 -1.1871e-06 -8.4005e-07 -5.8213e-07 -3.9511e-07 -2.6271e-07 -1.7113e-07 -1.0923e-07 -6.8315e-08 -4.1872e-08 -2.5152e-08 -1.4808e-08 -8.5446e-09 -4.8328e-09 -2.6792e-09 -1.4560e-09 -7.7560e-10 -4.0500e-10 -2.0732e-10 -1.0403e-10 -5.1175e-11 -2.4678e-11 -1.1667e-11 -5.4069e-12 -2.4565e-12 -1.0942e-12 -4.7776e-13 -2.0451e-13 -8.5826e-14 -3.5309e-14 -1.4241e-14 -5.6310e-15 -2.1828e-15 -8.2949e-16 -3.0903e-16 -1.1287e-16 -4.0412e-17 -1.4186e-17 -4.8815e-18 -1.6468e-18 -5.4465e-19 -1.7659e-19 -5.6131e-20 -1.7491e-20 -5.3431e-21 -1.6001e-21 -4.6978e-22 -1.3521e-22 -3.8149e-23 -1.0552e-23 -2.8614e-24 -7.6064e-25 -1.9822e-25 -5.0641e-26 -1.2683e-26 -3.1139e-27 -7.4946e-28 -1.7684e-28 -4.0903e-29 -9.2748e-30 -2.0617e-30 -4.4927e-31 -9.5972e-32 -2.0098e-32 -4.1259e-33 -8.3034e-34 -1.6381e-34 -3.1681e-35 -6.0063e-36 -1.1163e-36 -2.0338e-37
-5.0304e-05 -5.6236e-05 -6.6012e-05 -7.9443e-05 -9.6226e-05 -1.1592e-04 -1.3791e-04 -1.6144e-04 -1.8556e-04 -2.0921e-04 -2.3126e-04 -2.5058e-04 -2.6612e-04 -2.7701e-04 -2.8261e-04 2.5773e-02 -2.7699e-04 -2.6612e-04 -2.5061e-04 -2.3135e-04 -2.0935e-04 -1.8571e-04 -1.6149e-04 -1.3766e-04 -1.1503e-04 -9.4230e-05 -7.5670e-05 -5.9569e-05 -4.5971e-05 -3.4778e-05 -2.5793e-05 -1.8752e-05 -1.3365e-05 -9.3377e-06 -6.3956e-06 -4.2943e-06 -2.8265e-06 -1.8238e-06 -1.1536e-06 -7.1535e-07 -4.3484e-07 -2.5912e-07 -1.5136e-07 -8.6677e-08 -4.8656e-08 -2.6775e-08 -1.4444e-08 -7.6381e-09 -3.9595e-09 -2.0121e-09 -1.0023e-09 -4.8945e-10 -2.3430e-10 -1.0995e-10 -5.0575e-11 -2.2806e-11 -1.0081e-11 -4.3681e-12 -1.8554e-12 -7.7254e-13 -3.1532e-13 -1.2616e-13 -4.9483e-14 -1.9025e-14 -7.1701e-15 -2.6489e-15 -9.5931e-16 -3.4056e-16 -1.1851e-16 -4.0427e-17 -1.3518e-17 -4.4310e-18 -1.4237e-18 -4.4842e-19 -1.3845e-19 -4.1901e-20 -1.2431e-20 -3.6149e-21 -1.0305e-21 -2.8796e-22 -7.8875e-23 -2.1178e-23 -5.5740e-24 -1.4381e-24 -3.6369e-25 -9.0160e-26 -2.1909e-26 -5.2189e-27 -1.2186e-27 -2.7891e-28 -6.2576e-29 -1.3762e-29 -2.9668e-30 -6.2693e-31 -1.2986e-31 -2.6368e-32 -5.2482e-33 -1.0239e-33 -1.9581e-34 -3.6708e-35 4.7833e-05 4.6400e-05 4.4056e-05 4.0868e-05 3.6929e-05 3.2360e-05 2.7307e-05 2.1937e-05 1.6429e-05 1.0971e-05 5.7489e-06 9.3178e-07 -3.3339e-06 -6.9352e-06 -9.7990e-06 0.0000e+00 -1.3236e-05 -1.3873e-05 -1.3889e-05 -1.3388e-05 -1.2489e-05 -1.1313e-05 -9.9736e-06 -8.5715e-06 -7.1901e-06 -5.8921e-06 -4.7204e-06 -3.6990e-06 -2.8364e-06 -2.1291e-06 -1.5649e-06 -1.1264e-06 -7.9421e-07 -5.4861e-07 -3.7131e-07 -2.4625e-07 -1.6004e-07 -1.0194e-07 -6.3641e-08 -3.8941e-08 -2.3356e-08 -1.3731e-08 -7.9130e-09 -4.4703e-09 -2.4756e-09 -1.3440e-09 -7.1527e-10 -3.7319e-10 -1.9088e-10 -9.5713e-11 -4.7051e-11 -2.2675e-11 -1.0713e-11 -4.9623e-12 -2.2534e-12 -1.0032e-12 -4.3784e-13 -1.8734e-13 -7.8588e-14 -3.2320e-14 -1.3031e-14 -5.1506e-15 -1.9959e-15 -7.5825e-16 -2.8241e-16 -1.0312e-16 -3.6912e-17 -1.2954e-17 -4.4566e-18 -1.5031e-18 -4.9703e-19 -1.6112e-19 -5.1202e-20 -1.5952e-20 -4.8722e-21 -1.4589e-21 -4.2824e-22 -1.2323e-22 -3.4766e-23 -9.6152e-24 -2.6069e-24 -6.9292e-25 -1.8055e-25 -4.6121e-26 -1.1550e-26 -2.8353e-27 -6.8235e-28 -1.6098e-28 -3.7233e-29 -8.4419e-30 -1.8764e-30 -4.0885e-31 -8.7332e-32 -1.8287e-32 -3.7539e-33 -7.5541e-34 -1.4902e-34 -2.8818e-35 -5.4632e-36 -1.0153e-36
