1.0191e-04 -5.5163e-04 -2.3980e-04 -6.6118e-05 -1.1240e-05 -1.1650e-06 -7.3337e-08 -2.8005e-09 -6.4850e-11 -9.1069e-13 -7.7563e-15 -4.0068e-17 -1.2556e-19 -2.3867e-22 -2.7523e-25 -1.9256e-28 -8.1729e-32 -2.1046e-35 -3.2879e-39 -3.1164e-43 -1.7921e-47 -6.2523e-52 -1.3234e-56 -1.6995e-61 -1.3240e-66 -6.2582e-72 -1.7946e-77 -3.1221e-83 -3.2951e-89 -2.1099e-95 -8.1958e-102 -1.9314e-108 -2.7612e-115 -2.3947e-122 -1.2600e-129 -4.0216e-137 -7.7871e-145 -9.1469e-153 -6.5179e-161 -2.8175e-169 -7.3883e-178 -1.1753e-186 -1.1341e-195 -6.6389e-205 -2.3575e-214 -5.0783e-224 -6.6358e-234 -5.2599e-244 -2.5291e-254 -7.3769e-265 -1.3052e-275 -1.4008e-286 -9.1201e-298 -3.6017e-309 -8.6264e-321 0.0000e+00 0.0000e+00 0.0000e+00 0.0000e+00 0.0000e+00 0.0000e+00 0.0000e+00 0.0000e+00 0.0000e+00 0.0000e+00 0.0000e+00 0.0000e+00 0.0000e+00 0.0000e+00 0.0000e+00 0.0000e+00 0.0000e+00 0.0000e+00 0.0000e+00 0.0000e+00 0.0000e+00 0.0000e+00 0.0000e+00 0.0000e+00 0.0000e+00 0.0000e+00 0.0000e+00 0.0000e+00 0.0000e+00 0.0000e+00 0.0000e+00 0.0000e+00 0.0000e+00 0.0000e+00 0.0000e+00 0.0000e+00 0.0000e+00 0.0000e+00 0.0000e+00 0.0000e+00 0.0000e+00 0.0000e+00 0.0000e+00 0.0000e+00 0.0000e+00 0.0000e+00 3.5717e-04 1.0115e-04 1.6982e-05 1.6442e-06 8.6029e-08 1.9343e-09 -1.3824e-11 -1.6676e-12 -3.6005e-14 -3.7769e-16 -2.1910e-18 -7.3441e-21 -1.4508e-23 -1.7070e-26 -1.2036e-29 -5.1052e-33 -1.3059e-36 -2.0181e-40 -1.8862e-44 -1.0672e-48 -3.6572e-53 -7.5948e-58 -9.5609e-63 -7.2980e-68 -3.3783e-73 -9.4857e-79 -1.6157e-84 -1.6695e-90 -1.0466e-96 -3.9809e-103 -9.1875e-110 -1.2866e-116 -1.0932e-123 -5.6365e-131 -1.7634e-138 -3.3477e-146 -3.8563e-154 -2.6956e-162 -1.1433e-170 -2.9425e-179 -4.5952e-188 -4.3544e-197 -2.5037e-206 -8.7349e-216 -1.8491e-225 -2.3751e-235 -1.8511e-245 -8.7534e-256 -2.5115e-266 -4.3723e-277 -4.6183e-288 -2.9597e-299 -1.1508e-310 -2.7174e-322 0.0000e+00 0.0000e+00 0.0000e+00 0.0000e+00 0.0000e+00 0.0000e+00 0.0000e+00 0.0000e+00 0.0000e+00 0.0000e+00 0.0000e+00 0.0000e+00 0.0000e+00 0.0000e+00 0.0000e+00 0.0000e+00 0.0000e+00 0.0000e+00 0.0000e+00 0.0000e+00 0.0000e+00 0.0000e+00 0.0000e+00 0.0000e+00 0.0000e+00 0.0000e+00 0.0000e+00 0.0000e+00 0.0000e+00 0.0000e+00 0.0000e+00 0.0000e+00 0.0000e+00 0.0000e+00 0.0000e+00 0.0000e+00 0.0000e+00 0.0000e+00 0.0000e+00 0.0000e+00 0.0000e+00 0.0000e+00 0.0000e+00 0.0000e+00 0.0000e+00
-5.5163e-04 4.0678e-04 -4.6999e-04 -2.1530e-04 -5.9796e-05 -1.0070e-05 -1.0290e-06 -6.3822e-08 -2.4034e-09 -5.4956e-11 -7.6303e-13 -6.4327e-15 -3.2927e-17 -1.0233e-19 -1.9308e-22 -2.2115e-25 -1.5377e-28 -6.4899e-32 -1.6626e-35 -2.5852e-39 -2.4396e-43 -1.3973e-47 -4.8566e-52 -1.0244e-56 -1.3113e-61 -1.0185e-66 -4.8007e-72 -1.3730e-77 -2.3827e-83 -2.5089e-89 -1.6029e-95 -6.2137e-102 -1.4614e-108 -2.0854e-115 -1.8055e-122 -9.4838e-130 -3.0223e-137 -5.8432e-145 -6.8538e-153 -4.8772e-161 -2.1055e-169 -5.5144e-178 -8.7616e-187 -8.4451e-196 -4.9382e-205 -1.7517e-214 -3.7696e-224 -4.9210e-234 -3.8970e-244 -1.8721e-254 -5.4559e-265 -9.6452e-276 -1.0344e-286 -6.7290e-298 -2.6555e-309 -6.3586e-321 0.0000e+00 0.0000e+00 0.0000e+00 0.0000e+00 0.0000e+00 0.0000e+00 0.0000e+00 0.0000e+00 0.0000e+00 0.0000e+00 0.0000e+00 0.0000e+00 0.0000e+00 0.0000e+00 0.0000e+00 0.0000e+00 0.0000e+00 0.0000e+00 0.0000e+00 0.0000e+00 0.0000e+00 0.0000e+00 0.0000e+00 0.0000e+00 0.0000e+00 0.0000e+00 0.0000e+00 0.0000e+00 0.0000e+00 0.0000e+00 0.0000e+00 0.0000e+00 0.0000e+00 0.0000e+00 0.0000e+00 0.0000e+00 0.0000e+00 0.0000e+00 0.0000e+00 0.0000e+00 0.0000e+00 0.0000e+00 0.0000e+00 0.0000e+00 3.5717e-04 0.0000e+00 3.4706e-05 -1.0628e-06 -2.3641e-06 -5.5066e-07 -6.2547e-08 -3.9893e-09 -1.4914e-10 -3.3262e-12 -4.4632e-14 -3.6190e-16 -1.7775e-18 -5.2956e-21 -9.5775e-24 -1.0520e-26 -7.0196e-30 -2.8457e-33 -7.0095e-37 -1.0490e-40 -9.5385e-45 -5.2693e-49 -1.7684e-53 -3.6051e-58 -4.4643e-63 -3.3578e-68 -1.5339e-73 -4.2556e-79 -7.1696e-85 -7.3349e-91 -4.5565e-97 -1.7186e-103 -3.9358e-110 -5.4720e-117 -4.6187e-124 -2.3666e-131 -7.3614e-139 -1.3899e-146 -1.5930e-154 -1.1082e-162 -4.6794e-171 -1.1992e-179 -1.8653e-188 -1.7609e-197 -1.0089e-206 -3.5079e-216 -7.4020e-226 -9.4785e-236 -7.3657e-246 -3.4734e-256 -9.9396e-267 -1.7260e-277 -1.8187e-288 -1.1628e-299 -4.5115e-311 -1.0869e-322 0.0000e+00 0.0000e+00 0.0000e+00 0.0000e+00 0.0000e+00 0.0000e+00 0.0000e+00 0.0000e+00 0.0000e+00 0.0000e+00 0.0000e+00 0.0000e+00 0.0000e+00 0.0000e+00 0.0000e+00 0.0000e+00 0.0000e+00 0.0000e+00 0.0000e+00 0.0000e+00 0.0000e+00 0.0000e+00 0.0000e+00 0.0000e+00 0.0000e+00 0.0000e+00 0.0000e+00 0.0000e+00 0.0000e+00 0.0000e+00 0.0000e+00 0.0000e+00 0.0000e+00 0.0000e+00 0.0000e+00 0.0000e+00 0.0000e+00 0.0000e+00 0.0000e+00 0.0000e+00 0.0000e+00 0.0000e+00 0.0000e+00 0.0000e+00
-2.3980e-04 -4.6999e-04 9.1272e-04 -4.2819e-04 -1.9312e-04 -5.2939e-05 -8.8232e-06 -8.9416e-07 -5.5092e-08 -2.0633e-09 -4.6964e-11 -6.4957e-13 -5.4582e-15 -2.7861e-17 -8.6373e-20 -1.6262e-22 -1.8591e-25 -1.2905e-28 -5.4384e-32 -1.3913e-35 -2.1607e-39 -2.0368e-43 -1.1654e-47 -4.0469e-52 -8.5290e-57 -1.0909e-61 -8.4672e-67 -3.9882e-72 -1.1399e-77 -1.9771e-83 -2.0807e-89 -1.3287e-95 -5.1481e-102 -1.2103e-108 -1.7263e-115 -1.4940e-122 -7.8446e-130 -2.4990e-137 -4.8299e-145 -5.6635e-153 -4.0289e-161 -1.7388e-169 -4.5527e-178 -7.2317e-187 -6.9688e-196 -4.0740e-205 -1.4448e-214 -3.1085e-224 -4.0571e-234 -3.2123e-244 -1.5429e-254 -4.4955e-265 -7.9461e-276 -8.5200e-287 -5.5417e-298 -2.1866e-309 -5.2322e-321 0.0000e+00 0.0000e+00 0.0000e+00 0.0000e+00 0.0000e+00 0.0000e+00 0.0000e+00 0.0000e+00 0.0000e+00 0.0000e+00 0.0000e+00 0.0000e+00 0.0000e+00 0.0000e+00 0.0000e+00 0.0000e+00 0.0000e+00 0.0000e+00 0.0000e+00 0.0000e+00 0.0000e+00 0.0000e+00 0.0000e+00 0.0000e+00 0.0000e+00 0.0000e+00 0.0000e+00 0.0000e+00 0.0000e+00 0.0000e+00 0.0000e+00 0.0000e+00 0.0000e+00 0.0000e+00 0.0000e+00 0.0000e+00 0.0000e+00 0.0000e+00 0.0000e+00 0.0000e+00 0.0000e+00 0.0000e+00 0.0000e+00 1.0115e-04 3.4706e-05 0.0000e+00 -2.3415e-05 -1.1978e-05 -3.2849e-06 -5.2542e-07 -5.0304e-08 -2.9120e-09 -1.0235e-10 -2.1883e-12 -2.8482e-14 -2.2573e-16 -1.0893e-18 -3.2002e-21 -5.7228e-24 -6.2277e-27 -4.1234e-30 -1.6607e-33 -4.0676e-37 -6.0581e-41 -5.4853e-45 -3.0190e-49 -1.0099e-53 -2.0528e-58 -2.5355e-63 -1.9026e-68 -8.6733e-74 -2.4016e-79 -4.0392e-85 -4.1257e-91 -2.5592e-97 -9.6400e-104 -2.2049e-110 -3.0620e-117 -2.5818e-124 -1.3216e-131 -4.1071e-139 -7.7481e-147 -8.8730e-155 -6.1680e-163 -2.6026e-171 -6.6655e-180 -1.0361e-188 -9.7754e-198 -5.5975e-207 -1.9452e-216 -4.1025e-226 -5.2510e-236 -4.0786e-246 -1.9225e-256 -5.4993e-267 -9.5456e-278 -1.0054e-288 -6.4264e-300 -2.4924e-311 -5.9288e-323 0.0000e+00 0.0000e+00 0.0000e+00 0.0000e+00 0.0000e+00 0.0000e+00 0.0000e+00 0.0000e+00 0.0000e+00 0.0000e+00 0.0000e+00 0.0000e+00 0.0000e+00 0.0000e+00 0.0000e+00 0.0000e+00 0.0000e+00 0.0000e+00 0.0000e+00 0.0000e+00 0.0000e+00 0.0000e+00 0.0000e+00 0.0000e+00 0.0000e+00 0.0000e+00 0.0000e+00 0.0000e+00 0.0000e+00 0.0000e+00 0.0000e+00 0.0000e+00 0.0000e+00 0.0000e+00 0.0000e+00 0.0000e+00 0.0000e+00 0.0000e+00 0.0000e+00 0.0000e+00 0.0000e+00 0.0000e+00 0.0000e+00
-6.6118e-05 -2.1530e-04 -4.2819e-04 1.6181e-03 -3.8032e-04 -1.7040e-04 -4.6500e-05 -7.7258e-06 -7.8117e-07 -4.8049e-08 -1.7973e-09 -4.0869e-11 -5.6482e-13 -4.7432e-15 -2.4199e-17 -7.4990e-20 -1.4114e-22 -1.6131e-25 -1.1194e-28 -4.7166e-32 -1.2065e-35 -1.8734e-39 -1.7657e-43 -1.0101e-47 -3.5075e-52 -7.3915e-57 -9.4532e-62 -7.3369e-67 -3.4556e-72 -9.8764e-78 -1.7129e-83 -1.8026e-89 -1.1510e-95 -4.4596e-102 -1.0484e-108 -1.4954e-115 -1.2941e-122 -6.7947e-130 -2.1645e-137 -4.1834e-145 -4.9052e-153 -3.4895e-161 -1.5060e-169 -3.9430e-178 -6.2632e-187 -6.0354e-196 -3.5283e-205 -1.2513e-214 -2.6921e-224 -3.5136e-234 -2.7819e-244 -1.3362e-254 -3.8932e-265 -6.8813e-276 -7.3783e-287 -4.7991e-298 -1.8936e-309 -4.5306e-321 0.0000e+00 0.0000e+00 0.0000e+00 0.0000e+00 0.0000e+00 0.0000e+00 0.0000e+00 0.0000e+00 0.0000e+00 0.0000e+00 0.0000e+00 0.0000e+00 0.0000e+00 0.0000e+00 0.0000e+00 0.0000e+00 0.0000e+00 0.0000e+00 0.0000e+00 0.0000e+00 0.0000e+00 0.0000e+00 0.0000e+00 0.0000e+00 0.0000e+00 0.0000e+00 0.0000e+00 0.0000e+00 0.0000e+00 0.0000e+00 0.0000e+00 0.0000e+00 0.0000e+00 0.0000e+00 0.0000e+00 0.0000e+00 0.0000e+00 0.0000e+00 0.0000e+00 0.0000e+00 0.0000e+00 0.0000e+00 1.6982e-05 -1.0628e-06 -2.3415e-05 0.0000e+00 -2.3019e-05 -9.5863e-06 -2.4063e-06 -3.6751e-07 -3.4253e-08 -1.9498e-09 -6.7779e-11 -1.4383e-12 -1.8621e-14 -1.4702e-16 -7.0747e-19 -2.0742e-21 -3.7033e-24 -4.0254e-27 -2.6628e-30 -1.0717e-33 -2.6237e-37 -3.9062e-41 -3.5359e-45 -1.9457e-49 -6.5075e-54 -1.3227e-58 -1.6336e-63 -1.2258e-68 -5.5880e-74 -1.5474e-79 -2.6025e-85 -2.6584e-91 -1.6491e-97 -6.2123e-104 -1.4210e-110 -1.9735e-117 -1.6642e-124 -8.5195e-132 -2.6478e-139 -4.9956e-147 -5.7214e-155 -3.9775e-163 -1.6785e-171 -4.2991e-180 -6.6833e-189 -6.3060e-198 -3.6112e-207 -1.2550e-216 -2.6475e-226 -3.3888e-236 -2.6322e-246 -1.2408e-256 -3.5496e-267 -6.1618e-278 -6.4908e-289 -4.1490e-300 -1.6092e-311 -3.9525e-323 0.0000e+00 0.0000e+00 0.0000e+00 0.0000e+00 0.0000e+00 0.0000e+00 0.0000e+00 0.0000e+00 0.0000e+00 0.0000e+00 0.0000e+00 0.0000e+00 0.0000e+00 0.0000e+00 0.0000e+00 0.0000e+00 0.0000e+00 0.0000e+00 0.0000e+00 0.0000e+00 0.0000e+00 0.0000e+00 0.0000e+00 0.0000e+00 0.0000e+00 0.0000e+00 0.0000e+00 0.0000e+00 0.0000e+00 0.0000e+00 0.0000e+00 0.0000e+00 0.0000e+00 0.0000e+00 0.0000e+00 0.0000e+00 0.0000e+00 0.0000e+00 0.0000e+00 0.0000e+00 0.0000e+00 0.0000e+00
-1.1240e-05 -5.9796e-05 -1.9312e-04 -3.8032e-04 2.5221e-03 -3.3581e-04 -1.5037e-04 -4.1037e-05 -6.8203e-06 -6.8992e-07 -4.2457e-08 -1.5889e-09 -3.6148e-11 -4.9982e-13 -4.1992e-15 -2.1432e-17 -6.6443e-20 -1.2510e-22 -1.4303e-25 -9.9288e-29 -4.1846e-32 -1.0707e-35 -1.6630e-39 -1.5678e-43 -8.9714e-48 -3.1158e-52 -6.5674e-57 -8.4008e-62 -6.5214e-67 -3.0720e-72 -8.7816e-78 -1.5232e-83 -1.6032e-89 -1.0239e-95 -3.9676e-102 -9.3283e-109 -1.3307e-115 -1.1517e-122 -6.0479e-130 -1.9268e-137 -3.7244e-145 -4.3675e-153 -3.1072e-161 -1.3411e-169 -3.5117e-178 -5.5785e-187 -5.3761e-196 -3.1431e-205 -1.1148e-214 -2.3985e-224 -3.1306e-234 -2.4789e-244 -1.1907e-254 -3.4696e-265 -6.1329e-276 -6.5763e-287 -4.2777e-298 -1.6879e-309 -4.0415e-321 0.0000e+00 0.0000e+00 0.0000e+00 0.0000e+00 0.0000e+00 0.0000e+00 0.0000e+00 0.0000e+00 0.0000e+00 0.0000e+00 0.0000e+00 0.0000e+00 0.0000e+00 0.0000e+00 0.0000e+00 0.0000e+00 0.0000e+00 0.0000e+00 0.0000e+00 0.0000e+00 0.0000e+00 0.0000e+00 0.0000e+00 0.0000e+00 0.0000e+00 0.0000e+00 0.0000e+00 0.0000e+00 0.0000e+00 0.0000e+00 0.0000e+00 0.0000e+00 0.0000e+00 0.0000e+00 0.0000e+00 0.0000e+00 0.0000e+00 0.0000e+00 0.0000e+00 0.0000e+00 0.0000e+00 1.6442e-06 -2.3641e-06 -1.1978e-05 -2.3019e-05 0.0000e+00 -1.6658e-05 -6.7270e-06 -1.6652e-06 -2.5270e-07 -2.3489e-08 -1.3360e-09 -4.6452e-11 -9.8650e-13 -1.2786e-14 -1.0107e-16 -4.8699e-19 -1.4296e-21 -2.5558e-24 -2.7814e-27 -1.8421e-30 -7.4224e-34 -1.8191e-37 -2.7109e-41 -2.4563e-45 -1.3529e-49 -4.5287e-54 -9.2123e-59 -1.1387e-63 -8.5506e-69 -3.9006e-74 -1.0808e-79 -1.8190e-85 -1.8592e-91 -1.1540e-97 -4.3494e-104 -9.9540e-111 -1.3832e-117 -1.1669e-124 -5.9764e-132 -1.8584e-139 -3.5074e-147 -4.0186e-155 -2.7948e-163 -1.1798e-171 -3.0229e-180 -4.7010e-189 -4.4371e-198 -2.5417e-207 -8.8364e-217 -1.8643e-226 -2.3871e-236 -1.8548e-246 -8.7460e-257 -2.5026e-267 -4.3454e-278 -4.5785e-289 -2.9273e-300 -1.1356e-311 -2.4703e-323 0.0000e+00 0.0000e+00 0.0000e+00 0.0000e+00 0.0000e+00 0.0000e+00 0.0000e+00 0.0000e+00 0.0000e+00 0.0000e+00 0.0000e+00 0.0000e+00 0.0000e+00 0.0000e+00 0.0000e+00 0.0000e+00 0.0000e+00 0.0000e+00 0.0000e+00 0.0000e+00 0.0000e+00 0.0000e+00 0.0000e+00 0.0000e+00 0.0000e+00 0.0000e+00 0.0000e+00 0.0000e+00 0.0000e+00 0.0000e+00 0.0000e+00 0.0000e+00 0.0000e+00 0.0000e+00 0.0000e+00 0.0000e+00 0.0000e+00 0.0000e+00 0.0000e+00 0.0000e+00 0.0000e+00
-1.1650e-06 -1.0070e-05 -5.2939e-05 -1.7040e-04 -3.3581e-04 3.6248e-03 -2.9773e-04 -1.3360e-04 -3.6530e-05 -6.0817e-06 -6.1615e-07 -3.7970e-08 -1.4227e-09 -3.2403e-11 -4.4847e-13 -3.7711e-15 -1.9263e-17 -5.9761e-20 -1.1259e-22 -1.2881e-25 -8.9467e-29 -3.7727e-32 -9.6575e-36 -1.5006e-39 -1.4153e-43 -8.1021e-48 -2.8149e-52 -5.9352e-57 -7.5945e-62 -5.8972e-67 -2.7788e-72 -7.9454e-78 -1.3785e-83 -1.4513e-89 -9.2704e-96 -3.5931e-102 -8.4495e-109 -1.2056e-115 -1.0436e-122 -5.4812e-130 -1.7465e-137 -3.3764e-145 -3.9600e-153 -2.8178e-161 -1.2164e-169 -3.1854e-178 -5.0609e-187 -4.8778e-196 -2.8521e-205 -1.0117e-214 -2.1770e-224 -2.8418e-234 -2.2509e-244 -1.0813e-254 -3.1511e-265 -5.5706e-276 -5.9739e-287 -3.8862e-298 -1.5331e-309 -3.6709e-321 0.0000e+00 0.0000e+00 0.0000e+00 0.0000e+00 0.0000e+00 0.0000e+00 0.0000e+00 0.0000e+00 0.0000e+00 0.0000e+00 0.0000e+00 0.0000e+00 0.0000e+00 0.0000e+00 0.0000e+00 0.0000e+00 0.0000e+00 0.0000e+00 0.0000e+00 0.0000e+00 0.0000e+00 0.0000e+00 0.0000e+00 0.0000e+00 0.0000e+00 0.0000e+00 0.0000e+00 0.0000e+00 0.0000e+00 0.0000e+00 0.0000e+00 0.0000e+00 0.0000e+00 0.0000e+00 0.0000e+00 0.0000e+00 0.0000e+00 0.0000e+00 0.0000e+00 0.0000e+00 8.6029e-08 -5.5066e-07 -3.2849e-06 -9.5863e-06 -1.6658e-05 0.0000e+00 -1.1641e-05 -4.7017e-06 -1.1672e-06 -1.7780e-07 -1.6593e-08 -9.4751e-10 -3.3067e-11 -7.0467e-13 -9.1622e-15 -7.2637e-17 -3.5093e-19 -1.0327e-21 -1.8504e-24 -2.0180e-27 -1.3391e-30 -5.4053e-34 -1.3269e-37 -1.9805e-41 -1.7971e-45 -9.9110e-50 -3.3218e-54 -6.7653e-59 -8.3713e-64 -6.2928e-69 -2.8734e-74 -7.9693e-80 -1.3425e-85 -1.3732e-91 -8.5299e-98 -3.2174e-104 -7.3684e-111 -1.0246e-117 -8.6490e-125 -4.4325e-132 -1.3790e-139 -2.6043e-147 -2.9854e-155 -2.0773e-163 -8.7735e-172 -2.2490e-180 -3.4991e-189 -3.3041e-198 -1.8935e-207 -6.5853e-217 -1.3899e-226 -1.7803e-236 -1.3838e-246 -6.5274e-257 -1.8684e-267 -3.2452e-278 -3.4204e-289 -2.1875e-300 -8.4889e-312 -1.9763e-323 0.0000e+00 0.0000e+00 0.0000e+00 0.0000e+00 0.0000e+00 0.0000e+00 0.0000e+00 0.0000e+00 0.0000e+00 0.0000e+00 0.0000e+00 0.0000e+00 0.0000e+00 0.0000e+00 0.0000e+00 0.0000e+00 0.0000e+00 0.0000e+00 0.0000e+00 0.0000e+00 0.0000e+00 0.0000e+00 0.0000e+00 0.0000e+00 0.0000e+00 0.0000e+00 0.0000e+00 0.0000e+00 0.0000e+00 0.0000e+00 0.0000e+00 0.0000e+00 0.0000e+00 0.0000e+00 0.0000e+00 0.0000e+00 0.0000e+00 0.0000e+00 0.0000e+00 0.0000e+00
-7.3337e-08 -1.0290e-06 -8.8232e-06 -4.6500e-05 -1.5037e-04 -2.9773e-04 4.9266e-03 -2.6599e-04 -1.1972e-04 -3.2818e-05 -5.4758e-06 -5.5584e-07 -3.4311e-08 -1.2875e-09 -2.9363e-11 -4.0687e-13 -3.4249e-15 -1.7511e-17 -5.4375e-20 -1.0252e-22 -1.1737e-25 -8.1579e-29 -3.4422e-32 -8.8164e-36 -1.3707e-39 -1.2934e-43 -7.4072e-48 -2.5745e-52 -5.4305e-57 -6.9514e-62 -5.3997e-67 -2.5452e-72 -7.2797e-78 -1.2634e-83 -1.3304e-89 -8.5007e-96 -3.2955e-102 -7.7516e-109 -1.1062e-115 -9.5784e-123 -5.0317e-130 -1.6036e-137 -3.1007e-145 -3.6373e-153 -2.5891e-161 -1.1179e-169 -2.9280e-178 -4.6526e-187 -4.4851e-196 -2.6228e-205 -9.3020e-215 -2.0019e-224 -2.6136e-234 -2.0699e-244 -9.9447e-255 -2.8984e-265 -5.1243e-276 -5.4957e-287 -3.5755e-298 -1.4111e-309 -3.3794e-321 0.0000e+00 0.0000e+00 0.0000e+00 0.0000e+00 0.0000e+00 0.0000e+00 0.0000e+00 0.0000e+00 0.0000e+00 0.0000e+00 0.0000e+00 0.0000e+00 0.0000e+00 0.0000e+00 0.0000e+00 0.0000e+00 0.0000e+00 0.0000e+00 0.0000e+00 0.0000e+00 0.0000e+00 0.0000e+00 0.0000e+00 0.0000e+00 0.0000e+00 0.0000e+00 0.0000e+00 0.0000e+00 0.0000e+00 0.0000e+00 0.0000e+00 0.0000e+00 0.0000e+00 0.0000e+00 0.0000e+00 0.0000e+00 0.0000e+00 0.0000e+00 0.0000e+00 1.9343e-09 -6.2547e-08 -5.2542e-07 -2.4063e-06 -6.7270e-06 -1.1641e-05 0.0000e+00 -8.2443e-06 -3.3566e-06 -8.3952e-07 -1.2875e-07 -1.2088e-08 -6.9396e-10 -2.4335e-11 -5.2081e-13 -6.7978e-15 -5.4080e-17 -2.6210e-19 -7.7353e-22 -1.3896e-24 -1.5191e-27 -1.0103e-30 -4.0861e-34 -1.0049e-37 -1.5026e-41 -1.3656e-45 -7.5427e-50 -2.5319e-54 -5.1627e-59 -6.3961e-64 -4.8136e-69 -2.2004e-74 -6.1089e-80 -1.0300e-85 -1.0546e-91 -6.5566e-98 -2.4751e-104 -5.6729e-111 -7.8939e-118 -6.6686e-125 -3.4199e-132 -1.0646e-139 -2.0118e-147 -2.3076e-155 -1.6066e-163 -6.7891e-172 -1.7412e-180 -2.7104e-189 -2.5606e-198 -1.4681e-207 -5.1081e-217 -1.0786e-226 -1.3821e-236 -1.0747e-246 -5.0713e-257 -1.4521e-267 -2.5231e-278 -2.6602e-289 -1.7019e-300 -6.6065e-312 -1.4822e-323 0.0000e+00 0.0000e+00 0.0000e+00 0.0000e+00 0.0000e+00 0.0000e+00 0.0000e+00 0.0000e+00 0.0000e+00 0.0000e+00 0.0000e+00 0.0000e+00 0.0000e+00 0.0000e+00 0.0000e+00 0.0000e+00 0.0000e+00 0.0000e+00 0.0000e+00 0.0000e+00 0.0000e+00 0.0000e+00 0.0000e+00 0.0000e+00 0.0000e+00 0.0000e+00 0.0000e+00 0.0000e+00 0.0000e+00 0.0000e+00 0.0000e+00 0.0000e+00 0.0000e+00 0.0000e+00 0.0000e+00 0.0000e+00 0.0000e+00 0.0000e+00 0.0000e+00
-2.8005e-09 -6.3822e-08 -8.9416e-07 -7.7258e-06 -4.1037e-05 -1.3360e-04 -2.6599e-04 6.4279e-03 -2.3961e-04 -1.0819e-04 -2.9738e-05 -4.9734e-06 -5.0585e-07 -3.1280e-08 -1.1756e-09 -2.6847e-11 -3.7247e-13 -3.1388e-15 -1.6065e-17 -4.9927e-20 -9.4216e-23 -1.0794e-25 -7.5077e-29 -3.1698e-32 -8.1237e-36 -1.2637e-39 -1.1930e-43 -6.8357e-48 -2.3770e-52 -5.0159e-57 -6.4231e-62 -4.9911e-67 -2.3534e-72 -6.7334e-78 -1.1690e-83 -1.2313e-89 -7.8697e-96 -3.0517e-102 -7.1799e-109 -1.0251e-115 -8.8782e-123 -4.6650e-130 -1.4871e-137 -2.8751e-145 -3.3734e-153 -2.4011e-161 -1.0369e-169 -2.7162e-178 -4.3168e-187 -4.1619e-196 -2.4342e-205 -8.6367e-215 -1.8590e-224 -2.4273e-234 -1.9226e-244 -9.2382e-255 -2.6928e-265 -4.7613e-276 -5.1071e-287 -3.3230e-298 -1.3116e-309 -3.1423e-321 0.0000e+00 0.0000e+00 0.0000e+00 0.0000e+00 0.0000e+00 0.0000e+00 0.0000e+00 0.0000e+00 0.0000e+00 0.0000e+00 0.0000e+00 0.0000e+00 0.0000e+00 0.0000e+00 0.0000e+00 0.0000e+00 0.0000e+00 0.0000e+00 0.0000e+00 0.0000e+00 0.0000e+00 0.0000e+00 0.0000e+00 0.0000e+00 0.0000e+00 0.0000e+00 0.0000e+00 0.0000e+00 0.0000e+00 0.0000e+00 0.0000e+00 0.0000e+00 0.0000e+00 0.0000e+00 0.0000e+00 0.0000e+00 0.0000e+00 0.0000e+00 -1.3824e-11 -3.9893e-09 -5.0304e-08 -3.6751e-07 -1.6652e-06 -4.7017e-06 -8.2443e-06 0.0000e+00 -5.9795e-06 -2.4583e-06 -6.2007e-07 -9.5795e-08 -9.0521e-09 -5.2262e-10 -1.8418e-11 -3.9594e-13 -5.1886e-15 -4.1426e-17 -2.0142e-19 -5.9620e-22 -1.0739e-24 -1.1769e-27 -7.8443e-31 -3.1794e-34 -7.8351e-38 -1.1735e-41 -1.0683e-45 -5.9096e-50 -1.9864e-54 -4.0562e-59 -5.0316e-64 -3.7912e-69 -1.7350e-74 -4.8220e-80 -8.1384e-86 -8.3406e-92 -5.1902e-98 -1.9610e-104 -4.4981e-111 -6.2640e-118 -5.2955e-125 -2.7176e-132 -8.4658e-140 -1.6008e-147 -1.8373e-155 -1.2799e-163 -5.4116e-172 -1.3887e-180 -2.1628e-189 -2.0442e-198 -1.1726e-207 -4.0817e-217 -8.6226e-227 -1.1054e-236 -8.5989e-247 -4.0592e-257 -1.1627e-267 -2.0211e-278 -2.1316e-289 -1.3642e-300 -5.2975e-312 -1.4822e-323 0.0000e+00 0.0000e+00 0.0000e+00 0.0000e+00 0.0000e+00 0.0000e+00 0.0000e+00 0.0000e+00 0.0000e+00 0.0000e+00 0.0000e+00 0.0000e+00 0.0000e+00 0.0000e+00 0.0000e+00 0.0000e+00 0.0000e+00 0.0000e+00 0.0000e+00 0.0000e+00 0.0000e+00 0.0000e+00 0.0000e+00 0.0000e+00 0.0000e+00 0.0000e+00 0.0000e+00 0.0000e+00 0.0000e+00 0.0000e+00 0.0000e+00 0.0000e+00 0.0000e+00 0.0000e+00 0.0000e+00 0.0000e+00 0.0000e+00 0.0000e+00
-6.4850e-11 -2.4034e-09 -5.5092e-08 -7.8117e-07 -6.8203e-06 -3.6530e-05 -1.1972e-04 -2.3961e-04 8.1287e-03 -2.1758e-04 -9.8539e-05 -2.7156e-05 -4.5517e-06 -4.6386e-07 -2.8733e-08 -1.0815e-09 -2.4731e-11 -3.4353e-13 -2.8981e-15 -1.4847e-17 -4.6185e-20 -8.7226e-23 -1.0001e-25 -6.9608e-29 -2.9408e-32 -7.5411e-36 -1.1737e-39 -1.1086e-43 -6.3553e-48 -2.2109e-52 -4.6674e-57 -5.9793e-62 -4.6480e-67 -2.1924e-72 -6.2761e-78 -1.0899e-83 -1.1485e-89 -7.3423e-96 -2.8480e-102 -6.7004e-109 -9.5668e-116 -8.2872e-123 -4.3553e-130 -1.3886e-137 -2.6861e-145 -3.1522e-153 -2.2441e-161 -9.6923e-170 -2.5395e-178 -4.0365e-187 -3.8923e-196 -2.2769e-205 -8.0797e-215 -1.7393e-224 -2.2714e-234 -1.7994e-244 -8.6471e-255 -2.5208e-265 -4.4577e-276 -4.7820e-287 -3.1118e-298 -1.2283e-309 -2.9397e-321 0.0000e+00 0.0000e+00 0.0000e+00 0.0000e+00 0.0000e+00 0.0000e+00 0.0000e+00 0.0000e+00 0.0000e+00 0.0000e+00 0.0000e+00 0.0000e+00 0.0000e+00 0.0000e+00 0.0000e+00 0.0000e+00 0.0000e+00 0.0000e+00 0.0000e+00 0.0000e+00 0.0000e+00 0.0000e+00 0.0000e+00 0.0000e+00 0.0000e+00 0.0000e+00 0.0000e+00 0.0000e+00 0.0000e+00 0.0000e+00 0.0000e+00 0.0000e+00 0.0000e+00 0.0000e+00 0.0000e+00 0.0000e+00 0.0000e+00 -1.6676e-12 -1.4914e-10 -2.9120e-09 -3.4253e-08 -2.5270e-07 -1.1672e-06 -3.3566e-06 -5.9795e-06 0.0000e+00 -4.4452e-06 -1.8452e-06 -4.6928e-07 -7.3018e-08 -6.9429e-09 -4.0304e-10 -1.4273e-11 -3.0816e-13 -4.0540e-15 -3.2481e-17 -1.5843e-19 -4.7030e-22 -8.4948e-25 -9.3306e-28 -6.2330e-31 -2.5315e-34 -6.2498e-38 -9.3778e-42 -8.5510e-46 -4.7376e-50 -1.5947e-54 -3.2609e-59 -4.0501e-64 -3.0553e-69 -1.3998e-74 -3.8945e-80 -6.5795e-86 -6.7494e-92 -4.2038e-98 -1.5896e-104 -3.6494e-111 -5.0860e-118 -4.3028e-125 -2.2097e-132 -6.8882e-140 -1.3033e-147 -1.4968e-155 -1.0433e-163 -4.4138e-172 -1.1333e-180 -1.7659e-189 -1.6699e-198 -9.5833e-208 -3.3376e-217 -7.0537e-227 -9.0464e-237 -7.0403e-247 -3.3248e-257 -9.5277e-268 -1.6567e-278 -1.7480e-289 -1.1191e-300 -4.3472e-312 -9.8813e-324 0.0000e+00 0.0000e+00 0.0000e+00 0.0000e+00 0.0000e+00 0.0000e+00 0.0000e+00 0.0000e+00 0.0000e+00 0.0000e+00 0.0000e+00 0.0000e+00 0.0000e+00 0.0000e+00 0.0000e+00 0.0000e+00 0.0000e+00 0.0000e+00 0.0000e+00 0.0000e+00 0.0000e+00 0.0000e+00 0.0000e+00 0.0000e+00 0.0000e+00 0.0000e+00 0.0000e+00 0.0000e+00 0.0000e+00 0.0000e+00 0.0000e+00 0.0000e+00 0.0000e+00 0.0000e+00 0.0000e+00 0.0000e+00 0.0000e+00
-9.1069e-13 -5.4956e-11 -2.0633e-09 -4.8049e-08 -6.8992e-07 -6.0817e-06 -3.2818e-05 -1.0819e-04 -2.1758e-04 1.0029e-02 -1.9901e-04 -9.0380e-05 -2.4967e-05 -4.1936e-06 -4.2815e-07 -2.6564e-08 -1.0013e-09 -2.2927e-11 -3.1883e-13 -2.6926e-15 -1.3807e-17 -4.2987e-20 -8.1252e-23 -9.3228e-26 -6.4932e-29 -2.7450e-32 -7.0431e-36 -1.0968e-39 -1.0365e-43 -5.9446e-48 -2.0689e-52 -4.3705e-57 -5.6012e-62 -4.3558e-67 -2.0553e-72 -5.8828e-78 -1.0219e-83 -1.0771e-89 -6.8878e-96 -2.6724e-102 -6.2906e-109 -8.9840e-116 -7.7841e-123 -4.0918e-130 -1.3049e-137 -2.5246e-145 -2.9633e-153 -2.1100e-161 -9.1148e-170 -2.3886e-178 -3.7973e-187 -3.6622e-196 -2.1426e-205 -7.6044e-215 -1.6372e-224 -2.1384e-234 -1.6942e-244 -8.1427e-255 -2.3740e-265 -4.1988e-276 -4.5047e-287 -2.9317e-298 -1.1574e-309 -2.7717e-321 0.0000e+00 0.0000e+00 0.0000e+00 0.0000e+00 0.0000e+00 0.0000e+00 0.0000e+00 0.0000e+00 0.0000e+00 0.0000e+00 0.0000e+00 0.0000e+00 0.0000e+00 0.0000e+00 0.0000e+00 0.0000e+00 0.0000e+00 0.0000e+00 0.0000e+00 0.0000e+00 0.0000e+00 0.0000e+00 0.0000e+00 0.0000e+00 0.0000e+00 0.0000e+00 0.0000e+00 0.0000e+00 0.0000e+00 0.0000e+00 0.0000e+00 0.0000e+00 0.0000e+00 0.0000e+00 0.0000e+00 0.0000e+00 -3.6005e-14 -3.3262e-12 -1.0235e-10 -1.9498e-09 -2.3489e-08 -1.7780e-07 -8.3952e-07 -2.4583e-06 -4.4452e-06 0.0000e+00 -3.3810e-06 -1.4160e-06 -3.6289e-07 -5.6841e-08 -5.4363e-09 -3.1721e-10 -1.1285e-11 -2.4465e-13 -3.2302e-15 -2.5969e-17 -1.2704e-19 -3.7817e-22 -6.8471e-25 -7.5392e-28 -5.0471e-31 -2.0539e-34 -5.0801e-38 -7.6358e-42 -6.9737e-46 -3.8695e-50 -1.3043e-54 -2.6706e-59 -3.3211e-64 -2.5083e-69 -1.1504e-74 -3.2040e-80 -5.4184e-86 -5.5635e-92 -3.4682e-98 -1.3126e-104 -3.0157e-111 -4.2061e-118 -3.5610e-125 -1.8301e-132 -5.7086e-140 -1.0808e-147 -1.2420e-155 -8.6624e-164 -3.6667e-172 -9.4195e-181 -1.4685e-189 -1.3894e-198 -7.9778e-208 -2.7797e-217 -5.8774e-227 -7.5411e-237 -5.8714e-247 -2.7739e-257 -7.9521e-268 -1.3833e-278 -1.4600e-289 -9.3507e-301 -3.6336e-312 -9.8813e-324 0.0000e+00 0.0000e+00 0.0000e+00 0.0000e+00 0.0000e+00 0.0000e+00 0.0000e+00 0.0000e+00 0.0000e+00 0.0000e+00 0.0000e+00 0.0000e+00 0.0000e+00 0.0000e+00 0.0000e+00 0.0000e+00 0.0000e+00 0.0000e+00 0.0000e+00 0.0000e+00 0.0000e+00 0.0000e+00 0.0000e+00 0.0000e+00 0.0000e+00 0.0000e+00 0.0000e+00 0.0000e+00 0.0000e+00 0.0000e+00 0.0000e+00 0.0000e+00 0.0000e+00 0.0000e+00 0.0000e+00 0.0000e+00
-7.7563e-15 -7.6303e-13 -4.6964e-11 -1.7973e-09 -4.2457e-08 -6.1615e-07 -5.4758e-06 -2.9738e-05 -9.8539e-05 -1.9901e-04 1.2130e-02 -1.8320e-04 -8.3413e-05 -2.3093e-05 -3.8863e-06 -3.9745e-07 -2.4696e-08 -9.3214e-10 -2.1369e-11 -2.9750e-13 -2.5149e-15 -1.2908e-17 -4.0220e-20 -7.6080e-23 -8.7355e-26 -6.0881e-29 -2.5753e-32 -6.6114e-36 -1.0303e-39 -9.7421e-44 -5.5900e-48 -1.9458e-52 -4.1112e-57 -5.2708e-62 -4.1002e-67 -1.9354e-72 -5.5428e-78 -9.6315e-84 -1.0154e-89 -6.4954e-96 -2.5208e-102 -5.9353e-109 -8.4786e-116 -7.3479e-123 -3.8634e-130 -1.2323e-137 -2.3847e-145 -2.7995e-153 -1.9938e-161 -8.6142e-170 -2.2578e-178 -3.5900e-187 -3.4628e-196 -2.0262e-205 -7.1924e-215 -1.5488e-224 -2.0231e-234 -1.6031e-244 -7.7057e-255 -2.2469e-265 -3.9744e-276 -4.2644e-287 -2.7756e-298 -1.0959e-309 -2.6235e-321 0.0000e+00 0.0000e+00 0.0000e+00 0.0000e+00 0.0000e+00 0.0000e+00 0.0000e+00 0.0000e+00 0.0000e+00 0.0000e+00 0.0000e+00 0.0000e+00 0.0000e+00 0.0000e+00 0.0000e+00 0.0000e+00 0.0000e+00 0.0000e+00 0.0000e+00 0.0000e+00 0.0000e+00 0.0000e+00 0.0000e+00 0.0000e+00 0.0000e+00 0.0000e+00 0.0000e+00 0.0000e+00 0.0000e+00 0.0000e+00 0.0000e+00 0.0000e+00 0.0000e+00 0.0000e+00 0.0000e+00 -3.7769e-16 -4.4632e-14 -2.1883e-12 -6.7779e-11 -1.3360e-09 -1.6593e-08 -1.2875e-07 -6.2007e-07 -1.8452e-06 -3.3810e-06 0.0000e+00 -2.6248e-06 -1.1082e-06 -2.8598e-07 -4.5067e-08 -4.3334e-09 -2.5406e-10 -9.0779e-12 -1.9753e-13 -2.6171e-15 -2.1104e-17 -1.0355e-19 -3.0903e-22 -5.6088e-25 -6.1894e-28 -4.1520e-31 -1.6928e-34 -4.1945e-38 -6.3150e-42 -5.7763e-46 -3.2097e-50 -1.0834e-54 -2.2210e-59 -2.7654e-64 -2.0909e-69 -9.6002e-75 -2.6764e-80 -4.5305e-86 -4.6561e-92 -2.9051e-98 -1.1004e-104 -2.5301e-111 -3.5315e-118 -2.9920e-125 -1.5387e-132 -4.8029e-140 -9.0992e-148 -1.0463e-155 -7.3014e-164 -3.0924e-172 -7.9484e-181 -1.2398e-189 -1.1736e-198 -6.7420e-208 -2.3502e-217 -4.9715e-227 -6.3815e-237 -4.9706e-247 -2.3493e-257 -6.7375e-268 -1.1724e-278 -1.2379e-289 -7.9310e-301 -3.0830e-312 -4.9407e-324 0.0000e+00 0.0000e+00 0.0000e+00 0.0000e+00 0.0000e+00 0.0000e+00 0.0000e+00 0.0000e+00 0.0000e+00 0.0000e+00 0.0000e+00 0.0000e+00 0.0000e+00 0.0000e+00 0.0000e+00 0.0000e+00 0.0000e+00 0.0000e+00 0.0000e+00 0.0000e+00 0.0000e+00 0.0000e+00 0.0000e+00 0.0000e+00 0.0000e+00 0.0000e+00 0.0000e+00 0.0000e+00 0.0000e+00 0.0000e+00 0.0000e+00 0.0000e+00 0.0000e+00 0.0000e+00 0.0000e+00
-4.0068e-17 -6.4327e-15 -6.4957e-13 -4.0869e-11 -1.5889e-09 -3.7970e-08 -5.5584e-07 -4.9734e-06 -2.7156e-05 -9.0380e-05 -1.8320e-04 1.4430e-02 -1.6962e-04 -7.7405e-05 -2.1473e-05 -3.6200e-06 -3.7079e-07 -2.3071e-08 -8.7191e-10 -2.0011e-11 -2.7887e-13 -2.3597e-15 -1.2121e-17 -3.7800e-20 -7.1553e-23 -8.2213e-26 -5.7346e-29 -2.4272e-32 -6.2348e-36 -9.7162e-40 -9.1912e-44 -5.2761e-48 -1.8378e-52 -3.8846e-57 -4.9821e-62 -3.8770e-67 -1.8306e-72 -5.2444e-78 -9.1157e-84 -9.6134e-90 -6.1510e-96 -2.3877e-102 -5.6234e-109 -8.0349e-116 -6.9650e-123 -3.6628e-130 -1.1686e-137 -2.2618e-145 -2.6558e-153 -1.8918e-161 -8.1748e-170 -2.1430e-178 -3.4080e-187 -3.2877e-196 -1.9241e-205 -6.8308e-215 -1.4711e-224 -1.9219e-234 -1.5231e-244 -7.3222e-255 -2.1353e-265 -3.7775e-276 -4.0536e-287 -2.6387e-298 -1.0419e-309 -2.4950e-321 0.0000e+00 0.0000e+00 0.0000e+00 0.0000e+00 0.0000e+00 0.0000e+00 0.0000e+00 0.0000e+00 0.0000e+00 0.0000e+00 0.0000e+00 0.0000e+00 0.0000e+00 0.0000e+00 0.0000e+00 0.0000e+00 0.0000e+00 0.0000e+00 0.0000e+00 0.0000e+00 0.0000e+00 0.0000e+00 0.0000e+00 0.0000e+00 0.0000e+00 0.0000e+00 0.0000e+00 0.0000e+00 0.0000e+00 0.0000e+00 0.0000e+00 0.0000e+00 0.0000e+00 0.0000e+00 -2.1910e-18 -3.6190e-16 -2.8482e-14 -1.4383e-12 -4.6452e-11 -9.4751e-10 -1.2088e-08 -9.5795e-08 -4.6928e-07 -1.4160e-06 -2.6248e-06 0.0000e+00 -2.0749e-06 -8.8232e-07 -2.2913e-07 -3.6309e-08 -3.5084e-09 -2.0659e-10 -7.4100e-12 -1.6182e-13 -2.1510e-15 -1.7396e-17 -8.5581e-20 -2.5604e-22 -4.6576e-25 -5.1505e-28 -3.4618e-31 -1.4140e-34 -3.5094e-38 -5.2919e-42 -4.8477e-46 -2.6974e-50 -9.1165e-55 -1.8712e-59 -2.3325e-64 -1.7656e-69 -8.1148e-75 -2.2645e-80 -3.8368e-86 -3.9466e-92 -2.4645e-98 -9.3425e-105 -2.1498e-111 -3.0029e-118 -2.5460e-125 -1.3102e-132 -4.0923e-140 -7.7578e-148 -8.9256e-156 -6.2324e-164 -2.6410e-172 -6.7919e-181 -1.0600e-189 -1.0039e-198 -5.7695e-208 -2.0121e-217 -4.2581e-227 -5.4681e-237 -4.2608e-247 -2.0146e-257 -5.7797e-268 -1.0061e-278 -1.0627e-289 -6.8104e-301 -2.6482e-312 -4.9407e-324 0.0000e+00 0.0000e+00 0.0000e+00 0.0000e+00 0.0000e+00 0.0000e+00 0.0000e+00 0.0000e+00 0.0000e+00 0.0000e+00 0.0000e+00 0.0000e+00 0.0000e+00 0.0000e+00 0.0000e+00 0.0000e+00 0.0000e+00 0.0000e+00 0.0000e+00 0.0000e+00 0.0000e+00 0.0000e+00 0.0000e+00 0.0000e+00 0.0000e+00 0.0000e+00 0.0000e+00 0.0000e+00 0.0000e+00 0.0000e+00 0.0000e+00 0.0000e+00 0.0000e+00 0.0000e+00
-1.2556e-19 -3.2927e-17 -5.4582e-15 -5.6482e-13 -3.6148e-11 -1.4227e-09 -3.4311e-08 -5.0585e-07 -4.5517e-06 -2.4967e-05 -8.3413e-05 -1.6962e-04 1.6930e-02 -1.5784e-04 -7.2180e-05 -2.0059e-05 -3.3871e-06 -3.4743e-07 -2.1646e-08 -8.1898e-10 -1.8816e-11 -2.6247e-13 -2.2228e-15 -1.1428e-17 -3.5671e-20 -6.7573e-23 -7.7691e-26 -5.4195e-29 -2.2950e-32 -5.8982e-36 -9.1987e-40 -8.7056e-44 -4.9995e-48 -1.7422e-52 -3.6838e-57 -4.7262e-62 -3.6792e-67 -1.7377e-72 -4.9799e-78 -8.6585e-84 -9.1337e-90 -5.8456e-96 -2.2698e-102 -5.3469e-109 -7.6415e-116 -6.6254e-123 -3.4849e-130 -1.1121e-137 -2.1528e-145 -2.5283e-153 -1.8012e-161 -7.7850e-170 -2.0412e-178 -3.2465e-187 -3.1325e-196 -1.8335e-205 -6.5101e-215 -1.4022e-224 -1.8321e-234 -1.4522e-244 -6.9821e-255 -2.0364e-265 -3.6029e-276 -3.8667e-287 -2.5173e-298 -9.9411e-310 -2.3814e-321 0.0000e+00 0.0000e+00 0.0000e+00 0.0000e+00 0.0000e+00 0.0000e+00 0.0000e+00 0.0000e+00 0.0000e+00 0.0000e+00 0.0000e+00 0.0000e+00 0.0000e+00 0.0000e+00 0.0000e+00 0.0000e+00 0.0000e+00 0.0000e+00 0.0000e+00 0.0000e+00 0.0000e+00 0.0000e+00 0.0000e+00 0.0000e+00 0.0000e+00 0.0000e+00 0.0000e+00 0.0000e+00 0.0000e+00 0.0000e+00 0.0000e+00 0.0000e+00 0.0000e+00 -7.3441e-21 -1.7775e-18 -2.2573e-16 -1.8621e-14 -9.8650e-13 -3.3067e-11 -6.9396e-10 -9.0521e-09 -7.3018e-08 -3.6289e-07 -1.1082e-06 -2.0749e-06 0.0000e+00 -1.6666e-06 -7.1327e-07 -1.8628e-07 -2.9667e-08 -2.8794e-09 -1.7023e-10 -6.1280e-12 -1.3427e-13 -1.7900e-15 -1.4516e-17 -7.1593e-20 -2.1469e-22 -3.9137e-25 -4.3364e-28 -2.9199e-31 -1.1947e-34 -2.9699e-38 -4.4851e-42 -4.1143e-46 -2.2924e-50 -7.7572e-55 -1.5941e-59 -1.9893e-64 -1.5073e-69 -6.9349e-75 -1.9371e-80 -3.2850e-86 -3.3820e-92 -2.1136e-98 -8.0187e-105 -1.8466e-111 -2.5812e-118 -2.1899e-125 -1.1277e-132 -3.5245e-140 -6.6855e-148 -7.6963e-156 -5.3770e-164 -2.2798e-172 -5.8658e-181 -9.1588e-190 -8.6781e-199 -4.9896e-208 -1.7409e-217 -3.6857e-227 -4.7348e-237 -3.6908e-247 -1.7457e-257 -5.0099e-268 -8.7240e-279 -9.2175e-290 -5.9090e-301 -2.2983e-312 -4.9407e-324 0.0000e+00 0.0000e+00 0.0000e+00 0.0000e+00 0.0000e+00 0.0000e+00 0.0000e+00 0.0000e+00 0.0000e+00 0.0000e+00 0.0000e+00 0.0000e+00 0.0000e+00 0.0000e+00 0.0000e+00 0.0000e+00 0.0000e+00 0.0000e+00 0.0000e+00 0.0000e+00 0.0000e+00 0.0000e+00 0.0000e+00 0.0000e+00 0.0000e+00 0.0000e+00 0.0000e+00 0.0000e+00 0.0000e+00 0.0000e+00 0.0000e+00 0.0000e+00 0.0000e+00
-2.3867e-22 -1.0233e-19 -2.7861e-17 -4.7432e-15 -4.9982e-13 -3.2403e-11 -1.2875e-09 -3.1280e-08 -4.6386e-07 -4.1936e-06 -2.3093e-05 -7.7405e-05 -1.5784e-04 1.9631e-02 -1.4755e-04 -6.7598e-05 -1.8817e-05 -3.1819e-06 -3.2681e-07 -2.0385e-08 -7.7211e-10 -1.7756e-11 -2.4797e-13 -2.1018e-15 -1.0814e-17 -3.3762e-20 -6.3994e-23 -7.3618e-26 -5.1398e-29 -2.1778e-32 -5.5995e-36 -8.7369e-40 -8.2721e-44 -4.7525e-48 -1.6568e-52 -3.5044e-57 -4.4976e-62 -3.5024e-67 -1.6547e-72 -4.7434e-78 -8.2497e-84 -8.7048e-90 -5.5725e-96 -2.1642e-102 -5.0995e-109 -7.2895e-116 -6.3216e-123 -3.3258e-130 -1.0615e-137 -2.0553e-145 -2.4142e-153 -1.7203e-161 -7.4362e-170 -1.9500e-178 -3.1021e-187 -2.9935e-196 -1.7524e-205 -6.2231e-215 -1.3406e-224 -1.7518e-234 -1.3887e-244 -6.6777e-255 -1.9479e-265 -3.4466e-276 -3.6995e-287 -2.4087e-298 -9.5132e-310 -2.2776e-321 0.0000e+00 0.0000e+00 0.0000e+00 0.0000e+00 0.0000e+00 0.0000e+00 0.0000e+00 0.0000e+00 0.0000e+00 0.0000e+00 0.0000e+00 0.0000e+00 0.0000e+00 0.0000e+00 0.0000e+00 0.0000e+00 0.0000e+00 0.0000e+00 0.0000e+00 0.0000e+00 0.0000e+00 0.0000e+00 0.0000e+00 0.0000e+00 0.0000e+00 0.0000e+00 0.0000e+00 0.0000e+00 0.0000e+00 0.0000e+00 0.0000e+00 0.0000e+00 -1.4508e-23 -5.2956e-21 -1.0893e-18 -1.4702e-16 -1.2786e-14 -7.0467e-13 -2.4335e-11 -5.2262e-10 -6.9429e-09 -5.6841e-08 -2.8598e-07 -8.8232e-07 -1.6666e-06 0.0000e+00 -1.3576e-06 -5.8441e-07 -1.5341e-07 -2.4542e-08 -2.3918e-09 -1.4192e-10 -5.1260e-12 -1.1265e-13 -1.5060e-15 -1.2244e-17 -6.0529e-20 -1.8190e-22 -3.3226e-25 -3.6884e-28 -2.4879e-31 -1.0196e-34 -2.5384e-38 -3.8389e-42 -3.5263e-46 -1.9672e-50 -6.6648e-55 -1.3712e-59 -1.7129e-64 -1.2992e-69 -5.9832e-75 -1.6728e-80 -2.8393e-86 -2.9255e-92 -1.8298e-98 -6.9472e-105 -1.6010e-111 -2.2394e-118 -1.9012e-125 -9.7966e-133 -3.0636e-140 -5.8146e-148 -6.6974e-156 -4.6815e-164 -1.9859e-172 -5.1121e-181 -7.9856e-190 -7.5697e-199 -4.3542e-208 -1.5198e-217 -3.2188e-227 -4.1365e-237 -3.2256e-247 -1.5262e-257 -4.3814e-268 -7.6319e-279 -8.0660e-290 -5.1724e-301 -1.9633e-312 -4.9407e-324 0.0000e+00 0.0000e+00 0.0000e+00 0.0000e+00 0.0000e+00 0.0000e+00 0.0000e+00 0.0000e+00 0.0000e+00 0.0000e+00 0.0000e+00 0.0000e+00 0.0000e+00 0.0000e+00 0.0000e+00 0.0000e+00 0.0000e+00 0.0000e+00 0.0000e+00 0.0000e+00 0.0000e+00 0.0000e+00 0.0000e+00 0.0000e+00 0.0000e+00 0.0000e+00 0.0000e+00 0.0000e+00 0.0000e+00 0.0000e+00 0.0000e+00 0.0000e+00
-2.7523e-25 -1.9308e-22 -8.6373e-20 -2.4199e-17 -4.1992e-15 -4.4847e-13 -2.9363e-11 -1.1756e-09 -2.8733e-08 -4.2815e-07 -3.8863e-06 -2.1473e-05 -7.2180e-05 -1.4755e-04 2.2531e-02 -1.3849e-04 -6.3551e-05 -1.7716e-05 -2.9998e-06 -3.0848e-07 -1.9263e-08 -7.3050e-10 -1.6815e-11 -2.3490e-13 -1.9925e-15 -1.0259e-17 -3.2058e-20 -6.0801e-23 -6.9986e-26 -4.8888e-29 -2.0724e-32 -5.3311e-36 -8.3218e-40 -7.8824e-44 -4.5303e-48 -1.5799e-52 -3.3430e-57 -4.2919e-62 -3.3432e-67 -1.5800e-72 -4.5305e-78 -7.8814e-84 -8.3183e-90 -5.3264e-96 -2.0692e-102 -4.8765e-109 -6.9723e-116 -6.0477e-123 -3.1824e-130 -1.0159e-137 -1.9674e-145 -2.3113e-153 -1.6472e-161 -7.1218e-170 -1.8679e-178 -2.9718e-187 -2.8683e-196 -1.6793e-205 -5.9644e-215 -1.2850e-224 -1.6795e-234 -1.3315e-244 -6.4034e-255 -1.8681e-265 -3.3058e-276 -3.5487e-287 -2.3108e-298 -9.1275e-310 -2.1887e-321 0.0000e+00 0.0000e+00 0.0000e+00 0.0000e+00 0.0000e+00 0.0000e+00 0.0000e+00 0.0000e+00 0.0000e+00 0.0000e+00 0.0000e+00 0.0000e+00 0.0000e+00 0.0000e+00 0.0000e+00 0.0000e+00 0.0000e+00 0.0000e+00 0.0000e+00 0.0000e+00 0.0000e+00 0.0000e+00 0.0000e+00 0.0000e+00 0.0000e+00 0.0000e+00 0.0000e+00 0.0000e+00 0.0000e+00 0.0000e+00 0.0000e+00 -1.7070e-26 -9.5775e-24 -3.2002e-21 -7.0747e-19 -1.0107e-16 -9.1622e-15 -5.2081e-13 -1.8418e-11 -4.0304e-10 -5.4363e-09 -4.5067e-08 -2.2913e-07 -7.1327e-07 -1.3576e-06 0.0000e+00 -1.1199e-06 -4.8457e-07 -1.2779e-07 -2.0528e-08 -2.0080e-09 -1.1955e-10 -4.3313e-12 -9.5455e-14 -1.2794e-15 -1.0426e-17 -5.1655e-20 -1.5555e-22 -2.8466e-25 -3.1655e-28 -2.1387e-31 -8.7782e-35 -2.1886e-38 -3.3144e-42 -3.0484e-46 -1.7027e-50 -5.7751e-55 -1.1894e-59 -1.4874e-64 -1.1293e-69 -5.2053e-75 -1.4566e-80 -2.4744e-86 -2.5516e-92 -1.5971e-98 -6.0682e-105 -1.3994e-111 -1.9587e-118 -1.6639e-125 -8.5788e-133 -2.6843e-140 -5.0974e-148 -5.8744e-156 -4.1082e-164 -1.7435e-172 -4.4902e-181 -7.0171e-190 -6.6545e-199 -3.8292e-208 -1.3371e-217 -2.8328e-227 -3.6418e-237 -2.8408e-247 -1.3104e-257 -3.8613e-268 -6.7280e-279 -7.1130e-290 -4.5626e-301 -1.7757e-312 -4.9407e-324 0.0000e+00 0.0000e+00 0.0000e+00 0.0000e+00 0.0000e+00 0.0000e+00 0.0000e+00 0.0000e+00 0.0000e+00 0.0000e+00 0.0000e+00 0.0000e+00 0.0000e+00 0.0000e+00 0.0000e+00 0.0000e+00 0.0000e+00 0.0000e+00 0.0000e+00 0.0000e+00 0.0000e+00 0.0000e+00 0.0000e+00 0.0000e+00 0.0000e+00 0.0000e+00 0.0000e+00 0.0000e+00 0.0000e+00 0.0000e+00 0.0000e+00
-1.9256e-28 -2.2115e-25 -1.6262e-22 -7.4990e-20 -2.1432e-17 -3.7711e-15 -4.0687e-13 -2.6847e-11 -1.0815e-09 -2.6564e-08 -3.9745e-07 -3.6200e-06 -2.0059e-05 -6.7598e-05 -1.3849e-04 2.5631e-02 -1.3045e-04 -5.9951e-05 -1.6736e-05 -2.8372e-06 -2.9208e-07 -1.8257e-08 -6.9281e-10 -1.5961e-11 -2.2320e-13 -1.8946e-15 -9.7610e-18 -3.0522e-20 -5.7921e-23 -6.6706e-26 -4.6621e-29 -1.9772e-32 -5.0885e-36 -7.9464e-40 -7.5298e-44 -4.3293e-48 -1.5103e-52 -3.1968e-57 -4.1055e-62 -3.1990e-67 -1.5123e-72 -4.3375e-78 -7.5476e-84 -7.9680e-90 -5.1033e-96 -1.9829e-102 -4.6743e-109 -6.6846e-116 -5.7993e-123 -3.0522e-130 -9.7454e-138 -1.8876e-145 -2.2180e-153 -1.5810e-161 -6.8365e-170 -1.7933e-178 -2.8536e-187 -2.7546e-196 -1.6130e-205 -5.7296e-215 -1.2346e-224 -1.6138e-234 -1.2796e-244 -6.1545e-255 -1.7957e-265 -3.1781e-276 -3.4119e-287 -2.2220e-298 -8.7776e-310 -2.1047e-321 0.0000e+00 0.0000e+00 0.0000e+00 0.0000e+00 0.0000e+00 0.0000e+00 0.0000e+00 0.0000e+00 0.0000e+00 0.0000e+00 0.0000e+00 0.0000e+00 0.0000e+00 0.0000e+00 0.0000e+00 0.0000e+00 0.0000e+00 0.0000e+00 0.0000e+00 0.0000e+00 0.0000e+00 0.0000e+00 0.0000e+00 0.0000e+00 0.0000e+00 0.0000e+00 0.0000e+00 0.0000e+00 0.0000e+00 0.0000e+00 -1.2036e-29 -1.0520e-26 -5.7228e-24 -2.0742e-21 -4.8699e-19 -7.2637e-17 -6.7978e-15 -3.9594e-13 -1.4273e-11 -3.1721e-10 -4.3334e-09 -3.6309e-08 -1.8628e-07 -5.8441e-07 -1.1199e-06 0.0000e+00 -9.3416e-07 -4.0609e-07 -1.0754e-07 -1.7340e-08 -1.7020e-09 -1.0165e-10 -3.6930e-12 -8.1599e-14 -1.0963e-15 -8.9539e-18 -4.4451e-20 -1.3411e-22 -2.4586e-25 -2.7385e-28 -1.8531e-31 -7.6171e-35 -1.9017e-38 -2.8837e-42 -2.6555e-46 -1.4849e-50 -5.0421e-55 -1.0395e-59 -1.3012e-64 -9.8883e-70 -4.5620e-75 -1.2777e-80 -2.1721e-86 -2.2415e-92 -1.4041e-98 -5.3383e-105 -1.2318e-111 -1.7253e-118 -1.4665e-125 -7.5650e-133 -2.3684e-140 -4.4997e-148 -5.1881e-156 -3.6300e-164 -1.5412e-172 -3.9709e-181 -6.2083e-190 -5.8897e-199 -3.3048e-208 -1.1843e-217 -2.5101e-227 -3.2281e-237 -2.5190e-247 -1.1926e-257 -3.4261e-268 -5.9718e-279 -6.3155e-290 -4.0524e-301 -1.5776e-312 -4.9407e-324 0.0000e+00 0.0000e+00 0.0000e+00 0.0000e+00 0.0000e+00 0.0000e+00 0.0000e+00 0.0000e+00 0.0000e+00 0.0000e+00 0.0000e+00 0.0000e+00 0.0000e+00 0.0000e+00 0.0000e+00 0.0000e+00 0.0000e+00 0.0000e+00 0.0000e+00 0.0000e+00 0.0000e+00 0.0000e+00 0.0000e+00 0.0000e+00 0.0000e+00 0.0000e+00 0.0000e+00 0.0000e+00 0.0000e+00 0.0000e+00
