1.0020e-04 -1.8517e-06 -2.7431e-06 -3.5942e-06 -4.3929e-06 -5.1287e-06 -5.7924e-06 -6.3765e-06 -6.8755e-06 -7.2856e-06 -7.6048e-06 -7.8332e-06 -7.9725e-06 -8.0261e-06 -7.9988e-06 -7.8967e-06 -7.7267e-06 -7.4967e-06 -7.2149e-06 -6.8901e-06 -6.5307e-06 -6.1453e-06 -5.7419e-06 -5.3282e-06 -4.9111e-06 -4.4970e-06 -4.0912e-06 -3.6984e-06 -3.3224e-06 -2.9662e-06 -2.6321e-06 -2.3216e-06 -2.0355e-06 -1.7742e-06 -1.5373e-06 -1.3244e-06 -1.1344e-06 -9.6614e-07 -8.1816e-07 -6.8893e-07 -5.7687e-07 -4.8034e-07 -3.9775e-07 -3.2754e-07 -2.6825e-07 -2.1848e-07 -1.7698e-07 -1.4258e-07 -1.1425e-07 -9.1050e-08 -7.2172e-08 -5.6902e-08 -4.4623e-08 -3.4807e-08 -2.7005e-08 -2.0841e-08 -1.5999e-08 -1.2217e-08 -9.2796e-09 -7.0114e-09 -5.2697e-09 -3.9399e-09 -2.9303e-09 -2.1680e-09 -1.5956e-09 -1.1682e-09 -8.5083e-10 -6.1646e-10 -4.4433e-10 -3.1860e-10 -2.2726e-10 -1.6127e-10 -1.1385e-10 -7.9957e-11 -5.5864e-11 -3.8830e-11 -2.6851e-11 -1.8471e-11 -1.2642e-11 -8.6075e-12 -5.8305e-12 -3.9292e-12 -2.6343e-12 -1.7571e-12 -1.1660e-12 -7.6980e-13 -5.0562e-13 -3.3041e-13 -2.1480e-13 -1.3894e-13 -8.9406e-14 -5.7240e-14 -3.6459e-14 -2.3105e-14 -1.4567e-14 -9.1375e-15 -5.7025e-15 -3.5408e-15 -2.1873e-15 -1.3443e-15 0.0000e+00 -6.1724e-07 -9.1437e-07 -1.1980e-06 -1.4642e-06 -1.7095e-06 -1.9307e-06 -2.1253e-06 -2.2916e-06 -2.4282e-06 -2.5345e-06 -2.6105e-06 -2.6569e-06 -2.6746e-06 -2.6654e-06 -2.6313e-06 -2.5745e-06 -2.4978e-06 -2.4038e-06 -2.2954e-06 -2.1756e-06 -2.0471e-06 -1.9126e-06 -1.7746e-06 -1.6356e-06 -1.4976e-06 -1.3623e-06 -1.2314e-06 -1.1062e-06 -9.8750e-07 -8.7620e-07 -7.7276e-07 -6.7748e-07 -5.9044e-07 -5.1158e-07 -4.4068e-07 -3.7743e-07 -3.2140e-07 -2.7214e-07 -2.2914e-07 -1.9184e-07 -1.5972e-07 -1.3224e-07 -1.0889e-07 -8.9165e-08 -7.2614e-08 -5.8812e-08 -4.7375e-08 -3.7956e-08 -3.0245e-08 -2.3971e-08 -1.8897e-08 -1.4817e-08 -1.1555e-08 -8.9642e-09 -6.9170e-09 -5.3091e-09 -4.0534e-09 -3.0783e-09 -2.3255e-09 -1.7476e-09 -1.3064e-09 -9.7142e-10 -7.1857e-10 -5.2876e-10 -3.8706e-10 -2.8186e-10 -2.0418e-10 -1.4714e-10 -1.0548e-10 -7.5228e-11 -5.3373e-11 -3.7672e-11 -2.6452e-11 -1.8477e-11 -1.2841e-11 -8.8773e-12 -6.1057e-12 -4.1778e-12 -2.8440e-12 -1.9260e-12 -1.2977e-12 -8.6982e-13 -5.8004e-13 -3.8483e-13 -2.5400e-13 -1.6679e-13 -1.0897e-13 -7.0826e-14 -4.5799e-14 -2.9465e-14 -1.8859e-14 -1.2009e-14 -7.6086e-15 -4.7958e-15 -3.0075e-15 -1.8764e-15 -1.1648e-15 -7.1936e-16 -4.4200e-16
-1.8517e-06 4.0079e-04 -5.4458e-06 -7.1358e-06 -8.7224e-06 -1.0185e-05 -1.1504e-05 -1.2666e-05 -1.3660e-05 -1.4477e-05 -1.5115e-05 -1.5573e-05 -1.5854e-05 -1.5965e-05 -1.5915e-05 -1.5717e-05 -1.5384e-05 -1.4932e-05 -1.4376e-05 -1.3734e-05 -1.3023e-05 -1.2260e-05 -1.1461e-05 -1.0640e-05 -9.8124e-06 -8.9897e-06 -8.1829e-06 -7.4015e-06 -6.6529e-06 -5.9434e-06 -5.2773e-06 -4.6577e-06 -4.0865e-06 -3.5643e-06 -3.0908e-06 -2.6646e-06 -2.2841e-06 -1.9468e-06 -1.6499e-06 -1.3904e-06 -1.1652e-06 -9.7109e-07 -8.0482e-07 -6.6335e-07 -5.4376e-07 -4.4330e-07 -3.5943e-07 -2.8985e-07 -2.3249e-07 -1.8547e-07 -1.4717e-07 -1.1615e-07 -9.1185e-08 -7.1204e-08 -5.5306e-08 -4.2731e-08 -3.2841e-08 -2.5107e-08 -1.9093e-08 -1.4444e-08 -1.0869e-08 -8.1366e-09 -6.0592e-09 -4.4886e-09 -3.3079e-09 -2.4251e-09 -1.7686e-09 -1.2832e-09 -9.2617e-10 -6.6503e-10 -4.7505e-10 -3.3760e-10 -2.3868e-10 -1.6787e-10 -1.1746e-10 -8.1771e-11 -5.6631e-11 -3.9019e-11 -2.6746e-11 -1.8240e-11 -1.2375e-11 -8.3534e-12 -5.6097e-12 -3.7480e-12 -2.4913e-12 -1.6476e-12 -1.0840e-12 -7.0960e-13 -4.6214e-13 -2.9945e-13 -1.9304e-13 -1.2381e-13 -7.9007e-14 -5.0160e-14 -3.1684e-14 -1.9912e-14 -1.2450e-14 -7.7453e-15 -4.7939e-15 -2.9522e-15 -6.1724e-07 0.0000e+00 -1.8152e-06 -2.3784e-06 -2.9071e-06 -3.3942e-06 -3.8336e-06 -4.2206e-06 -4.5512e-06 -4.8231e-06 -5.0349e-06 -5.1867e-06 -5.2796e-06 -5.3158e-06 -5.2985e-06 -5.2316e-06 -5.1198e-06 -4.9682e-06 -4.7824e-06 -4.5679e-06 -4.3305e-06 -4.0758e-06 -3.8091e-06 -3.5355e-06 -3.2595e-06 -2.9854e-06 -2.7167e-06 -2.4565e-06 -2.2074e-06 -1.9713e-06 -1.7498e-06 -1.5438e-06 -1.3540e-06 -1.1805e-06 -1.0233e-06 -8.8188e-07 -7.5564e-07 -6.4378e-07 -5.4537e-07 -4.5941e-07 -3.8483e-07 -3.2057e-07 -2.6556e-07 -2.1877e-07 -1.7925e-07 -1.4606e-07 -1.1836e-07 -9.5403e-08 -7.6480e-08 -6.0980e-08 -4.8361e-08 -3.8148e-08 -2.9931e-08 -2.3359e-08 -1.8133e-08 -1.4001e-08 -1.0754e-08 -8.2164e-09 -6.2444e-09 -4.7208e-09 -3.5502e-09 -2.6559e-09 -1.9765e-09 -1.4632e-09 -1.0776e-09 -7.8942e-10 -5.7532e-10 -4.1712e-10 -3.0084e-10 -2.1586e-10 -1.5408e-10 -1.0941e-10 -7.7295e-11 -5.4323e-11 -3.7981e-11 -2.6419e-11 -1.8282e-11 -1.2586e-11 -8.6204e-12 -5.8739e-12 -3.9819e-12 -2.6855e-12 -1.8019e-12 -1.2029e-12 -7.9885e-13 -5.2783e-13 -3.4698e-13 -2.2693e-13 -1.4765e-13 -9.5585e-14 -6.1562e-14 -3.9448e-14 -2.5149e-14 -1.5951e-14 -1.0066e-14 -6.3198e-15 -3.9477e-15 -2.4534e-15 -1.5170e-15 -9.3325e-16
-2.7431e-06 -5.4458e-06 9.0178e-04 -1.0574e-05 -1.2927e-05 -1.5096e-05 -1.7056e-05 -1.8784e-05 -2.0264e-05 -2.1483e-05 -2.2438e-05 -2.3126e-05 -2.3554e-05 -2.3730e-05 -2.3669e-05 -2.3386e-05 -2.2904e-05 -2.2244e-05 -2.1430e-05 -2.0487e-05 -1.9440e-05 -1.8315e-05 -1.7134e-05 -1.5920e-05 -1.4694e-05 -1.3473e-05 -1.2275e-05 -1.1114e-05 -9.9994e-06 -8.9419e-06 -7.9481e-06 -7.0225e-06 -6.1682e-06 -5.3861e-06 -4.6760e-06 -4.0362e-06 -3.4641e-06 -2.9562e-06 -2.5087e-06 -2.1170e-06 -1.7766e-06 -1.4826e-06 -1.2305e-06 -1.0157e-06 -8.3385e-07 -6.8083e-07 -5.5288e-07 -4.4657e-07 -3.5876e-07 -2.8668e-07 -2.2786e-07 -1.8015e-07 -1.4167e-07 -1.1082e-07 -8.6237e-08 -6.6751e-08 -5.1397e-08 -3.9367e-08 -2.9995e-08 -2.2735e-08 -1.7143e-08 -1.2859e-08 -9.5953e-09 -7.1229e-09 -5.2602e-09 -3.8645e-09 -2.8245e-09 -2.0537e-09 -1.4856e-09 -1.0691e-09 -7.6544e-10 -5.4520e-10 -3.8635e-10 -2.7237e-10 -1.9104e-10 -1.3331e-10 -9.2547e-11 -6.3922e-11 -4.3925e-11 -3.0030e-11 -2.0426e-11 -1.3823e-11 -9.3068e-12 -6.2343e-12 -4.1549e-12 -2.7550e-12 -1.8175e-12 -1.1930e-12 -7.7906e-13 -5.0618e-13 -3.2722e-13 -2.1046e-13 -1.3468e-13 -8.5748e-14 -5.4319e-14 -3.4236e-14 -2.1469e-14 -1.3395e-14 -8.3152e-15 -5.1359e-15 -9.1437e-07 -1.8152e-06 0.0000e+00 -3.5239e-06 -4.3075e-06 -5.0299e-06 -5.6819e-06 -6.2564e-06 -6.7477e-06 -7.1522e-06 -7.4680e-06 -7.6950e-06 -7.8348e-06 -7.8908e-06 -7.8674e-06 -7.7706e-06 -7.6072e-06 -7.3847e-06 -7.1111e-06 -6.7950e-06 -6.4446e-06 -6.0682e-06 -5.6738e-06 -5.2688e-06 -4.8600e-06 -4.4536e-06 -4.0550e-06 -3.6687e-06 -3.2986e-06 -2.9476e-06 -2.6180e-06 -2.3114e-06 -2.0286e-06 -1.7699e-06 -1.5353e-06 -1.3241e-06 -1.1354e-06 -9.6805e-07 -8.2073e-07 -6.9193e-07 -5.8009e-07 -4.8363e-07 -4.0099e-07 -3.3064e-07 -2.7115e-07 -2.2115e-07 -1.7939e-07 -1.4473e-07 -1.1614e-07 -9.2698e-08 -7.3591e-08 -5.8110e-08 -4.5642e-08 -3.5659e-08 -2.7712e-08 -2.1423e-08 -1.6473e-08 -1.2601e-08 -9.5879e-09 -7.2573e-09 -5.4644e-09 -4.0930e-09 -3.0498e-09 -2.2607e-09 -1.6670e-09 -1.2229e-09 -8.9245e-10 -6.4792e-10 -4.6796e-10 -3.3624e-10 -2.4035e-10 -1.7092e-10 -1.2092e-10 -8.5109e-11 -5.9595e-11 -4.1516e-11 -2.8773e-11 -1.9840e-11 -1.3610e-11 -9.2883e-12 -6.3067e-12 -4.2603e-12 -2.8633e-12 -1.9145e-12 -1.2736e-12 -8.4297e-13 -5.5509e-13 -3.6366e-13 -2.3704e-13 -1.5372e-13 -9.9182e-14 -6.3669e-14 -4.0664e-14 -2.5840e-14 -1.6336e-14 -1.0276e-14 -6.4311e-15 -4.0044e-15 -2.4808e-15 -1.5291e-15
-3.5942e-06 -7.1358e-06 -1.0574e-05 1.6032e-03 -1.6947e-05 -1.9797e-05 -2.2374e-05 -2.4649e-05 -2.6602e-05 -2.8216e-05 -2.9485e-05 -3.0406e-05 -3.0987e-05 -3.1239e-05 -3.1180e-05 -3.0831e-05 -3.0219e-05 -2.9373e-05 -2.8323e-05 -2.7102e-05 -2.5743e-05 -2.4278e-05 -2.2737e-05 -2.1150e-05 -1.9543e-05 -1.7942e-05 -1.6367e-05 -1.4838e-05 -1.3368e-05 -1.1971e-05 -1.0656e-05 -9.4290e-06 -8.2946e-06 -7.2543e-06 -6.3080e-06 -5.4539e-06 -4.6889e-06 -4.0085e-06 -3.4077e-06 -2.8809e-06 -2.4222e-06 -2.0253e-06 -1.6842e-06 -1.3930e-06 -1.1459e-06 -9.3754e-07 -7.6297e-07 -6.1758e-07 -4.9724e-07 -3.9823e-07 -3.1724e-07 -2.5139e-07 -1.9816e-07 -1.5539e-07 -1.2120e-07 -9.4047e-08 -7.2595e-08 -5.5745e-08 -4.2583e-08 -3.2361e-08 -2.4465e-08 -1.8400e-08 -1.3767e-08 -1.0248e-08 -7.5891e-09 -5.5912e-09 -4.0981e-09 -2.9884e-09 -2.1680e-09 -1.5648e-09 -1.1236e-09 -8.0272e-10 -5.7055e-10 -4.0347e-10 -2.8386e-10 -1.9870e-10 -1.3838e-10 -9.5880e-11 -6.6097e-11 -4.5335e-11 -3.0937e-11 -2.1005e-11 -1.4189e-11 -9.5364e-12 -6.3770e-12 -4.2428e-12 -2.8086e-12 -1.8498e-12 -1.2122e-12 -7.9036e-13 -5.1272e-13 -3.3094e-13 -2.1253e-13 -1.3580e-13 -8.6335e-14 -5.4612e-14 -3.4372e-14 -2.1524e-14 -1.3411e-14 -8.3140e-15 -1.1980e-06 -2.3784e-06 -3.5239e-06 0.0000e+00 -5.6458e-06 -6.5936e-06 -7.4498e-06 -8.2048e-06 -8.8513e-06 -9.3845e-06 -9.8018e-06 -1.0103e-05 -1.0291e-05 -1.0368e-05 -1.0342e-05 -1.0219e-05 -1.0009e-05 -9.7211e-06 -9.3661e-06 -8.9548e-06 -8.4981e-06 -8.0068e-06 -7.4912e-06 -6.9612e-06 -6.4257e-06 -5.8927e-06 -5.3694e-06 -4.8617e-06 -4.3749e-06 -3.9127e-06 -3.4783e-06 -3.0737e-06 -2.7001e-06 -2.3581e-06 -2.0475e-06 -1.7676e-06 -1.5173e-06 -1.2951e-06 -1.0992e-06 -9.2775e-07 -7.7869e-07 -6.4998e-07 -5.3957e-07 -4.4546e-07 -3.6577e-07 -2.9871e-07 -2.4262e-07 -1.9601e-07 -1.5751e-07 -1.2589e-07 -1.0008e-07 -7.9145e-08 -6.2256e-08 -4.8712e-08 -3.7914e-08 -2.9355e-08 -2.2608e-08 -1.7322e-08 -1.3202e-08 -1.0009e-08 -7.5492e-09 -5.6643e-09 -4.2280e-09 -3.1395e-09 -2.3192e-09 -1.7044e-09 -1.2461e-09 -9.0636e-10 -6.5585e-10 -4.7214e-10 -3.3815e-10 -2.4094e-10 -1.7080e-10 -1.2046e-10 -8.4517e-11 -5.8998e-11 -4.0975e-11 -2.8312e-11 -1.9463e-11 -1.3311e-11 -9.0580e-12 -6.1323e-12 -4.1306e-12 -2.7681e-12 -1.8456e-12 -1.2243e-12 -8.0808e-13 -5.3064e-13 -3.4669e-13 -2.2536e-13 -1.4575e-13 -9.3791e-14 -6.0048e-14 -3.8251e-14 -2.4243e-14 -1.5288e-14 -9.5916e-15 -5.9876e-15 -3.7189e-15 -2.2982e-15
-4.3929e-06 -8.7224e-06 -1.2927e-05 -1.6947e-05 2.5049e-03 -2.4223e-05 -2.7387e-05 -3.0186e-05 -3.2595e-05 -3.4593e-05 -3.6172e-05 -3.7329e-05 -3.8072e-05 -3.8414e-05 -3.8375e-05 -3.7982e-05 -3.7266e-05 -3.6261e-05 -3.5005e-05 -3.3536e-05 -3.1895e-05 -3.0118e-05 -2.8245e-05 -2.6311e-05 -2.4349e-05 -2.2389e-05 -2.0456e-05 -1.8575e-05 -1.6764e-05 -1.5039e-05 -1.3411e-05 -1.1889e-05 -1.0479e-05 -9.1826e-06 -8.0010e-06 -6.9321e-06 -5.9724e-06 -5.1169e-06 -4.3597e-06 -3.6942e-06 -3.1132e-06 -2.6093e-06 -2.1751e-06 -1.8035e-06 -1.4873e-06 -1.2200e-06 -9.9544e-07 -8.0791e-07 -6.5224e-07 -5.2380e-07 -4.1844e-07 -3.3252e-07 -2.6287e-07 -2.0673e-07 -1.6173e-07 -1.2587e-07 -9.7452e-08 -7.5062e-08 -5.7519e-08 -4.3848e-08 -3.3255e-08 -2.5092e-08 -1.8836e-08 -1.4067e-08 -1.0452e-08 -7.7261e-09 -5.6821e-09 -4.1576e-09 -3.0267e-09 -2.1922e-09 -1.5797e-09 -1.1326e-09 -8.0788e-10 -5.7335e-10 -4.0485e-10 -2.8443e-10 -1.9882e-10 -1.3827e-10 -9.5677e-11 -6.5870e-11 -4.5121e-11 -3.0752e-11 -2.0854e-11 -1.4070e-11 -9.4453e-12 -6.3089e-12 -4.1927e-12 -2.7724e-12 -1.8240e-12 -1.1940e-12 -7.7771e-13 -5.0401e-13 -3.2499e-13 -2.0851e-13 -1.3310e-13 -8.4543e-14 -5.3430e-14 -3.3598e-14 -2.1021e-14 -1.3087e-14 -1.4642e-06 -2.9071e-06 -4.3075e-06 -5.6458e-06 0.0000e+00 -8.0641e-06 -9.1134e-06 -1.0040e-05 -1.0834e-05 -1.1491e-05 -1.2007e-05 -1.2381e-05 -1.2617e-05 -1.2718e-05 -1.2693e-05 -1.2550e-05 -1.2299e-05 -1.1953e-05 -1.1525e-05 -1.1026e-05 -1.0472e-05 -9.8745e-06 -9.2464e-06 -8.5997e-06 -7.9453e-06 -7.2932e-06 -6.6520e-06 -6.0292e-06 -5.4311e-06 -4.8627e-06 -4.3276e-06 -3.8286e-06 -3.3673e-06 -2.9444e-06 -2.5598e-06 -2.2128e-06 -1.9020e-06 -1.6256e-06 -1.3817e-06 -1.1678e-06 -9.8165e-07 -8.2062e-07 -6.8226e-07 -5.6415e-07 -4.6397e-07 -3.7952e-07 -3.0878e-07 -2.4988e-07 -2.0114e-07 -1.6105e-07 -1.2827e-07 -1.0162e-07 -8.0083e-08 -6.2780e-08 -4.8957e-08 -3.7979e-08 -2.9309e-08 -2.2500e-08 -1.7184e-08 -1.3055e-08 -9.8676e-09 -7.4196e-09 -5.5502e-09 -4.1304e-09 -3.0580e-09 -2.2524e-09 -1.6505e-09 -1.2033e-09 -8.7276e-10 -6.2978e-10 -4.5213e-10 -3.2294e-10 -2.2948e-10 -1.6225e-10 -1.1412e-10 -7.9868e-11 -5.5611e-11 -3.8524e-11 -2.6553e-11 -1.8208e-11 -1.2423e-11 -8.4332e-12 -5.6958e-12 -3.8275e-12 -2.5590e-12 -1.7023e-12 -1.1267e-12 -7.4198e-13 -4.8616e-13 -3.1693e-13 -2.0557e-13 -1.3267e-13 -8.5193e-14 -5.4430e-14 -3.4600e-14 -2.1885e-14 -1.3773e-14 -8.6240e-15 -5.3729e-15 -3.3307e-15
-5.1287e-06 -1.0185e-05 -1.5096e-05 -1.9797e-05 -2.4223e-05 3.6071e-03 -3.2032e-05 -3.5327e-05 -3.8170e-05 -4.0540e-05 -4.2423e-05 -4.3819e-05 -4.4733e-05 -4.5181e-05 -4.5184e-05 -4.4774e-05 -4.3984e-05 -4.2854e-05 -4.1426e-05 -3.9746e-05 -3.7857e-05 -3.5805e-05 -3.3634e-05 -3.1385e-05 -2.9097e-05 -2.6804e-05 -2.4537e-05 -2.2325e-05 -2.0190e-05 -1.8150e-05 -1.6220e-05 -1.4412e-05 -1.2732e-05 -1.1183e-05 -9.7677e-06 -8.4837e-06 -7.3277e-06 -6.2943e-06 -5.3771e-06 -4.5685e-06 -3.8606e-06 -3.2448e-06 -2.7126e-06 -2.2556e-06 -1.8657e-06 -1.5350e-06 -1.2563e-06 -1.0228e-06 -8.2829e-07 -6.6730e-07 -5.3480e-07 -4.2639e-07 -3.3819e-07 -2.6685e-07 -2.0947e-07 -1.6359e-07 -1.2710e-07 -9.8242e-08 -7.5548e-08 -5.7800e-08 -4.3995e-08 -3.3317e-08 -2.5102e-08 -1.8817e-08 -1.4034e-08 -1.0413e-08 -7.6876e-09 -5.6467e-09 -4.1266e-09 -3.0005e-09 -2.1707e-09 -1.5625e-09 -1.1190e-09 -7.9734e-10 -5.6529e-10 -3.9875e-10 -2.7987e-10 -1.9544e-10 -1.3579e-10 -9.3879e-11 -6.4575e-11 -4.4196e-11 -3.0096e-11 -2.0392e-11 -1.3748e-11 -9.2219e-12 -6.1550e-12 -4.0874e-12 -2.7008e-12 -1.7757e-12 -1.1616e-12 -7.5609e-13 -4.8968e-13 -3.1555e-13 -2.0233e-13 -1.2908e-13 -8.1940e-14 -5.1755e-14 -3.2526e-14 -2.0340e-14 -1.7095e-06 -3.3942e-06 -5.0299e-06 -6.5936e-06 -8.0641e-06 0.0000e+00 -1.0651e-05 -1.1738e-05 -1.2672e-05 -1.3446e-05 -1.4056e-05 -1.4502e-05 -1.4786e-05 -1.4915e-05 -1.4895e-05 -1.4737e-05 -1.4454e-05 -1.4058e-05 -1.3566e-05 -1.2991e-05 -1.2349e-05 -1.1656e-05 -1.0925e-05 -1.0172e-05 -9.4083e-06 -8.6459e-06 -7.8952e-06 -7.1649e-06 -6.4623e-06 -5.7936e-06 -5.1631e-06 -4.5742e-06 -4.0288e-06 -3.5281e-06 -3.0719e-06 -2.6596e-06 -2.2897e-06 -1.9602e-06 -1.6689e-06 -1.4130e-06 -1.1899e-06 -9.9647e-07 -8.3000e-07 -6.8761e-07 -5.6659e-07 -4.6437e-07 -3.7857e-07 -3.0698e-07 -2.4762e-07 -1.9868e-07 -1.5858e-07 -1.2590e-07 -9.9442e-08 -7.8132e-08 -6.1069e-08 -4.7485e-08 -3.6731e-08 -2.8266e-08 -2.1639e-08 -1.6481e-08 -1.2488e-08 -9.4134e-09 -7.0597e-09 -5.2674e-09 -3.9100e-09 -2.8876e-09 -2.1217e-09 -1.5510e-09 -1.1280e-09 -8.1624e-10 -5.8764e-10 -4.2091e-10 -2.9997e-10 -2.1269e-10 -1.5005e-10 -1.0532e-10 -7.3548e-11 -5.1104e-11 -3.5330e-11 -2.4301e-11 -1.6632e-11 -1.1325e-11 -7.6730e-12 -5.1725e-12 -3.4693e-12 -2.3153e-12 -1.5374e-12 -1.0157e-12 -6.6770e-13 -4.3672e-13 -2.8422e-13 -1.8404e-13 -1.1858e-13 -7.6018e-14 -4.8489e-14 -3.0775e-14 -1.9435e-14 -1.2212e-14 -7.6349e-15 -4.7496e-15
-5.7924e-06 -1.1504e-05 -1.7056e-05 -2.2374e-05 -2.7387e-05 -3.2032e-05 4.9096e-03 -4.0012e-05 -4.3265e-05 -4.5990e-05 -4.8172e-05 -4.9808e-05 -5.0903e-05 -5.1474e-05 -5.1544e-05 -5.1145e-05 -5.0316e-05 -4.9098e-05 -4.7539e-05 -4.5687e-05 -4.3594e-05 -4.1307e-05 -3.8878e-05 -3.6351e-05 -3.3770e-05 -3.1175e-05 -2.8603e-05 -2.6084e-05 -2.3645e-05 -2.1308e-05 -1.9090e-05 -1.7006e-05 -1.5062e-05 -1.3266e-05 -1.1619e-05 -1.0120e-05 -8.7665e-06 -7.5524e-06 -6.4713e-06 -5.5150e-06 -4.6749e-06 -3.9417e-06 -3.3058e-06 -2.7579e-06 -2.2887e-06 -1.8894e-06 -1.5516e-06 -1.2676e-06 -1.0302e-06 -8.3288e-07 -6.6991e-07 -5.3605e-07 -4.2673e-07 -3.3797e-07 -2.6630e-07 -2.0876e-07 -1.6281e-07 -1.2633e-07 -9.7529e-08 -7.4910e-08 -5.7245e-08 -4.3524e-08 -3.2925e-08 -2.4781e-08 -1.8557e-08 -1.3826e-08 -1.0249e-08 -7.5598e-09 -5.5479e-09 -4.0509e-09 -2.9430e-09 -2.1274e-09 -1.5301e-09 -1.0950e-09 -7.7965e-10 -5.5235e-10 -3.8936e-10 -2.7309e-10 -1.9058e-10 -1.3234e-10 -9.1432e-11 -6.2855e-11 -4.2994e-11 -2.9261e-11 -1.9816e-11 -1.3352e-11 -8.9517e-12 -5.9717e-12 -3.9638e-12 -2.6179e-12 -1.7204e-12 -1.1249e-12 -7.3188e-13 -4.7380e-13 -3.0519e-13 -1.9561e-13 -1.2474e-13 -7.9157e-14 -4.9979e-14 -3.1399e-14 -1.9307e-06 -3.8336e-06 -5.6819e-06 -7.4498e-06 -9.1134e-06 -1.0651e-05 0.0000e+00 -1.3280e-05 -1.4343e-05 -1.5227e-05 -1.5927e-05 -1.6442e-05 -1.6776e-05 -1.6933e-05 -1.6924e-05 -1.6758e-05 -1.6451e-05 -1.6016e-05 -1.5470e-05 -1.4830e-05 -1.4112e-05 -1.3335e-05 -1.2515e-05 -1.1666e-05 -1.0804e-05 -9.9421e-06 -9.0915e-06 -8.2624e-06 -7.4634e-06 -6.7013e-06 -5.9815e-06 -5.3079e-06 -4.6830e-06 -4.1080e-06 -3.5832e-06 -3.1080e-06 -2.6807e-06 -2.2994e-06 -1.9615e-06 -1.6641e-06 -1.4041e-06 -1.1784e-06 -9.8361e-07 -8.1664e-07 -6.7440e-07 -5.5399e-07 -4.5267e-07 -3.6793e-07 -2.9749e-07 -2.3928e-07 -1.9145e-07 -1.5239e-07 -1.2066e-07 -9.5050e-08 -7.4487e-08 -5.8072e-08 -4.5041e-08 -3.4756e-08 -2.6681e-08 -2.0378e-08 -1.5484e-08 -1.1706e-08 -8.8045e-09 -6.5885e-09 -4.9052e-09 -3.6335e-09 -2.6778e-09 -1.9635e-09 -1.4325e-09 -1.0398e-09 -7.5095e-10 -5.3961e-10 -3.8579e-10 -2.7443e-10 -1.9424e-10 -1.3679e-10 -9.5844e-11 -6.6819e-11 -4.6351e-11 -3.1991e-11 -2.1969e-11 -1.5012e-11 -1.0206e-11 -6.9043e-12 -4.6473e-12 -3.1125e-12 -2.0741e-12 -1.3753e-12 -9.0735e-13 -5.9564e-13 -3.8907e-13 -2.5287e-13 -1.6353e-13 -1.0523e-13 -6.7372e-14 -4.2921e-14 -2.7208e-14 -1.7161e-14 -1.0771e-14 -6.7261e-15
-6.3765e-06 -1.2666e-05 -1.8784e-05 -2.4649e-05 -3.0186e-05 -3.5327e-05 -4.0012e-05 6.4124e-03 -4.7826e-05 -5.0888e-05 -5.3360e-05 -5.5236e-05 -5.6523e-05 -5.7235e-05 -5.7397e-05 -5.7042e-05 -5.6210e-05 -5.4945e-05 -5.3298e-05 -5.1321e-05 -4.9068e-05 -4.6593e-05 -4.3948e-05 -4.1184e-05 -3.8351e-05 -3.5490e-05 -3.2644e-05 -2.9846e-05 -2.7127e-05 -2.4513e-05 -2.2023e-05 -1.9675e-05 -1.7478e-05 -1.5440e-05 -1.3565e-05 -1.1852e-05 -1.0299e-05 -8.9020e-06 -7.6529e-06 -6.5441e-06 -5.5663e-06 -4.7096e-06 -3.9638e-06 -3.3187e-06 -2.7641e-06 -2.2903e-06 -1.8878e-06 -1.5480e-06 -1.2629e-06 -1.0250e-06 -8.2763e-07 -6.6486e-07 -5.3138e-07 -4.2253e-07 -3.3427e-07 -2.6311e-07 -2.0604e-07 -1.6054e-07 -1.2445e-07 -9.5991e-08 -7.3664e-08 -5.6246e-08 -4.2730e-08 -3.2299e-08 -2.4291e-08 -1.8177e-08 -1.3534e-08 -1.0026e-08 -7.3901e-09 -5.4200e-09 -3.9551e-09 -2.8718e-09 -2.0747e-09 -1.4914e-09 -1.0667e-09 -7.5913e-10 -5.3755e-10 -3.7875e-10 -2.6552e-10 -1.8522e-10 -1.2856e-10 -8.8783e-11 -6.1009e-11 -4.1715e-11 -2.8380e-11 -1.9212e-11 -1.2940e-11 -8.6727e-12 -5.7835e-12 -3.8376e-12 -2.5338e-12 -1.6646e-12 -1.0881e-12 -7.0771e-13 -4.5802e-13 -2.9494e-13 -1.8899e-13 -1.2049e-13 -7.6437e-14 -4.8249e-14 -2.1253e-06 -4.2206e-06 -6.2564e-06 -8.2048e-06 -1.0040e-05 -1.1738e-05 -1.3280e-05 0.0000e+00 -1.5828e-05 -1.6814e-05 -1.7598e-05 -1.8181e-05 -1.8564e-05 -1.8754e-05 -1.8760e-05 -1.8595e-05 -1.8272e-05 -1.7808e-05 -1.7220e-05 -1.6527e-05 -1.5748e-05 -1.4900e-05 -1.4002e-05 -1.3071e-05 -1.2124e-05 -1.1173e-05 -1.0234e-05 -9.3157e-06 -8.4291e-06 -7.5817e-06 -6.7797e-06 -6.0274e-06 -5.3279e-06 -4.6830e-06 -4.0930e-06 -3.5574e-06 -3.0749e-06 -2.6432e-06 -2.2598e-06 -1.9215e-06 -1.6251e-06 -1.3670e-06 -1.1438e-06 -9.5200e-07 -7.8816e-07 -6.4908e-07 -5.3174e-07 -4.3334e-07 -3.5131e-07 -2.8333e-07 -2.2733e-07 -1.8145e-07 -1.4408e-07 -1.1383e-07 -8.9462e-08 -6.9953e-08 -5.4419e-08 -4.2119e-08 -3.2433e-08 -2.4848e-08 -1.8940e-08 -1.4364e-08 -1.0838e-08 -8.1368e-09 -6.0778e-09 -4.5169e-09 -3.3400e-09 -2.4574e-09 -1.7989e-09 -1.3102e-09 -9.4953e-10 -6.8468e-10 -4.9123e-10 -3.5068e-10 -2.4909e-10 -1.7604e-10 -1.2380e-10 -8.6623e-11 -6.0309e-11 -4.1779e-11 -2.8798e-11 -1.9752e-11 -1.3480e-11 -9.1533e-12 -6.1846e-12 -4.1580e-12 -2.7815e-12 -1.8515e-12 -1.2263e-12 -8.0818e-13 -5.2998e-13 -3.4582e-13 -2.2453e-13 -1.4506e-13 -9.3247e-14 -5.9645e-14 -3.7963e-14 -2.4043e-14 -1.5151e-14 -9.5004e-15
-6.8755e-06 -1.3660e-05 -2.0264e-05 -2.6602e-05 -3.2595e-05 -3.8170e-05 -4.3265e-05 -4.7826e-05 8.1156e-03 -5.5188e-05 -5.7940e-05 -6.0057e-05 -6.1544e-05 -6.2416e-05 -6.2696e-05 -6.2417e-05 -6.1620e-05 -6.0352e-05 -5.8663e-05 -5.6609e-05 -5.4245e-05 -5.1629e-05 -4.8817e-05 -4.5863e-05 -4.2818e-05 -3.9732e-05 -3.6646e-05 -3.3601e-05 -3.0630e-05 -2.7761e-05 -2.5019e-05 -2.2421e-05 -1.9982e-05 -1.7710e-05 -1.5611e-05 -1.3687e-05 -1.1935e-05 -1.0352e-05 -8.9317e-06 -7.6655e-06 -6.5442e-06 -5.5578e-06 -4.6955e-06 -3.9464e-06 -3.2997e-06 -2.7448e-06 -2.2715e-06 -1.8701e-06 -1.5318e-06 -1.2484e-06 -1.0121e-06 -8.1647e-07 -6.5529e-07 -5.2326e-07 -4.1572e-07 -3.2862e-07 -2.5846e-07 -2.0225e-07 -1.5747e-07 -1.2199e-07 -9.4029e-08 -7.2113e-08 -5.5028e-08 -4.1780e-08 -3.1563e-08 -2.3725e-08 -1.7744e-08 -1.3205e-08 -9.7778e-09 -7.2039e-09 -5.2810e-09 -3.8521e-09 -2.7958e-09 -2.0190e-09 -1.4508e-09 -1.0373e-09 -7.3792e-10 -5.2235e-10 -3.6791e-10 -2.5784e-10 -1.7981e-10 -1.2476e-10 -8.6136e-11 -5.9173e-11 -4.0448e-11 -2.7511e-11 -1.8618e-11 -1.2537e-11 -8.4005e-12 -5.6007e-12 -3.7154e-12 -2.4525e-12 -1.6108e-12 -1.0527e-12 -6.8456e-13 -4.4294e-13 -2.8518e-13 -1.8269e-13 -1.1645e-13 -7.3862e-14 -2.2916e-06 -4.5512e-06 -6.7477e-06 -8.8513e-06 -1.0834e-05 -1.2672e-05 -1.4343e-05 -1.5828e-05 0.0000e+00 -1.8192e-05 -1.9055e-05 -1.9702e-05 -2.0135e-05 -2.0360e-05 -2.0387e-05 -2.0229e-05 -1.9901e-05 -1.9419e-05 -1.8802e-05 -1.8070e-05 -1.7242e-05 -1.6338e-05 -1.5377e-05 -1.4378e-05 -1.3357e-05 -1.2332e-05 -1.1315e-05 -1.0319e-05 -9.3545e-06 -8.4307e-06 -7.5540e-06 -6.7298e-06 -5.9615e-06 -5.2513e-06 -4.6001e-06 -4.0074e-06 -3.4720e-06 -2.9918e-06 -2.5641e-06 -2.1857e-06 -1.8533e-06 -1.5631e-06 -1.3113e-06 -1.0944e-06 -9.0851e-07 -7.5030e-07 -6.1641e-07 -5.0380e-07 -4.0963e-07 -3.3135e-07 -2.6666e-07 -2.1349e-07 -1.7006e-07 -1.3477e-07 -1.0626e-07 -8.3354e-08 -6.5056e-08 -5.0517e-08 -3.9030e-08 -3.0003e-08 -2.2947e-08 -1.7463e-08 -1.3222e-08 -9.9612e-09 -7.4668e-09 -5.5690e-09 -4.1328e-09 -3.0517e-09 -2.2421e-09 -1.6391e-09 -1.1922e-09 -8.6292e-10 -6.2144e-10 -4.4531e-10 -3.1752e-10 -2.2527e-10 -1.5903e-10 -1.1171e-10 -7.8077e-11 -5.4301e-11 -3.7577e-11 -2.5876e-11 -1.7729e-11 -1.2088e-11 -8.2002e-12 -5.5355e-12 -3.7182e-12 -2.4851e-12 -1.6527e-12 -1.0937e-12 -7.2021e-13 -4.7190e-13 -3.0767e-13 -1.9961e-13 -1.2886e-13 -8.2772e-14 -5.2906e-14 -3.3649e-14 -2.1296e-14 -1.3411e-14
-7.2856e-06 -1.4477e-05 -2.1483e-05 -2.8216e-05 -3.4593e-05 -4.0540e-05 -4.5990e-05 -5.0888e-05 -5.5188e-05 1.0019e-02 -6.1876e-05 -6.4232e-05 -6.5927e-05 -6.6975e-05 -6.7399e-05 -6.7229e-05 -6.6507e-05 -6.5279e-05 -6.3596e-05 -6.1514e-05 -5.9091e-05 -5.6386e-05 -5.3456e-05 -5.0360e-05 -4.7151e-05 -4.3880e-05 -4.0595e-05 -3.7337e-05 -3.4143e-05 -3.1046e-05 -2.8073e-05 -2.5243e-05 -2.2575e-05 -2.0079e-05 -1.7763e-05 -1.5631e-05 -1.3681e-05 -1.1911e-05 -1.0316e-05 -8.8878e-06 -7.6175e-06 -6.4950e-06 -5.5093e-06 -4.6492e-06 -3.9033e-06 -3.2603e-06 -2.7093e-06 -2.2400e-06 -1.8426e-06 -1.5080e-06 -1.2280e-06 -9.9487e-07 -8.0195e-07 -6.4319e-07 -5.1326e-07 -4.0752e-07 -3.2194e-07 -2.5306e-07 -1.9792e-07 -1.5402e-07 -1.1925e-07 -9.1876e-08 -7.0430e-08 -5.3720e-08 -4.0770e-08 -3.0787e-08 -2.3133e-08 -1.7295e-08 -1.2866e-08 -9.5234e-09 -7.0141e-09 -5.1403e-09 -3.7482e-09 -2.7196e-09 -1.9634e-09 -1.4104e-09 -1.0082e-09 -7.1703e-10 -5.0743e-10 -3.5731e-10 -2.5036e-10 -1.7454e-10 -1.2108e-10 -8.3578e-11 -5.7404e-11 -3.9230e-11 -2.6677e-11 -1.8050e-11 -1.2153e-11 -8.1413e-12 -5.4268e-12 -3.5995e-12 -2.3755e-12 -1.5600e-12 -1.0193e-12 -6.6275e-13 -4.2876e-13 -2.7600e-13 -1.7679e-13 -1.1267e-13 -2.4282e-06 -4.8231e-06 -7.1522e-06 -9.3845e-06 -1.1491e-05 -1.3446e-05 -1.5227e-05 -1.6814e-05 -1.8192e-05 0.0000e+00 -2.0287e-05 -2.0994e-05 -2.1476e-05 -2.1739e-05 -2.1793e-05 -2.1650e-05 -2.1326e-05 -2.0837e-05 -2.0204e-05 -1.9446e-05 -1.8584e-05 -1.7638e-05 -1.6629e-05 -1.5576e-05 -1.4497e-05 -1.3410e-05 -1.2328e-05 -1.1266e-05 -1.0235e-05 -9.2437e-06 -8.3010e-06 -7.4121e-06 -6.5814e-06 -5.8113e-06 -5.1032e-06 -4.4569e-06 -3.8713e-06 -3.3447e-06 -2.8742e-06 -2.4568e-06 -2.0890e-06 -1.7669e-06 -1.4866e-06 -1.2443e-06 -1.0361e-06 -8.5823e-07 -7.0726e-07 -5.7986e-07 -4.7297e-07 -3.8382e-07 -3.0988e-07 -2.4892e-07 -1.9894e-07 -1.5819e-07 -1.2515e-07 -9.8514e-08 -7.7156e-08 -6.0125e-08 -4.6619e-08 -3.5965e-08 -2.7607e-08 -2.1086e-08 -1.6025e-08 -1.2117e-08 -9.1172e-09 -6.8257e-09 -5.0847e-09 -3.7690e-09 -2.7798e-09 -2.0401e-09 -1.4898e-09 -1.0825e-09 -7.8268e-10 -5.6309e-10 -4.0311e-10 -2.8715e-10 -2.0353e-10 -1.4355e-10 -1.0075e-10 -7.0357e-11 -4.8891e-11 -3.3806e-11 -2.3260e-11 -1.5925e-11 -1.0849e-11 -7.3546e-12 -4.9610e-12 -3.3300e-12 -2.2241e-12 -1.4782e-12 -9.7756e-13 -6.4330e-13 -4.2125e-13 -2.7448e-13 -1.7797e-13 -1.1482e-13 -7.3713e-14 -4.7089e-14 -2.9933e-14 -1.8934e-14
-7.6048e-06 -1.5115e-05 -2.2438e-05 -2.9485e-05 -3.6172e-05 -4.2423e-05 -4.8172e-05 -5.3360e-05 -5.7940e-05 -6.1876e-05 1.2123e-02 -6.7735e-05 -6.9644e-05 -7.0884e-05 -7.1474e-05 -7.1446e-05 -7.0837e-05 -6.9692e-05 -6.8063e-05 -6.6004e-05 -6.3574e-05 -6.0832e-05 -5.7837e-05 -5.4649e-05 -5.1324e-05 -4.7914e-05 -4.4470e-05 -4.1037e-05 -3.7655e-05 -3.4358e-05 -3.1178e-05 -2.8137e-05 -2.5255e-05 -2.2547e-05 -2.0023e-05 -1.7687e-05 -1.5541e-05 -1.3585e-05 -1.1813e-05 -1.0219e-05 -8.7941e-06 -7.5293e-06 -6.4135e-06 -5.4351e-06 -4.5826e-06 -3.8442e-06 -3.2084e-06 -2.6642e-06 -2.2012e-06 -1.8095e-06 -1.4800e-06 -1.2044e-06 -9.7520e-07 -7.8567e-07 -6.2981e-07 -5.0234e-07 -3.9866e-07 -3.1480e-07 -2.4734e-07 -1.9337e-07 -1.5042e-07 -1.1643e-07 -8.9666e-08 -6.8712e-08 -5.2392e-08 -3.9750e-08 -3.0008e-08 -2.2541e-08 -1.6848e-08 -1.2530e-08 -9.2723e-09 -6.8275e-09 -5.0023e-09 -3.6468e-09 -2.6454e-09 -1.9094e-09 -1.3714e-09 -9.8002e-10 -6.9688e-10 -4.9308e-10 -3.4714e-10 -2.4319e-10 -1.6951e-10 -1.1757e-10 -8.1142e-11 -5.5721e-11 -3.8074e-11 -2.5887e-11 -1.7513e-11 -1.1789e-11 -7.8966e-12 -5.2630e-12 -3.4903e-12 -2.3032e-12 -1.5123e-12 -9.8802e-13 -6.4231e-13 -4.1548e-13 -2.6742e-13 -1.7127e-13 -2.5345e-06 -5.0349e-06 -7.4680e-06 -9.8018e-06 -1.2007e-05 -1.4056e-05 -1.5927e-05 -1.7598e-05 -1.9055e-05 -2.0287e-05 0.0000e+00 -2.2049e-05 -2.2580e-05 -2.2883e-05 -2.2968e-05 -2.2848e-05 -2.2537e-05 -2.2054e-05 -2.1417e-05 -2.0647e-05 -1.9765e-05 -1.8793e-05 -1.7751e-05 -1.6659e-05 -1.5537e-05 -1.4401e-05 -1.3268e-05 -1.2151e-05 -1.1064e-05 -1.0017e-05 -9.0168e-06 -8.0713e-06 -7.1849e-06 -6.3608e-06 -5.6006e-06 -4.9046e-06 -4.2721e-06 -3.7014e-06 -3.1900e-06 -2.7348e-06 -2.3323e-06 -1.9787e-06 -1.6700e-06 -1.4022e-06 -1.1713e-06 -9.7340e-07 -8.0482e-07 -6.6205e-07 -5.4184e-07 -4.4121e-07 -3.5746e-07 -2.8814e-07 -2.3110e-07 -1.8442e-07 -1.4643e-07 -1.1569e-07 -9.0942e-08 -7.1132e-08 -5.5360e-08 -4.2871e-08 -3.3034e-08 -2.5328e-08 -1.9323e-08 -1.4669e-08 -1.1081e-08 -8.3285e-09 -6.2290e-09 -4.6357e-09 -3.4329e-09 -2.5296e-09 -1.8548e-09 -1.3533e-09 -9.8253e-10 -7.0981e-10 -5.1027e-10 -3.6501e-10 -2.5981e-10 -1.8402e-10 -1.2970e-10 -9.0964e-11 -6.3482e-11 -4.4084e-11 -3.0463e-11 -2.0947e-11 -1.4333e-11 -9.7585e-12 -6.6115e-12 -4.4573e-12 -2.9902e-12 -1.9962e-12 -1.3260e-12 -8.7647e-13 -5.7650e-13 -3.7732e-13 -2.4574e-13 -1.5926e-13 -1.0271e-13 -6.5908e-14 -4.2086e-14 -2.6742e-14
-7.8332e-06 -1.5573e-05 -2.3126e-05 -3.0406e-05 -3.7329e-05 -4.3819e-05 -4.9808e-05 -5.5236e-05 -6.0057e-05 -6.4232e-05 -6.7735e-05 1.4427e-02 -7.2678e-05 -7.4122e-05 -7.4901e-05 -7.5043e-05 -7.4583e-05 -7.3564e-05 -7.2035e-05 -7.0049e-05 -6.7664e-05 -6.4938e-05 -6.1932e-05 -5.8704e-05 -5.5311e-05 -5.1810e-05 -4.8252e-05 -4.4683e-05 -4.1148e-05 -3.7684e-05 -3.4323e-05 -3.1093e-05 -2.8017e-05 -2.5111e-05 -2.2388e-05 -1.9856e-05 -1.7519e-05 -1.5376e-05 -1.3427e-05 -1.1664e-05 -1.0081e-05 -8.6681e-06 -7.4155e-06 -6.3117e-06 -5.3451e-06 -4.5037e-06 -3.7756e-06 -3.1493e-06 -2.6137e-06 -2.1583e-06 -1.7733e-06 -1.4497e-06 -1.1792e-06 -9.5443e-07 -7.6863e-07 -6.1591e-07 -4.9107e-07 -3.8959e-07 -3.0754e-07 -2.4156e-07 -1.8879e-07 -1.4681e-07 -1.1360e-07 -8.7468e-08 -6.7011e-08 -5.1083e-08 -3.8748e-08 -2.9245e-08 -2.1963e-08 -1.6412e-08 -1.2203e-08 -9.0289e-09 -6.6470e-09 -4.8691e-09 -3.5491e-09 -2.5741e-09 -1.8576e-09 -1.3339e-09 -9.5314e-10 -6.7766e-10 -4.7940e-10 -3.3747e-10 -2.3637e-10 -1.6474e-10 -1.1425e-10 -7.8836e-11 -5.4131e-11 -3.6983e-11 -2.5142e-11 -1.7007e-11 -1.1447e-11 -7.6665e-12 -5.1090e-12 -3.3878e-12 -2.2353e-12 -1.4675e-12 -9.5869e-13 -6.2317e-13 -4.0306e-13 -2.5940e-13 -2.6105e-06 -5.1867e-06 -7.6950e-06 -1.0103e-05 -1.2381e-05 -1.4502e-05 -1.6442e-05 -1.8181e-05 -1.9702e-05 -2.0994e-05 -2.2049e-05 0.0000e+00 -2.3443e-05 -2.3788e-05 -2.3909e-05 -2.3818e-05 -2.3529e-05 -2.3062e-05 -2.2434e-05 -2.1666e-05 -2.0779e-05 -1.9796e-05 -1.8736e-05 -1.7620e-05 -1.6468e-05 -1.5299e-05 -1.4128e-05 -1.2970e-05 -1.1839e-05 -1.0745e-05 -9.6977e-06 -8.7039e-06 -7.7692e-06 -6.8973e-06 -6.0903e-06 -5.3490e-06 -4.6731e-06 -4.0611e-06 -3.5108e-06 -3.0193e-06 -2.5832e-06 -2.1986e-06 -1.8618e-06 -1.5684e-06 -1.3146e-06 -1.0963e-06 -9.0956e-07 -7.5084e-07 -6.1670e-07 -5.0399e-07 -4.0981e-07 -3.3156e-07 -2.6692e-07 -2.1380e-07 -1.7041e-07 -1.3515e-07 -1.0665e-07 -8.3742e-08 -6.5431e-08 -5.0870e-08 -3.9354e-08 -3.0295e-08 -2.3206e-08 -1.7688e-08 -1.3416e-08 -1.0125e-08 -7.6044e-09 -5.6829e-09 -4.2260e-09 -3.1272e-09 -2.3027e-09 -1.6872e-09 -1.2302e-09 -8.9254e-10 -6.4439e-10 -4.6295e-10 -3.3096e-10 -2.3544e-10 -1.6667e-10 -1.1740e-10 -8.2293e-11 -5.7401e-11 -3.9841e-11 -2.7518e-11 -1.8913e-11 -1.2935e-11 -8.8027e-12 -5.9613e-12 -4.0173e-12 -2.6939e-12 -1.7976e-12 -1.1936e-12 -7.8867e-13 -5.1855e-13 -3.3927e-13 -2.2088e-13 -1.4310e-13 -9.2253e-14 -5.9181e-14 -3.7778e-14
-7.9725e-06 -1.5854e-05 -2.3554e-05 -3.0987e-05 -3.8072e-05 -4.4733e-05 -5.0903e-05 -5.6523e-05 -6.1544e-05 -6.5927e-05 -6.9644e-05 -7.2678e-05 1.6931e-02 -7.6679e-05 -7.7666e-05 -7.8004e-05 -7.7726e-05 -7.6872e-05 -7.5488e-05 -7.3623e-05 -7.1334e-05 -6.8677e-05 -6.5711e-05 -6.2495e-05 -5.9087e-05 -5.5543e-05 -5.1915e-05 -4.8254e-05 -4.4603e-05 -4.1005e-05 -3.7494e-05 -3.4101e-05 -3.0851e-05 -2.7764e-05 -2.4856e-05 -2.2137e-05 -1.9614e-05 -1.7289e-05 -1.5161e-05 -1.3228e-05 -1.1483e-05 -9.9174e-06 -8.5221e-06 -7.2861e-06 -6.1981e-06 -5.2460e-06 -4.4179e-06 -3.7019e-06 -3.0865e-06 -2.5605e-06 -2.1135e-06 -1.7359e-06 -1.4186e-06 -1.1535e-06 -9.3333e-07 -7.5141e-07 -6.0194e-07 -4.7980e-07 -3.8054e-07 -3.0032e-07 -2.3583e-07 -1.8427e-07 -1.4327e-07 -1.1084e-07 -8.5322e-08 -6.5354e-08 -4.9811e-08 -3.7776e-08 -2.8506e-08 -2.1405e-08 -1.5992e-08 -1.1889e-08 -8.7951e-09 -6.4739e-09 -4.7417e-09 -3.4557e-09 -2.5060e-09 -1.8083e-09 -1.2983e-09 -9.2756e-10 -6.5939e-10 -4.6642e-10 -3.2829e-10 -2.2992e-10 -1.6023e-10 -1.1110e-10 -7.6658e-11 -5.2629e-11 -3.5953e-11 -2.4439e-11 -1.6530e-11 -1.1125e-11 -7.4501e-12 -4.9644e-12 -3.2916e-12 -2.1716e-12 -1.4256e-12 -9.3120e-13 -6.0525e-13 -3.9144e-13 -2.6569e-06 -5.2796e-06 -7.8348e-06 -1.0291e-05 -1.2617e-05 -1.4786e-05 -1.6776e-05 -1.8564e-05 -2.0135e-05 -2.1476e-05 -2.2580e-05 -2.3443e-05 0.0000e+00 -2.4454e-05 -2.4614e-05 -2.4558e-05 -2.4301e-05 -2.3859e-05 -2.3252e-05 -2.2499e-05 -2.1622e-05 -2.0641e-05 -1.9578e-05 -1.8454e-05 -1.7288e-05 -1.6099e-05 -1.4903e-05 -1.3717e-05 -1.2554e-05 -1.1425e-05 -1.0340e-05 -9.3065e-06 -8.3313e-06 -7.4183e-06 -6.5702e-06 -5.7884e-06 -5.0729e-06 -4.4227e-06 -3.8359e-06 -3.3098e-06 -2.8412e-06 -2.4266e-06 -2.0619e-06 -1.7432e-06 -1.4663e-06 -1.2271e-06 -1.0219e-06 -8.4667e-07 -6.9801e-07 -5.7259e-07 -4.6737e-07 -3.7959e-07 -3.0676e-07 -2.4669e-07 -1.9739e-07 -1.5717e-07 -1.2453e-07 -9.8176e-08 -7.7021e-08 -6.0127e-08 -4.6707e-08 -3.6105e-08 -2.7772e-08 -2.1257e-08 -1.6191e-08 -1.2272e-08 -9.2557e-09 -6.9466e-09 -5.1881e-09 -3.8557e-09 -2.8515e-09 -2.0984e-09 -1.5367e-09 -1.1199e-09 -8.1208e-10 -5.8601e-10 -4.2080e-10 -3.0069e-10 -2.1381e-10 -1.5128e-10 -1.0652e-10 -7.4636e-11 -5.2039e-11 -3.6106e-11 -2.4928e-11 -1.7126e-11 -1.1709e-11 -7.9658e-12 -5.3927e-12 -3.6329e-12 -2.4354e-12 -1.6246e-12 -1.0784e-12 -7.1234e-13 -4.6823e-13 -3.0627e-13 -1.9934e-13 -1.2911e-13 -8.3212e-14 -5.3368e-14
-8.0261e-06 -1.5965e-05 -2.3730e-05 -3.1239e-05 -3.8414e-05 -4.5181e-05 -5.1474e-05 -5.7235e-05 -6.2416e-05 -6.6975e-05 -7.0884e-05 -7.4122e-05 -7.6679e-05 1.9636e-02 -7.9765e-05 -8.0322e-05 -8.0256e-05 -7.9603e-05 -7.8404e-05 -7.6706e-05 -7.4560e-05 -7.2022e-05 -6.9149e-05 -6.5996e-05 -6.2623e-05 -5.9085e-05 -5.5434e-05 -5.1723e-05 -4.7998e-05 -4.4302e-05 -4.0673e-05 -3.7144e-05 -3.3744e-05 -3.0496e-05 -2.7418e-05 -2.4524e-05 -2.1823e-05 -1.9321e-05 -1.7018e-05 -1.4915e-05 -1.3005e-05 -1.1283e-05 -9.7391e-06 -8.3647e-06 -7.1482e-06 -6.0781e-06 -5.1424e-06 -4.3290e-06 -3.6261e-06 -3.0222e-06 -2.5064e-06 -2.0682e-06 -1.6982e-06 -1.3874e-06 -1.1279e-06 -9.1238e-07 -7.3437e-07 -5.8815e-07 -4.6871e-07 -3.7168e-07 -2.9327e-07 -2.3025e-07 -1.7988e-07 -1.3983e-07 -1.0816e-07 -8.3246e-08 -6.3754e-08 -4.8584e-08 -3.6840e-08 -2.7796e-08 -2.0869e-08 -1.5590e-08 -1.1589e-08 -8.5716e-09 -6.3086e-09 -4.6201e-09 -3.3667e-09 -2.4412e-09 -1.7613e-09 -1.2645e-09 -9.0327e-10 -6.4206e-10 -4.5412e-10 -3.1960e-10 -2.2381e-10 -1.5595e-10 -1.0813e-10 -7.4601e-11 -5.1212e-11 -3.4982e-11 -2.3777e-11 -1.6081e-11 -1.0822e-11 -7.2465e-12 -4.8283e-12 -3.2011e-12 -2.1117e-12 -1.3862e-12 -9.0540e-13 -5.8844e-13 -2.6746e-06 -5.3158e-06 -7.8908e-06 -1.0368e-05 -1.2718e-05 -1.4915e-05 -1.6933e-05 -1.8754e-05 -2.0360e-05 -2.1739e-05 -2.2883e-05 -2.3788e-05 -2.4454e-05 0.0000e+00 -2.5086e-05 -2.5071e-05 -2.4852e-05 -2.4446e-05 -2.3870e-05 -2.3145e-05 -2.2290e-05 -2.1326e-05 -2.0275e-05 -1.9157e-05 -1.7991e-05 -1.6796e-05 -1.5590e-05 -1.4388e-05 -1.3205e-05 -1.2052e-05 -1.0939e-05 -9.8756e-06 -8.8679e-06 -7.9208e-06 -7.0377e-06 -6.2204e-06 -5.4696e-06 -4.7846e-06 -4.1640e-06 -3.6054e-06 -3.1060e-06 -2.6622e-06 -2.2703e-06 -1.9264e-06 -1.6264e-06 -1.3663e-06 -1.1421e-06 -9.4990e-07 -7.8615e-07 -6.4742e-07 -5.3053e-07 -4.3261e-07 -3.5102e-07 -2.8342e-07 -2.2771e-07 -1.8206e-07 -1.4484e-07 -1.1467e-07 -9.0336e-08 -7.0819e-08 -5.5247e-08 -4.2888e-08 -3.3131e-08 -2.5469e-08 -1.9483e-08 -1.4831e-08 -1.1235e-08 -8.4691e-09 -6.3530e-09 -4.7424e-09 -3.5228e-09 -2.6041e-09 -1.9155e-09 -1.4022e-09 -1.0214e-09 -7.4037e-10 -5.3405e-10 -3.8335e-10 -2.7383e-10 -1.9464e-10 -1.3768e-10 -9.6908e-11 -6.7879e-11 -4.7313e-11 -3.2817e-11 -2.2651e-11 -1.5558e-11 -1.0633e-11 -7.2322e-12 -4.8948e-12 -3.2967e-12 -2.2094e-12 -1.4735e-12 -9.7791e-13 -6.4582e-13 -4.2441e-13 -2.7755e-13 -1.8061e-13 -1.1696e-13 -7.5365e-14
-7.9988e-06 -1.5915e-05 -2.3669e-05 -3.1180e-05 -3.8375e-05 -4.5184e-05 -5.1544e-05 -5.7397e-05 -6.2696e-05 -6.7399e-05 -7.1474e-05 -7.4901e-05 -7.7666e-05 -7.9765e-05 2.2541e-02 -8.1998e-05 -8.2169e-05 -8.1747e-05 -8.0770e-05 -7.9280e-05 -7.7323e-05 -7.4952e-05 -7.2219e-05 -6.9181e-05 -6.5892e-05 -6.2408e-05 -5.8782e-05 -5.5066e-05 -5.1308e-05 -4.7552e-05 -4.3839e-05 -4.0205e-05 -3.6681e-05 -3.3294e-05 -3.0064e-05 -2.7009e-05 -2.4142e-05 -2.1469e-05 -1.8996e-05 -1.6723e-05 -1.4649e-05 -1.2767e-05 -1.1071e-05 -9.5530e-06 -8.2017e-06 -7.0065e-06 -5.9556e-06 -5.0372e-06 -4.2392e-06 -3.5499e-06 -2.9580e-06 -2.4525e-06 -2.0233e-06 -1.6609e-06 -1.3567e-06 -1.1027e-06 -8.9182e-07 -7.1769e-07 -5.7470e-07 -4.5792e-07 -3.6306e-07 -2.8642e-07 -2.2484e-07 -1.7563e-07 -1.3651e-07 -1.0558e-07 -8.1248e-08 -6.2216e-08 -4.7406e-08 -3.5942e-08 -2.7116e-08 -2.0356e-08 -1.5205e-08 -1.1301e-08 -8.3583e-09 -6.1510e-09 -4.5042e-09 -3.2819e-09 -2.3795e-09 -1.7166e-09 -1.2323e-09 -8.8022e-10 -6.2562e-10 -4.4246e-10 -3.1136e-10 -2.1803e-10 -1.5191e-10 -1.0532e-10 -7.2656e-11 -4.9874e-11 -3.4065e-11 -2.3152e-11 -1.5657e-11 -1.0536e-11 -7.0546e-12 -4.7001e-12 -3.1159e-12 -2.0554e-12 -1.3491e-12 -8.8114e-13 -2.6654e-06 -5.2985e-06 -7.8674e-06 -1.0342e-05 -1.2693e-05 -1.4895e-05 -1.6924e-05 -1.8760e-05 -2.0387e-05 -2.1793e-05 -2.2968e-05 -2.3909e-05 -2.4614e-05 -2.5086e-05 0.0000e+00 -2.5362e-05 -2.5188e-05 -2.4826e-05 -2.4292e-05 -2.3605e-05 -2.2784e-05 -2.1851e-05 -2.0825e-05 -1.9726e-05 -1.8574e-05 -1.7388e-05 -1.6185e-05 -1.4980e-05 -1.3788e-05 -1.2622e-05 -1.1492e-05 -1.0407e-05 -9.3756e-06 -8.4018e-06 -7.4900e-06 -6.6428e-06 -5.8612e-06 -5.1453e-06 -4.4939e-06 -3.9051e-06 -3.3765e-06 -2.9048e-06 -2.4866e-06 -2.1179e-06 -1.7950e-06 -1.5138e-06 -1.2704e-06 -1.0608e-06 -8.8146e-07 -7.2884e-07 -5.9969e-07 -4.9100e-07 -4.0005e-07 -3.2435e-07 -2.6169e-07 -2.1011e-07 -1.6787e-07 -1.3347e-07 -1.0560e-07 -8.3142e-08 -6.5142e-08 -5.0790e-08 -3.9408e-08 -3.0427e-08 -2.3379e-08 -1.7876e-08 -1.3602e-08 -1.0299e-08 -7.7606e-09 -5.8192e-09 -4.3422e-09 -3.2243e-09 -2.3826e-09 -1.7520e-09 -1.2821e-09 -9.3360e-10 -6.7653e-10 -4.8786e-10 -3.5009e-10 -2.5000e-10 -1.7766e-10 -1.2563e-10 -8.8408e-11 -6.1910e-11 -4.3142e-11 -2.9917e-11 -2.0645e-11 -1.4177e-11 -9.6877e-12 -6.5877e-12 -4.4578e-12 -3.0018e-12 -2.0114e-12 -1.3412e-12 -8.8997e-13 -5.8764e-13 -3.8612e-13 -2.5246e-13 -1.6426e-13 -1.0636e-13
-7.8967e-06 -1.5717e-05 -2.3386e-05 -3.0831e-05 -3.7982e-05 -4.4774e-05 -5.1145e-05 -5.7042e-05 -6.2417e-05 -6.7229e-05 -7.1446e-05 -7.5043e-05 -7.8004e-05 -8.0322e-05 -8.1998e-05 2.5646e-02 -8.3468e-05 -8.3304e-05 -8.2581e-05 -8.1334e-05 -7.9607e-05 -7.7446e-05 -7.4901e-05 -7.2023e-05 -6.8867e-05 -6.5485e-05 -6.1930e-05 -5.8254e-05 -5.4505e-05 -5.0729e-05 -4.6968e-05 -4.3262e-05 -3.9643e-05 -3.6141e-05 -3.2781e-05 -2.9582e-05 -2.6561e-05 -2.3728e-05 -2.1091e-05 -1.8653e-05 -1.6415e-05 -1.4373e-05 -1.2522e-05 -1.0855e-05 -9.3638e-06 -8.0369e-06 -6.8639e-06 -5.8329e-06 -4.9323e-06 -4.1500e-06 -3.4745e-06 -2.8945e-06 -2.3994e-06 -1.9792e-06 -1.6244e-06 -1.3267e-06 -1.0781e-06 -8.7182e-07 -7.0149e-07 -5.6165e-07 -4.4746e-07 -3.5472e-07 -2.7981e-07 -2.1963e-07 -1.7154e-07 -1.3331e-07 -1.0309e-07 -7.9329e-08 -6.0740e-08 -4.6277e-08 -3.5083e-08 -2.6465e-08 -1.9865e-08 -1.4837e-08 -1.1027e-08 -8.1549e-09 -6.0008e-09 -4.3939e-09 -3.2013e-09 -2.3208e-09 -1.6742e-09 -1.2017e-09 -8.5833e-10 -6.1002e-10 -4.3139e-10 -3.0356e-10 -2.1255e-10 -1.4808e-10 -1.0266e-10 -7.0816e-11 -4.8608e-11 -3.3198e-11 -2.2562e-11 -1.5257e-11 -1.0266e-11 -6.8734e-12 -4.5792e-12 -3.0356e-12 -2.0023e-12 -1.3142e-12 -2.6313e-06 -5.2316e-06 -7.7706e-06 -1.0219e-05 -1.2550e-05 -1.4737e-05 -1.6758e-05 -1.8595e-05 -2.0229e-05 -2.1650e-05 -2.2848e-05 -2.3818e-05 -2.4558e-05 -2.5071e-05 -2.5362e-05 0.0000e+00 -2.5316e-05 -2.5004e-05 -2.4520e-05 -2.3882e-05 -2.3107e-05 -2.2216e-05 -2.1228e-05 -2.0161e-05 -1.9037e-05 -1.7872e-05 -1.6683e-05 -1.5488e-05 -1.4300e-05 -1.3132e-05 -1.1995e-05 -1.0899e-05 -9.8511e-06 -8.8581e-06 -7.9244e-06 -7.0529e-06 -6.2455e-06 -5.5026e-06 -4.8238e-06 -4.2076e-06 -3.6518e-06 -3.1538e-06 -2.7102e-06 -2.3175e-06 -1.9720e-06 -1.6697e-06 -1.4068e-06 -1.1796e-06 -9.8418e-07 -8.1715e-07 -6.7517e-07 -5.5513e-07 -4.5422e-07 -3.6984e-07 -2.9968e-07 -2.4164e-07 -1.9390e-07 -1.5484e-07 -1.2304e-07 -9.7305e-08 -7.6576e-08 -5.9971e-08 -4.6739e-08 -3.6249e-08 -2.7978e-08 -2.1489e-08 -1.6425e-08 -1.2493e-08 -9.4568e-09 -7.1235e-09 -5.3398e-09 -3.9834e-09 -2.9571e-09 -2.1845e-09 -1.6059e-09 -1.1749e-09 -8.5534e-10 -6.1968e-10 -4.4676e-10 -3.2053e-10 -2.2884e-10 -1.6259e-10 -1.1495e-10 -8.0879e-11 -5.6627e-11 -3.9454e-11 -2.7355e-11 -1.8874e-11 -1.2959e-11 -8.8539e-12 -6.0198e-12 -4.0730e-12 -2.7422e-12 -1.8373e-12 -1.2250e-12 -8.1271e-13 -5.3657e-13 -3.5252e-13 -2.3047e-13 -1.4994e-13
