1.1986e-04 -1.1900e-02 -1.1331e-02 -1.0580e-02 -9.6864e-03 -8.6964e-03 -7.6560e-03 -6.6093e-03 -5.5948e-03 -4.6441e-03 -3.7800e-03 -3.0170e-03 -2.3611e-03 -1.8120e-03 -1.3635e-03 -1.0061e-03 -7.2790e-04 -5.1640e-04 -3.5923e-04 -2.4503e-04 -1.6388e-04 -1.0747e-04 -6.9106e-05 -4.3571e-05 -2.6936e-05 -1.6327e-05 -9.7037e-06 -5.6547e-06 -3.2309e-06 -1.8100e-06 -9.9419e-07 -5.3542e-07 -2.8271e-07 -1.4636e-07 -7.4291e-08 -3.6972e-08 -1.8039e-08 -8.6296e-09 -4.0474e-09 -1.8611e-09 -8.3902e-10 -3.7084e-10 -1.6069e-10 -6.8267e-11 -2.8433e-11 -1.1610e-11 -4.6478e-12 -1.8241e-12 -7.0183e-13 -2.6473e-13 -9.7897e-14 -3.5491e-14 -1.2613e-14 -4.3948e-15 -1.5011e-15 -5.0265e-16 -1.6500e-16 -5.3099e-17 -1.6751e-17 -5.1805e-18 -1.5706e-18 -4.6679e-19 -1.3600e-19 -3.8844e-20 -1.0876e-20 -2.9850e-21 -8.0315e-22 -2.1183e-22 -5.4771e-23 -1.3882e-23 -3.4491e-24 -8.4005e-25 -2.0056e-25 -4.6941e-26 -1.0769e-26 -2.4220e-27 -5.3394e-28 -1.1539e-28 -2.4443e-29 -5.0757e-30 -1.0332e-30 -2.0616e-31 -4.0323e-32 -7.7311e-33 -1.4530e-33 -2.6769e-34 -4.8341e-35 -8.5573e-36 -1.4849e-36 -2.5257e-37 -4.2111e-38 -6.8824e-39 -1.1026e-39 -1.7315e-40 -2.6653e-41 -4.0216e-42 -5.9481e-43 -8.6236e-44 -1.2255e-44 -1.7072e-45 0.0000e+00 1.1890e-02 1.1310e-02 1.0546e-02 9.6381e-03 8.6342e-03 7.5816e-03 6.5256e-03 5.5054e-03 4.5527e-03 3.6904e-03 2.9321e-03 2.2835e-03 1.7432e-03 1.3044e-03 9.5667e-04 6.8777e-04 4.8466e-04 3.3477e-04 2.2665e-04 1.5042e-04 9.7845e-05 6.2388e-05 3.8992e-05 2.3887e-05 1.4343e-05 8.4423e-06 4.8706e-06 2.7544e-06 1.5268e-06 8.2952e-07 4.4177e-07 2.3061e-07 1.1800e-07 5.9181e-08 2.9094e-08 1.4019e-08 6.6217e-09 3.0656e-09 1.3912e-09 6.1880e-10 2.6980e-10 1.1530e-10 4.8298e-11 1.9831e-11 7.9811e-12 3.1484e-12 1.2174e-12 4.6140e-13 1.7141e-13 6.2416e-14 2.2278e-14 7.7938e-15 2.6726e-15 8.9832e-16 2.9596e-16 9.5574e-17 3.0252e-17 9.3858e-18 2.8543e-18 8.5080e-19 2.4858e-19 7.1187e-20 1.9982e-20 5.4979e-21 1.4827e-21 3.9192e-22 1.0154e-22 2.5788e-23 6.4191e-24 1.5662e-24 3.7454e-25 8.7794e-26 2.0171e-26 4.5424e-27 1.0026e-27 2.1692e-28 4.6001e-29 9.5614e-30 1.9479e-30 3.8898e-31 7.6132e-32 1.4605e-32 2.7462e-33 5.0613e-34 9.1430e-35 1.6188e-35 2.8093e-36 4.7786e-37 7.9669e-38 1.3019e-38 2.0851e-39 3.2733e-40 5.0364e-41 7.5953e-42 1.1227e-42 1.6265e-43 2.3096e-44 3.2144e-45 4.3848e-46
-1.1900e-02 4.7905e-04 -1.1055e-02 -1.0365e-02 -9.5409e-03 -8.6214e-03 -7.6477e-03 -6.6595e-03 -5.6924e-03 -4.7761e-03 -3.9333e-03 -3.1792e-03 -2.5220e-03 -1.9635e-03 -1.5002e-03 -1.1247e-03 -8.2744e-04 -5.9729e-04 -4.2303e-04 -2.9395e-04 -2.0039e-04 -1.3401e-04 -8.7916e-05 -5.6575e-05 -3.5711e-05 -2.2109e-05 -1.3425e-05 -7.9954e-06 -4.6699e-06 -2.6748e-06 -1.5025e-06 -8.2760e-07 -4.4701e-07 -2.3676e-07 -1.2296e-07 -6.2611e-08 -3.1260e-08 -1.5303e-08 -7.3448e-09 -3.4563e-09 -1.5946e-09 -7.2124e-10 -3.1982e-10 -1.3904e-10 -5.9257e-11 -2.4758e-11 -1.0141e-11 -4.0720e-12 -1.6028e-12 -6.1850e-13 -2.3396e-13 -8.6756e-14 -3.1536e-14 -1.1237e-14 -3.9251e-15 -1.3440e-15 -4.5109e-16 -1.4841e-16 -4.7865e-17 -1.5132e-17 -4.6893e-18 -1.4245e-18 -4.2415e-19 -1.2380e-19 -3.5418e-20 -9.9327e-21 -2.7305e-21 -7.3574e-22 -1.9433e-22 -5.0311e-23 -1.2768e-23 -3.1760e-24 -7.7442e-25 -1.8509e-25 -4.3362e-26 -9.9575e-27 -2.2413e-27 -4.9452e-28 -1.0695e-28 -2.2672e-29 -4.7109e-30 -9.5950e-31 -1.9156e-31 -3.7486e-32 -7.1904e-33 -1.3519e-33 -2.4915e-34 -4.5008e-35 -7.9695e-36 -1.3832e-36 -2.3532e-37 -3.9241e-38 -6.4141e-39 -1.0276e-39 -1.6139e-40 -2.4843e-41 -3.7485e-42 -5.5440e-43 -8.0372e-44 -1.1421e-44 1.1890e-02 0.0000e+00 1.0976e-02 1.0234e-02 9.3533e-03 8.3789e-03 7.3574e-03 6.3325e-03 5.3425e-03 4.4179e-03 3.5810e-03 2.8451e-03 2.2156e-03 1.6913e-03 1.2654e-03 9.2801e-04 6.6709e-04 4.7002e-04 3.2460e-04 2.1973e-04 1.4579e-04 9.4810e-05 6.0435e-05 3.7758e-05 2.3122e-05 1.3878e-05 8.1645e-06 4.7077e-06 2.6606e-06 1.4737e-06 8.0010e-07 4.2574e-07 2.2203e-07 1.1349e-07 5.6855e-08 2.7915e-08 1.3433e-08 6.3352e-09 2.9282e-09 1.3264e-09 5.8885e-10 2.5620e-10 1.0924e-10 4.5646e-11 1.8692e-11 7.5009e-12 2.9498e-12 1.1368e-12 4.2928e-13 1.5886e-13 5.7603e-14 2.0467e-14 7.1260e-15 2.4310e-15 8.1256e-16 2.6611e-16 8.5387e-17 2.6843e-17 8.2672e-18 2.4944e-18 7.3730e-19 2.1348e-19 6.0550e-20 1.6822e-20 4.5773e-21 1.2199e-21 3.1838e-22 8.1374e-23 2.0366e-23 4.9906e-24 1.1973e-24 2.8119e-25 6.4642e-26 1.4544e-26 3.2021e-27 6.8976e-28 1.4535e-28 2.9954e-29 6.0360e-30 1.1889e-30 2.2884e-31 4.3023e-32 7.8969e-33 1.4143e-33 2.4698e-34 4.2017e-35 6.9556e-36 1.1188e-36 1.7453e-37 2.6333e-38 3.8284e-39 5.3330e-40 7.0549e-41 8.7266e-42 9.7895e-43 9.2379e-44 5.4244e-45 -4.1628e-46 -2.3130e-46 -5.6375e-47
-1.1331e-02 -1.1055e-02 1.0764e-03 -1.0017e-02 -9.3003e-03 -8.4921e-03 -7.6246e-03 -6.7304e-03 -5.8401e-03 -4.9807e-03 -4.1742e-03 -3.4371e-03 -2.7803e-03 -2.2089e-03 -1.7234e-03 -1.3202e-03 -9.9292e-04 -7.3300e-04 -5.3109e-04 -3.7762e-04 -2.6346e-04 -1.8034e-04 -1.2110e-04 -7.9773e-05 -5.1543e-05 -3.2663e-05 -2.0300e-05 -1.2372e-05 -7.3944e-06 -4.3335e-06 -2.4902e-06 -1.4030e-06 -7.7503e-07 -4.1974e-07 -2.2287e-07 -1.1602e-07 -5.9204e-08 -2.9619e-08 -1.4526e-08 -6.9835e-09 -3.2913e-09 -1.5205e-09 -6.8860e-10 -3.0569e-10 -1.3302e-10 -5.6743e-11 -2.3726e-11 -9.7242e-12 -3.9067e-12 -1.5385e-12 -5.9388e-13 -2.2471e-13 -8.3342e-14 -3.0299e-14 -1.0797e-14 -3.7714e-15 -1.2912e-15 -4.3334e-16 -1.4255e-16 -4.5965e-17 -1.4527e-17 -4.5006e-18 -1.3667e-18 -4.0679e-19 -1.1868e-19 -3.3941e-20 -9.5141e-21 -2.6141e-21 -7.0404e-22 -1.8586e-22 -4.8093e-23 -1.2198e-23 -3.0326e-24 -7.3900e-25 -1.7652e-25 -4.1329e-26 -9.4849e-27 -2.1336e-27 -4.7046e-28 -1.0168e-28 -2.1541e-29 -4.4731e-30 -9.1046e-31 -1.8165e-31 -3.5523e-32 -6.8094e-33 -1.2794e-33 -2.3564e-34 -4.2538e-35 -7.5272e-36 -1.3056e-36 -2.2196e-37 -3.6989e-38 -6.0420e-39 -9.6740e-40 -1.5182e-40 -2.3356e-41 -3.5218e-42 -5.2053e-43 -7.5412e-44 1.1310e-02 1.0976e-02 0.0000e+00 9.7349e-03 8.8969e-03 7.9700e-03 6.9982e-03 6.0230e-03 5.0810e-03 4.2013e-03 3.4049e-03 2.7048e-03 2.1059e-03 1.6071e-03 1.2020e-03 8.8113e-04 6.3306e-04 4.4577e-04 3.0762e-04 2.0806e-04 1.3790e-04 8.9574e-05 5.7018e-05 3.5567e-05 2.1740e-05 1.3022e-05 7.6425e-06 4.3949e-06 2.4762e-06 1.3669e-06 7.3926e-07 3.9167e-07 2.0328e-07 1.0334e-07 5.1461e-08 2.5098e-08 1.1987e-08 5.6065e-09 2.5675e-09 1.1512e-09 5.0527e-10 2.1707e-10 9.1260e-11 3.7542e-11 1.5108e-11 5.9466e-12 2.2886e-12 8.6094e-13 3.1646e-13 1.1361e-13 3.9814e-14 1.3611e-14 4.5358e-15 1.4718e-15 4.6445e-16 1.4229e-16 4.2224e-17 1.2098e-17 3.3310e-18 8.7507e-19 2.1673e-19 4.9502e-20 9.9341e-21 1.5126e-21 4.0244e-23 -9.7676e-23 -5.6517e-23 -2.3151e-23 -8.1894e-24 -2.6532e-24 -8.0759e-25 -2.3407e-25 -6.5114e-26 -1.7474e-26 -4.5392e-27 -1.1442e-27 -2.8040e-28 -6.6891e-29 -1.5550e-29 -3.5256e-30 -7.8015e-31 -1.6857e-31 -3.5585e-32 -7.3415e-33 -1.4807e-33 -2.9205e-34 -5.6343e-35 -1.0634e-35 -1.9639e-36 -3.5494e-37 -6.2790e-38 -1.0873e-38 -1.8433e-39 -3.0597e-40 -4.9730e-41 -7.9149e-42 -1.2337e-42 -1.8833e-43 -2.8158e-44 -4.1237e-45
-1.0580e-02 -1.0365e-02 -1.0017e-02 1.9100e-03 -8.9676e-03 -8.3031e-03 -7.5741e-03 -6.8042e-03 -6.0173e-03 -5.2365e-03 -4.4824e-03 -3.7728e-03 -3.1213e-03 -2.5373e-03 -2.0261e-03 -1.5889e-03 -1.2233e-03 -9.2443e-04 -6.8560e-04 -4.9891e-04 -3.5619e-04 -2.4944e-04 -1.7134e-04 -1.1542e-04 -7.6251e-05 -4.9394e-05 -3.1374e-05 -1.9538e-05 -1.1929e-05 -7.1406e-06 -4.1903e-06 -2.4106e-06 -1.3594e-06 -7.5152e-07 -4.0726e-07 -2.1634e-07 -1.1265e-07 -5.7500e-08 -2.8769e-08 -1.4109e-08 -6.7827e-09 -3.1961e-09 -1.4762e-09 -6.6834e-10 -2.9659e-10 -1.2901e-10 -5.5008e-11 -2.2989e-11 -9.4176e-12 -3.7815e-12 -1.4883e-12 -5.7419e-13 -2.1713e-13 -8.0480e-14 -2.9240e-14 -1.0413e-14 -3.6348e-15 -1.2437e-15 -4.1709e-16 -1.3711e-16 -4.4182e-17 -1.3954e-17 -4.3202e-18 -1.3110e-18 -3.8995e-19 -1.1369e-19 -3.2492e-20 -9.1019e-21 -2.4992e-21 -6.7264e-22 -1.7745e-22 -4.5888e-23 -1.1631e-23 -2.8898e-24 -7.0376e-25 -1.6799e-25 -3.9308e-26 -9.0154e-27 -2.0268e-27 -4.4662e-28 -9.6469e-29 -2.0425e-29 -4.2388e-30 -8.6226e-31 -1.7193e-31 -3.3603e-32 -6.4377e-33 -1.2089e-33 -2.2252e-34 -4.0148e-35 -7.1003e-36 -1.2309e-36 -2.0915e-37 -3.4835e-38 -5.6872e-39 -9.1010e-40 -1.4276e-40 -2.1950e-41 -3.3081e-42 -4.8870e-43 1.0546e-02 1.0234e-02 9.7349e-03 0.0000e+00 8.2951e-03 7.4305e-03 6.5239e-03 5.6141e-03 4.7352e-03 3.9143e-03 3.1712e-03 2.5180e-03 1.9593e-03 1.4940e-03 1.1163e-03 8.1736e-04 5.8638e-04 4.1216e-04 2.8383e-04 1.9147e-04 1.2652e-04 8.1892e-05 5.1910e-05 3.2222e-05 1.9584e-05 1.1653e-05 6.7871e-06 3.8686e-06 2.1576e-06 1.1771e-06 6.2800e-07 3.2755e-07 1.6695e-07 8.3119e-08 4.0398e-08 1.9154e-08 8.8519e-09 3.9831e-09 1.7426e-09 7.3991e-10 3.0413e-10 1.2059e-10 4.5880e-11 1.6614e-11 5.6465e-12 1.7534e-12 4.6712e-13 8.5485e-14 -7.0713e-15 -1.8666e-14 -1.3181e-14 -7.1932e-15 -3.4669e-15 -1.5443e-15 -6.4935e-16 -2.6070e-16 -1.0063e-16 -3.7520e-17 -1.3553e-17 -4.7542e-18 -1.6221e-18 -5.3901e-19 -1.7461e-19 -5.5183e-20 -1.7026e-20 -5.1309e-21 -1.5110e-21 -4.3495e-22 -1.2243e-22 -3.3705e-23 -9.0776e-24 -2.3922e-24 -6.1695e-25 -1.5574e-25 -3.8483e-26 -9.3100e-27 -2.2053e-27 -5.1150e-28 -1.1618e-28 -2.5846e-29 -5.6312e-30 -1.2017e-30 -2.5121e-31 -5.1440e-32 -1.0319e-32 -2.0279e-33 -3.9042e-34 -7.3645e-35 -1.3611e-35 -2.4646e-36 -4.3727e-37 -7.6019e-38 -1.2950e-38 -2.1616e-39 -3.5356e-40 -5.6670e-41 -8.9010e-42 -1.3700e-42 -2.0665e-43 -3.0547e-44
-9.6864e-03 -9.5409e-03 -9.3003e-03 -8.9676e-03 2.9773e-03 -8.0492e-03 -7.4819e-03 -6.8596e-03 -6.1985e-03 -5.5163e-03 -4.8316e-03 -4.1626e-03 -3.5254e-03 -2.9338e-03 -2.3980e-03 -1.9245e-03 -1.5160e-03 -1.1719e-03 -8.8876e-04 -6.6118e-04 -4.8243e-04 -3.4520e-04 -2.4221e-04 -1.6663e-04 -1.1240e-04 -7.4325e-05 -4.8183e-05 -3.0621e-05 -1.9077e-05 -1.1650e-05 -6.9739e-06 -4.0922e-06 -2.3537e-06 -1.3270e-06 -7.3337e-07 -3.9727e-07 -2.1094e-07 -1.0978e-07 -5.6005e-08 -2.8005e-08 -1.3726e-08 -6.5943e-09 -3.1053e-09 -1.4334e-09 -6.4850e-10 -2.8759e-10 -1.2501e-10 -5.3266e-11 -2.2246e-11 -9.1069e-12 -3.6543e-12 -1.4373e-12 -5.5412e-13 -2.0940e-13 -7.7563e-14 -2.8161e-14 -1.0022e-14 -3.4962e-15 -1.1955e-15 -4.0068e-16 -1.3164e-16 -4.2390e-17 -1.3381e-17 -4.1400e-18 -1.2556e-18 -3.7325e-19 -1.0876e-19 -3.1064e-20 -8.6971e-21 -2.3867e-21 -6.4201e-22 -1.6928e-22 -4.3751e-23 -1.1084e-23 -2.7523e-24 -6.6994e-25 -1.5984e-25 -3.7382e-26 -8.5694e-27 -1.9256e-27 -4.2411e-28 -9.1565e-29 -1.9377e-29 -4.0195e-30 -8.1729e-31 -1.6289e-31 -3.1822e-32 -6.0938e-33 -1.1438e-33 -2.1046e-34 -3.7955e-35 -6.7098e-36 -1.1627e-36 -1.9748e-37 -3.2879e-38 -5.3657e-39 -8.5833e-40 -1.3459e-40 -2.0686e-41 -3.1164e-42 9.6381e-03 9.3533e-03 8.8969e-03 8.2951e-03 0.0000e+00 6.7896e-03 5.9601e-03 5.1276e-03 4.3231e-03 3.5717e-03 2.8914e-03 2.2934e-03 1.7822e-03 1.3566e-03 1.0115e-03 7.3858e-04 5.2808e-04 3.6965e-04 2.5327e-04 1.6982e-04 1.1139e-04 7.1462e-05 4.4819e-05 2.7468e-05 1.6442e-05 9.6054e-06 5.4725e-06 3.0374e-06 1.6403e-06 8.6029e-07 4.3721e-07 2.1460e-07 1.0125e-07 4.5582e-08 1.9343e-08 7.5631e-09 2.5912e-09 6.6592e-10 1.8991e-11 -1.3824e-10 -1.3447e-10 -9.4136e-11 -5.7148e-11 -3.1832e-11 -1.6676e-11 -8.3251e-12 -3.9914e-12 -1.8469e-12 -8.2766e-13 -3.6005e-13 -1.5232e-13 -6.2754e-14 -2.5202e-14 -9.8741e-15 -3.7769e-15 -1.4111e-15 -5.1520e-16 -1.8388e-16 -6.4180e-17 -2.1910e-17 -7.3182e-18 -2.3919e-18 -7.6512e-19 -2.3958e-19 -7.3441e-20 -2.2042e-20 -6.4780e-21 -1.8644e-21 -5.2552e-22 -1.4508e-22 -3.9231e-23 -1.0392e-23 -2.6964e-24 -6.8543e-25 -1.7070e-25 -4.1649e-26 -9.9565e-27 -2.3321e-27 -5.3521e-28 -1.2036e-28 -2.6522e-29 -5.7267e-30 -1.2117e-30 -2.5125e-31 -5.1052e-32 -1.0166e-32 -1.9837e-33 -3.7936e-34 -7.1099e-35 -1.3059e-35 -2.3508e-36 -4.1472e-37 -7.1706e-38 -1.2151e-38 -2.0181e-39 -3.2849e-40 -5.2405e-41 -8.1941e-42 -1.2558e-42 -1.8862e-43
-8.6964e-03 -8.6214e-03 -8.4921e-03 -8.3031e-03 -8.0492e-03 4.2751e-03 -7.3338e-03 -6.8745e-03 -6.3560e-03 -5.7900e-03 -5.1918e-03 -4.5787e-03 -3.9689e-03 -3.3794e-03 -2.8253e-03 -2.3184e-03 -1.8666e-03 -1.4743e-03 -1.1421e-03 -8.6766e-04 -6.4632e-04 -4.7204e-04 -3.3799e-04 -2.3725e-04 -1.6325e-04 -1.1012e-04 -7.2809e-05 -4.7189e-05 -2.9979e-05 -1.8669e-05 -1.1395e-05 -6.8177e-06 -3.9982e-06 -2.2983e-06 -1.2949e-06 -7.1515e-07 -3.8713e-07 -2.0542e-07 -1.0684e-07 -5.4464e-08 -2.7216e-08 -1.3330e-08 -6.3998e-09 -3.0117e-09 -1.3892e-09 -6.2811e-10 -2.7837e-10 -1.2093e-10 -5.1491e-11 -2.1491e-11 -8.7926e-12 -3.5260e-12 -1.3860e-12 -5.3403e-13 -2.0169e-13 -7.4666e-14 -2.7094e-14 -9.6372e-15 -3.3601e-15 -1.1483e-15 -3.8467e-16 -1.2631e-16 -4.0655e-17 -1.2827e-17 -3.9666e-18 -1.2024e-18 -3.5728e-19 -1.0406e-19 -2.9708e-20 -8.3136e-21 -2.2805e-21 -6.1317e-22 -1.6161e-22 -4.1750e-23 -1.0572e-23 -2.6243e-24 -6.3853e-25 -1.5229e-25 -3.5601e-26 -8.1581e-27 -1.8325e-27 -4.0346e-28 -8.7074e-29 -1.8420e-29 -3.8197e-30 -7.7639e-31 -1.5469e-31 -3.0209e-32 -5.7830e-33 -1.0852e-33 -1.9959e-34 -3.5985e-35 -6.3595e-36 -1.1016e-36 -1.8706e-37 -3.1135e-38 -5.0795e-39 -8.1232e-40 -1.2734e-40 -1.9566e-41 8.6342e-03 8.3789e-03 7.9700e-03 7.4305e-03 6.7896e-03 0.0000e+00 5.3356e-03 4.5880e-03 3.8653e-03 3.1901e-03 2.5788e-03 2.0414e-03 1.5823e-03 1.2004e-03 8.9120e-04 6.4721e-04 4.5958e-04 3.1894e-04 2.1619e-04 1.4303e-04 9.2267e-05 5.7972e-05 3.5421e-05 2.1005e-05 1.2055e-05 6.6701e-06 3.5368e-06 1.7804e-06 8.3694e-07 3.5541e-07 1.2534e-07 2.5351e-08 -1.1506e-08 -2.0353e-08 -1.8485e-08 -1.3723e-08 -9.1538e-09 -5.6872e-09 -3.3494e-09 -1.8885e-09 -1.0256e-09 -5.3876e-10 -2.7448e-10 -1.3591e-10 -6.5507e-11 -3.0769e-11 -1.4097e-11 -6.3041e-12 -2.7535e-12 -1.1752e-12 -4.9033e-13 -2.0005e-13 -7.9837e-14 -3.1173e-14 -1.1911e-14 -4.4544e-15 -1.6307e-15 -5.8447e-16 -2.0512e-16 -7.0491e-17 -2.3725e-17 -7.8208e-18 -2.5252e-18 -7.9868e-19 -2.4746e-19 -7.5113e-20 -2.2337e-20 -6.5080e-21 -1.8578e-21 -5.1966e-22 -1.4243e-22 -3.8250e-23 -1.0066e-23 -2.5959e-24 -6.5604e-25 -1.6247e-25 -3.9432e-26 -9.3790e-27 -2.1862e-27 -4.9944e-28 -1.1182e-28 -2.4536e-29 -5.2765e-30 -1.1121e-30 -2.2974e-31 -4.6514e-32 -9.2302e-33 -1.7952e-33 -3.4222e-34 -6.3941e-35 -1.1709e-35 -2.1018e-36 -3.6977e-37 -6.3763e-38 -1.0777e-38 -1.7854e-39 -2.8991e-40 -4.6143e-41 -7.1985e-42 -1.1007e-42
-7.6560e-03 -7.6477e-03 -7.6246e-03 -7.5741e-03 -7.4819e-03 -7.3338e-03 5.7999e-03 -6.8286e-03 -6.4633e-03 -6.0274e-03 -5.5316e-03 -4.9913e-03 -4.4249e-03 -3.8517e-03 -3.2907e-03 -2.7583e-03 -2.2678e-03 -1.8286e-03 -1.4457e-03 -1.1207e-03 -8.5166e-04 -6.3447e-04 -4.6334e-04 -3.3168e-04 -2.3273e-04 -1.6007e-04 -1.0792e-04 -7.1312e-05 -4.6190e-05 -2.9325e-05 -1.8249e-05 -1.1131e-05 -6.6553e-06 -3.9003e-06 -2.2404e-06 -1.2615e-06 -6.9620e-07 -3.7662e-07 -1.9970e-07 -1.0380e-07 -5.2881e-08 -2.6408e-08 -1.2926e-08 -6.2022e-09 -2.9169e-09 -1.3447e-09 -6.0765e-10 -2.6915e-10 -1.1686e-10 -4.9732e-11 -2.0746e-11 -8.4833e-12 -3.4003e-12 -1.3359e-12 -5.1448e-13 -1.9421e-13 -7.1865e-14 -2.6066e-14 -9.2674e-15 -3.2297e-15 -1.1033e-15 -3.6943e-16 -1.2126e-16 -3.9013e-17 -1.2303e-17 -3.8034e-18 -1.1525e-18 -3.4232e-19 -9.9666e-20 -2.8444e-20 -7.9569e-21 -2.1819e-21 -5.8646e-22 -1.5452e-22 -3.9905e-23 -1.0102e-23 -2.5068e-24 -6.0973e-25 -1.4538e-25 -3.3975e-26 -7.7832e-27 -1.7478e-27 -3.8470e-28 -8.3003e-29 -1.7554e-29 -3.6391e-30 -7.3949e-31 -1.4730e-31 -2.8759e-32 -5.5040e-33 -1.0325e-33 -1.8987e-34 -3.4224e-35 -6.0469e-36 -1.0472e-36 -1.7778e-37 -2.9584e-38 -4.8255e-39 -7.7153e-40 -1.2092e-40 7.5816e-03 7.3574e-03 6.9982e-03 6.5239e-03 5.9601e-03 5.3356e-03 0.0000e+00 4.0207e-03 3.3831e-03 2.7871e-03 2.2474e-03 1.7730e-03 1.3679e-03 1.0316e-03 7.5981e-04 5.4615e-04 3.8269e-04 2.6104e-04 1.7303e-04 1.1117e-04 6.8988e-05 4.1144e-05 2.3395e-05 1.2514e-05 6.1384e-06 2.6042e-06 7.8442e-07 -5.3546e-08 -3.6490e-07 -4.1863e-07 -3.6430e-07 -2.7869e-07 -1.9675e-07 -1.3106e-07 -8.3353e-08 -5.0984e-08 -3.0130e-08 -1.7259e-08 -9.6046e-09 -5.2011e-09 -2.7442e-09 -1.4122e-09 -7.0930e-10 -3.4795e-10 -1.6680e-10 -7.8163e-11 -3.5819e-11 -1.6057e-11 -7.0427e-12 -3.0230e-12 -1.2702e-12 -5.2244e-13 -2.1041e-13 -8.2977e-14 -3.2047e-14 -1.2122e-14 -4.4914e-15 -1.6301e-15 -5.7957e-16 -2.0188e-16 -6.8893e-17 -2.3035e-17 -7.5466e-18 -2.4225e-18 -7.6202e-19 -2.3488e-19 -7.0947e-20 -2.1000e-20 -6.0917e-21 -1.7317e-21 -4.8247e-22 -1.3173e-22 -3.5251e-23 -9.2450e-24 -2.3763e-24 -5.9865e-25 -1.4781e-25 -3.5771e-26 -8.4845e-27 -1.9725e-27 -4.4945e-28 -1.0038e-28 -2.1974e-29 -4.7148e-30 -9.9157e-31 -2.0440e-31 -4.1300e-32 -8.1793e-33 -1.5878e-33 -3.0212e-34 -5.6348e-35 -1.0301e-35 -1.8460e-36 -3.2424e-37 -5.5824e-38 -9.4209e-39 -1.5584e-39 -2.5270e-40 -4.0164e-41 -6.2573e-42
-6.6093e-03 -6.6595e-03 -6.7304e-03 -6.8042e-03 -6.8596e-03 -6.8745e-03 -6.8286e-03 7.5476e-03 -6.4975e-03 -6.2008e-03 -5.8210e-03 -5.3702e-03 -4.8651e-03 -4.3258e-03 -3.7737e-03 -3.2288e-03 -2.7090e-03 -2.2285e-03 -1.7973e-03 -1.4209e-03 -1.1012e-03 -8.3655e-04 -6.2291e-04 -4.5465e-04 -3.2526e-04 -2.2808e-04 -1.5676e-04 -1.0561e-04 -6.9741e-05 -4.5141e-05 -2.8639e-05 -1.7810e-05 -1.0856e-05 -6.4864e-06 -3.7988e-06 -2.1807e-06 -1.2271e-06 -6.7682e-07 -3.6592e-07 -1.9392e-07 -1.0073e-07 -5.1291e-08 -2.5600e-08 -1.2524e-08 -6.0061e-09 -2.8233e-09 -1.3009e-09 -5.8758e-10 -2.6014e-10 -1.1289e-10 -4.8024e-11 -2.0025e-11 -8.1849e-12 -3.2793e-12 -1.2879e-12 -4.9578e-13 -1.8708e-13 -6.9200e-14 -2.5090e-14 -8.9173e-15 -3.1066e-15 -1.0609e-15 -3.5511e-16 -1.1652e-16 -3.7476e-17 -1.1815e-17 -3.6513e-18 -1.1061e-18 -3.2843e-19 -9.5595e-20 -2.7274e-20 -7.6277e-21 -2.0910e-21 -5.6190e-22 -1.4800e-22 -3.8214e-23 -9.6715e-24 -2.3993e-24 -5.8346e-25 -1.3908e-25 -3.2496e-26 -7.4428e-27 -1.6709e-27 -3.6771e-28 -7.9320e-29 -1.6772e-29 -3.4762e-30 -7.0624e-31 -1.4065e-31 -2.7455e-32 -5.2535e-33 -9.8536e-34 -1.8116e-34 -3.2648e-35 -5.7674e-36 -9.9867e-37 -1.6951e-37 -2.8202e-38 -4.5993e-39 -7.3525e-40 6.5256e-03 6.3325e-03 6.0230e-03 5.6141e-03 5.1276e-03 4.5880e-03 4.0207e-03 0.0000e+00 2.8970e-03 2.3797e-03 1.9110e-03 1.4992e-03 1.1478e-03 8.5653e-04 6.2206e-04 4.3873e-04 2.9962e-04 1.9731e-04 1.2450e-04 7.4516e-05 4.1548e-05 2.0796e-05 8.4658e-06 1.6906e-06 -1.6055e-06 -2.8573e-06 -3.0082e-06 -2.6441e-06 -2.1040e-06 -1.5652e-06 -1.1062e-06 -7.4966e-07 -4.8993e-07 -3.0996e-07 -1.9035e-07 -1.1369e-07 -6.6131e-08 -3.7508e-08 -2.0761e-08 -1.1222e-08 -5.9267e-09 -3.0599e-09 -1.5449e-09 -7.6297e-10 -3.6870e-10 -1.7437e-10 -8.0724e-11 -3.6587e-11 -1.6237e-11 -7.0565e-12 -3.0035e-12 -1.2521e-12 -5.1134e-13 -2.0456e-13 -8.0174e-14 -3.0786e-14 -1.1582e-14 -4.2697e-15 -1.5423e-15 -5.4591e-16 -1.8936e-16 -6.4364e-17 -2.1440e-17 -6.9991e-18 -2.2393e-18 -7.0212e-19 -2.1576e-19 -6.4984e-20 -1.9183e-20 -5.5499e-21 -1.5738e-21 -4.3741e-22 -1.1916e-22 -3.1816e-23 -8.3266e-24 -2.1359e-24 -5.3705e-25 -1.3236e-25 -3.1974e-26 -7.5709e-27 -1.7572e-27 -3.9976e-28 -8.9144e-29 -1.9485e-29 -4.1749e-30 -8.7681e-31 -1.8050e-31 -3.6424e-32 -7.2047e-33 -1.3969e-33 -2.6549e-34 -4.9460e-35 -9.0321e-36 -1.6168e-36 -2.8369e-37 -4.8794e-38 -8.2266e-39 -1.3596e-39 -2.2025e-40 -3.4975e-41
-5.5948e-03 -5.6924e-03 -5.8401e-03 -6.0173e-03 -6.1985e-03 -6.3560e-03 -6.4633e-03 -6.4975e-03 9.5143e-03 -6.2878e-03 -6.0338e-03 -5.6872e-03 -5.2615e-03 -4.7757e-03 -4.2515e-03 -3.7112e-03 -3.1761e-03 -2.6647e-03 -2.1915e-03 -1.7667e-03 -1.3960e-03 -1.0812e-03 -8.2082e-04 -6.1078e-04 -4.4548e-04 -3.1847e-04 -2.2317e-04 -1.5328e-04 -1.0320e-04 -6.8099e-05 -4.4049e-05 -2.7929e-05 -1.7357e-05 -1.0574e-05 -6.3141e-06 -3.6958e-06 -2.1204e-06 -1.1925e-06 -6.5739e-07 -3.5524e-07 -1.8816e-07 -9.7696e-08 -4.9722e-08 -2.4806e-08 -1.2130e-08 -5.8148e-09 -2.7322e-09 -1.2584e-09 -5.6816e-10 -2.5145e-10 -1.0908e-10 -4.6385e-11 -1.9335e-11 -7.9001e-12 -3.1641e-12 -1.2422e-12 -4.7807e-13 -1.8034e-13 -6.6687e-14 -2.4172e-14 -8.5884e-15 -2.9912e-15 -1.0212e-15 -3.4173e-16 -1.1210e-16 -3.6046e-17 -1.1361e-17 -3.5102e-18 -1.0631e-18 -3.1559e-19 -9.1838e-20 -2.6196e-20 -7.3247e-21 -2.0075e-21 -5.3935e-22 -1.4204e-22 -3.6666e-23 -9.2778e-24 -2.3012e-24 -5.5950e-25 -1.3334e-25 -3.1151e-26 -7.1333e-27 -1.6012e-27 -3.5230e-28 -7.5983e-29 -1.6064e-29 -3.3289e-30 -6.7621e-31 -1.3465e-31 -2.6280e-32 -5.0279e-33 -9.4290e-34 -1.7333e-34 -3.1233e-35 -5.5166e-36 -9.5512e-37 -1.6209e-37 -2.6965e-38 -4.3970e-39 5.5054e-03 5.3425e-03 5.0810e-03 4.7352e-03 4.3231e-03 3.8653e-03 3.3831e-03 2.8970e-03 0.0000e+00 1.9834e-03 1.5826e-03 1.2303e-03 9.3001e-04 6.8177e-04 4.8286e-04 3.2857e-04 2.1293e-04 1.2944e-04 7.1663e-05 3.3634e-05 1.0147e-05 -3.1116e-06 -9.5478e-06 -1.1720e-05 -1.1455e-05 -9.9844e-06 -8.0824e-06 -6.1951e-06 -4.5444e-06 -3.2112e-06 -2.1952e-06 -1.4560e-06 -9.3896e-07 -5.8967e-07 -3.6105e-07 -2.1573e-07 -1.2588e-07 -7.1772e-08 -4.0005e-08 -2.1807e-08 -1.1629e-08 -6.0681e-09 -3.0992e-09 -1.5496e-09 -7.5856e-10 -3.6363e-10 -1.7072e-10 -7.8502e-11 -3.5360e-11 -1.5603e-11 -6.7450e-12 -2.8568e-12 -1.1855e-12 -4.8208e-13 -1.9209e-13 -7.5001e-14 -2.8698e-14 -1.0761e-14 -3.9546e-15 -1.4243e-15 -5.0274e-16 -1.7392e-16 -5.8969e-17 -1.9596e-17 -6.3829e-18 -2.0377e-18 -6.3762e-19 -1.9556e-19 -5.8790e-20 -1.7323e-20 -5.0034e-21 -1.4165e-21 -3.9308e-22 -1.0692e-22 -2.8508e-23 -7.4506e-24 -1.9087e-24 -4.7931e-25 -1.1798e-25 -2.8467e-26 -6.7329e-27 -1.5610e-27 -3.5474e-28 -7.9026e-29 -1.7257e-29 -3.6938e-30 -7.7505e-31 -1.5941e-31 -3.2140e-32 -6.3520e-33 -1.2306e-33 -2.3370e-34 -4.3504e-35 -7.9385e-36 -1.4200e-36 -2.4899e-37 -4.2796e-38 -7.2106e-39 -1.1909e-39 -1.9280e-40
-4.6441e-03 -4.7761e-03 -4.9807e-03 -5.2365e-03 -5.5163e-03 -5.7900e-03 -6.0274e-03 -6.2008e-03 -6.2878e-03 1.1695e-02 -6.1495e-03 -5.9183e-03 -5.5884e-03 -5.1755e-03 -4.6999e-03 -4.1842e-03 -3.6517e-03 -3.1239e-03 -2.6195e-03 -2.1530e-03 -1.7345e-03 -1.3696e-03 -1.0600e-03 -8.0415e-04 -5.9796e-04 -4.3583e-04 -3.1137e-04 -2.1804e-04 -1.4967e-04 -1.0070e-04 -6.6413e-05 -4.2934e-05 -2.7207e-05 -1.6900e-05 -1.0290e-05 -6.1412e-06 -3.5928e-06 -2.0604e-06 -1.1582e-06 -6.3822e-07 -3.4473e-07 -1.8252e-07 -9.4730e-08 -4.8194e-08 -2.4034e-08 -1.1749e-08 -5.6299e-09 -2.6445e-09 -1.2176e-09 -5.4956e-10 -2.4314e-10 -1.0545e-10 -4.4826e-11 -1.8680e-11 -7.6303e-12 -3.0552e-12 -1.1992e-12 -4.6137e-13 -1.7400e-13 -6.4327e-14 -2.3311e-14 -8.2806e-15 -2.8833e-15 -9.8415e-16 -3.2927e-16 -1.0799e-16 -3.4717e-17 -1.0940e-17 -3.3795e-18 -1.0233e-18 -3.0373e-19 -8.8371e-20 -2.5203e-20 -7.0457e-21 -1.9308e-21 -5.1864e-22 -1.3656e-22 -3.5247e-23 -8.9174e-24 -2.2115e-24 -5.3761e-25 -1.2811e-25 -2.9923e-26 -6.8513e-27 -1.5377e-27 -3.3829e-28 -7.2951e-29 -1.5421e-29 -3.1953e-30 -6.4899e-31 -1.2921e-31 -2.5216e-32 -4.8238e-33 -9.0453e-34 -1.6626e-34 -2.9955e-35 -5.2904e-36 -9.1586e-37 -1.5542e-37 -2.5852e-38 4.5527e-03 4.4179e-03 4.2013e-03 3.9143e-03 3.5717e-03 3.1901e-03 2.7871e-03 2.3797e-03 1.9834e-03 0.0000e+00 1.2730e-03 9.7558e-04 7.2222e-04 5.1338e-04 3.4706e-04 2.1943e-04 1.2543e-04 5.9473e-05 1.5890e-05 -1.0628e-05 -2.4760e-05 -3.0415e-05 -3.0685e-05 -2.7883e-05 -2.3641e-05 -1.9029e-05 -1.4682e-05 -1.0926e-05 -7.8718e-06 -5.5066e-06 -3.7474e-06 -2.4846e-06 -1.6067e-06 -1.0143e-06 -6.2547e-07 -3.7699e-07 -2.2219e-07 -1.2809e-07 -7.2257e-08 -3.9893e-08 -2.1560e-08 -1.1409e-08 -5.9119e-09 -3.0002e-09 -1.4914e-09 -7.2619e-10 -3.4641e-10 -1.6190e-10 -7.4133e-11 -3.3262e-11 -1.4624e-11 -6.3005e-12 -2.6601e-12 -1.1007e-12 -4.4632e-13 -1.7738e-13 -6.9088e-14 -2.6374e-14 -9.8682e-15 -3.6190e-15 -1.3008e-15 -4.5831e-16 -1.5827e-16 -5.3573e-17 -1.7775e-17 -5.7808e-18 -1.8428e-18 -5.7584e-19 -1.7638e-19 -5.2956e-20 -1.5585e-20 -4.4962e-21 -1.2715e-21 -3.5247e-22 -9.5775e-23 -2.5511e-23 -6.6610e-24 -1.7049e-24 -4.2774e-25 -1.0520e-25 -2.5362e-26 -5.9938e-27 -1.3886e-27 -3.1533e-28 -7.0196e-29 -1.5318e-29 -3.2767e-30 -6.8708e-31 -1.4123e-31 -2.8457e-32 -5.6209e-33 -1.0883e-33 -2.0656e-34 -3.8432e-35 -7.0095e-36 -1.2532e-36 -2.1963e-37 -3.7732e-38 -6.3544e-39 -1.0490e-39
-3.7800e-03 -3.9333e-03 -4.1742e-03 -4.4824e-03 -4.8316e-03 -5.1918e-03 -5.5316e-03 -5.8210e-03 -6.0338e-03 -6.1495e-03 1.4087e-02 -6.0454e-03 -5.8240e-03 -5.5016e-03 -5.0950e-03 -4.6253e-03 -4.1158e-03 -3.5898e-03 -3.0689e-03 -2.5715e-03 -2.1120e-03 -1.7003e-03 -1.3416e-03 -1.0377e-03 -7.8668e-04 -5.8459e-04 -4.2582e-04 -3.0404e-04 -2.1279e-04 -1.4598e-04 -9.8167e-05 -6.4710e-05 -4.1813e-05 -2.6484e-05 -1.6443e-05 -1.0007e-05 -5.9702e-06 -3.4914e-06 -2.0014e-06 -1.1247e-06 -6.1950e-07 -3.3450e-07 -1.7705e-07 -9.1858e-08 -4.6718e-08 -2.3291e-08 -1.1382e-08 -5.4527e-09 -2.5605e-09 -1.1787e-09 -5.3184e-10 -2.3524e-10 -1.0199e-10 -4.3349e-11 -1.8060e-11 -7.3755e-12 -2.9526e-12 -1.1586e-12 -4.4569e-13 -1.6805e-13 -6.2116e-14 -2.2506e-14 -7.9931e-15 -2.7827e-15 -9.4964e-16 -3.1768e-16 -1.0417e-16 -3.3484e-17 -1.0550e-17 -3.2585e-18 -9.8651e-19 -2.9277e-19 -8.5168e-20 -2.4286e-20 -6.7886e-21 -1.8601e-21 -4.9958e-22 -1.3153e-22 -3.3943e-23 -8.5867e-24 -2.1292e-24 -5.1755e-25 -1.2331e-25 -2.8801e-26 -6.5936e-27 -1.4797e-27 -3.2549e-28 -7.0186e-29 -1.4835e-29 -3.0736e-30 -6.2421e-31 -1.2426e-31 -2.4249e-32 -4.6383e-33 -8.6968e-34 -1.5984e-34 -2.8797e-35 -5.0853e-36 -8.8029e-37 -1.4937e-37 3.6904e-03 3.5810e-03 3.4049e-03 3.1712e-03 2.8914e-03 2.5788e-03 2.2474e-03 1.9110e-03 1.5826e-03 1.2730e-03 0.0000e+00 7.4245e-04 5.3076e-04 3.5677e-04 2.1917e-04 1.1498e-04 4.0067e-05 -1.0331e-05 -4.1149e-05 -5.7108e-05 -6.2439e-05 -6.0718e-05 -5.4800e-05 -4.6829e-05 -3.8307e-05 -3.0195e-05 -2.3035e-05 -1.7057e-05 -1.2286e-05 -8.6208e-06 -5.9001e-06 -3.9421e-06 -2.5730e-06 -1.6416e-06 -1.0242e-06 -6.2514e-07 -3.7337e-07 -2.1828e-07 -1.2493e-07 -7.0014e-08 -3.8427e-08 -2.0657e-08 -1.0878e-08 -5.6114e-09 -2.8361e-09 -1.4044e-09 -6.8148e-10 -3.2403e-10 -1.5098e-10 -6.8943e-11 -3.0853e-11 -1.3532e-11 -5.8166e-12 -2.4506e-12 -1.0119e-12 -4.0956e-13 -1.6247e-13 -6.3177e-14 -2.4079e-14 -8.9960e-15 -3.2944e-15 -1.1826e-15 -4.1610e-16 -1.4352e-16 -4.8522e-17 -1.6081e-17 -5.2244e-18 -1.6638e-18 -5.1938e-19 -1.5894e-19 -4.7677e-20 -1.4020e-20 -4.0413e-21 -1.1419e-21 -3.1631e-22 -8.5890e-23 -2.2862e-23 -5.9653e-24 -1.5258e-24 -3.8258e-25 -9.4036e-26 -2.2658e-26 -5.3517e-27 -1.2391e-27 -2.8125e-28 -6.2577e-29 -1.3649e-29 -2.9182e-30 -6.1164e-31 -1.2567e-31 -2.5311e-32 -4.9973e-33 -9.6719e-34 -1.8350e-34 -3.4128e-35 -6.2222e-36 -1.1120e-36 -1.9482e-37 -3.3459e-38 -5.6329e-39
-3.0170e-03 -3.1792e-03 -3.4371e-03 -3.7728e-03 -4.1626e-03 -4.5787e-03 -4.9913e-03 -5.3702e-03 -5.6872e-03 -5.9183e-03 -6.0454e-03 1.6685e-02 -5.9524e-03 -5.7340e-03 -5.4146e-03 -5.0116e-03 -4.5467e-03 -4.0430e-03 -3.5238e-03 -3.0103e-03 -2.5206e-03 -2.0688e-03 -1.6644e-03 -1.3125e-03 -1.0145e-03 -7.6866e-04 -5.7088e-04 -4.1561e-04 -2.9659e-04 -2.0748e-04 -1.4227e-04 -9.5631e-05 -6.3011e-05 -4.0698e-05 -2.5768e-05 -1.5992e-05 -9.7296e-06 -5.8025e-06 -3.3922e-06 -1.9439e-06 -1.0920e-06 -6.0134e-07 -3.2460e-07 -1.7176e-07 -8.9093e-08 -4.5300e-08 -2.2579e-08 -1.1032e-08 -5.2835e-09 -2.4805e-09 -1.1416e-09 -5.1500e-10 -2.2775e-10 -9.8726e-11 -4.1952e-11 -1.7475e-11 -7.1354e-12 -2.8560e-12 -1.1205e-12 -4.3097e-13 -1.6248e-13 -6.0046e-14 -2.1752e-14 -7.7244e-15 -2.6888e-15 -9.1748e-16 -3.0688e-16 -1.0062e-16 -3.2337e-17 -1.0188e-17 -3.1462e-18 -9.5240e-19 -2.8261e-19 -8.2205e-20 -2.3439e-20 -6.5510e-21 -1.7948e-21 -4.8200e-22 -1.2689e-22 -3.2743e-23 -8.2822e-24 -2.0536e-24 -4.9912e-25 -1.1891e-25 -2.7770e-26 -6.3571e-27 -1.4265e-27 -3.1377e-28 -6.7653e-29 -1.4298e-29 -2.9622e-30 -6.0155e-31 -1.1975e-31 -2.3365e-32 -4.4691e-33 -8.3789e-34 -1.5399e-34 -2.7740e-35 -4.8985e-36 -8.4790e-37 2.9321e-03 2.8451e-03 2.7048e-03 2.5180e-03 2.2934e-03 2.0414e-03 1.7730e-03 1.4992e-03 1.2303e-03 9.7558e-04 7.4245e-04 0.0000e+00 3.6055e-04 2.1634e-04 1.0308e-04 1.8636e-05 -4.0265e-05 -7.7581e-05 -9.7559e-05 -1.0438e-04 -1.0188e-04 -9.3364e-05 -8.1531e-05 -6.8421e-05 -5.5476e-05 -4.3611e-05 -3.3324e-05 -2.4794e-05 -1.7988e-05 -1.2736e-05 -8.8089e-06 -5.9547e-06 -3.9362e-06 -2.5453e-06 -1.6107e-06 -9.9762e-07 -6.0497e-07 -3.5924e-07 -2.0892e-07 -1.1901e-07 -6.6410e-08 -3.6306e-08 -1.9447e-08 -1.0207e-08 -5.2496e-09 -2.6458e-09 -1.3068e-09 -6.3260e-10 -3.0012e-10 -1.3955e-10 -6.3600e-11 -2.8410e-11 -1.2439e-11 -5.3384e-12 -2.2457e-12 -9.2602e-13 -3.7429e-13 -1.4830e-13 -5.7596e-14 -2.1927e-14 -8.1832e-15 -2.9937e-15 -1.0736e-15 -3.7741e-16 -1.3006e-16 -4.3935e-17 -1.4549e-17 -4.7231e-18 -1.5030e-18 -4.6888e-19 -1.4339e-19 -4.2986e-20 -1.2633e-20 -3.6393e-21 -1.0278e-21 -2.8453e-22 -7.7219e-23 -2.0544e-23 -5.3579e-24 -1.3698e-24 -3.4331e-25 -8.4347e-26 -2.0315e-26 -4.7963e-27 -1.1101e-27 -2.5187e-28 -5.6020e-29 -1.2214e-29 -2.6106e-30 -5.4699e-31 -1.1235e-31 -2.2621e-32 -4.4649e-33 -8.6390e-34 -1.6386e-34 -3.0467e-35 -5.5532e-36 -9.9221e-37 -1.7379e-37 -2.9839e-38
-2.3611e-03 -2.5220e-03 -2.7803e-03 -3.1213e-03 -3.5254e-03 -3.9689e-03 -4.4249e-03 -4.8651e-03 -5.2615e-03 -5.5884e-03 -5.8240e-03 -5.9524e-03 1.9486e-02 -5.8584e-03 -5.6402e-03 -5.3224e-03 -4.9228e-03 -4.4628e-03 -3.9656e-03 -3.4539e-03 -2.9486e-03 -2.4674e-03 -2.0239e-03 -1.6273e-03 -1.2825e-03 -9.9081e-04 -7.5034e-04 -5.5701e-04 -4.0533e-04 -2.8914e-04 -2.0218e-04 -1.3858e-04 -9.3117e-05 -6.1333e-05 -3.9601e-05 -2.5065e-05 -1.5552e-05 -9.4586e-06 -5.6393e-06 -3.2959e-06 -1.8883e-06 -1.0605e-06 -5.8384e-07 -3.1508e-07 -1.6669e-07 -8.6443e-08 -4.3944e-08 -2.1898e-08 -1.0697e-08 -5.1224e-09 -2.4045e-09 -1.1064e-09 -4.9905e-10 -2.2066e-10 -9.5638e-11 -4.0634e-11 -1.6923e-11 -6.9092e-12 -2.7651e-12 -1.0847e-12 -4.1715e-13 -1.5725e-13 -5.8106e-14 -2.1047e-14 -7.4733e-15 -2.6011e-15 -8.8746e-16 -2.9681e-16 -9.7304e-17 -3.1270e-17 -9.8505e-18 -3.0418e-18 -9.2072e-19 -2.7319e-19 -7.9457e-20 -2.2654e-20 -6.3310e-21 -1.7344e-21 -4.6575e-22 -1.2260e-22 -3.1634e-23 -8.0012e-24 -1.9837e-24 -4.8211e-25 -1.1485e-25 -2.6821e-26 -6.1394e-27 -1.3776e-27 -3.0299e-28 -6.5324e-29 -1.3805e-29 -2.8599e-30 -5.8075e-31 -1.1560e-31 -2.2555e-32 -4.3139e-33 -8.0875e-34 -1.4862e-34 -2.6773e-35 -4.7275e-36 2.2835e-03 2.2156e-03 2.1059e-03 1.9593e-03 1.7822e-03 1.5823e-03 1.3679e-03 1.1478e-03 9.3001e-04 7.2222e-04 5.3076e-04 3.6055e-04 0.0000e+00 9.5311e-05 1.9125e-06 -6.6677e-05 -1.1289e-04 -1.3991e-04 -1.5133e-04 -1.5080e-04 -1.4181e-04 -1.2745e-04 -1.1028e-04 -9.2325e-05 -7.5016e-05 -5.9292e-05 -4.5661e-05 -3.4304e-05 -2.5164e-05 -1.8038e-05 -1.2641e-05 -8.6655e-06 -5.8124e-06 -3.8160e-06 -2.4527e-06 -1.5437e-06 -9.5156e-07 -5.7454e-07 -3.3984e-07 -1.9694e-07 -1.1182e-07 -6.2215e-08 -3.3921e-08 -1.8125e-08 -9.4911e-09 -4.8710e-09 -2.4502e-09 -1.2080e-09 -5.8377e-10 -2.7652e-10 -1.2839e-10 -5.8431e-11 -2.6067e-11 -1.1399e-11 -4.8867e-12 -2.0535e-12 -8.4589e-13 -3.4158e-13 -1.3521e-13 -5.2469e-14 -1.9959e-14 -7.4430e-15 -2.7209e-15 -9.7508e-16 -3.4255e-16 -1.1797e-16 -3.9829e-17 -1.3182e-17 -4.2769e-18 -1.3603e-18 -4.2414e-19 -1.2965e-19 -3.8848e-20 -1.1411e-20 -3.2861e-21 -9.2764e-22 -2.5671e-22 -6.9643e-23 -1.8522e-23 -4.8288e-24 -1.2341e-24 -3.0920e-25 -7.5944e-26 -1.8285e-26 -4.3160e-27 -9.9865e-28 -2.2652e-28 -5.0369e-29 -1.0979e-29 -2.3461e-30 -4.9145e-31 -1.0092e-31 -2.0315e-32 -4.0088e-33 -7.7550e-34 -1.4706e-34 -2.7338e-35 -4.9819e-36 -8.8998e-37 -1.5585e-37
-1.8120e-03 -1.9635e-03 -2.2089e-03 -2.5373e-03 -2.9338e-03 -3.3794e-03 -3.8517e-03 -4.3258e-03 -4.7757e-03 -5.1755e-03 -5.5016e-03 -5.7340e-03 -5.8584e-03 2.2485e-02 -5.7586e-03 -5.5401e-03 -5.2241e-03 -4.8284e-03 -4.3742e-03 -3.8842e-03 -3.3809e-03 -2.8846e-03 -2.4125e-03 -1.9778e-03 -1.5894e-03 -1.2521e-03 -9.6691e-04 -7.3194e-04 -5.4314e-04 -3.9509e-04 -2.8173e-04 -1.9693e-04 -1.3495e-04 -9.0646e-05 -5.9689e-05 -3.8529e-05 -2.4380e-05 -1.5123e-05 -9.1957e-06 -5.4813e-06 -3.2029e-06 -1.8346e-06 -1.0301e-06 -5.6703e-07 -3.0596e-07 -1.6183e-07 -8.3910e-08 -4.2649e-08 -2.1250e-08 -1.0379e-08 -4.9693e-09 -2.3323e-09 -1.0730e-09 -4.8394e-10 -2.1395e-10 -9.2721e-11 -3.9390e-11 -1.6404e-11 -6.6963e-12 -2.6796e-12 -1.0511e-12 -4.0417e-13 -1.5234e-13 -5.6289e-14 -2.0387e-14 -7.2382e-15 -2.5191e-15 -8.5941e-16 -2.8740e-16 -9.4215e-17 -3.0275e-17 -9.5364e-18 -2.9446e-18 -8.9124e-19 -2.6442e-19 -7.6903e-20 -2.1924e-20 -6.1268e-21 -1.6783e-21 -4.5067e-22 -1.1862e-22 -3.0606e-23 -7.7409e-24 -1.9191e-24 -4.6638e-25 -1.1110e-25 -2.5943e-26 -5.9382e-27 -1.3324e-27 -2.9304e-28 -6.3175e-29 -1.3351e-29 -2.7656e-30 -5.6158e-31 -1.1178e-31 -2.1809e-32 -4.1709e-33 -7.8193e-34 -1.4369e-34 -2.5883e-35 1.7432e-03 1.6913e-03 1.6071e-03 1.4940e-03 1.3566e-03 1.2004e-03 1.0316e-03 8.5653e-04 6.8177e-04 5.1338e-04 3.5677e-04 2.1634e-04 9.5311e-05 0.0000e+00 -8.2206e-05 -1.3870e-04 -1.7554e-04 -1.9515e-04 -2.0046e-04 -1.9463e-04 -1.8080e-04 -1.6183e-04 -1.4023e-04 -1.1799e-04 -9.6617e-05 -7.7112e-05 -6.0057e-05 -4.5685e-05 -3.3967e-05 -2.4696e-05 -1.7567e-05 -1.2229e-05 -8.3337e-06 -5.5609e-06 -3.6341e-06 -2.3262e-06 -1.4587e-06 -8.9618e-07 -5.3948e-07 -3.1822e-07 -1.8395e-07 -1.0421e-07 -5.7861e-08 -3.1487e-08 -1.6794e-08 -8.7800e-09 -4.4993e-09 -2.2600e-09 -1.1128e-09 -5.3711e-10 -2.5412e-10 -1.1786e-10 -5.3589e-11 -2.3885e-11 -1.0436e-11 -4.4699e-12 -1.8769e-12 -7.7258e-13 -3.1176e-13 -1.2333e-13 -4.7827e-14 -1.8183e-14 -6.7768e-15 -2.4760e-15 -8.8688e-16 -3.1142e-16 -1.0720e-16 -3.6177e-17 -1.1968e-17 -3.8815e-18 -1.2341e-18 -3.8465e-19 -1.1753e-19 -3.5207e-20 -1.0339e-20 -2.9762e-21 -8.3993e-22 -2.3237e-22 -6.3024e-23 -1.6757e-23 -4.3676e-24 -1.1160e-24 -2.7954e-25 -6.8643e-26 -1.6524e-26 -3.8994e-27 -9.0207e-28 -2.0457e-28 -4.5480e-29 -9.9119e-30 -2.1176e-30 -4.4352e-31 -9.1061e-32 -1.8328e-32 -3.6162e-33 -6.9943e-34 -1.3262e-34 -2.4650e-35 -4.4914e-36 -8.0224e-37
-1.3635e-03 -1.5002e-03 -1.7234e-03 -2.0261e-03 -2.3980e-03 -2.8253e-03 -3.2907e-03 -3.7737e-03 -4.2515e-03 -4.6999e-03 -5.0950e-03 -5.4146e-03 -5.6402e-03 -5.7586e-03 2.5681e-02 -5.6521e-03 -5.4338e-03 -5.1203e-03 -4.7294e-03 -4.2819e-03 -3.8001e-03 -3.3059e-03 -2.8192e-03 -2.3567e-03 -1.9312e-03 -1.5514e-03 -1.2217e-03 -9.4305e-04 -7.1364e-04 -5.2939e-04 -3.8497e-04 -2.7444e-04 -1.9178e-04 -1.3138e-04 -8.8232e-05 -5.8086e-05 -3.7486e-05 -2.3715e-05 -1.4708e-05 -8.9416e-06 -5.3289e-06 -3.1133e-06 -1.7830e-06 -1.0010e-06 -5.5092e-07 -2.9722e-07 -1.5719e-07 -8.1493e-08 -4.1416e-08 -2.0633e-08 -1.0076e-08 -4.8240e-09 -2.2638e-09 -1.0414e-09 -4.6964e-10 -2.0761e-10 -8.9966e-11 -3.8216e-11 -1.5913e-11 -6.4957e-12 -2.5991e-12 -1.0195e-12 -3.9197e-13 -1.4774e-13 -5.4582e-14 -1.9768e-14 -7.0179e-15 -2.4423e-15 -8.3315e-16 -2.7861e-16 -9.1326e-17 -2.9345e-17 -9.2430e-18 -2.8538e-18 -8.6373e-19 -2.5625e-19 -7.4523e-20 -2.1244e-20 -5.9366e-21 -1.6262e-21 -4.3664e-22 -1.1493e-22 -2.9652e-23 -7.4991e-24 -1.8591e-24 -4.5178e-25 -1.0762e-25 -2.5129e-26 -5.7517e-27 -1.2905e-27 -2.8381e-28 -6.1185e-29 -1.2930e-29 -2.6783e-30 -5.4384e-31 -1.0824e-31 -2.1119e-32 -4.0388e-33 -7.5714e-34 -1.3913e-34 1.3044e-03 1.2654e-03 1.2020e-03 1.1163e-03 1.0115e-03 8.9120e-04 7.5981e-04 6.2206e-04 4.8286e-04 3.4706e-04 2.1917e-04 1.0308e-04 1.9125e-06 -8.2206e-05 0.0000e+00 -1.9598e-04 -2.2650e-04 -2.4145e-04 -2.4312e-04 -2.3415e-04 -2.1730e-04 -1.9523e-04 -1.7035e-04 -1.4467e-04 -1.1978e-04 -9.6783e-05 -7.6395e-05 -5.8947e-05 -4.4486e-05 -3.2849e-05 -2.3743e-05 -1.6801e-05 -1.1643e-05 -7.9023e-06 -5.2542e-06 -3.4226e-06 -2.1845e-06 -1.3663e-06 -8.3744e-07 -5.0304e-07 -2.9616e-07 -1.7089e-07 -9.6655e-08 -5.3585e-08 -2.9120e-08 -1.5512e-08 -8.1001e-09 -4.1463e-09 -2.0806e-09 -1.0235e-09 -4.9357e-10 -2.3333e-10 -1.0814e-10 -4.9131e-11 -2.1883e-11 -9.5552e-12 -4.0903e-12 -1.7165e-12 -7.0619e-13 -2.8482e-13 -1.1262e-13 -4.3655e-14 -1.6590e-14 -6.1805e-15 -2.2573e-15 -8.0825e-16 -2.8371e-16 -9.7631e-17 -3.2937e-17 -1.0893e-17 -3.5318e-18 -1.1226e-18 -3.4981e-19 -1.0686e-19 -3.2002e-20 -9.3955e-21 -2.7042e-21 -7.6299e-22 -2.1105e-22 -5.7228e-23 -1.5213e-23 -3.9645e-24 -1.0128e-24 -2.5366e-25 -6.2277e-26 -1.4989e-26 -3.5367e-27 -8.1806e-28 -1.8550e-28 -4.1234e-29 -8.9853e-30 -1.9194e-30 -4.0196e-31 -8.2519e-32 -1.6607e-32 -3.2762e-33 -6.3362e-34 -1.2013e-34 -2.2326e-35 -4.0676e-36
-1.0061e-03 -1.1247e-03 -1.3202e-03 -1.5889e-03 -1.9245e-03 -2.3184e-03 -2.7583e-03 -3.2288e-03 -3.7112e-03 -4.1842e-03 -4.6253e-03 -5.0116e-03 -5.3224e-03 -5.5401e-03 -5.6521e-03 2.9069e-02 -5.5398e-03 -5.3223e-03 -5.0123e-03 -4.6270e-03 -4.1871e-03 -3.7142e-03 -3.2297e-03 -2.7531e-03 -2.3006e-03 -1.8846e-03 -1.5134e-03 -1.1914e-03 -9.1942e-04 -6.9556e-04 -5.1585e-04 -3.7504e-04 -2.6730e-04 -1.8675e-04 -1.2791e-04 -8.5885e-05 -5.6531e-05 -3.6477e-05 -2.3073e-05 -1.4307e-05 -8.6968e-06 -5.1823e-06 -3.0273e-06 -1.7335e-06 -9.7313e-07 -5.3551e-07 -2.8888e-07 -1.5276e-07 -7.9190e-08 -4.0242e-08 -2.0046e-08 -9.7891e-09 -4.6860e-09 -2.1989e-09 -1.0115e-09 -4.5611e-10 -2.0161e-10 -8.7361e-11 -3.7108e-11 -1.5451e-11 -6.3065e-12 -2.5233e-12 -9.8966e-13 -3.8049e-13 -1.4340e-13 -5.2979e-14 -1.9186e-14 -6.8111e-15 -2.3702e-15 -8.0853e-16 -2.7036e-16 -8.8620e-17 -2.8474e-17 -8.9684e-18 -2.7690e-18 -8.3802e-19 -2.4861e-19 -7.2299e-20 -2.0610e-20 -5.7591e-21 -1.5775e-21 -4.2356e-22 -1.1148e-22 -2.8762e-23 -7.2738e-24 -1.8032e-24 -4.3819e-25 -1.0438e-25 -2.4372e-26 -5.5782e-27 -1.2515e-27 -2.7524e-28 -5.9336e-29 -1.2539e-29 -2.5973e-30 -5.2737e-31 -1.0496e-31 -2.0478e-32 -3.9163e-33 -7.3416e-34 9.5667e-04 9.2801e-04 8.8113e-04 8.1736e-04 7.3858e-04 6.4721e-04 5.4615e-04 4.3873e-04 3.2857e-04 2.1943e-04 1.1498e-04 1.8636e-05 -6.6677e-05 -1.3870e-04 -1.9598e-04 0.0000e+00 -2.6473e-04 -2.7746e-04 -2.7777e-04 -2.6776e-04 -2.4979e-04 -2.2627e-04 -1.9947e-04 -1.7143e-04 -1.4380e-04 -1.1784e-04 -9.4407e-05 -7.3980e-05 -5.6729e-05 -4.2582e-05 -3.1297e-05 -2.2528e-05 -1.5884e-05 -1.0972e-05 -7.4261e-06 -4.9250e-06 -3.2009e-06 -2.0388e-06 -1.2728e-06 -7.7882e-07 -4.6711e-07 -2.7462e-07 -1.5826e-07 -8.9406e-08 -4.9512e-08 -2.6880e-08 -1.4305e-08 -7.4637e-09 -3.8176e-09 -1.9143e-09 -9.4102e-10 -4.5350e-10 -2.1427e-10 -9.9246e-11 -4.5068e-11 -2.0064e-11 -8.7567e-12 -3.7469e-12 -1.5718e-12 -6.4639e-13 -2.6061e-13 -1.0301e-13 -3.9918e-14 -1.5165e-14 -5.6481e-15 -2.0623e-15 -7.3823e-16 -2.5907e-16 -8.9131e-17 -3.0063e-17 -9.9405e-18 -3.2224e-18 -1.0240e-18 -3.1904e-19 -9.7445e-20 -2.9178e-20 -8.5648e-21 -2.4647e-21 -6.9532e-22 -1.9230e-22 -5.2139e-23 -1.3858e-23 -3.6110e-24 -9.2242e-25 -2.3099e-25 -5.6706e-26 -1.3647e-26 -3.2197e-27 -7.4466e-28 -1.6884e-28 -3.7527e-29 -8.1770e-30 -1.7466e-30 -3.6574e-31 -7.5078e-32 -1.5108e-32 -2.9804e-33 -5.7636e-34 -1.0926e-34 -2.0306e-35
