1.0199e-04 -1.5431e-08 -3.4289e-08 -5.9902e-08 -9.1518e-08 -1.2822e-07 -1.6894e-07 -2.1255e-07 -2.5782e-07 -3.0355e-07 -3.4854e-07 -3.9164e-07 -4.3182e-07 -4.6816e-07 -4.9989e-07 -5.2640e-07 -5.4725e-07 -5.6219e-07 -5.7111e-07 -5.7409e-07 -5.7135e-07 -5.6322e-07 -5.5017e-07 -5.3271e-07 -5.1147e-07 -4.8706e-07 -4.6014e-07 -4.3136e-07 -4.0133e-07 -3.7066e-07 -3.3987e-07 -3.0943e-07 -2.7978e-07 -2.5124e-07 -2.2410e-07 -1.9857e-07 -1.7481e-07 -1.5290e-07 -1.3288e-07 -1.1476e-07 -9.8491e-08 -8.4009e-08 -7.1218e-08 -6.0009e-08 -5.0261e-08 -4.1845e-08 -3.4632e-08 -2.8493e-08 -2.3306e-08 -1.8952e-08 -1.5323e-08 -1.2317e-08 -9.8446e-09 -7.8236e-09 -6.1822e-09 -4.8577e-09 -3.7955e-09 -2.9490e-09 -2.2785e-09 -1.7507e-09 -1.3377e-09 -1.0165e-09 -7.6814e-10 -5.7730e-10 -4.3150e-10 -3.2077e-10 -2.3715e-10 -1.7438e-10 -1.2753e-10 -9.2767e-11 -6.7114e-11 -4.8294e-11 -3.4565e-11 -2.4607e-11 -1.7424e-11 -1.2272e-11 -8.5970e-12 -5.9906e-12 -4.1523e-12 -2.8628e-12 -1.9634e-12 -1.3394e-12 -9.0888e-13 -6.1350e-13 -4.1194e-13 -2.7514e-13 -1.8281e-13 -1.2083e-13 -7.9440e-14 -5.1956e-14 -3.3803e-14 -2.1878e-14 -1.4086e-14 -9.0218e-15 -5.7483e-15 -3.6434e-15 -2.2973e-15 -1.4410e-15 -8.9923e-16 -5.5822e-16 0.0000e+00 1.5431e-08 3.4289e-08 5.9900e-08 9.1513e-08 1.2821e-07 1.6892e-07 2.1252e-07 2.5778e-07 3.0349e-07 3.4845e-07 3.9152e-07 4.3167e-07 4.6797e-07 4.9965e-07 5.2612e-07 5.4692e-07 5.6181e-07 5.7068e-07 5.7362e-07 5.7082e-07 5.6266e-07 5.4956e-07 5.3208e-07 5.1080e-07 4.8637e-07 4.5944e-07 4.3065e-07 4.0063e-07 3.6997e-07 3.3919e-07 3.0878e-07 2.7914e-07 2.5064e-07 2.2353e-07 1.9804e-07 1.7431e-07 1.5244e-07 1.3246e-07 1.1438e-07 9.8148e-08 8.3701e-08 7.0945e-08 5.9768e-08 5.0049e-08 4.1661e-08 3.4473e-08 2.8357e-08 2.3190e-08 1.8854e-08 1.5240e-08 1.2248e-08 9.7873e-09 7.7763e-09 6.1435e-09 4.8261e-09 3.7700e-09 2.9284e-09 2.2621e-09 1.7376e-09 1.3274e-09 1.0084e-09 7.6184e-10 5.7241e-10 4.2774e-10 3.1788e-10 2.3495e-10 1.7272e-10 1.2628e-10 9.1829e-11 6.6416e-11 4.7778e-11 3.4185e-11 2.4329e-11 1.7222e-11 1.2126e-11 8.4919e-12 5.9155e-12 4.0989e-12 2.8251e-12 1.9368e-12 1.3208e-12 8.9600e-13 6.0460e-13 4.0582e-13 2.7096e-13 1.7997e-13 1.1890e-13 7.8148e-14 5.1093e-14 3.3229e-14 2.1498e-14 1.3836e-14 8.8585e-15 5.6420e-15 3.5747e-15 2.2531e-15 1.4127e-15 8.8120e-16 5.4680e-16
-1.5431e-08 4.0794e-04 -1.3614e-07 -2.3785e-07 -3.6342e-07 -5.0920e-07 -6.7102e-07 -8.4434e-07 -1.0244e-06 -1.2063e-06 -1.3853e-06 -1.5570e-06 -1.7171e-06 -1.8621e-06 -1.9888e-06 -2.0949e-06 -2.1785e-06 -2.2387e-06 -2.2751e-06 -2.2878e-06 -2.2777e-06 -2.2462e-06 -2.1951e-06 -2.1264e-06 -2.0425e-06 -1.9459e-06 -1.8393e-06 -1.7251e-06 -1.6059e-06 -1.4840e-06 -1.3615e-06 -1.2403e-06 -1.1221e-06 -1.0083e-06 -8.9995e-07 -7.9796e-07 -7.0294e-07 -6.1525e-07 -5.3509e-07 -4.6246e-07 -3.9720e-07 -3.3906e-07 -2.8766e-07 -2.4258e-07 -2.0334e-07 -1.6944e-07 -1.4035e-07 -1.1557e-07 -9.4619e-08 -7.7014e-08 -6.2324e-08 -5.0146e-08 -4.0119e-08 -3.1914e-08 -2.5244e-08 -1.9856e-08 -1.5530e-08 -1.2079e-08 -9.3428e-09 -7.1864e-09 -5.4972e-09 -4.1819e-09 -3.1639e-09 -2.3806e-09 -1.7815e-09 -1.3259e-09 -9.8146e-10 -7.2258e-10 -5.2911e-10 -3.8536e-10 -2.7915e-10 -2.0114e-10 -1.4415e-10 -1.0275e-10 -7.2858e-11 -5.1384e-11 -3.6048e-11 -2.5154e-11 -1.7460e-11 -1.2055e-11 -8.2797e-12 -5.6566e-12 -3.8442e-12 -2.5988e-12 -1.7476e-12 -1.1691e-12 -7.7796e-13 -5.1499e-13 -3.3913e-13 -2.2216e-13 -1.4477e-13 -9.3853e-14 -6.0526e-14 -3.8831e-14 -2.4783e-14 -1.5735e-14 -9.9385e-15 -6.2449e-15 -3.9037e-15 -2.4276e-15 1.5431e-08 0.0000e+00 1.3613e-07 2.3782e-07 3.6334e-07 5.0905e-07 6.7075e-07 8.4389e-07 1.0237e-06 1.2053e-06 1.3839e-06 1.5551e-06 1.7147e-06 1.8590e-06 1.9851e-06 2.0904e-06 2.1733e-06 2.2327e-06 2.2682e-06 2.2802e-06 2.2694e-06 2.2372e-06 2.1854e-06 2.1162e-06 2.0319e-06 1.9350e-06 1.8282e-06 1.7139e-06 1.5947e-06 1.4729e-06 1.3507e-06 1.2298e-06 1.1120e-06 9.9865e-07 8.9084e-07 7.8943e-07 6.9500e-07 6.0793e-07 5.2839e-07 4.5637e-07 3.9171e-07 3.3414e-07 2.8329e-07 2.3872e-07 1.9996e-07 1.6649e-07 1.3781e-07 1.1339e-07 9.2759e-08 7.5439e-08 6.0998e-08 4.9039e-08 3.9199e-08 3.1155e-08 2.4622e-08 1.9349e-08 1.5120e-08 1.1749e-08 9.0787e-09 6.9764e-09 5.3313e-09 4.0517e-09 3.0623e-09 2.3018e-09 1.7207e-09 1.2793e-09 9.4594e-10 6.9567e-10 5.0884e-10 3.7018e-10 2.6786e-10 1.9277e-10 1.3799e-10 9.8251e-11 6.9581e-11 4.9014e-11 3.4342e-11 2.3935e-11 1.6593e-11 1.1442e-11 7.8482e-12 5.3549e-12 3.6344e-12 2.4536e-12 1.6478e-12 1.1008e-12 7.3153e-13 4.8358e-13 3.1800e-13 2.0802e-13 1.3537e-13 8.7628e-14 5.6429e-14 3.6149e-14 2.3037e-14 1.4605e-14 9.2106e-15 5.7787e-15 3.6067e-15 2.2394e-15
-3.4289e-08 -1.3614e-07 9.1784e-04 -5.2866e-07 -8.0785e-07 -1.1321e-06 -1.4922e-06 -1.8780e-06 -2.2791e-06 -2.6846e-06 -3.0840e-06 -3.4674e-06 -3.8255e-06 -4.1502e-06 -4.4347e-06 -4.6735e-06 -4.8627e-06 -4.9997e-06 -5.0838e-06 -5.1153e-06 -5.0961e-06 -5.0289e-06 -4.9179e-06 -4.7674e-06 -4.5828e-06 -4.3697e-06 -4.1336e-06 -3.8803e-06 -3.6153e-06 -3.3439e-06 -3.0707e-06 -2.8001e-06 -2.5358e-06 -2.2809e-06 -2.0380e-06 -1.8090e-06 -1.5954e-06 -1.3980e-06 -1.2173e-06 -1.0533e-06 -9.0579e-07 -7.7417e-07 -6.5767e-07 -5.5534e-07 -4.6614e-07 -3.8895e-07 -3.2263e-07 -2.6606e-07 -2.1814e-07 -1.7782e-07 -1.4412e-07 -1.1614e-07 -9.3060e-08 -7.4147e-08 -5.8746e-08 -4.6283e-08 -3.6262e-08 -2.8252e-08 -2.1890e-08 -1.6867e-08 -1.2926e-08 -9.8509e-09 -7.4666e-09 -5.6286e-09 -4.2201e-09 -3.1469e-09 -2.3340e-09 -1.7217e-09 -1.2633e-09 -9.2191e-10 -6.6920e-10 -4.8317e-10 -3.4700e-10 -2.4788e-10 -1.7614e-10 -1.2450e-10 -8.7529e-11 -6.1214e-11 -4.2585e-11 -2.9470e-11 -2.0287e-11 -1.3892e-11 -9.4628e-12 -6.4122e-12 -4.3224e-12 -2.8984e-12 -1.9335e-12 -1.2830e-12 -8.4699e-13 -5.5624e-13 -3.6339e-13 -2.3618e-13 -1.5270e-13 -9.8221e-14 -6.2850e-14 -4.0009e-14 -2.5338e-14 -1.5964e-14 -1.0006e-14 -6.2392e-15 3.4289e-08 1.3613e-07 0.0000e+00 5.2850e-07 8.0748e-07 1.1313e-06 1.4908e-06 1.8758e-06 2.2756e-06 2.6796e-06 3.0771e-06 3.4581e-06 3.8134e-06 4.1350e-06 4.4161e-06 4.6512e-06 4.8365e-06 4.9695e-06 5.0496e-06 5.0772e-06 5.0542e-06 4.9837e-06 4.8695e-06 4.7164e-06 4.5297e-06 4.3149e-06 4.0778e-06 3.8240e-06 3.5591e-06 3.2883e-06 3.0163e-06 2.7473e-06 2.4850e-06 2.2324e-06 1.9922e-06 1.7660e-06 1.5554e-06 1.3610e-06 1.1834e-06 1.0225e-06 8.7803e-07 7.4931e-07 6.3556e-07 5.3582e-07 4.4902e-07 3.7405e-07 3.0975e-07 2.5500e-07 2.0870e-07 1.6982e-07 1.3738e-07 1.1051e-07 8.8381e-08 7.0283e-08 5.5576e-08 4.3699e-08 3.4167e-08 2.6566e-08 2.0541e-08 1.5794e-08 1.2077e-08 9.1842e-09 6.9458e-09 5.2243e-09 3.9080e-09 2.9075e-09 2.1514e-09 1.5833e-09 1.1589e-09 8.4368e-10 6.1091e-10 4.3999e-10 3.1519e-10 2.2459e-10 1.5917e-10 1.1221e-10 7.8685e-11 5.4882e-11 3.8078e-11 2.6279e-11 1.8040e-11 1.2319e-11 8.3680e-12 5.6543e-12 3.8005e-12 2.5411e-12 1.6902e-12 1.1183e-12 7.3605e-13 4.8193e-13 3.1390e-13 2.0339e-13 1.3110e-13 8.4063e-14 5.3623e-14 3.4028e-14 2.1481e-14 1.3491e-14 8.4284e-15 5.2385e-15
-5.9902e-08 -2.3785e-07 -5.2866e-07 1.6316e-03 -1.4120e-06 -1.9793e-06 -2.6096e-06 -3.2854e-06 -3.9885e-06 -4.7001e-06 -5.4019e-06 -6.0764e-06 -6.7076e-06 -7.2813e-06 -7.7853e-06 -8.2100e-06 -8.5484e-06 -8.7961e-06 -8.9511e-06 -9.0142e-06 -8.9882e-06 -8.8781e-06 -8.6904e-06 -8.4331e-06 -8.1151e-06 -7.7461e-06 -7.3360e-06 -6.8946e-06 -6.4316e-06 -5.9562e-06 -5.4767e-06 -5.0008e-06 -4.5350e-06 -4.0850e-06 -3.6552e-06 -3.2494e-06 -2.8701e-06 -2.5189e-06 -2.1968e-06 -1.9041e-06 -1.6402e-06 -1.4043e-06 -1.1951e-06 -1.0109e-06 -8.5012e-07 -7.1067e-07 -5.9063e-07 -4.8802e-07 -4.0092e-07 -3.2747e-07 -2.6595e-07 -2.1477e-07 -1.7246e-07 -1.3771e-07 -1.0934e-07 -8.6339e-08 -6.7797e-08 -5.2943e-08 -4.1117e-08 -3.1757e-08 -2.4394e-08 -1.8636e-08 -1.4160e-08 -1.0701e-08 -8.0435e-09 -6.0133e-09 -4.4714e-09 -3.3071e-09 -2.4329e-09 -1.7802e-09 -1.2957e-09 -9.3810e-10 -6.7558e-10 -4.8395e-10 -3.4484e-10 -2.4443e-10 -1.7234e-10 -1.2088e-10 -8.4339e-11 -5.8536e-11 -4.0415e-11 -2.7758e-11 -1.8966e-11 -1.2891e-11 -8.7161e-12 -5.8628e-12 -3.9231e-12 -2.6116e-12 -1.7295e-12 -1.1394e-12 -7.4678e-13 -4.8692e-13 -3.1585e-13 -2.0382e-13 -1.3086e-13 -8.3577e-14 -5.3106e-14 -3.3571e-14 -2.1113e-14 -1.3210e-14 5.9900e-08 2.3782e-07 5.2850e-07 0.0000e+00 1.4109e-06 1.9769e-06 2.6053e-06 3.2784e-06 3.9777e-06 4.6844e-06 5.3802e-06 6.0474e-06 6.6700e-06 7.2340e-06 7.7273e-06 8.1405e-06 8.4668e-06 8.7020e-06 8.8446e-06 8.8954e-06 8.8578e-06 8.7369e-06 8.5396e-06 8.2739e-06 7.9492e-06 7.5750e-06 7.1615e-06 6.7185e-06 6.2557e-06 5.7822e-06 5.3062e-06 4.8352e-06 4.3756e-06 3.9328e-06 3.5113e-06 3.1143e-06 2.7443e-06 2.4027e-06 2.0903e-06 1.8072e-06 1.5527e-06 1.3259e-06 1.1253e-06 9.4928e-07 7.9602e-07 6.6354e-07 5.4985e-07 4.5297e-07 3.7099e-07 3.0208e-07 2.4457e-07 1.9687e-07 1.5757e-07 1.2540e-07 9.9236e-08 7.8090e-08 6.1107e-08 4.7551e-08 3.6797e-08 2.8318e-08 2.1673e-08 1.6496e-08 1.2487e-08 9.4003e-09 7.0383e-09 5.2412e-09 3.8819e-09 2.8595e-09 2.0951e-09 1.5268e-09 1.1067e-09 7.9785e-10 5.7214e-10 4.0809e-10 2.8954e-10 2.0433e-10 1.4344e-10 1.0016e-10 6.9566e-11 4.8064e-11 3.3033e-11 2.2583e-11 1.5358e-11 1.0390e-11 6.9917e-12 4.6805e-12 3.1169e-12 2.0648e-12 1.3607e-12 8.9205e-13 5.8176e-13 3.7743e-13 2.4359e-13 1.5640e-13 9.9898e-14 6.3477e-14 4.0126e-14 2.5234e-14 1.5787e-14 9.8256e-15
-9.1518e-08 -3.6342e-07 -8.0785e-07 -1.4120e-06 2.5492e-03 -3.0269e-06 -3.9922e-06 -5.0283e-06 -6.1072e-06 -7.2006e-06 -8.2807e-06 -9.3207e-06 -1.0296e-05 -1.1185e-05 -1.1969e-05 -1.2633e-05 -1.3166e-05 -1.3560e-05 -1.3813e-05 -1.3926e-05 -1.3901e-05 -1.3747e-05 -1.3473e-05 -1.3091e-05 -1.2614e-05 -1.2058e-05 -1.1436e-05 -1.0764e-05 -1.0056e-05 -9.3278e-06 -8.5910e-06 -7.8577e-06 -7.1382e-06 -6.4414e-06 -5.7744e-06 -5.1429e-06 -4.5513e-06 -4.0023e-06 -3.4977e-06 -3.0378e-06 -2.6223e-06 -2.2500e-06 -1.9190e-06 -1.6270e-06 -1.3713e-06 -1.1490e-06 -9.5722e-07 -7.9283e-07 -6.5292e-07 -5.3464e-07 -4.3531e-07 -3.5243e-07 -2.8374e-07 -2.2717e-07 -1.8086e-07 -1.4320e-07 -1.1276e-07 -8.8300e-08 -6.8770e-08 -5.3268e-08 -4.1037e-08 -3.1443e-08 -2.3962e-08 -1.8163e-08 -1.3694e-08 -1.0269e-08 -7.6593e-09 -5.6826e-09 -4.1937e-09 -3.0785e-09 -2.2479e-09 -1.6327e-09 -1.1797e-09 -8.4784e-10 -6.0616e-10 -4.3110e-10 -3.0499e-10 -2.1465e-10 -1.5028e-10 -1.0466e-10 -7.2513e-11 -4.9978e-11 -3.4268e-11 -2.3375e-11 -1.5861e-11 -1.0707e-11 -7.1909e-12 -4.8043e-12 -3.1933e-12 -2.1115e-12 -1.3891e-12 -9.0908e-13 -5.9189e-13 -3.8340e-13 -2.4707e-13 -1.5841e-13 -1.0104e-13 -6.4116e-14 -4.0479e-14 -2.5425e-14 9.1513e-08 3.6334e-07 8.0748e-07 1.4109e-06 0.0000e+00 3.0212e-06 3.9820e-06 5.0116e-06 6.0815e-06 7.1633e-06 8.2288e-06 9.2513e-06 1.0206e-05 1.1072e-05 1.1830e-05 1.2466e-05 1.2970e-05 1.3335e-05 1.3558e-05 1.3641e-05 1.3588e-05 1.3408e-05 1.3111e-05 1.2709e-05 1.2215e-05 1.1646e-05 1.1016e-05 1.0340e-05 9.6325e-06 8.9082e-06 8.1795e-06 7.4578e-06 6.7530e-06 6.0735e-06 5.4260e-06 4.8157e-06 4.2463e-06 3.7204e-06 3.2390e-06 2.8023e-06 2.4095e-06 2.0591e-06 1.7490e-06 1.4766e-06 1.2392e-06 1.0338e-06 8.5744e-07 7.0698e-07 5.7954e-07 4.7233e-07 3.8275e-07 3.0839e-07 2.4707e-07 1.9682e-07 1.5591e-07 1.2281e-07 9.6203e-08 7.4940e-08 5.8054e-08 4.4725e-08 3.4267e-08 2.6111e-08 1.9787e-08 1.4914e-08 1.1179e-08 8.3348e-09 6.1805e-09 4.5584e-09 3.3439e-09 2.4399e-09 1.7708e-09 1.2783e-09 9.1784e-10 6.5554e-10 4.6572e-10 3.2911e-10 2.3134e-10 1.6176e-10 1.1251e-10 7.7846e-11 5.3578e-11 3.6682e-11 2.4983e-11 1.6926e-11 1.1407e-11 7.6479e-12 5.1008e-12 3.3842e-12 2.2337e-12 1.4667e-12 9.5802e-13 6.2253e-13 4.0243e-13 2.5881e-13 1.6558e-13 1.0539e-13 6.6731e-14 4.2036e-14 2.6343e-14 1.6424e-14
-1.2822e-07 -5.0920e-07 -1.1321e-06 -1.9793e-06 -3.0269e-06 3.6706e-03 -5.6023e-06 -7.0598e-06 -8.5796e-06 -1.0122e-05 -1.1649e-05 -1.3122e-05 -1.4508e-05 -1.5775e-05 -1.6897e-05 -1.7853e-05 -1.8626e-05 -1.9207e-05 -1.9590e-05 -1.9775e-05 -1.9768e-05 -1.9576e-05 -1.9215e-05 -1.8699e-05 -1.8047e-05 -1.7280e-05 -1.6417e-05 -1.5480e-05 -1.4489e-05 -1.3465e-05 -1.2426e-05 -1.1389e-05 -1.0367e-05 -9.3752e-06 -8.4227e-06 -7.5185e-06 -6.6689e-06 -5.8782e-06 -5.1494e-06 -4.4833e-06 -3.8798e-06 -3.3374e-06 -2.8538e-06 -2.4259e-06 -2.0502e-06 -1.7226e-06 -1.4390e-06 -1.1952e-06 -9.8713e-07 -8.1065e-07 -6.6198e-07 -5.3756e-07 -4.3410e-07 -3.4861e-07 -2.7841e-07 -2.2113e-07 -1.7467e-07 -1.3723e-07 -1.0722e-07 -8.3325e-08 -6.4405e-08 -4.9514e-08 -3.7861e-08 -2.8797e-08 -2.1785e-08 -1.6393e-08 -1.2271e-08 -9.1361e-09 -6.7663e-09 -4.9848e-09 -3.6530e-09 -2.6630e-09 -1.9311e-09 -1.3931e-09 -9.9966e-10 -7.1362e-10 -5.0677e-10 -3.5800e-10 -2.5160e-10 -1.7590e-10 -1.2234e-10 -8.4647e-11 -5.8265e-11 -3.9899e-11 -2.7181e-11 -1.8421e-11 -1.2420e-11 -8.3313e-12 -5.5597e-12 -3.6911e-12 -2.4380e-12 -1.6020e-12 -1.0473e-12 -6.8116e-13 -4.4076e-13 -2.8374e-13 -1.8173e-13 -1.1580e-13 -7.3410e-14 -4.6301e-14 1.2821e-07 5.0905e-07 1.1313e-06 1.9769e-06 3.0212e-06 0.0000e+00 5.5817e-06 7.0260e-06 8.5278e-06 1.0047e-05 1.1544e-05 1.2982e-05 1.4326e-05 1.5546e-05 1.6616e-05 1.7516e-05 1.8230e-05 1.8750e-05 1.9072e-05 1.9198e-05 1.9133e-05 1.8888e-05 1.8479e-05 1.7922e-05 1.7236e-05 1.6442e-05 1.5561e-05 1.4615e-05 1.3625e-05 1.2609e-05 1.1585e-05 1.0570e-05 9.5786e-06 8.6212e-06 7.7081e-06 6.8466e-06 6.0421e-06 5.2982e-06 4.6167e-06 3.9978e-06 3.4405e-06 2.9429e-06 2.5020e-06 2.1145e-06 1.7763e-06 1.4834e-06 1.2316e-06 1.0165e-06 8.3420e-07 6.8064e-07 5.5217e-07 4.4540e-07 3.5725e-07 2.8493e-07 2.2598e-07 1.7823e-07 1.3978e-07 1.0903e-07 8.4567e-08 6.5236e-08 5.0048e-08 3.8187e-08 2.8978e-08 2.1871e-08 1.6418e-08 1.2258e-08 9.1027e-09 6.7234e-09 4.9395e-09 3.6095e-09 2.6236e-09 1.8968e-09 1.3641e-09 9.7581e-10 6.9436e-10 4.9147e-10 3.4604e-10 2.4236e-10 1.6885e-10 1.1703e-10 8.0681e-11 5.5333e-11 3.7751e-11 2.5621e-11 1.7298e-11 1.1618e-11 7.7629e-12 5.1599e-12 3.4120e-12 2.2445e-12 1.4689e-12 9.5630e-13 6.1938e-13 3.9910e-13 2.5583e-13 1.6315e-13 1.0351e-13 6.5335e-14 4.1027e-14 2.5631e-14
-1.6894e-07 -6.7102e-07 -1.4922e-06 -2.6096e-06 -3.9922e-06 -5.6023e-06 4.9955e-03 -9.3260e-06 -1.1341e-05 -1.3391e-05 -1.5424e-05 -1.7390e-05 -1.9246e-05 -2.0949e-05 -2.2465e-05 -2.3765e-05 -2.4828e-05 -2.5637e-05 -2.6186e-05 -2.6474e-05 -2.6506e-05 -2.6294e-05 -2.5853e-05 -2.5205e-05 -2.4372e-05 -2.3380e-05 -2.2258e-05 -2.1031e-05 -1.9728e-05 -1.8374e-05 -1.6994e-05 -1.5612e-05 -1.4246e-05 -1.2914e-05 -1.1631e-05 -1.0409e-05 -9.2571e-06 -8.1816e-06 -7.1866e-06 -6.2745e-06 -5.4453e-06 -4.6976e-06 -4.0287e-06 -3.4349e-06 -2.9117e-06 -2.4539e-06 -2.0564e-06 -1.7134e-06 -1.4196e-06 -1.1696e-06 -9.5827e-07 -7.8075e-07 -6.3261e-07 -5.0976e-07 -4.0851e-07 -3.2559e-07 -2.5810e-07 -2.0348e-07 -1.5956e-07 -1.2445e-07 -9.6542e-08 -7.4493e-08 -5.7173e-08 -4.3647e-08 -3.3144e-08 -2.5036e-08 -1.8811e-08 -1.4059e-08 -1.0453e-08 -7.7306e-09 -5.6874e-09 -4.1624e-09 -3.0304e-09 -2.1947e-09 -1.5812e-09 -1.1333e-09 -8.0805e-10 -5.7316e-10 -4.0444e-10 -2.8391e-10 -1.9827e-10 -1.3775e-10 -9.5212e-11 -6.5470e-11 -4.4787e-11 -3.0481e-11 -2.0638e-11 -1.3901e-11 -9.3160e-12 -6.2111e-12 -4.1198e-12 -2.7187e-12 -1.7849e-12 -1.1659e-12 -7.5765e-13 -4.8984e-13 -3.1509e-13 -2.0164e-13 -1.2838e-13 -8.1326e-14 1.6892e-07 6.7075e-07 1.4908e-06 2.6053e-06 3.9820e-06 5.5817e-06 0.0000e+00 9.2654e-06 1.1248e-05 1.3256e-05 1.5235e-05 1.7138e-05 1.8919e-05 2.0537e-05 2.1960e-05 2.3159e-05 2.4114e-05 2.4814e-05 2.5252e-05 2.5431e-05 2.5359e-05 2.5050e-05 2.4522e-05 2.3797e-05 2.2901e-05 2.1861e-05 2.0705e-05 1.9461e-05 1.8156e-05 1.6815e-05 1.5463e-05 1.4120e-05 1.2806e-05 1.1537e-05 1.0324e-05 9.1788e-06 8.1082e-06 7.1170e-06 6.2078e-06 5.3812e-06 4.6361e-06 3.9698e-06 3.3789e-06 2.8587e-06 2.4043e-06 2.0103e-06 1.6710e-06 1.3810e-06 1.1347e-06 9.2700e-07 7.5302e-07 6.0823e-07 4.8851e-07 3.9016e-07 3.0987e-07 2.4474e-07 1.9223e-07 1.5015e-07 1.1664e-07 9.0114e-08 6.9241e-08 5.2913e-08 4.0217e-08 3.0403e-08 2.2859e-08 1.7095e-08 1.2716e-08 9.4083e-09 6.9239e-09 5.0684e-09 3.6904e-09 2.6729e-09 1.9257e-09 1.3800e-09 9.8379e-10 6.9764e-10 4.9212e-10 3.4533e-10 2.4105e-10 1.6739e-10 1.1563e-10 7.9458e-11 5.4318e-11 3.6939e-11 2.4991e-11 1.6819e-11 1.1261e-11 7.5010e-12 4.9705e-12 3.2767e-12 2.1489e-12 1.4021e-12 9.1009e-13 5.8771e-13 3.7757e-13 2.4132e-13 1.5345e-13 9.7077e-14 6.1099e-14 3.8258e-14
-2.1255e-07 -8.4434e-07 -1.8780e-06 -3.2854e-06 -5.0283e-06 -7.0598e-06 -9.3260e-06 6.5240e-03 -1.4322e-05 -1.6925e-05 -1.9513e-05 -2.2025e-05 -2.4403e-05 -2.6595e-05 -2.8558e-05 -3.0253e-05 -3.1652e-05 -3.2736e-05 -3.3493e-05 -3.3920e-05 -3.4023e-05 -3.3814e-05 -3.3313e-05 -3.2544e-05 -3.1536e-05 -3.0320e-05 -2.8930e-05 -2.7399e-05 -2.5764e-05 -2.4055e-05 -2.2306e-05 -2.0545e-05 -1.8797e-05 -1.7087e-05 -1.5433e-05 -1.3851e-05 -1.2354e-05 -1.0951e-05 -9.6483e-06 -8.4497e-06 -7.3560e-06 -6.3662e-06 -5.4773e-06 -4.6853e-06 -3.9848e-06 -3.3697e-06 -2.8334e-06 -2.3691e-06 -1.9697e-06 -1.6286e-06 -1.3391e-06 -1.0950e-06 -8.9043e-07 -7.2015e-07 -5.7927e-07 -4.6342e-07 -3.6874e-07 -2.9182e-07 -2.2971e-07 -1.7986e-07 -1.4007e-07 -1.0850e-07 -8.3604e-08 -6.4078e-08 -4.8853e-08 -3.7050e-08 -2.7950e-08 -2.0975e-08 -1.5658e-08 -1.1628e-08 -8.5900e-09 -6.3126e-09 -4.6149e-09 -3.3563e-09 -2.4282e-09 -1.7477e-09 -1.2514e-09 -8.9137e-10 -6.3166e-10 -4.4531e-10 -3.1232e-10 -2.1792e-10 -1.5127e-10 -1.0446e-10 -7.1771e-11 -4.9056e-11 -3.3359e-11 -2.2569e-11 -1.5190e-11 -1.0172e-11 -6.7766e-12 -4.4916e-12 -2.9619e-12 -1.9432e-12 -1.2683e-12 -8.2365e-13 -5.3215e-13 -3.4206e-13 -2.1876e-13 -1.3919e-13 2.1252e-07 8.4389e-07 1.8758e-06 3.2784e-06 5.0116e-06 7.0260e-06 9.2654e-06 0.0000e+00 1.4169e-05 1.6702e-05 1.9203e-05 2.1609e-05 2.3864e-05 2.5916e-05 2.7724e-05 2.9251e-05 3.0474e-05 3.1375e-05 3.1947e-05 3.2194e-05 3.2123e-05 3.1752e-05 3.1104e-05 3.0207e-05 2.9092e-05 2.7792e-05 2.6344e-05 2.4782e-05 2.3140e-05 2.1450e-05 1.9744e-05 1.8047e-05 1.6384e-05 1.4775e-05 1.3236e-05 1.1780e-05 1.0418e-05 9.1544e-06 7.9942e-06 6.9380e-06 5.9846e-06 5.1310e-06 4.3727e-06 3.7044e-06 3.1198e-06 2.6120e-06 2.1742e-06 1.7993e-06 1.4806e-06 1.2113e-06 9.8545e-07 7.9717e-07 6.4125e-07 5.1295e-07 4.0804e-07 3.2280e-07 2.5395e-07 1.9870e-07 1.5462e-07 1.1966e-07 9.2102e-08 7.0508e-08 5.3686e-08 4.0658e-08 3.0626e-08 2.2947e-08 1.7101e-08 1.2677e-08 9.3471e-09 6.8556e-09 5.0016e-09 3.6298e-09 2.6203e-09 1.8817e-09 1.3442e-09 9.5519e-10 6.7522e-10 4.7482e-10 3.3216e-10 2.3115e-10 1.6002e-10 1.1021e-10 7.5507e-11 5.1464e-11 3.4896e-11 2.3540e-11 1.5797e-11 1.0547e-11 7.0051e-12 4.6288e-12 3.0429e-12 1.9901e-12 1.2949e-12 8.3824e-13 5.3984e-13 3.4589e-13 2.2049e-13 1.3984e-13 8.8231e-14 5.5387e-14
-2.5782e-07 -1.0244e-06 -2.2791e-06 -3.9885e-06 -6.1072e-06 -8.5796e-06 -1.1341e-05 -1.4322e-05 8.2558e-03 -2.0638e-05 -2.3820e-05 -2.6918e-05 -2.9863e-05 -3.2591e-05 -3.5048e-05 -3.7188e-05 -3.8973e-05 -4.0378e-05 -4.1388e-05 -4.1998e-05 -4.2211e-05 -4.2041e-05 -4.1510e-05 -4.0645e-05 -3.9479e-05 -3.8049e-05 -3.6396e-05 -3.4560e-05 -3.2583e-05 -3.0506e-05 -2.8367e-05 -2.6202e-05 -2.4044e-05 -2.1922e-05 -1.9860e-05 -1.7880e-05 -1.5998e-05 -1.4227e-05 -1.2576e-05 -1.1051e-05 -9.6530e-06 -8.3828e-06 -7.2375e-06 -6.2129e-06 -5.3029e-06 -4.5005e-06 -3.7981e-06 -3.1874e-06 -2.6600e-06 -2.2076e-06 -1.8221e-06 -1.4956e-06 -1.2210e-06 -9.9132e-07 -8.0052e-07 -6.4296e-07 -5.1364e-07 -4.0813e-07 -3.2256e-07 -2.5358e-07 -1.9829e-07 -1.5423e-07 -1.1933e-07 -9.1841e-08 -7.0311e-08 -5.3547e-08 -4.0566e-08 -3.0571e-08 -2.2918e-08 -1.7092e-08 -1.2680e-08 -9.3583e-09 -6.8709e-09 -5.0185e-09 -3.6465e-09 -2.6359e-09 -1.8956e-09 -1.3561e-09 -9.6520e-10 -6.8343e-10 -4.8143e-10 -3.3739e-10 -2.3523e-10 -1.6317e-10 -1.1260e-10 -7.7305e-11 -5.2802e-11 -3.5881e-11 -2.4258e-11 -1.6317e-11 -1.0919e-11 -7.2696e-12 -4.8152e-12 -3.1733e-12 -2.0806e-12 -1.3572e-12 -8.8081e-13 -5.6874e-13 -3.6537e-13 -2.3353e-13 2.5778e-07 1.0237e-06 2.2756e-06 3.9777e-06 6.0815e-06 8.5278e-06 1.1248e-05 1.4169e-05 0.0000e+00 2.0295e-05 2.3342e-05 2.6278e-05 2.9032e-05 3.1544e-05 3.3761e-05 3.5641e-05 3.7152e-05 3.8274e-05 3.8998e-05 3.9325e-05 3.9267e-05 3.8843e-05 3.8080e-05 3.7012e-05 3.5676e-05 3.4113e-05 3.2365e-05 3.0475e-05 2.8484e-05 2.6431e-05 2.4354e-05 2.2285e-05 2.0254e-05 1.8285e-05 1.6400e-05 1.4614e-05 1.2940e-05 1.1385e-05 9.9555e-06 8.6517e-06 7.4730e-06 6.4160e-06 5.4757e-06 4.6456e-06 3.9182e-06 3.2855e-06 2.7390e-06 2.2703e-06 1.8711e-06 1.5334e-06 1.2495e-06 1.0125e-06 8.1586e-07 6.5376e-07 5.2098e-07 4.1288e-07 3.2542e-07 2.5509e-07 1.9887e-07 1.5420e-07 1.1892e-07 9.1214e-08 6.9590e-08 5.2808e-08 3.9860e-08 2.9926e-08 2.2349e-08 1.6602e-08 1.2267e-08 9.0167e-09 6.5926e-09 4.7949e-09 3.4692e-09 2.4968e-09 1.7876e-09 1.2732e-09 9.0211e-10 6.3585e-10 4.4585e-10 3.1100e-10 2.1582e-10 1.4899e-10 1.0233e-10 6.9917e-11 4.7525e-11 3.2139e-11 2.1622e-11 1.4472e-11 9.6366e-12 6.3840e-12 4.2076e-12 2.7590e-12 1.7999e-12 1.1682e-12 7.5432e-13 4.8460e-13 3.0974e-13 1.9696e-13 1.2461e-13 7.8440e-14
-3.0355e-07 -1.2063e-06 -2.6846e-06 -4.7001e-06 -7.2006e-06 -1.0122e-05 -1.3391e-05 -1.6925e-05 -2.0638e-05 1.0191e-02 -2.8243e-05 -3.1958e-05 -3.5505e-05 -3.8809e-05 -4.1804e-05 -4.4434e-05 -4.6653e-05 -4.8430e-05 -4.9743e-05 -5.0584e-05 -5.0955e-05 -5.0868e-05 -5.0346e-05 -4.9420e-05 -4.8126e-05 -4.6507e-05 -4.4609e-05 -4.2478e-05 -4.0165e-05 -3.7716e-05 -3.5178e-05 -3.2594e-05 -3.0004e-05 -2.7444e-05 -2.4945e-05 -2.2533e-05 -2.0230e-05 -1.8053e-05 -1.6014e-05 -1.4122e-05 -1.2380e-05 -1.0790e-05 -9.3505e-06 -8.0567e-06 -6.9027e-06 -5.8806e-06 -4.9819e-06 -4.1971e-06 -3.5164e-06 -2.9299e-06 -2.4278e-06 -2.0008e-06 -1.6400e-06 -1.3370e-06 -1.0841e-06 -8.7429e-07 -7.0133e-07 -5.5959e-07 -4.4412e-07 -3.5060e-07 -2.7532e-07 -2.1506e-07 -1.6710e-07 -1.2915e-07 -9.9303e-08 -7.5951e-08 -5.7787e-08 -4.3738e-08 -3.2932e-08 -2.4667e-08 -1.8380e-08 -1.3625e-08 -1.0047e-08 -7.3708e-09 -5.3794e-09 -3.9058e-09 -2.8212e-09 -2.0273e-09 -1.4493e-09 -1.0308e-09 -7.2938e-10 -5.1344e-10 -3.5958e-10 -2.5054e-10 -1.7367e-10 -1.1977e-10 -8.2177e-11 -5.6095e-11 -3.8096e-11 -2.5740e-11 -1.7303e-11 -1.1572e-11 -7.7000e-12 -5.0974e-12 -3.3573e-12 -2.2000e-12 -1.4343e-12 -9.3037e-13 -6.0041e-13 -3.8551e-13 3.0349e-07 1.2053e-06 2.6796e-06 4.6844e-06 7.1633e-06 1.0047e-05 1.3256e-05 1.6702e-05 2.0295e-05 0.0000e+00 2.7546e-05 3.1025e-05 3.4294e-05 3.7281e-05 3.9924e-05 4.2172e-05 4.3989e-05 4.5348e-05 4.6240e-05 4.6663e-05 4.6631e-05 4.6166e-05 4.5299e-05 4.4068e-05 4.2518e-05 4.0695e-05 3.8650e-05 3.6431e-05 3.4088e-05 3.1667e-05 2.9212e-05 2.6763e-05 2.4354e-05 2.2015e-05 1.9771e-05 1.7641e-05 1.5642e-05 1.3782e-05 1.2069e-05 1.0504e-05 9.0863e-06 7.8132e-06 6.6787e-06 5.6753e-06 4.7945e-06 4.0270e-06 3.3629e-06 2.7923e-06 2.3054e-06 1.8927e-06 1.5451e-06 1.2543e-06 1.0126e-06 8.1300e-07 6.4913e-07 5.1546e-07 4.0708e-07 3.1974e-07 2.4979e-07 1.9408e-07 1.4999e-07 1.1530e-07 8.8153e-08 6.7041e-08 5.0715e-08 3.8161e-08 2.8563e-08 2.1266e-08 1.5750e-08 1.1604e-08 8.5042e-09 6.2000e-09 4.4965e-09 3.2441e-09 2.3283e-09 1.6624e-09 1.1808e-09 8.3437e-10 5.8653e-10 4.1018e-10 2.8537e-10 1.9752e-10 1.3601e-10 9.3174e-11 6.3502e-11 4.3057e-11 2.9045e-11 1.9493e-11 1.3015e-11 8.6458e-12 5.7140e-12 3.7571e-12 2.4578e-12 1.5997e-12 1.0358e-12 6.6734e-13 4.2775e-13 2.7279e-13 1.7308e-13 1.0926e-13
-3.4854e-07 -1.3853e-06 -3.0840e-06 -5.4019e-06 -8.2807e-06 -1.1649e-05 -1.5424e-05 -1.9513e-05 -2.3820e-05 -2.8243e-05 1.2329e-02 -3.7034e-05 -4.1209e-05 -4.5120e-05 -4.8690e-05 -5.1851e-05 -5.4552e-05 -5.6750e-05 -5.8419e-05 -5.9545e-05 -6.0127e-05 -6.0176e-05 -5.9715e-05 -5.8775e-05 -5.7396e-05 -5.5625e-05 -5.3511e-05 -5.1110e-05 -4.8477e-05 -4.5666e-05 -4.2731e-05 -3.9723e-05 -3.6691e-05 -3.3675e-05 -3.0716e-05 -2.7844e-05 -2.5088e-05 -2.2470e-05 -2.0006e-05 -1.7708e-05 -1.5583e-05 -1.3634e-05 -1.1860e-05 -1.0259e-05 -8.8243e-06 -7.5477e-06 -6.4198e-06 -5.4304e-06 -4.5682e-06 -3.8218e-06 -3.1800e-06 -2.6316e-06 -2.1660e-06 -1.7732e-06 -1.4439e-06 -1.1694e-06 -9.4205e-07 -7.5487e-07 -6.0168e-07 -4.7704e-07 -3.7622e-07 -2.9515e-07 -2.3033e-07 -1.7881e-07 -1.3808e-07 -1.0607e-07 -8.1063e-08 -6.1626e-08 -4.6606e-08 -3.5064e-08 -2.6243e-08 -1.9540e-08 -1.4474e-08 -1.0666e-08 -7.8190e-09 -5.7025e-09 -4.1376e-09 -2.9867e-09 -2.1448e-09 -1.5323e-09 -1.0891e-09 -7.7018e-10 -5.4183e-10 -3.7924e-10 -2.6408e-10 -1.8295e-10 -1.2609e-10 -8.6466e-11 -5.8990e-11 -4.0039e-11 -2.7038e-11 -1.8166e-11 -1.2143e-11 -8.0755e-12 -5.3432e-12 -3.5174e-12 -2.3038e-12 -1.5012e-12 -9.7327e-13 -6.2779e-13 3.4845e-07 1.3839e-06 3.0771e-06 5.3802e-06 8.2288e-06 1.1544e-05 1.5235e-05 1.9203e-05 2.3342e-05 2.7546e-05 0.0000e+00 3.5732e-05 3.9518e-05 4.2986e-05 4.6062e-05 4.8689e-05 5.0822e-05 5.2433e-05 5.3506e-05 5.4041e-05 5.4051e-05 5.3562e-05 5.2606e-05 5.1229e-05 4.9478e-05 4.7408e-05 4.5076e-05 4.2537e-05 3.9849e-05 3.7065e-05 3.4236e-05 3.1407e-05 2.8618e-05 2.5906e-05 2.3299e-05 2.0820e-05 1.8488e-05 1.6315e-05 1.4309e-05 1.2474e-05 1.0808e-05 9.3096e-06 7.9714e-06 6.7857e-06 5.7428e-06 4.8323e-06 4.0429e-06 3.3633e-06 2.7821e-06 2.2885e-06 1.8719e-06 1.5227e-06 1.2318e-06 9.9101e-07 7.9293e-07 6.3098e-07 4.9939e-07 3.9311e-07 3.0778e-07 2.3968e-07 1.8565e-07 1.4304e-07 1.0962e-07 8.3560e-08 6.3360e-08 4.7791e-08 3.5857e-08 2.6763e-08 1.9870e-08 1.4676e-08 1.0783e-08 7.8810e-09 5.7303e-09 4.1449e-09 2.9826e-09 2.1351e-09 1.5206e-09 1.0773e-09 7.5936e-10 5.3248e-10 3.7147e-10 2.5782e-10 1.7802e-10 1.2229e-10 8.3579e-11 5.6830e-11 3.8444e-11 2.5874e-11 1.7325e-11 1.1542e-11 7.6501e-12 5.0448e-12 3.3098e-12 2.1605e-12 1.4031e-12 9.0663e-13 5.8285e-13 3.7281e-13 2.3725e-13 1.5022e-13
-3.9164e-07 -1.5570e-06 -3.4674e-06 -6.0764e-06 -9.3207e-06 -1.3122e-05 -1.7390e-05 -2.2025e-05 -2.6918e-05 -3.1958e-05 -3.7034e-05 1.4670e-02 -4.6853e-05 -5.1394e-05 -5.5569e-05 -5.9300e-05 -6.2525e-05 -6.5194e-05 -6.7273e-05 -6.8742e-05 -6.9595e-05 -6.9841e-05 -6.9500e-05 -6.8604e-05 -6.7194e-05 -6.5319e-05 -6.3035e-05 -6.0400e-05 -5.7477e-05 -5.4326e-05 -5.1009e-05 -4.7584e-05 -4.4107e-05 -4.0629e-05 -3.7194e-05 -3.3842e-05 -3.0608e-05 -2.7518e-05 -2.4595e-05 -2.1854e-05 -1.9307e-05 -1.6960e-05 -1.4813e-05 -1.2865e-05 -1.1111e-05 -9.5424e-06 -8.1501e-06 -6.9226e-06 -5.8479e-06 -4.9131e-06 -4.1053e-06 -3.4118e-06 -2.8202e-06 -2.3187e-06 -1.8962e-06 -1.5424e-06 -1.2479e-06 -1.0043e-06 -8.0402e-07 -6.4026e-07 -5.0717e-07 -3.9964e-07 -3.1326e-07 -2.4426e-07 -1.8947e-07 -1.4620e-07 -1.1222e-07 -8.5697e-08 -6.5101e-08 -4.9199e-08 -3.6988e-08 -2.7665e-08 -2.0584e-08 -1.5237e-08 -1.1221e-08 -8.2208e-09 -5.9919e-09 -4.3448e-09 -3.1343e-09 -2.2495e-09 -1.6062e-09 -1.1410e-09 -8.0637e-10 -5.6698e-10 -3.9662e-10 -2.7603e-10 -1.9112e-10 -1.3166e-10 -9.0236e-11 -6.1530e-11 -4.1742e-11 -2.8174e-11 -1.8920e-11 -1.2640e-11 -8.4024e-12 -5.5568e-12 -3.6563e-12 -2.3936e-12 -1.5590e-12 -1.0103e-12 3.9152e-07 1.5551e-06 3.4581e-06 6.0474e-06 9.2513e-06 1.2982e-05 1.7138e-05 2.1609e-05 2.6278e-05 3.1025e-05 3.5732e-05 0.0000e+00 4.4582e-05 4.8524e-05 5.2033e-05 5.5040e-05 5.7497e-05 5.9367e-05 6.0635e-05 6.1298e-05 6.1369e-05 6.0874e-05 5.9851e-05 5.8347e-05 5.6417e-05 5.4121e-05 5.1521e-05 4.8681e-05 4.5665e-05 4.2532e-05 3.9340e-05 3.6141e-05 3.2980e-05 2.9900e-05 2.6932e-05 2.4105e-05 2.1440e-05 1.8952e-05 1.6650e-05 1.4540e-05 1.2621e-05 1.0891e-05 9.3425e-06 7.9679e-06 6.7563e-06 5.6962e-06 4.7752e-06 3.9805e-06 3.2995e-06 2.7197e-06 2.2294e-06 1.8174e-06 1.4734e-06 1.1880e-06 9.5271e-07 7.5986e-07 6.0278e-07 4.7560e-07 3.7325e-07 2.9136e-07 2.2622e-07 1.7472e-07 1.3423e-07 1.0258e-07 7.7977e-08 5.8965e-08 4.4356e-08 3.3191e-08 2.4708e-08 1.8297e-08 1.3479e-08 9.8780e-09 7.2018e-09 5.2235e-09 3.7690e-09 2.7056e-09 1.9322e-09 1.3728e-09 9.7034e-10 6.8235e-10 4.7738e-10 3.3228e-10 2.3010e-10 1.5852e-10 1.0866e-10 7.4099e-11 5.0274e-11 3.3936e-11 2.2791e-11 1.5229e-11 1.0124e-11 6.6961e-12 4.4065e-12 2.8851e-12 1.8794e-12 1.2181e-12 7.8549e-13 5.0396e-13 3.2170e-13 2.0432e-13
-4.3182e-07 -1.7171e-06 -3.8255e-06 -6.7076e-06 -1.0296e-05 -1.4508e-05 -1.9246e-05 -2.4403e-05 -2.9863e-05 -3.5505e-05 -4.1209e-05 -4.6853e-05 1.7214e-02 -5.7507e-05 -6.2308e-05 -6.6640e-05 -7.0429e-05 -7.3617e-05 -7.6160e-05 -7.8031e-05 -7.9220e-05 -7.9729e-05 -7.9575e-05 -7.8790e-05 -7.7414e-05 -7.5498e-05 -7.3099e-05 -7.0281e-05 -6.7110e-05 -6.3655e-05 -5.9983e-05 -5.6160e-05 -5.2250e-05 -4.8310e-05 -4.4394e-05 -4.0550e-05 -3.6818e-05 -3.3232e-05 -2.9820e-05 -2.6604e-05 -2.3599e-05 -2.0814e-05 -1.8255e-05 -1.5920e-05 -1.3807e-05 -1.1908e-05 -1.0214e-05 -8.7124e-06 -7.3913e-06 -6.2365e-06 -5.2337e-06 -4.3685e-06 -3.6267e-06 -2.9948e-06 -2.4598e-06 -2.0097e-06 -1.6332e-06 -1.3202e-06 -1.0616e-06 -8.4913e-07 -6.7563e-07 -5.3476e-07 -4.2105e-07 -3.2978e-07 -2.5696e-07 -1.9917e-07 -1.5358e-07 -1.1780e-07 -8.9897e-08 -6.8246e-08 -5.1542e-08 -3.8725e-08 -2.8945e-08 -2.1524e-08 -1.5923e-08 -1.1719e-08 -8.5806e-09 -6.2505e-09 -4.5297e-09 -3.2659e-09 -2.3427e-09 -1.6718e-09 -1.1870e-09 -8.3842e-10 -5.8920e-10 -4.1195e-10 -2.8656e-10 -1.9832e-10 -1.3655e-10 -9.3540e-11 -6.3753e-11 -4.3230e-11 -2.9165e-11 -1.9576e-11 -1.3073e-11 -8.6859e-12 -5.7418e-12 -3.7764e-12 -2.4711e-12 -1.6088e-12 4.3167e-07 1.7147e-06 3.8134e-06 6.6700e-06 1.0206e-05 1.4326e-05 1.8919e-05 2.3864e-05 2.9032e-05 3.4294e-05 3.9518e-05 4.4582e-05 0.0000e+00 5.3770e-05 5.7701e-05 6.1085e-05 6.3865e-05 6.6002e-05 6.7475e-05 6.8280e-05 6.8430e-05 6.7952e-05 6.6886e-05 6.5282e-05 6.3201e-05 6.0705e-05 5.7866e-05 5.4751e-05 5.1431e-05 4.7972e-05 4.4438e-05 4.0887e-05 3.7371e-05 3.3935e-05 3.0618e-05 2.7451e-05 2.4459e-05 2.1659e-05 1.9064e-05 1.6678e-05 1.4505e-05 1.2541e-05 1.0779e-05 9.2119e-06 7.8273e-06 6.6129e-06 5.5555e-06 4.6410e-06 3.8554e-06 3.1850e-06 2.6167e-06 2.1381e-06 1.7374e-06 1.4042e-06 1.1287e-06 9.0241e-07 7.1761e-07 5.6760e-07 4.4656e-07 3.4947e-07 2.7204e-07 2.1065e-07 1.6225e-07 1.2432e-07 9.4754e-08 7.1843e-08 5.4188e-08 4.0660e-08 3.0350e-08 2.2537e-08 1.6649e-08 1.2236e-08 8.9457e-09 6.5068e-09 4.7085e-09 3.3897e-09 2.4278e-09 1.7299e-09 1.2263e-09 8.6492e-10 6.0690e-10 4.2368e-10 2.9427e-10 2.0334e-10 1.3980e-10 9.5624e-11 6.5075e-11 4.4061e-11 2.9682e-11 1.9894e-11 1.3266e-11 8.8015e-12 5.8099e-12 3.8158e-12 2.4934e-12 1.6211e-12 1.0486e-12 6.7490e-13 4.3217e-13 2.7535e-13
-4.6816e-07 -1.8621e-06 -4.1502e-06 -7.2813e-06 -1.1185e-05 -1.5775e-05 -2.0949e-05 -2.6595e-05 -3.2591e-05 -3.8809e-05 -4.5120e-05 -5.1394e-05 -5.7507e-05 1.9960e-02 -6.8782e-05 -7.3738e-05 -7.8126e-05 -8.1875e-05 -8.4935e-05 -8.7269e-05 -8.8859e-05 -8.9701e-05 -8.9810e-05 -8.9210e-05 -8.7942e-05 -8.6056e-05 -8.3611e-05 -8.0672e-05 -7.7311e-05 -7.3600e-05 -6.9613e-05 -6.5423e-05 -6.1102e-05 -5.6715e-05 -5.2323e-05 -4.7982e-05 -4.3741e-05 -3.9641e-05 -3.5718e-05 -3.1997e-05 -2.8501e-05 -2.5244e-05 -2.2233e-05 -1.9472e-05 -1.6960e-05 -1.4690e-05 -1.2654e-05 -1.0841e-05 -9.2371e-06 -7.8280e-06 -6.5981e-06 -5.5315e-06 -4.6126e-06 -3.8258e-06 -3.1563e-06 -2.5902e-06 -2.1144e-06 -1.7168e-06 -1.3867e-06 -1.1142e-06 -8.9051e-07 -7.0802e-07 -5.5999e-07 -4.4059e-07 -3.4485e-07 -2.6851e-07 -2.0799e-07 -1.6027e-07 -1.2286e-07 -9.3697e-08 -7.1087e-08 -5.3654e-08 -4.0288e-08 -3.0096e-08 -2.2367e-08 -1.6537e-08 -1.2164e-08 -8.9019e-09 -6.4810e-09 -4.6943e-09 -3.3828e-09 -2.4253e-09 -1.7299e-09 -1.2276e-09 -8.6670e-10 -6.0878e-10 -4.2544e-10 -2.9580e-10 -2.0462e-10 -1.4082e-10 -9.6425e-11 -6.5690e-11 -4.4524e-11 -3.0025e-11 -2.0144e-11 -1.3447e-11 -8.9307e-12 -5.9012e-12 -3.8797e-12 -2.5377e-12 4.6797e-07 1.8590e-06 4.1350e-06 7.2340e-06 1.1072e-05 1.5546e-05 2.0537e-05 2.5916e-05 3.1544e-05 3.7281e-05 4.2986e-05 4.8524e-05 5.3770e-05 0.0000e+00 6.2945e-05 6.6694e-05 6.9792e-05 7.2197e-05 7.3883e-05 7.4844e-05 7.5093e-05 7.4655e-05 7.3574e-05 7.1901e-05 6.9700e-05 6.7040e-05 6.3994e-05 6.0638e-05 5.7047e-05 5.3294e-05 4.9447e-05 4.5571e-05 4.1723e-05 3.7953e-05 3.4304e-05 3.0812e-05 2.7505e-05 2.4403e-05 2.1520e-05 1.8865e-05 1.6440e-05 1.4243e-05 1.2268e-05 1.0507e-05 8.9470e-06 7.5758e-06 6.3787e-06 5.3408e-06 4.4471e-06 3.6825e-06 3.0326e-06 2.4839e-06 2.0234e-06 1.6393e-06 1.3211e-06 1.0589e-06 8.4419e-07 6.6945e-07 5.2807e-07 4.1435e-07 3.2341e-07 2.5110e-07 1.9393e-07 1.4900e-07 1.1388e-07 8.6587e-08 6.5493e-08 4.9281e-08 3.6890e-08 2.7472e-08 2.0353e-08 1.5002e-08 1.1000e-08 8.0246e-09 5.8240e-09 4.2052e-09 3.0209e-09 2.1590e-09 1.5351e-09 1.0860e-09 7.6435e-10 5.3523e-10 3.7288e-10 2.5846e-10 1.7824e-10 1.2230e-10 8.3485e-11 5.6702e-11 3.8317e-11 2.5761e-11 1.7233e-11 1.1469e-11 7.5947e-12 5.0037e-12 3.2800e-12 2.1392e-12 1.3882e-12 8.9625e-13 5.7573e-13 3.6797e-13
-4.9989e-07 -1.9888e-06 -4.4347e-06 -7.7853e-06 -1.1969e-05 -1.6897e-05 -2.2465e-05 -2.8558e-05 -3.5048e-05 -4.1804e-05 -4.8690e-05 -5.5569e-05 -6.2308e-05 -6.8782e-05 2.2908e-02 -8.0468e-05 -8.5481e-05 -8.9831e-05 -9.3456e-05 -9.6311e-05 -9.8368e-05 -9.9618e-05 -1.0007e-04 -9.9733e-05 -9.8655e-05 -9.6881e-05 -9.4467e-05 -9.1482e-05 -8.7997e-05 -8.4092e-05 -7.9843e-05 -7.5331e-05 -7.0634e-05 -6.5825e-05 -6.0973e-05 -5.6144e-05 -5.1392e-05 -4.6769e-05 -4.2317e-05 -3.8069e-05 -3.4054e-05 -3.0290e-05 -2.6792e-05 -2.3567e-05 -2.0615e-05 -1.7934e-05 -1.5516e-05 -1.3351e-05 -1.1426e-05 -9.7261e-06 -8.2344e-06 -6.9341e-06 -5.8080e-06 -4.8389e-06 -4.0100e-06 -3.3056e-06 -2.7105e-06 -2.2108e-06 -1.7938e-06 -1.4478e-06 -1.1624e-06 -9.2840e-07 -7.3763e-07 -5.8301e-07 -4.5841e-07 -3.5856e-07 -2.7901e-07 -2.1599e-07 -1.6633e-07 -1.2743e-07 -9.7126e-08 -7.3646e-08 -5.5555e-08 -4.1692e-08 -3.1128e-08 -2.3121e-08 -1.7086e-08 -1.2562e-08 -9.1878e-09 -6.6859e-09 -4.8403e-09 -3.4863e-09 -2.4983e-09 -1.7811e-09 -1.2634e-09 -8.9155e-10 -6.2596e-10 -4.3725e-10 -3.0388e-10 -2.1011e-10 -1.4454e-10 -9.8932e-11 -6.7369e-11 -4.5644e-11 -3.0767e-11 -2.0635e-11 -1.3769e-11 -9.1409e-12 -6.0378e-12 -3.9680e-12 4.9965e-07 1.9851e-06 4.4161e-06 7.7273e-06 1.1830e-05 1.6616e-05 2.1960e-05 2.7724e-05 3.3761e-05 3.9924e-05 4.6062e-05 5.2033e-05 5.7701e-05 6.2945e-05 0.0000e+00 7.1754e-05 7.5161e-05 7.7831e-05 7.9735e-05 8.0864e-05 8.1230e-05 8.0857e-05 7.9790e-05 7.8082e-05 7.5798e-05 7.3011e-05 6.9800e-05 6.6242e-05 6.2419e-05 5.8409e-05 5.4286e-05 5.0118e-05 4.5968e-05 4.1892e-05 3.7936e-05 3.4140e-05 3.0536e-05 2.7147e-05 2.3989e-05 2.1074e-05 1.8404e-05 1.5980e-05 1.3795e-05 1.1841e-05 1.0106e-05 8.5772e-06 7.2390e-06 6.0757e-06 5.0713e-06 4.2097e-06 3.4755e-06 2.8538e-06 2.3307e-06 1.8932e-06 1.5297e-06 1.2293e-06 9.8270e-07 7.8140e-07 6.1806e-07 4.8630e-07 3.8062e-07 2.9634e-07 2.2953e-07 1.7685e-07 1.3555e-07 1.0336e-07 7.8409e-08 5.9172e-08 4.4425e-08 3.3181e-08 2.4656e-08 1.8227e-08 1.3406e-08 9.8091e-09 7.1408e-09 5.1717e-09 3.7265e-09 2.6715e-09 1.9054e-09 1.3521e-09 9.5461e-10 6.7054e-10 4.6861e-10 3.2583e-10 2.2541e-10 1.5514e-10 1.0624e-10 7.2386e-11 4.9070e-11 3.3095e-11 2.2209e-11 1.4828e-11 9.8498e-12 6.5100e-12 4.2809e-12 2.8009e-12 1.8233e-12 1.1809e-12 7.6099e-13 4.8792e-13
-5.2640e-07 -2.0949e-06 -4.6735e-06 -8.2100e-06 -1.2633e-05 -1.7853e-05 -2.3765e-05 -3.0253e-05 -3.7188e-05 -4.4434e-05 -5.1851e-05 -5.9300e-05 -6.6640e-05 -7.3738e-05 -8.0468e-05 2.6059e-02 -9.2371e-05 -9.7353e-05 -1.0159e-04 -1.0502e-04 -1.0761e-04 -1.0934e-04 -1.1020e-04 -1.1022e-04 -1.0942e-04 -1.0785e-04 -1.0555e-04 -1.0260e-04 -9.9077e-05 -9.5049e-05 -9.0605e-05 -8.5828e-05 -8.0803e-05 -7.5610e-05 -7.0327e-05 -6.5027e-05 -5.9774e-05 -5.4628e-05 -4.9638e-05 -4.4847e-05 -4.0290e-05 -3.5993e-05 -3.1975e-05 -2.8249e-05 -2.4819e-05 -2.1687e-05 -1.8846e-05 -1.6289e-05 -1.4002e-05 -1.1972e-05 -1.0181e-05 -8.6122e-06 -7.2460e-06 -6.0642e-06 -5.0482e-06 -4.1802e-06 -3.4433e-06 -2.8213e-06 -2.2995e-06 -1.8644e-06 -1.5038e-06 -1.2065e-06 -9.6301e-07 -7.6464e-07 -6.0398e-07 -4.7460e-07 -3.7101e-07 -2.8852e-07 -2.2322e-07 -1.7180e-07 -1.3155e-07 -1.0021e-07 -7.5944e-08 -5.7258e-08 -4.2948e-08 -3.2049e-08 -2.3794e-08 -1.7574e-08 -1.2914e-08 -9.4413e-09 -6.8671e-09 -4.9693e-09 -3.5776e-09 -2.5625e-09 -1.8261e-09 -1.2947e-09 -9.1328e-10 -6.4095e-10 -4.4753e-10 -3.1090e-10 -2.1488e-10 -1.4777e-10 -1.0110e-10 -6.8818e-11 -4.6607e-11 -3.1405e-11 -2.1054e-11 -1.4044e-11 -9.3201e-12 -6.1540e-12 5.2612e-07 2.0904e-06 4.6512e-06 8.1405e-06 1.2466e-05 1.7516e-05 2.3159e-05 2.9251e-05 3.5641e-05 4.2172e-05 4.8689e-05 5.5040e-05 6.1085e-05 6.6694e-05 7.1754e-05 0.0000e+00 7.9871e-05 8.2798e-05 8.4922e-05 8.6230e-05 8.6729e-05 8.6446e-05 8.5423e-05 8.3715e-05 8.1388e-05 7.8517e-05 7.5183e-05 7.1469e-05 6.7460e-05 6.3237e-05 5.8878e-05 5.4459e-05 5.0045e-05 4.5696e-05 4.1463e-05 3.7390e-05 3.3513e-05 2.9856e-05 2.6441e-05 2.3279e-05 2.0376e-05 1.7732e-05 1.5343e-05 1.3201e-05 1.1294e-05 9.6089e-06 8.1298e-06 6.8405e-06 5.7242e-06 4.7640e-06 3.9434e-06 3.2465e-06 2.6585e-06 2.1653e-06 1.7542e-06 1.4137e-06 1.1332e-06 9.0361e-07 7.1675e-07 5.6555e-07 4.4391e-07 3.4663e-07 2.6925e-07 2.0807e-07 1.5995e-07 1.2233e-07 9.3074e-08 7.0451e-08 5.3052e-08 3.9746e-08 2.9624e-08 2.1967e-08 1.6206e-08 1.1895e-08 8.6857e-09 6.3102e-09 4.5611e-09 3.2800e-09 2.3468e-09 1.6705e-09 1.1831e-09 8.3367e-10 5.8445e-10 4.0766e-10 2.8291e-10 1.9534e-10 1.3419e-10 9.1719e-11 6.2372e-11 4.2201e-11 2.8408e-11 1.9027e-11 1.2679e-11 8.4066e-12 5.5455e-12 3.6397e-12 2.3768e-12 1.5442e-12 9.9822e-13 6.4201e-13
-5.4725e-07 -2.1785e-06 -4.8627e-06 -8.5484e-06 -1.3166e-05 -1.8626e-05 -2.4828e-05 -3.1652e-05 -3.8973e-05 -4.6653e-05 -5.4552e-05 -6.2525e-05 -7.0429e-05 -7.8126e-05 -8.5481e-05 -9.2371e-05 2.9412e-02 -1.0432e-04 -1.0920e-04 -1.1326e-04 -1.1644e-04 -1.1872e-04 -1.2008e-04 -1.2054e-04 -1.2011e-04 -1.1882e-04 -1.1674e-04 -1.1392e-04 -1.1044e-04 -1.0638e-04 -1.0181e-04 -9.6842e-05 -9.1550e-05 -8.6024e-05 -8.0351e-05 -7.4611e-05 -6.8877e-05 -6.3218e-05 -5.7692e-05 -5.2351e-05 -4.7237e-05 -4.2384e-05 -3.7819e-05 -3.3560e-05 -2.9616e-05 -2.5994e-05 -2.2690e-05 -1.9699e-05 -1.7010e-05 -1.4609e-05 -1.2480e-05 -1.0604e-05 -8.9627e-06 -7.5349e-06 -6.3011e-06 -5.2415e-06 -4.3371e-06 -3.5699e-06 -2.9230e-06 -2.3809e-06 -1.9291e-06 -1.5549e-06 -1.2468e-06 -9.9453e-07 -7.8920e-07 -6.2301e-07 -4.8927e-07 -3.8226e-07 -2.9711e-07 -2.2974e-07 -1.7673e-07 -1.3525e-07 -1.0297e-07 -7.8000e-08 -5.8779e-08 -4.4067e-08 -3.2869e-08 -2.4391e-08 -1.8007e-08 -1.3226e-08 -9.6650e-09 -7.0267e-09 -5.0826e-09 -3.6576e-09 -2.6188e-09 -1.8654e-09 -1.3220e-09 -9.3219e-10 -6.5396e-10 -4.5644e-10 -3.1697e-10 -2.1899e-10 -1.5054e-10 -1.0296e-10 -7.0058e-11 -4.7430e-11 -3.1949e-11 -2.1411e-11 -1.4277e-11 -9.4717e-12 5.4692e-07 2.1733e-06 4.8365e-06 8.4668e-06 1.2970e-05 1.8230e-05 2.4114e-05 3.0474e-05 3.7152e-05 4.3989e-05 5.0822e-05 5.7497e-05 6.3865e-05 6.9792e-05 7.5161e-05 7.9871e-05 0.0000e+00 8.7016e-05 8.9358e-05 9.0850e-05 9.1500e-05 9.1329e-05 9.0380e-05 8.8708e-05 8.6378e-05 8.3468e-05 8.0058e-05 7.6237e-05 7.2089e-05 6.7701e-05 6.3154e-05 5.8528e-05 5.3891e-05 4.9309e-05 4.4835e-05 4.0518e-05 3.6395e-05 3.2497e-05 2.8845e-05 2.5454e-05 2.2332e-05 1.9481e-05 1.6897e-05 1.4574e-05 1.2500e-05 1.0662e-05 9.0440e-06 7.6296e-06 6.4013e-06 5.3418e-06 4.4336e-06 3.6601e-06 3.0054e-06 2.4547e-06 1.9943e-06 1.6117e-06 1.2956e-06 1.0361e-06 8.2423e-07 6.5226e-07 5.1349e-07 4.0215e-07 3.1331e-07 2.4284e-07 1.8725e-07 1.4364e-07 1.0962e-07 8.3232e-08 6.2870e-08 4.7246e-08 3.5324e-08 2.6275e-08 1.9445e-08 1.4317e-08 1.0487e-08 7.6429e-09 5.5418e-09 3.9978e-09 2.8694e-09 2.0490e-09 1.4558e-09 1.0290e-09 7.2372e-10 5.0640e-10 3.5254e-10 2.4419e-10 1.6828e-10 1.1538e-10 7.8712e-11 5.3424e-11 3.6077e-11 2.4239e-11 1.6203e-11 1.0776e-11 7.1308e-12 4.6946e-12 3.0751e-12 2.0041e-12 1.2994e-12 8.3827e-13
