1.0020e-04 -1.5431e-09 -3.4289e-09 -5.9902e-09 -9.1518e-09 -1.2822e-08 -1.6894e-08 -2.1255e-08 -2.5782e-08 -3.0355e-08 -3.4854e-08 -3.9164e-08 -4.3182e-08 -4.6816e-08 -4.9989e-08 -5.2640e-08 -5.4725e-08 -5.6219e-08 -5.7111e-08 -5.7409e-08 -5.7135e-08 -5.6322e-08 -5.5017e-08 -5.3271e-08 -5.1147e-08 -4.8706e-08 -4.6014e-08 -4.3136e-08 -4.0133e-08 -3.7066e-08 -3.3987e-08 -3.0943e-08 -2.7978e-08 -2.5124e-08 -2.2410e-08 -1.9857e-08 -1.7481e-08 -1.5290e-08 -1.3288e-08 -1.1476e-08 -9.8491e-09 -8.4009e-09 -7.1218e-09 -6.0009e-09 -5.0261e-09 -4.1845e-09 -3.4632e-09 -2.8493e-09 -2.3306e-09 -1.8952e-09 -1.5323e-09 -1.2317e-09 -9.8446e-10 -7.8236e-10 -6.1822e-10 -4.8577e-10 -3.7955e-10 -2.9490e-10 -2.2785e-10 -1.7507e-10 -1.3377e-10 -1.0165e-10 -7.6814e-11 -5.7730e-11 -4.3150e-11 -3.2077e-11 -2.3715e-11 -1.7438e-11 -1.2753e-11 -9.2767e-12 -6.7114e-12 -4.8294e-12 -3.4565e-12 -2.4607e-12 -1.7424e-12 -1.2272e-12 -8.5970e-13 -5.9906e-13 -4.1523e-13 -2.8628e-13 -1.9634e-13 -1.3394e-13 -9.0888e-14 -6.1350e-14 -4.1194e-14 -2.7514e-14 -1.8281e-14 -1.2083e-14 -7.9440e-15 -5.1956e-15 -3.3803e-15 -2.1878e-15 -1.4086e-15 -9.0218e-16 -5.7483e-16 -3.6434e-16 -2.2973e-16 -1.4410e-16 -8.9923e-17 -5.5822e-17 0.0000e+00 1.5431e-09 3.4289e-09 5.9900e-09 9.1513e-09 1.2821e-08 1.6892e-08 2.1252e-08 2.5778e-08 3.0349e-08 3.4845e-08 3.9152e-08 4.3167e-08 4.6797e-08 4.9965e-08 5.2612e-08 5.4692e-08 5.6181e-08 5.7068e-08 5.7362e-08 5.7082e-08 5.6266e-08 5.4956e-08 5.3208e-08 5.1080e-08 4.8637e-08 4.5944e-08 4.3065e-08 4.0063e-08 3.6997e-08 3.3919e-08 3.0878e-08 2.7914e-08 2.5064e-08 2.2353e-08 1.9804e-08 1.7431e-08 1.5244e-08 1.3246e-08 1.1438e-08 9.8148e-09 8.3701e-09 7.0945e-09 5.9768e-09 5.0049e-09 4.1661e-09 3.4473e-09 2.8357e-09 2.3190e-09 1.8854e-09 1.5240e-09 1.2248e-09 9.7873e-10 7.7763e-10 6.1435e-10 4.8261e-10 3.7700e-10 2.9284e-10 2.2621e-10 1.7376e-10 1.3274e-10 1.0084e-10 7.6184e-11 5.7241e-11 4.2774e-11 3.1788e-11 2.3495e-11 1.7272e-11 1.2628e-11 9.1829e-12 6.6416e-12 4.7778e-12 3.4185e-12 2.4329e-12 1.7222e-12 1.2126e-12 8.4919e-13 5.9155e-13 4.0989e-13 2.8251e-13 1.9368e-13 1.3208e-13 8.9600e-14 6.0460e-14 4.0582e-14 2.7096e-14 1.7997e-14 1.1890e-14 7.8148e-15 5.1093e-15 3.3229e-15 2.1498e-15 1.3836e-15 8.8585e-16 5.6420e-16 3.5747e-16 2.2531e-16 1.4127e-16 8.8120e-17 5.4680e-17
-1.5431e-09 4.0079e-04 -1.3614e-08 -2.3785e-08 -3.6342e-08 -5.0920e-08 -6.7102e-08 -8.4434e-08 -1.0244e-07 -1.2063e-07 -1.3853e-07 -1.5570e-07 -1.7171e-07 -1.8621e-07 -1.9888e-07 -2.0949e-07 -2.1785e-07 -2.2387e-07 -2.2751e-07 -2.2878e-07 -2.2777e-07 -2.2462e-07 -2.1951e-07 -2.1264e-07 -2.0425e-07 -1.9459e-07 -1.8393e-07 -1.7251e-07 -1.6059e-07 -1.4840e-07 -1.3615e-07 -1.2403e-07 -1.1221e-07 -1.0083e-07 -8.9995e-08 -7.9796e-08 -7.0294e-08 -6.1525e-08 -5.3509e-08 -4.6246e-08 -3.9720e-08 -3.3906e-08 -2.8766e-08 -2.4258e-08 -2.0334e-08 -1.6944e-08 -1.4035e-08 -1.1557e-08 -9.4619e-09 -7.7014e-09 -6.2324e-09 -5.0146e-09 -4.0119e-09 -3.1914e-09 -2.5244e-09 -1.9856e-09 -1.5530e-09 -1.2079e-09 -9.3428e-10 -7.1864e-10 -5.4972e-10 -4.1819e-10 -3.1639e-10 -2.3806e-10 -1.7815e-10 -1.3259e-10 -9.8146e-11 -7.2258e-11 -5.2911e-11 -3.8536e-11 -2.7915e-11 -2.0114e-11 -1.4415e-11 -1.0275e-11 -7.2858e-12 -5.1384e-12 -3.6048e-12 -2.5154e-12 -1.7460e-12 -1.2055e-12 -8.2797e-13 -5.6566e-13 -3.8442e-13 -2.5988e-13 -1.7476e-13 -1.1691e-13 -7.7796e-14 -5.1499e-14 -3.3913e-14 -2.2216e-14 -1.4477e-14 -9.3853e-15 -6.0526e-15 -3.8831e-15 -2.4783e-15 -1.5735e-15 -9.9385e-16 -6.2449e-16 -3.9037e-16 -2.4276e-16 1.5431e-09 0.0000e+00 1.3613e-08 2.3782e-08 3.6334e-08 5.0905e-08 6.7075e-08 8.4389e-08 1.0237e-07 1.2053e-07 1.3839e-07 1.5551e-07 1.7147e-07 1.8590e-07 1.9851e-07 2.0904e-07 2.1733e-07 2.2327e-07 2.2682e-07 2.2802e-07 2.2694e-07 2.2372e-07 2.1854e-07 2.1162e-07 2.0319e-07 1.9350e-07 1.8282e-07 1.7139e-07 1.5947e-07 1.4729e-07 1.3507e-07 1.2298e-07 1.1120e-07 9.9865e-08 8.9084e-08 7.8943e-08 6.9500e-08 6.0793e-08 5.2839e-08 4.5637e-08 3.9171e-08 3.3414e-08 2.8329e-08 2.3872e-08 1.9996e-08 1.6649e-08 1.3781e-08 1.1339e-08 9.2759e-09 7.5439e-09 6.0998e-09 4.9039e-09 3.9199e-09 3.1155e-09 2.4622e-09 1.9349e-09 1.5120e-09 1.1749e-09 9.0787e-10 6.9764e-10 5.3313e-10 4.0517e-10 3.0623e-10 2.3018e-10 1.7207e-10 1.2793e-10 9.4594e-11 6.9567e-11 5.0884e-11 3.7018e-11 2.6786e-11 1.9277e-11 1.3799e-11 9.8251e-12 6.9581e-12 4.9014e-12 3.4342e-12 2.3935e-12 1.6593e-12 1.1442e-12 7.8482e-13 5.3549e-13 3.6344e-13 2.4536e-13 1.6478e-13 1.1008e-13 7.3153e-14 4.8358e-14 3.1800e-14 2.0802e-14 1.3537e-14 8.7628e-15 5.6429e-15 3.6149e-15 2.3037e-15 1.4605e-15 9.2106e-16 5.7787e-16 3.6067e-16 2.2394e-16
-3.4289e-09 -1.3614e-08 9.0178e-04 -5.2866e-08 -8.0785e-08 -1.1321e-07 -1.4922e-07 -1.8780e-07 -2.2791e-07 -2.6846e-07 -3.0840e-07 -3.4674e-07 -3.8255e-07 -4.1502e-07 -4.4347e-07 -4.6735e-07 -4.8627e-07 -4.9997e-07 -5.0838e-07 -5.1153e-07 -5.0961e-07 -5.0289e-07 -4.9179e-07 -4.7674e-07 -4.5828e-07 -4.3697e-07 -4.1336e-07 -3.8803e-07 -3.6153e-07 -3.3439e-07 -3.0707e-07 -2.8001e-07 -2.5358e-07 -2.2809e-07 -2.0380e-07 -1.8090e-07 -1.5954e-07 -1.3980e-07 -1.2173e-07 -1.0533e-07 -9.0579e-08 -7.7417e-08 -6.5767e-08 -5.5534e-08 -4.6614e-08 -3.8895e-08 -3.2263e-08 -2.6606e-08 -2.1814e-08 -1.7782e-08 -1.4412e-08 -1.1614e-08 -9.3060e-09 -7.4147e-09 -5.8746e-09 -4.6283e-09 -3.6262e-09 -2.8252e-09 -2.1890e-09 -1.6867e-09 -1.2926e-09 -9.8509e-10 -7.4666e-10 -5.6286e-10 -4.2201e-10 -3.1469e-10 -2.3340e-10 -1.7217e-10 -1.2633e-10 -9.2191e-11 -6.6920e-11 -4.8317e-11 -3.4700e-11 -2.4788e-11 -1.7614e-11 -1.2450e-11 -8.7529e-12 -6.1214e-12 -4.2585e-12 -2.9470e-12 -2.0287e-12 -1.3892e-12 -9.4628e-13 -6.4122e-13 -4.3224e-13 -2.8984e-13 -1.9335e-13 -1.2830e-13 -8.4699e-14 -5.5624e-14 -3.6339e-14 -2.3618e-14 -1.5270e-14 -9.8221e-15 -6.2850e-15 -4.0009e-15 -2.5338e-15 -1.5964e-15 -1.0006e-15 -6.2392e-16 3.4289e-09 1.3613e-08 0.0000e+00 5.2850e-08 8.0748e-08 1.1313e-07 1.4908e-07 1.8758e-07 2.2756e-07 2.6796e-07 3.0771e-07 3.4581e-07 3.8134e-07 4.1350e-07 4.4161e-07 4.6512e-07 4.8365e-07 4.9695e-07 5.0496e-07 5.0772e-07 5.0542e-07 4.9837e-07 4.8695e-07 4.7164e-07 4.5297e-07 4.3149e-07 4.0778e-07 3.8240e-07 3.5591e-07 3.2883e-07 3.0163e-07 2.7473e-07 2.4850e-07 2.2324e-07 1.9922e-07 1.7660e-07 1.5554e-07 1.3610e-07 1.1834e-07 1.0225e-07 8.7803e-08 7.4931e-08 6.3556e-08 5.3582e-08 4.4902e-08 3.7405e-08 3.0975e-08 2.5500e-08 2.0870e-08 1.6982e-08 1.3738e-08 1.1051e-08 8.8381e-09 7.0283e-09 5.5576e-09 4.3699e-09 3.4167e-09 2.6566e-09 2.0541e-09 1.5794e-09 1.2077e-09 9.1842e-10 6.9458e-10 5.2243e-10 3.9080e-10 2.9075e-10 2.1514e-10 1.5833e-10 1.1589e-10 8.4368e-11 6.1091e-11 4.3999e-11 3.1519e-11 2.2459e-11 1.5917e-11 1.1221e-11 7.8685e-12 5.4882e-12 3.8078e-12 2.6279e-12 1.8040e-12 1.2319e-12 8.3680e-13 5.6543e-13 3.8005e-13 2.5411e-13 1.6902e-13 1.1183e-13 7.3605e-14 4.8193e-14 3.1390e-14 2.0339e-14 1.3110e-14 8.4063e-15 5.3623e-15 3.4028e-15 2.1481e-15 1.3491e-15 8.4284e-16 5.2385e-16
-5.9902e-09 -2.3785e-08 -5.2866e-08 1.6032e-03 -1.4120e-07 -1.9793e-07 -2.6096e-07 -3.2854e-07 -3.9885e-07 -4.7001e-07 -5.4019e-07 -6.0764e-07 -6.7076e-07 -7.2813e-07 -7.7853e-07 -8.2100e-07 -8.5484e-07 -8.7961e-07 -8.9511e-07 -9.0142e-07 -8.9882e-07 -8.8781e-07 -8.6904e-07 -8.4331e-07 -8.1151e-07 -7.7461e-07 -7.3360e-07 -6.8946e-07 -6.4316e-07 -5.9562e-07 -5.4767e-07 -5.0008e-07 -4.5350e-07 -4.0850e-07 -3.6552e-07 -3.2494e-07 -2.8701e-07 -2.5189e-07 -2.1968e-07 -1.9041e-07 -1.6402e-07 -1.4043e-07 -1.1951e-07 -1.0109e-07 -8.5012e-08 -7.1067e-08 -5.9063e-08 -4.8802e-08 -4.0092e-08 -3.2747e-08 -2.6595e-08 -2.1477e-08 -1.7246e-08 -1.3771e-08 -1.0934e-08 -8.6339e-09 -6.7797e-09 -5.2943e-09 -4.1117e-09 -3.1757e-09 -2.4394e-09 -1.8636e-09 -1.4160e-09 -1.0701e-09 -8.0435e-10 -6.0133e-10 -4.4714e-10 -3.3071e-10 -2.4329e-10 -1.7802e-10 -1.2957e-10 -9.3810e-11 -6.7558e-11 -4.8395e-11 -3.4484e-11 -2.4443e-11 -1.7234e-11 -1.2088e-11 -8.4339e-12 -5.8536e-12 -4.0415e-12 -2.7758e-12 -1.8966e-12 -1.2891e-12 -8.7161e-13 -5.8628e-13 -3.9231e-13 -2.6116e-13 -1.7295e-13 -1.1394e-13 -7.4678e-14 -4.8692e-14 -3.1585e-14 -2.0382e-14 -1.3086e-14 -8.3577e-15 -5.3106e-15 -3.3571e-15 -2.1113e-15 -1.3210e-15 5.9900e-09 2.3782e-08 5.2850e-08 0.0000e+00 1.4109e-07 1.9769e-07 2.6053e-07 3.2784e-07 3.9777e-07 4.6844e-07 5.3802e-07 6.0474e-07 6.6700e-07 7.2340e-07 7.7273e-07 8.1405e-07 8.4668e-07 8.7020e-07 8.8446e-07 8.8954e-07 8.8578e-07 8.7369e-07 8.5396e-07 8.2739e-07 7.9492e-07 7.5750e-07 7.1615e-07 6.7185e-07 6.2557e-07 5.7822e-07 5.3062e-07 4.8352e-07 4.3756e-07 3.9328e-07 3.5113e-07 3.1143e-07 2.7443e-07 2.4027e-07 2.0903e-07 1.8072e-07 1.5527e-07 1.3259e-07 1.1253e-07 9.4928e-08 7.9602e-08 6.6354e-08 5.4985e-08 4.5297e-08 3.7099e-08 3.0208e-08 2.4457e-08 1.9687e-08 1.5757e-08 1.2540e-08 9.9236e-09 7.8090e-09 6.1107e-09 4.7551e-09 3.6797e-09 2.8318e-09 2.1673e-09 1.6496e-09 1.2487e-09 9.4003e-10 7.0383e-10 5.2412e-10 3.8819e-10 2.8595e-10 2.0951e-10 1.5268e-10 1.1067e-10 7.9785e-11 5.7214e-11 4.0809e-11 2.8954e-11 2.0433e-11 1.4344e-11 1.0016e-11 6.9566e-12 4.8064e-12 3.3033e-12 2.2583e-12 1.5358e-12 1.0390e-12 6.9917e-13 4.6805e-13 3.1169e-13 2.0648e-13 1.3607e-13 8.9205e-14 5.8176e-14 3.7743e-14 2.4359e-14 1.5640e-14 9.9898e-15 6.3477e-15 4.0126e-15 2.5234e-15 1.5787e-15 9.8256e-16
-9.1518e-09 -3.6342e-08 -8.0785e-08 -1.4120e-07 2.5049e-03 -3.0269e-07 -3.9922e-07 -5.0283e-07 -6.1072e-07 -7.2006e-07 -8.2807e-07 -9.3207e-07 -1.0296e-06 -1.1185e-06 -1.1969e-06 -1.2633e-06 -1.3166e-06 -1.3560e-06 -1.3813e-06 -1.3926e-06 -1.3901e-06 -1.3747e-06 -1.3473e-06 -1.3091e-06 -1.2614e-06 -1.2058e-06 -1.1436e-06 -1.0764e-06 -1.0056e-06 -9.3278e-07 -8.5910e-07 -7.8577e-07 -7.1382e-07 -6.4414e-07 -5.7744e-07 -5.1429e-07 -4.5513e-07 -4.0023e-07 -3.4977e-07 -3.0378e-07 -2.6223e-07 -2.2500e-07 -1.9190e-07 -1.6270e-07 -1.3713e-07 -1.1490e-07 -9.5722e-08 -7.9283e-08 -6.5292e-08 -5.3464e-08 -4.3531e-08 -3.5243e-08 -2.8374e-08 -2.2717e-08 -1.8086e-08 -1.4320e-08 -1.1276e-08 -8.8300e-09 -6.8770e-09 -5.3268e-09 -4.1037e-09 -3.1443e-09 -2.3962e-09 -1.8163e-09 -1.3694e-09 -1.0269e-09 -7.6593e-10 -5.6826e-10 -4.1937e-10 -3.0785e-10 -2.2479e-10 -1.6327e-10 -1.1797e-10 -8.4784e-11 -6.0616e-11 -4.3110e-11 -3.0499e-11 -2.1465e-11 -1.5028e-11 -1.0466e-11 -7.2513e-12 -4.9978e-12 -3.4268e-12 -2.3375e-12 -1.5861e-12 -1.0707e-12 -7.1909e-13 -4.8043e-13 -3.1933e-13 -2.1115e-13 -1.3891e-13 -9.0908e-14 -5.9189e-14 -3.8340e-14 -2.4707e-14 -1.5841e-14 -1.0104e-14 -6.4116e-15 -4.0479e-15 -2.5425e-15 9.1513e-09 3.6334e-08 8.0748e-08 1.4109e-07 0.0000e+00 3.0212e-07 3.9820e-07 5.0116e-07 6.0815e-07 7.1633e-07 8.2288e-07 9.2513e-07 1.0206e-06 1.1072e-06 1.1830e-06 1.2466e-06 1.2970e-06 1.3335e-06 1.3558e-06 1.3641e-06 1.3588e-06 1.3408e-06 1.3111e-06 1.2709e-06 1.2215e-06 1.1646e-06 1.1016e-06 1.0340e-06 9.6325e-07 8.9082e-07 8.1795e-07 7.4578e-07 6.7530e-07 6.0735e-07 5.4260e-07 4.8157e-07 4.2463e-07 3.7204e-07 3.2390e-07 2.8023e-07 2.4095e-07 2.0591e-07 1.7490e-07 1.4766e-07 1.2392e-07 1.0338e-07 8.5744e-08 7.0698e-08 5.7954e-08 4.7233e-08 3.8275e-08 3.0839e-08 2.4707e-08 1.9682e-08 1.5591e-08 1.2281e-08 9.6203e-09 7.4940e-09 5.8054e-09 4.4725e-09 3.4267e-09 2.6111e-09 1.9787e-09 1.4914e-09 1.1179e-09 8.3348e-10 6.1805e-10 4.5584e-10 3.3439e-10 2.4399e-10 1.7708e-10 1.2783e-10 9.1784e-11 6.5554e-11 4.6572e-11 3.2911e-11 2.3134e-11 1.6176e-11 1.1251e-11 7.7846e-12 5.3578e-12 3.6682e-12 2.4983e-12 1.6926e-12 1.1407e-12 7.6479e-13 5.1008e-13 3.3842e-13 2.2337e-13 1.4667e-13 9.5802e-14 6.2253e-14 4.0243e-14 2.5881e-14 1.6558e-14 1.0539e-14 6.6731e-15 4.2036e-15 2.6343e-15 1.6424e-15
-1.2822e-08 -5.0920e-08 -1.1321e-07 -1.9793e-07 -3.0269e-07 3.6071e-03 -5.6023e-07 -7.0598e-07 -8.5796e-07 -1.0122e-06 -1.1649e-06 -1.3122e-06 -1.4508e-06 -1.5775e-06 -1.6897e-06 -1.7853e-06 -1.8626e-06 -1.9207e-06 -1.9590e-06 -1.9775e-06 -1.9768e-06 -1.9576e-06 -1.9215e-06 -1.8699e-06 -1.8047e-06 -1.7280e-06 -1.6417e-06 -1.5480e-06 -1.4489e-06 -1.3465e-06 -1.2426e-06 -1.1389e-06 -1.0367e-06 -9.3752e-07 -8.4227e-07 -7.5185e-07 -6.6689e-07 -5.8782e-07 -5.1494e-07 -4.4833e-07 -3.8798e-07 -3.3374e-07 -2.8538e-07 -2.4259e-07 -2.0502e-07 -1.7226e-07 -1.4390e-07 -1.1952e-07 -9.8713e-08 -8.1065e-08 -6.6198e-08 -5.3756e-08 -4.3410e-08 -3.4861e-08 -2.7841e-08 -2.2113e-08 -1.7467e-08 -1.3723e-08 -1.0722e-08 -8.3325e-09 -6.4405e-09 -4.9514e-09 -3.7861e-09 -2.8797e-09 -2.1785e-09 -1.6393e-09 -1.2271e-09 -9.1361e-10 -6.7663e-10 -4.9848e-10 -3.6530e-10 -2.6630e-10 -1.9311e-10 -1.3931e-10 -9.9966e-11 -7.1362e-11 -5.0677e-11 -3.5800e-11 -2.5160e-11 -1.7590e-11 -1.2234e-11 -8.4647e-12 -5.8265e-12 -3.9899e-12 -2.7181e-12 -1.8421e-12 -1.2420e-12 -8.3313e-13 -5.5597e-13 -3.6911e-13 -2.4380e-13 -1.6020e-13 -1.0473e-13 -6.8116e-14 -4.4076e-14 -2.8374e-14 -1.8173e-14 -1.1580e-14 -7.3410e-15 -4.6301e-15 1.2821e-08 5.0905e-08 1.1313e-07 1.9769e-07 3.0212e-07 0.0000e+00 5.5817e-07 7.0260e-07 8.5278e-07 1.0047e-06 1.1544e-06 1.2982e-06 1.4326e-06 1.5546e-06 1.6616e-06 1.7516e-06 1.8230e-06 1.8750e-06 1.9072e-06 1.9198e-06 1.9133e-06 1.8888e-06 1.8479e-06 1.7922e-06 1.7236e-06 1.6442e-06 1.5561e-06 1.4615e-06 1.3625e-06 1.2609e-06 1.1585e-06 1.0570e-06 9.5786e-07 8.6212e-07 7.7081e-07 6.8466e-07 6.0421e-07 5.2982e-07 4.6167e-07 3.9978e-07 3.4405e-07 2.9429e-07 2.5020e-07 2.1145e-07 1.7763e-07 1.4834e-07 1.2316e-07 1.0165e-07 8.3420e-08 6.8064e-08 5.5217e-08 4.4540e-08 3.5725e-08 2.8493e-08 2.2598e-08 1.7823e-08 1.3978e-08 1.0903e-08 8.4567e-09 6.5236e-09 5.0048e-09 3.8187e-09 2.8978e-09 2.1871e-09 1.6418e-09 1.2258e-09 9.1027e-10 6.7234e-10 4.9395e-10 3.6095e-10 2.6236e-10 1.8968e-10 1.3641e-10 9.7581e-11 6.9436e-11 4.9147e-11 3.4604e-11 2.4236e-11 1.6885e-11 1.1703e-11 8.0681e-12 5.5333e-12 3.7751e-12 2.5621e-12 1.7298e-12 1.1618e-12 7.7629e-13 5.1599e-13 3.4120e-13 2.2445e-13 1.4689e-13 9.5630e-14 6.1938e-14 3.9910e-14 2.5583e-14 1.6315e-14 1.0351e-14 6.5335e-15 4.1027e-15 2.5631e-15
-1.6894e-08 -6.7102e-08 -1.4922e-07 -2.6096e-07 -3.9922e-07 -5.6023e-07 4.9096e-03 -9.3260e-07 -1.1341e-06 -1.3391e-06 -1.5424e-06 -1.7390e-06 -1.9246e-06 -2.0949e-06 -2.2465e-06 -2.3765e-06 -2.4828e-06 -2.5637e-06 -2.6186e-06 -2.6474e-06 -2.6506e-06 -2.6294e-06 -2.5853e-06 -2.5205e-06 -2.4372e-06 -2.3380e-06 -2.2258e-06 -2.1031e-06 -1.9728e-06 -1.8374e-06 -1.6994e-06 -1.5612e-06 -1.4246e-06 -1.2914e-06 -1.1631e-06 -1.0409e-06 -9.2571e-07 -8.1816e-07 -7.1866e-07 -6.2745e-07 -5.4453e-07 -4.6976e-07 -4.0287e-07 -3.4349e-07 -2.9117e-07 -2.4539e-07 -2.0564e-07 -1.7134e-07 -1.4196e-07 -1.1696e-07 -9.5827e-08 -7.8075e-08 -6.3261e-08 -5.0976e-08 -4.0851e-08 -3.2559e-08 -2.5810e-08 -2.0348e-08 -1.5956e-08 -1.2445e-08 -9.6542e-09 -7.4493e-09 -5.7173e-09 -4.3647e-09 -3.3144e-09 -2.5036e-09 -1.8811e-09 -1.4059e-09 -1.0453e-09 -7.7306e-10 -5.6874e-10 -4.1624e-10 -3.0304e-10 -2.1947e-10 -1.5812e-10 -1.1333e-10 -8.0805e-11 -5.7316e-11 -4.0444e-11 -2.8391e-11 -1.9827e-11 -1.3775e-11 -9.5212e-12 -6.5470e-12 -4.4787e-12 -3.0481e-12 -2.0638e-12 -1.3901e-12 -9.3160e-13 -6.2111e-13 -4.1198e-13 -2.7187e-13 -1.7849e-13 -1.1659e-13 -7.5765e-14 -4.8984e-14 -3.1509e-14 -2.0164e-14 -1.2838e-14 -8.1326e-15 1.6892e-08 6.7075e-08 1.4908e-07 2.6053e-07 3.9820e-07 5.5817e-07 0.0000e+00 9.2654e-07 1.1248e-06 1.3256e-06 1.5235e-06 1.7138e-06 1.8919e-06 2.0537e-06 2.1960e-06 2.3159e-06 2.4114e-06 2.4814e-06 2.5252e-06 2.5431e-06 2.5359e-06 2.5050e-06 2.4522e-06 2.3797e-06 2.2901e-06 2.1861e-06 2.0705e-06 1.9461e-06 1.8156e-06 1.6815e-06 1.5463e-06 1.4120e-06 1.2806e-06 1.1537e-06 1.0324e-06 9.1788e-07 8.1082e-07 7.1170e-07 6.2078e-07 5.3812e-07 4.6361e-07 3.9698e-07 3.3789e-07 2.8587e-07 2.4043e-07 2.0103e-07 1.6710e-07 1.3810e-07 1.1347e-07 9.2700e-08 7.5302e-08 6.0823e-08 4.8851e-08 3.9016e-08 3.0987e-08 2.4474e-08 1.9223e-08 1.5015e-08 1.1664e-08 9.0114e-09 6.9241e-09 5.2913e-09 4.0217e-09 3.0403e-09 2.2859e-09 1.7095e-09 1.2716e-09 9.4083e-10 6.9239e-10 5.0684e-10 3.6904e-10 2.6729e-10 1.9257e-10 1.3800e-10 9.8379e-11 6.9764e-11 4.9212e-11 3.4533e-11 2.4105e-11 1.6739e-11 1.1563e-11 7.9458e-12 5.4318e-12 3.6939e-12 2.4991e-12 1.6819e-12 1.1261e-12 7.5010e-13 4.9705e-13 3.2767e-13 2.1489e-13 1.4021e-13 9.1009e-14 5.8771e-14 3.7757e-14 2.4132e-14 1.5345e-14 9.7077e-15 6.1099e-15 3.8258e-15
-2.1255e-08 -8.4434e-08 -1.8780e-07 -3.2854e-07 -5.0283e-07 -7.0598e-07 -9.3260e-07 6.4124e-03 -1.4322e-06 -1.6925e-06 -1.9513e-06 -2.2025e-06 -2.4403e-06 -2.6595e-06 -2.8558e-06 -3.0253e-06 -3.1652e-06 -3.2736e-06 -3.3493e-06 -3.3920e-06 -3.4023e-06 -3.3814e-06 -3.3313e-06 -3.2544e-06 -3.1536e-06 -3.0320e-06 -2.8930e-06 -2.7399e-06 -2.5764e-06 -2.4055e-06 -2.2306e-06 -2.0545e-06 -1.8797e-06 -1.7087e-06 -1.5433e-06 -1.3851e-06 -1.2354e-06 -1.0951e-06 -9.6483e-07 -8.4497e-07 -7.3560e-07 -6.3662e-07 -5.4773e-07 -4.6853e-07 -3.9848e-07 -3.3697e-07 -2.8334e-07 -2.3691e-07 -1.9697e-07 -1.6286e-07 -1.3391e-07 -1.0950e-07 -8.9043e-08 -7.2015e-08 -5.7927e-08 -4.6342e-08 -3.6874e-08 -2.9182e-08 -2.2971e-08 -1.7986e-08 -1.4007e-08 -1.0850e-08 -8.3604e-09 -6.4078e-09 -4.8853e-09 -3.7050e-09 -2.7950e-09 -2.0975e-09 -1.5658e-09 -1.1628e-09 -8.5900e-10 -6.3126e-10 -4.6149e-10 -3.3563e-10 -2.4282e-10 -1.7477e-10 -1.2514e-10 -8.9137e-11 -6.3166e-11 -4.4531e-11 -3.1232e-11 -2.1792e-11 -1.5127e-11 -1.0446e-11 -7.1771e-12 -4.9056e-12 -3.3359e-12 -2.2569e-12 -1.5190e-12 -1.0172e-12 -6.7766e-13 -4.4916e-13 -2.9619e-13 -1.9432e-13 -1.2683e-13 -8.2365e-14 -5.3215e-14 -3.4206e-14 -2.1876e-14 -1.3919e-14 2.1252e-08 8.4389e-08 1.8758e-07 3.2784e-07 5.0116e-07 7.0260e-07 9.2654e-07 0.0000e+00 1.4169e-06 1.6702e-06 1.9203e-06 2.1609e-06 2.3864e-06 2.5916e-06 2.7724e-06 2.9251e-06 3.0474e-06 3.1375e-06 3.1947e-06 3.2194e-06 3.2123e-06 3.1752e-06 3.1104e-06 3.0207e-06 2.9092e-06 2.7792e-06 2.6344e-06 2.4782e-06 2.3140e-06 2.1450e-06 1.9744e-06 1.8047e-06 1.6384e-06 1.4775e-06 1.3236e-06 1.1780e-06 1.0418e-06 9.1544e-07 7.9942e-07 6.9380e-07 5.9846e-07 5.1310e-07 4.3727e-07 3.7044e-07 3.1198e-07 2.6120e-07 2.1742e-07 1.7993e-07 1.4806e-07 1.2113e-07 9.8545e-08 7.9717e-08 6.4125e-08 5.1295e-08 4.0804e-08 3.2280e-08 2.5395e-08 1.9870e-08 1.5462e-08 1.1966e-08 9.2102e-09 7.0508e-09 5.3686e-09 4.0658e-09 3.0626e-09 2.2947e-09 1.7101e-09 1.2677e-09 9.3471e-10 6.8556e-10 5.0016e-10 3.6298e-10 2.6203e-10 1.8817e-10 1.3442e-10 9.5519e-11 6.7522e-11 4.7482e-11 3.3216e-11 2.3115e-11 1.6002e-11 1.1021e-11 7.5507e-12 5.1464e-12 3.4896e-12 2.3540e-12 1.5797e-12 1.0547e-12 7.0051e-13 4.6288e-13 3.0429e-13 1.9901e-13 1.2949e-13 8.3824e-14 5.3984e-14 3.4589e-14 2.2049e-14 1.3984e-14 8.8231e-15 5.5387e-15
-2.5782e-08 -1.0244e-07 -2.2791e-07 -3.9885e-07 -6.1072e-07 -8.5796e-07 -1.1341e-06 -1.4322e-06 8.1156e-03 -2.0638e-06 -2.3820e-06 -2.6918e-06 -2.9863e-06 -3.2591e-06 -3.5048e-06 -3.7188e-06 -3.8973e-06 -4.0378e-06 -4.1388e-06 -4.1998e-06 -4.2211e-06 -4.2041e-06 -4.1510e-06 -4.0645e-06 -3.9479e-06 -3.8049e-06 -3.6396e-06 -3.4560e-06 -3.2583e-06 -3.0506e-06 -2.8367e-06 -2.6202e-06 -2.4044e-06 -2.1922e-06 -1.9860e-06 -1.7880e-06 -1.5998e-06 -1.4227e-06 -1.2576e-06 -1.1051e-06 -9.6530e-07 -8.3828e-07 -7.2375e-07 -6.2129e-07 -5.3029e-07 -4.5005e-07 -3.7981e-07 -3.1874e-07 -2.6600e-07 -2.2076e-07 -1.8221e-07 -1.4956e-07 -1.2210e-07 -9.9132e-08 -8.0052e-08 -6.4296e-08 -5.1364e-08 -4.0813e-08 -3.2256e-08 -2.5358e-08 -1.9829e-08 -1.5423e-08 -1.1933e-08 -9.1841e-09 -7.0311e-09 -5.3547e-09 -4.0566e-09 -3.0571e-09 -2.2918e-09 -1.7092e-09 -1.2680e-09 -9.3583e-10 -6.8709e-10 -5.0185e-10 -3.6465e-10 -2.6359e-10 -1.8956e-10 -1.3561e-10 -9.6520e-11 -6.8343e-11 -4.8143e-11 -3.3739e-11 -2.3523e-11 -1.6317e-11 -1.1260e-11 -7.7305e-12 -5.2802e-12 -3.5881e-12 -2.4258e-12 -1.6317e-12 -1.0919e-12 -7.2696e-13 -4.8152e-13 -3.1733e-13 -2.0806e-13 -1.3572e-13 -8.8081e-14 -5.6874e-14 -3.6537e-14 -2.3353e-14 2.5778e-08 1.0237e-07 2.2756e-07 3.9777e-07 6.0815e-07 8.5278e-07 1.1248e-06 1.4169e-06 0.0000e+00 2.0295e-06 2.3342e-06 2.6278e-06 2.9032e-06 3.1544e-06 3.3761e-06 3.5641e-06 3.7152e-06 3.8274e-06 3.8998e-06 3.9325e-06 3.9267e-06 3.8843e-06 3.8080e-06 3.7012e-06 3.5676e-06 3.4113e-06 3.2365e-06 3.0475e-06 2.8484e-06 2.6431e-06 2.4354e-06 2.2285e-06 2.0254e-06 1.8285e-06 1.6400e-06 1.4614e-06 1.2940e-06 1.1385e-06 9.9555e-07 8.6517e-07 7.4730e-07 6.4160e-07 5.4757e-07 4.6456e-07 3.9182e-07 3.2855e-07 2.7390e-07 2.2703e-07 1.8711e-07 1.5334e-07 1.2495e-07 1.0125e-07 8.1586e-08 6.5376e-08 5.2098e-08 4.1288e-08 3.2542e-08 2.5509e-08 1.9887e-08 1.5420e-08 1.1892e-08 9.1214e-09 6.9590e-09 5.2808e-09 3.9860e-09 2.9926e-09 2.2349e-09 1.6602e-09 1.2267e-09 9.0167e-10 6.5926e-10 4.7949e-10 3.4692e-10 2.4968e-10 1.7876e-10 1.2732e-10 9.0211e-11 6.3585e-11 4.4585e-11 3.1100e-11 2.1582e-11 1.4899e-11 1.0233e-11 6.9917e-12 4.7525e-12 3.2139e-12 2.1622e-12 1.4472e-12 9.6366e-13 6.3840e-13 4.2076e-13 2.7590e-13 1.7999e-13 1.1682e-13 7.5432e-14 4.8460e-14 3.0974e-14 1.9696e-14 1.2461e-14 7.8440e-15
-3.0355e-08 -1.2063e-07 -2.6846e-07 -4.7001e-07 -7.2006e-07 -1.0122e-06 -1.3391e-06 -1.6925e-06 -2.0638e-06 1.0019e-02 -2.8243e-06 -3.1958e-06 -3.5505e-06 -3.8809e-06 -4.1804e-06 -4.4434e-06 -4.6653e-06 -4.8430e-06 -4.9743e-06 -5.0584e-06 -5.0955e-06 -5.0868e-06 -5.0346e-06 -4.9420e-06 -4.8126e-06 -4.6507e-06 -4.4609e-06 -4.2478e-06 -4.0165e-06 -3.7716e-06 -3.5178e-06 -3.2594e-06 -3.0004e-06 -2.7444e-06 -2.4945e-06 -2.2533e-06 -2.0230e-06 -1.8053e-06 -1.6014e-06 -1.4122e-06 -1.2380e-06 -1.0790e-06 -9.3505e-07 -8.0567e-07 -6.9027e-07 -5.8806e-07 -4.9819e-07 -4.1971e-07 -3.5164e-07 -2.9299e-07 -2.4278e-07 -2.0008e-07 -1.6400e-07 -1.3370e-07 -1.0841e-07 -8.7429e-08 -7.0133e-08 -5.5959e-08 -4.4412e-08 -3.5060e-08 -2.7532e-08 -2.1506e-08 -1.6710e-08 -1.2915e-08 -9.9303e-09 -7.5951e-09 -5.7787e-09 -4.3738e-09 -3.2932e-09 -2.4667e-09 -1.8380e-09 -1.3625e-09 -1.0047e-09 -7.3708e-10 -5.3794e-10 -3.9058e-10 -2.8212e-10 -2.0273e-10 -1.4493e-10 -1.0308e-10 -7.2938e-11 -5.1344e-11 -3.5958e-11 -2.5054e-11 -1.7367e-11 -1.1977e-11 -8.2177e-12 -5.6095e-12 -3.8096e-12 -2.5740e-12 -1.7303e-12 -1.1572e-12 -7.7000e-13 -5.0974e-13 -3.3573e-13 -2.2000e-13 -1.4343e-13 -9.3037e-14 -6.0041e-14 -3.8551e-14 3.0349e-08 1.2053e-07 2.6796e-07 4.6844e-07 7.1633e-07 1.0047e-06 1.3256e-06 1.6702e-06 2.0295e-06 0.0000e+00 2.7546e-06 3.1025e-06 3.4294e-06 3.7281e-06 3.9924e-06 4.2172e-06 4.3989e-06 4.5348e-06 4.6240e-06 4.6663e-06 4.6631e-06 4.6166e-06 4.5299e-06 4.4068e-06 4.2518e-06 4.0695e-06 3.8650e-06 3.6431e-06 3.4088e-06 3.1667e-06 2.9212e-06 2.6763e-06 2.4354e-06 2.2015e-06 1.9771e-06 1.7641e-06 1.5642e-06 1.3782e-06 1.2069e-06 1.0504e-06 9.0863e-07 7.8132e-07 6.6787e-07 5.6753e-07 4.7945e-07 4.0270e-07 3.3629e-07 2.7923e-07 2.3054e-07 1.8927e-07 1.5451e-07 1.2543e-07 1.0126e-07 8.1300e-08 6.4913e-08 5.1546e-08 4.0708e-08 3.1974e-08 2.4979e-08 1.9408e-08 1.4999e-08 1.1530e-08 8.8153e-09 6.7041e-09 5.0715e-09 3.8161e-09 2.8563e-09 2.1266e-09 1.5750e-09 1.1604e-09 8.5042e-10 6.2000e-10 4.4965e-10 3.2441e-10 2.3283e-10 1.6624e-10 1.1808e-10 8.3437e-11 5.8653e-11 4.1018e-11 2.8537e-11 1.9752e-11 1.3601e-11 9.3174e-12 6.3502e-12 4.3057e-12 2.9045e-12 1.9493e-12 1.3015e-12 8.6458e-13 5.7140e-13 3.7571e-13 2.4578e-13 1.5997e-13 1.0358e-13 6.6734e-14 4.2775e-14 2.7279e-14 1.7308e-14 1.0926e-14
-3.4854e-08 -1.3853e-07 -3.0840e-07 -5.4019e-07 -8.2807e-07 -1.1649e-06 -1.5424e-06 -1.9513e-06 -2.3820e-06 -2.8243e-06 1.2123e-02 -3.7034e-06 -4.1209e-06 -4.5120e-06 -4.8690e-06 -5.1851e-06 -5.4552e-06 -5.6750e-06 -5.8419e-06 -5.9545e-06 -6.0127e-06 -6.0176e-06 -5.9715e-06 -5.8775e-06 -5.7396e-06 -5.5625e-06 -5.3511e-06 -5.1110e-06 -4.8477e-06 -4.5666e-06 -4.2731e-06 -3.9723e-06 -3.6691e-06 -3.3675e-06 -3.0716e-06 -2.7844e-06 -2.5088e-06 -2.2470e-06 -2.0006e-06 -1.7708e-06 -1.5583e-06 -1.3634e-06 -1.1860e-06 -1.0259e-06 -8.8243e-07 -7.5477e-07 -6.4198e-07 -5.4304e-07 -4.5682e-07 -3.8218e-07 -3.1800e-07 -2.6316e-07 -2.1660e-07 -1.7732e-07 -1.4439e-07 -1.1694e-07 -9.4205e-08 -7.5487e-08 -6.0168e-08 -4.7704e-08 -3.7622e-08 -2.9515e-08 -2.3033e-08 -1.7881e-08 -1.3808e-08 -1.0607e-08 -8.1063e-09 -6.1626e-09 -4.6606e-09 -3.5064e-09 -2.6243e-09 -1.9540e-09 -1.4474e-09 -1.0666e-09 -7.8190e-10 -5.7025e-10 -4.1376e-10 -2.9867e-10 -2.1448e-10 -1.5323e-10 -1.0891e-10 -7.7018e-11 -5.4183e-11 -3.7924e-11 -2.6408e-11 -1.8295e-11 -1.2609e-11 -8.6466e-12 -5.8990e-12 -4.0039e-12 -2.7038e-12 -1.8166e-12 -1.2143e-12 -8.0755e-13 -5.3432e-13 -3.5174e-13 -2.3038e-13 -1.5012e-13 -9.7327e-14 -6.2779e-14 3.4845e-08 1.3839e-07 3.0771e-07 5.3802e-07 8.2288e-07 1.1544e-06 1.5235e-06 1.9203e-06 2.3342e-06 2.7546e-06 0.0000e+00 3.5732e-06 3.9518e-06 4.2986e-06 4.6062e-06 4.8689e-06 5.0822e-06 5.2433e-06 5.3506e-06 5.4041e-06 5.4051e-06 5.3562e-06 5.2606e-06 5.1229e-06 4.9478e-06 4.7408e-06 4.5076e-06 4.2537e-06 3.9849e-06 3.7065e-06 3.4236e-06 3.1407e-06 2.8618e-06 2.5906e-06 2.3299e-06 2.0820e-06 1.8488e-06 1.6315e-06 1.4309e-06 1.2474e-06 1.0808e-06 9.3096e-07 7.9714e-07 6.7857e-07 5.7428e-07 4.8323e-07 4.0429e-07 3.3633e-07 2.7821e-07 2.2885e-07 1.8719e-07 1.5227e-07 1.2318e-07 9.9101e-08 7.9293e-08 6.3098e-08 4.9939e-08 3.9311e-08 3.0778e-08 2.3968e-08 1.8565e-08 1.4304e-08 1.0962e-08 8.3560e-09 6.3360e-09 4.7791e-09 3.5857e-09 2.6763e-09 1.9870e-09 1.4676e-09 1.0783e-09 7.8810e-10 5.7303e-10 4.1449e-10 2.9826e-10 2.1351e-10 1.5206e-10 1.0773e-10 7.5936e-11 5.3248e-11 3.7147e-11 2.5782e-11 1.7802e-11 1.2229e-11 8.3579e-12 5.6830e-12 3.8444e-12 2.5874e-12 1.7325e-12 1.1542e-12 7.6501e-13 5.0448e-13 3.3098e-13 2.1605e-13 1.4031e-13 9.0663e-14 5.8285e-14 3.7281e-14 2.3725e-14 1.5022e-14
-3.9164e-08 -1.5570e-07 -3.4674e-07 -6.0764e-07 -9.3207e-07 -1.3122e-06 -1.7390e-06 -2.2025e-06 -2.6918e-06 -3.1958e-06 -3.7034e-06 1.4427e-02 -4.6853e-06 -5.1394e-06 -5.5569e-06 -5.9300e-06 -6.2525e-06 -6.5194e-06 -6.7273e-06 -6.8742e-06 -6.9595e-06 -6.9841e-06 -6.9500e-06 -6.8604e-06 -6.7194e-06 -6.5319e-06 -6.3035e-06 -6.0400e-06 -5.7477e-06 -5.4326e-06 -5.1009e-06 -4.7584e-06 -4.4107e-06 -4.0629e-06 -3.7194e-06 -3.3842e-06 -3.0608e-06 -2.7518e-06 -2.4595e-06 -2.1854e-06 -1.9307e-06 -1.6960e-06 -1.4813e-06 -1.2865e-06 -1.1111e-06 -9.5424e-07 -8.1501e-07 -6.9226e-07 -5.8479e-07 -4.9131e-07 -4.1053e-07 -3.4118e-07 -2.8202e-07 -2.3187e-07 -1.8962e-07 -1.5424e-07 -1.2479e-07 -1.0043e-07 -8.0402e-08 -6.4026e-08 -5.0717e-08 -3.9964e-08 -3.1326e-08 -2.4426e-08 -1.8947e-08 -1.4620e-08 -1.1222e-08 -8.5697e-09 -6.5101e-09 -4.9199e-09 -3.6988e-09 -2.7665e-09 -2.0584e-09 -1.5237e-09 -1.1221e-09 -8.2208e-10 -5.9919e-10 -4.3448e-10 -3.1343e-10 -2.2495e-10 -1.6062e-10 -1.1410e-10 -8.0637e-11 -5.6698e-11 -3.9662e-11 -2.7603e-11 -1.9112e-11 -1.3166e-11 -9.0236e-12 -6.1530e-12 -4.1742e-12 -2.8174e-12 -1.8920e-12 -1.2640e-12 -8.4024e-13 -5.5568e-13 -3.6563e-13 -2.3936e-13 -1.5590e-13 -1.0103e-13 3.9152e-08 1.5551e-07 3.4581e-07 6.0474e-07 9.2513e-07 1.2982e-06 1.7138e-06 2.1609e-06 2.6278e-06 3.1025e-06 3.5732e-06 0.0000e+00 4.4582e-06 4.8524e-06 5.2033e-06 5.5040e-06 5.7497e-06 5.9367e-06 6.0635e-06 6.1298e-06 6.1369e-06 6.0874e-06 5.9851e-06 5.8347e-06 5.6417e-06 5.4121e-06 5.1521e-06 4.8681e-06 4.5665e-06 4.2532e-06 3.9340e-06 3.6141e-06 3.2980e-06 2.9900e-06 2.6932e-06 2.4105e-06 2.1440e-06 1.8952e-06 1.6650e-06 1.4540e-06 1.2621e-06 1.0891e-06 9.3425e-07 7.9679e-07 6.7563e-07 5.6962e-07 4.7752e-07 3.9805e-07 3.2995e-07 2.7197e-07 2.2294e-07 1.8174e-07 1.4734e-07 1.1880e-07 9.5271e-08 7.5986e-08 6.0278e-08 4.7560e-08 3.7325e-08 2.9136e-08 2.2622e-08 1.7472e-08 1.3423e-08 1.0258e-08 7.7977e-09 5.8965e-09 4.4356e-09 3.3191e-09 2.4708e-09 1.8297e-09 1.3479e-09 9.8780e-10 7.2018e-10 5.2235e-10 3.7690e-10 2.7056e-10 1.9322e-10 1.3728e-10 9.7034e-11 6.8235e-11 4.7738e-11 3.3228e-11 2.3010e-11 1.5852e-11 1.0866e-11 7.4099e-12 5.0274e-12 3.3936e-12 2.2791e-12 1.5229e-12 1.0124e-12 6.6961e-13 4.4065e-13 2.8851e-13 1.8794e-13 1.2181e-13 7.8549e-14 5.0396e-14 3.2170e-14 2.0432e-14
-4.3182e-08 -1.7171e-07 -3.8255e-07 -6.7076e-07 -1.0296e-06 -1.4508e-06 -1.9246e-06 -2.4403e-06 -2.9863e-06 -3.5505e-06 -4.1209e-06 -4.6853e-06 1.6931e-02 -5.7507e-06 -6.2308e-06 -6.6640e-06 -7.0429e-06 -7.3617e-06 -7.6160e-06 -7.8031e-06 -7.9220e-06 -7.9729e-06 -7.9575e-06 -7.8790e-06 -7.7414e-06 -7.5498e-06 -7.3099e-06 -7.0281e-06 -6.7110e-06 -6.3655e-06 -5.9983e-06 -5.6160e-06 -5.2250e-06 -4.8310e-06 -4.4394e-06 -4.0550e-06 -3.6818e-06 -3.3232e-06 -2.9820e-06 -2.6604e-06 -2.3599e-06 -2.0814e-06 -1.8255e-06 -1.5920e-06 -1.3807e-06 -1.1908e-06 -1.0214e-06 -8.7124e-07 -7.3913e-07 -6.2365e-07 -5.2337e-07 -4.3685e-07 -3.6267e-07 -2.9948e-07 -2.4598e-07 -2.0097e-07 -1.6332e-07 -1.3202e-07 -1.0616e-07 -8.4913e-08 -6.7563e-08 -5.3476e-08 -4.2105e-08 -3.2978e-08 -2.5696e-08 -1.9917e-08 -1.5358e-08 -1.1780e-08 -8.9897e-09 -6.8246e-09 -5.1542e-09 -3.8725e-09 -2.8945e-09 -2.1524e-09 -1.5923e-09 -1.1719e-09 -8.5806e-10 -6.2505e-10 -4.5297e-10 -3.2659e-10 -2.3427e-10 -1.6718e-10 -1.1870e-10 -8.3842e-11 -5.8920e-11 -4.1195e-11 -2.8656e-11 -1.9832e-11 -1.3655e-11 -9.3540e-12 -6.3753e-12 -4.3230e-12 -2.9165e-12 -1.9576e-12 -1.3073e-12 -8.6859e-13 -5.7418e-13 -3.7764e-13 -2.4711e-13 -1.6088e-13 4.3167e-08 1.7147e-07 3.8134e-07 6.6700e-07 1.0206e-06 1.4326e-06 1.8919e-06 2.3864e-06 2.9032e-06 3.4294e-06 3.9518e-06 4.4582e-06 0.0000e+00 5.3770e-06 5.7701e-06 6.1085e-06 6.3865e-06 6.6002e-06 6.7475e-06 6.8280e-06 6.8430e-06 6.7952e-06 6.6886e-06 6.5282e-06 6.3201e-06 6.0705e-06 5.7866e-06 5.4751e-06 5.1431e-06 4.7972e-06 4.4438e-06 4.0887e-06 3.7371e-06 3.3935e-06 3.0618e-06 2.7451e-06 2.4459e-06 2.1659e-06 1.9064e-06 1.6678e-06 1.4505e-06 1.2541e-06 1.0779e-06 9.2119e-07 7.8273e-07 6.6129e-07 5.5555e-07 4.6410e-07 3.8554e-07 3.1850e-07 2.6167e-07 2.1381e-07 1.7374e-07 1.4042e-07 1.1287e-07 9.0241e-08 7.1761e-08 5.6760e-08 4.4656e-08 3.4947e-08 2.7204e-08 2.1065e-08 1.6225e-08 1.2432e-08 9.4754e-09 7.1843e-09 5.4188e-09 4.0660e-09 3.0350e-09 2.2537e-09 1.6649e-09 1.2236e-09 8.9457e-10 6.5068e-10 4.7085e-10 3.3897e-10 2.4278e-10 1.7299e-10 1.2263e-10 8.6492e-11 6.0690e-11 4.2368e-11 2.9427e-11 2.0334e-11 1.3980e-11 9.5624e-12 6.5075e-12 4.4061e-12 2.9682e-12 1.9894e-12 1.3266e-12 8.8015e-13 5.8099e-13 3.8158e-13 2.4934e-13 1.6211e-13 1.0486e-13 6.7490e-14 4.3217e-14 2.7535e-14
-4.6816e-08 -1.8621e-07 -4.1502e-07 -7.2813e-07 -1.1185e-06 -1.5775e-06 -2.0949e-06 -2.6595e-06 -3.2591e-06 -3.8809e-06 -4.5120e-06 -5.1394e-06 -5.7507e-06 1.9636e-02 -6.8782e-06 -7.3738e-06 -7.8126e-06 -8.1875e-06 -8.4935e-06 -8.7269e-06 -8.8859e-06 -8.9701e-06 -8.9810e-06 -8.9210e-06 -8.7942e-06 -8.6056e-06 -8.3611e-06 -8.0672e-06 -7.7311e-06 -7.3600e-06 -6.9613e-06 -6.5423e-06 -6.1102e-06 -5.6715e-06 -5.2323e-06 -4.7982e-06 -4.3741e-06 -3.9641e-06 -3.5718e-06 -3.1997e-06 -2.8501e-06 -2.5244e-06 -2.2233e-06 -1.9472e-06 -1.6960e-06 -1.4690e-06 -1.2654e-06 -1.0841e-06 -9.2371e-07 -7.8280e-07 -6.5981e-07 -5.5315e-07 -4.6126e-07 -3.8258e-07 -3.1563e-07 -2.5902e-07 -2.1144e-07 -1.7168e-07 -1.3867e-07 -1.1142e-07 -8.9051e-08 -7.0802e-08 -5.5999e-08 -4.4059e-08 -3.4485e-08 -2.6851e-08 -2.0799e-08 -1.6027e-08 -1.2286e-08 -9.3697e-09 -7.1087e-09 -5.3654e-09 -4.0288e-09 -3.0096e-09 -2.2367e-09 -1.6537e-09 -1.2164e-09 -8.9019e-10 -6.4810e-10 -4.6943e-10 -3.3828e-10 -2.4253e-10 -1.7299e-10 -1.2276e-10 -8.6670e-11 -6.0878e-11 -4.2544e-11 -2.9580e-11 -2.0462e-11 -1.4082e-11 -9.6425e-12 -6.5690e-12 -4.4524e-12 -3.0025e-12 -2.0144e-12 -1.3447e-12 -8.9307e-13 -5.9012e-13 -3.8797e-13 -2.5377e-13 4.6797e-08 1.8590e-07 4.1350e-07 7.2340e-07 1.1072e-06 1.5546e-06 2.0537e-06 2.5916e-06 3.1544e-06 3.7281e-06 4.2986e-06 4.8524e-06 5.3770e-06 0.0000e+00 6.2945e-06 6.6694e-06 6.9792e-06 7.2197e-06 7.3883e-06 7.4844e-06 7.5093e-06 7.4655e-06 7.3574e-06 7.1901e-06 6.9700e-06 6.7040e-06 6.3994e-06 6.0638e-06 5.7047e-06 5.3294e-06 4.9447e-06 4.5571e-06 4.1723e-06 3.7953e-06 3.4304e-06 3.0812e-06 2.7505e-06 2.4403e-06 2.1520e-06 1.8865e-06 1.6440e-06 1.4243e-06 1.2268e-06 1.0507e-06 8.9470e-07 7.5758e-07 6.3787e-07 5.3408e-07 4.4471e-07 3.6825e-07 3.0326e-07 2.4839e-07 2.0234e-07 1.6393e-07 1.3211e-07 1.0589e-07 8.4419e-08 6.6945e-08 5.2807e-08 4.1435e-08 3.2341e-08 2.5110e-08 1.9393e-08 1.4900e-08 1.1388e-08 8.6587e-09 6.5493e-09 4.9281e-09 3.6890e-09 2.7472e-09 2.0353e-09 1.5002e-09 1.1000e-09 8.0246e-10 5.8240e-10 4.2052e-10 3.0209e-10 2.1590e-10 1.5351e-10 1.0860e-10 7.6435e-11 5.3523e-11 3.7288e-11 2.5846e-11 1.7824e-11 1.2230e-11 8.3485e-12 5.6702e-12 3.8317e-12 2.5761e-12 1.7233e-12 1.1469e-12 7.5947e-13 5.0037e-13 3.2800e-13 2.1392e-13 1.3882e-13 8.9625e-14 5.7573e-14 3.6797e-14
-4.9989e-08 -1.9888e-07 -4.4347e-07 -7.7853e-07 -1.1969e-06 -1.6897e-06 -2.2465e-06 -2.8558e-06 -3.5048e-06 -4.1804e-06 -4.8690e-06 -5.5569e-06 -6.2308e-06 -6.8782e-06 2.2541e-02 -8.0468e-06 -8.5481e-06 -8.9831e-06 -9.3456e-06 -9.6311e-06 -9.8368e-06 -9.9618e-06 -1.0007e-05 -9.9733e-06 -9.8655e-06 -9.6881e-06 -9.4467e-06 -9.1482e-06 -8.7997e-06 -8.4092e-06 -7.9843e-06 -7.5331e-06 -7.0634e-06 -6.5825e-06 -6.0973e-06 -5.6144e-06 -5.1392e-06 -4.6769e-06 -4.2317e-06 -3.8069e-06 -3.4054e-06 -3.0290e-06 -2.6792e-06 -2.3567e-06 -2.0615e-06 -1.7934e-06 -1.5516e-06 -1.3351e-06 -1.1426e-06 -9.7261e-07 -8.2344e-07 -6.9341e-07 -5.8080e-07 -4.8389e-07 -4.0100e-07 -3.3056e-07 -2.7105e-07 -2.2108e-07 -1.7938e-07 -1.4478e-07 -1.1624e-07 -9.2840e-08 -7.3763e-08 -5.8301e-08 -4.5841e-08 -3.5856e-08 -2.7901e-08 -2.1599e-08 -1.6633e-08 -1.2743e-08 -9.7126e-09 -7.3646e-09 -5.5555e-09 -4.1692e-09 -3.1128e-09 -2.3121e-09 -1.7086e-09 -1.2562e-09 -9.1878e-10 -6.6859e-10 -4.8403e-10 -3.4863e-10 -2.4983e-10 -1.7811e-10 -1.2634e-10 -8.9155e-11 -6.2596e-11 -4.3725e-11 -3.0388e-11 -2.1011e-11 -1.4454e-11 -9.8932e-12 -6.7369e-12 -4.5644e-12 -3.0767e-12 -2.0635e-12 -1.3769e-12 -9.1409e-13 -6.0378e-13 -3.9680e-13 4.9965e-08 1.9851e-07 4.4161e-07 7.7273e-07 1.1830e-06 1.6616e-06 2.1960e-06 2.7724e-06 3.3761e-06 3.9924e-06 4.6062e-06 5.2033e-06 5.7701e-06 6.2945e-06 0.0000e+00 7.1754e-06 7.5161e-06 7.7831e-06 7.9735e-06 8.0864e-06 8.1230e-06 8.0857e-06 7.9790e-06 7.8082e-06 7.5798e-06 7.3011e-06 6.9800e-06 6.6242e-06 6.2419e-06 5.8409e-06 5.4286e-06 5.0118e-06 4.5968e-06 4.1892e-06 3.7936e-06 3.4140e-06 3.0536e-06 2.7147e-06 2.3989e-06 2.1074e-06 1.8404e-06 1.5980e-06 1.3795e-06 1.1841e-06 1.0106e-06 8.5772e-07 7.2390e-07 6.0757e-07 5.0713e-07 4.2097e-07 3.4755e-07 2.8538e-07 2.3307e-07 1.8932e-07 1.5297e-07 1.2293e-07 9.8270e-08 7.8140e-08 6.1806e-08 4.8630e-08 3.8062e-08 2.9634e-08 2.2953e-08 1.7685e-08 1.3555e-08 1.0336e-08 7.8409e-09 5.9172e-09 4.4425e-09 3.3181e-09 2.4656e-09 1.8227e-09 1.3406e-09 9.8091e-10 7.1408e-10 5.1717e-10 3.7265e-10 2.6715e-10 1.9054e-10 1.3521e-10 9.5461e-11 6.7054e-11 4.6861e-11 3.2583e-11 2.2541e-11 1.5514e-11 1.0624e-11 7.2386e-12 4.9070e-12 3.3095e-12 2.2209e-12 1.4828e-12 9.8498e-13 6.5100e-13 4.2809e-13 2.8009e-13 1.8233e-13 1.1809e-13 7.6099e-14 4.8792e-14
-5.2640e-08 -2.0949e-07 -4.6735e-07 -8.2100e-07 -1.2633e-06 -1.7853e-06 -2.3765e-06 -3.0253e-06 -3.7188e-06 -4.4434e-06 -5.1851e-06 -5.9300e-06 -6.6640e-06 -7.3738e-06 -8.0468e-06 2.5646e-02 -9.2371e-06 -9.7353e-06 -1.0159e-05 -1.0502e-05 -1.0761e-05 -1.0934e-05 -1.1020e-05 -1.1022e-05 -1.0942e-05 -1.0785e-05 -1.0555e-05 -1.0260e-05 -9.9077e-06 -9.5049e-06 -9.0605e-06 -8.5828e-06 -8.0803e-06 -7.5610e-06 -7.0327e-06 -6.5027e-06 -5.9774e-06 -5.4628e-06 -4.9638e-06 -4.4847e-06 -4.0290e-06 -3.5993e-06 -3.1975e-06 -2.8249e-06 -2.4819e-06 -2.1687e-06 -1.8846e-06 -1.6289e-06 -1.4002e-06 -1.1972e-06 -1.0181e-06 -8.6122e-07 -7.2460e-07 -6.0642e-07 -5.0482e-07 -4.1802e-07 -3.4433e-07 -2.8213e-07 -2.2995e-07 -1.8644e-07 -1.5038e-07 -1.2065e-07 -9.6301e-08 -7.6464e-08 -6.0398e-08 -4.7460e-08 -3.7101e-08 -2.8852e-08 -2.2322e-08 -1.7180e-08 -1.3155e-08 -1.0021e-08 -7.5944e-09 -5.7258e-09 -4.2948e-09 -3.2049e-09 -2.3794e-09 -1.7574e-09 -1.2914e-09 -9.4413e-10 -6.8671e-10 -4.9693e-10 -3.5776e-10 -2.5625e-10 -1.8261e-10 -1.2947e-10 -9.1328e-11 -6.4095e-11 -4.4753e-11 -3.1090e-11 -2.1488e-11 -1.4777e-11 -1.0110e-11 -6.8818e-12 -4.6607e-12 -3.1405e-12 -2.1054e-12 -1.4044e-12 -9.3201e-13 -6.1540e-13 5.2612e-08 2.0904e-07 4.6512e-07 8.1405e-07 1.2466e-06 1.7516e-06 2.3159e-06 2.9251e-06 3.5641e-06 4.2172e-06 4.8689e-06 5.5040e-06 6.1085e-06 6.6694e-06 7.1754e-06 0.0000e+00 7.9871e-06 8.2798e-06 8.4922e-06 8.6230e-06 8.6729e-06 8.6446e-06 8.5423e-06 8.3715e-06 8.1388e-06 7.8517e-06 7.5183e-06 7.1469e-06 6.7460e-06 6.3237e-06 5.8878e-06 5.4459e-06 5.0045e-06 4.5696e-06 4.1463e-06 3.7390e-06 3.3513e-06 2.9856e-06 2.6441e-06 2.3279e-06 2.0376e-06 1.7732e-06 1.5343e-06 1.3201e-06 1.1294e-06 9.6089e-07 8.1298e-07 6.8405e-07 5.7242e-07 4.7640e-07 3.9434e-07 3.2465e-07 2.6585e-07 2.1653e-07 1.7542e-07 1.4137e-07 1.1332e-07 9.0361e-08 7.1675e-08 5.6555e-08 4.4391e-08 3.4663e-08 2.6925e-08 2.0807e-08 1.5995e-08 1.2233e-08 9.3074e-09 7.0451e-09 5.3052e-09 3.9746e-09 2.9624e-09 2.1967e-09 1.6206e-09 1.1895e-09 8.6857e-10 6.3102e-10 4.5611e-10 3.2800e-10 2.3468e-10 1.6705e-10 1.1831e-10 8.3367e-11 5.8445e-11 4.0766e-11 2.8291e-11 1.9534e-11 1.3419e-11 9.1719e-12 6.2372e-12 4.2201e-12 2.8408e-12 1.9027e-12 1.2679e-12 8.4066e-13 5.5455e-13 3.6397e-13 2.3768e-13 1.5442e-13 9.9822e-14 6.4201e-14
-5.4725e-08 -2.1785e-07 -4.8627e-07 -8.5484e-07 -1.3166e-06 -1.8626e-06 -2.4828e-06 -3.1652e-06 -3.8973e-06 -4.6653e-06 -5.4552e-06 -6.2525e-06 -7.0429e-06 -7.8126e-06 -8.5481e-06 -9.2371e-06 2.8951e-02 -1.0432e-05 -1.0920e-05 -1.1326e-05 -1.1644e-05 -1.1872e-05 -1.2008e-05 -1.2054e-05 -1.2011e-05 -1.1882e-05 -1.1674e-05 -1.1392e-05 -1.1044e-05 -1.0638e-05 -1.0181e-05 -9.6842e-06 -9.1550e-06 -8.6024e-06 -8.0351e-06 -7.4611e-06 -6.8877e-06 -6.3218e-06 -5.7692e-06 -5.2351e-06 -4.7237e-06 -4.2384e-06 -3.7819e-06 -3.3560e-06 -2.9616e-06 -2.5994e-06 -2.2690e-06 -1.9699e-06 -1.7010e-06 -1.4609e-06 -1.2480e-06 -1.0604e-06 -8.9627e-07 -7.5349e-07 -6.3011e-07 -5.2415e-07 -4.3371e-07 -3.5699e-07 -2.9230e-07 -2.3809e-07 -1.9291e-07 -1.5549e-07 -1.2468e-07 -9.9453e-08 -7.8920e-08 -6.2301e-08 -4.8927e-08 -3.8226e-08 -2.9711e-08 -2.2974e-08 -1.7673e-08 -1.3525e-08 -1.0297e-08 -7.8000e-09 -5.8779e-09 -4.4067e-09 -3.2869e-09 -2.4391e-09 -1.8007e-09 -1.3226e-09 -9.6650e-10 -7.0267e-10 -5.0826e-10 -3.6576e-10 -2.6188e-10 -1.8654e-10 -1.3220e-10 -9.3219e-11 -6.5396e-11 -4.5644e-11 -3.1697e-11 -2.1899e-11 -1.5054e-11 -1.0296e-11 -7.0058e-12 -4.7430e-12 -3.1949e-12 -2.1411e-12 -1.4277e-12 -9.4717e-13 5.4692e-08 2.1733e-07 4.8365e-07 8.4668e-07 1.2970e-06 1.8230e-06 2.4114e-06 3.0474e-06 3.7152e-06 4.3989e-06 5.0822e-06 5.7497e-06 6.3865e-06 6.9792e-06 7.5161e-06 7.9871e-06 0.0000e+00 8.7016e-06 8.9358e-06 9.0850e-06 9.1500e-06 9.1329e-06 9.0380e-06 8.8708e-06 8.6378e-06 8.3468e-06 8.0058e-06 7.6237e-06 7.2089e-06 6.7701e-06 6.3154e-06 5.8528e-06 5.3891e-06 4.9309e-06 4.4835e-06 4.0518e-06 3.6395e-06 3.2497e-06 2.8845e-06 2.5454e-06 2.2332e-06 1.9481e-06 1.6897e-06 1.4574e-06 1.2500e-06 1.0662e-06 9.0440e-07 7.6296e-07 6.4013e-07 5.3418e-07 4.4336e-07 3.6601e-07 3.0054e-07 2.4547e-07 1.9943e-07 1.6117e-07 1.2956e-07 1.0361e-07 8.2423e-08 6.5226e-08 5.1349e-08 4.0215e-08 3.1331e-08 2.4284e-08 1.8725e-08 1.4364e-08 1.0962e-08 8.3232e-09 6.2870e-09 4.7246e-09 3.5324e-09 2.6275e-09 1.9445e-09 1.4317e-09 1.0487e-09 7.6429e-10 5.5418e-10 3.9978e-10 2.8694e-10 2.0490e-10 1.4558e-10 1.0290e-10 7.2372e-11 5.0640e-11 3.5254e-11 2.4419e-11 1.6828e-11 1.1538e-11 7.8712e-12 5.3424e-12 3.6077e-12 2.4239e-12 1.6203e-12 1.0776e-12 7.1308e-13 4.6946e-13 3.0751e-13 2.0041e-13 1.2994e-13 8.3827e-14
