1.0099e-04 -1.2475e-03 -1.2450e-03 -1.2415e-03 -1.2371e-03 -1.2316e-03 -1.2253e-03 -1.2179e-03 -1.2097e-03 -1.2005e-03 -1.1905e-03 -1.1796e-03 -1.1679e-03 -1.1553e-03 -1.1420e-03 -1.1280e-03 -1.1132e-03 -1.0977e-03 -1.0816e-03 -1.0649e-03 -1.0475e-03 -1.0297e-03 -1.0113e-03 -9.9251e-04 -9.7326e-04 -9.5362e-04 -9.3362e-04 -9.1332e-04 -8.9274e-04 -8.7193e-04 -8.5093e-04 -8.2977e-04 -8.0848e-04 -7.8712e-04 -7.6570e-04 -7.4427e-04 -7.2287e-04 -7.0152e-04 -6.8025e-04 -6.5910e-04 -6.3810e-04 -6.1728e-04 -5.9666e-04 -5.7626e-04 -5.5612e-04 -5.3625e-04 -5.1668e-04 -4.9743e-04 -4.7851e-04 -4.5994e-04 -4.4174e-04 -4.2392e-04 -4.0650e-04 -3.8947e-04 -3.7287e-04 -3.5668e-04 -3.4093e-04 -3.2561e-04 -3.1073e-04 -2.9630e-04 -2.8231e-04 -2.6876e-04 -2.5566e-04 -2.4300e-04 -2.3079e-04 -2.1902e-04 -2.0768e-04 -1.9676e-04 -1.8628e-04 -1.7621e-04 -1.6655e-04 -1.5730e-04 -1.4844e-04 -1.3997e-04 -1.3187e-04 -1.2415e-04 -1.1678e-04 -1.0977e-04 -1.0309e-04 -9.6741e-05 -9.0710e-05 -8.4988e-05 -7.9563e-05 -7.4425e-05 -6.9563e-05 -6.4967e-05 -6.0625e-05 -5.6529e-05 -5.2668e-05 -4.9030e-05 -4.5608e-05 -4.2391e-05 -3.9369e-05 -3.6533e-05 -3.3875e-05 -3.1384e-05 -2.9054e-05 -2.6875e-05 -2.4840e-05 -2.2940e-05 0.0000e+00 -1.2475e-03 -1.2450e-03 -1.2415e-03 -1.2371e-03 -1.2316e-03 -1.2253e-03 -1.2179e-03 -1.2097e-03 -1.2005e-03 -1.1905e-03 -1.1796e-03 -1.1678e-03 -1.1553e-03 -1.1420e-03 -1.1279e-03 -1.1131e-03 -1.0976e-03 -1.0815e-03 -1.0648e-03 -1.0475e-03 -1.0296e-03 -1.0112e-03 -9.9242e-04 -9.7316e-04 -9.5351e-04 -9.3352e-04 -9.1321e-04 -8.9262e-04 -8.7181e-04 -8.5080e-04 -8.2963e-04 -8.0834e-04 -7.8697e-04 -7.6555e-04 -7.4412e-04 -7.2271e-04 -7.0136e-04 -6.8009e-04 -6.5894e-04 -6.3793e-04 -6.1711e-04 -5.9648e-04 -5.7608e-04 -5.5594e-04 -5.3607e-04 -5.1650e-04 -4.9725e-04 -4.7833e-04 -4.5976e-04 -4.4156e-04 -4.2374e-04 -4.0631e-04 -3.8929e-04 -3.7269e-04 -3.5651e-04 -3.4075e-04 -3.2544e-04 -3.1056e-04 -2.9613e-04 -2.8214e-04 -2.6860e-04 -2.5550e-04 -2.4285e-04 -2.3064e-04 -2.1886e-04 -2.0753e-04 -1.9662e-04 -1.8614e-04 -1.7607e-04 -1.6642e-04 -1.5717e-04 -1.4831e-04 -1.3985e-04 -1.3176e-04 -1.2403e-04 -1.1667e-04 -1.0966e-04 -1.0299e-04 -9.6642e-05 -9.0615e-05 -8.4897e-05 -7.9476e-05 -7.4341e-05 -6.9483e-05 -6.4890e-05 -6.0552e-05 -5.6459e-05 -5.2601e-05 -4.8967e-05 -4.5548e-05 -4.2333e-05 -3.9314e-05 -3.6482e-05 -3.3826e-05 -3.1338e-05 -2.9010e-05 -2.6834e-05 -2.4801e-05 -2.2904e-05
-1.2475e-03 4.0398e-04 -1.2435e-03 -1.2401e-03 -1.2356e-03 -1.2302e-03 -1.2238e-03 -1.2165e-03 -1.2083e-03 -1.1992e-03 -1.1892e-03 -1.1783e-03 -1.1666e-03 -1.1541e-03 -1.1408e-03 -1.1268e-03 -1.1121e-03 -1.0966e-03 -1.0806e-03 -1.0639e-03 -1.0466e-03 -1.0288e-03 -1.0105e-03 -9.9173e-04 -9.7253e-04 -9.5294e-04 -9.3299e-04 -9.1274e-04 -8.9221e-04 -8.7145e-04 -8.5050e-04 -8.2938e-04 -8.0815e-04 -7.8683e-04 -7.6546e-04 -7.4408e-04 -7.2271e-04 -7.0140e-04 -6.8018e-04 -6.5907e-04 -6.3811e-04 -6.1732e-04 -5.9673e-04 -5.7637e-04 -5.5626e-04 -5.3643e-04 -5.1688e-04 -4.9766e-04 -4.7876e-04 -4.6022e-04 -4.4204e-04 -4.2424e-04 -4.0683e-04 -3.8982e-04 -3.7323e-04 -3.5706e-04 -3.4132e-04 -3.2601e-04 -3.1114e-04 -2.9671e-04 -2.8272e-04 -2.6918e-04 -2.5608e-04 -2.4343e-04 -2.3122e-04 -2.1944e-04 -2.0810e-04 -1.9718e-04 -1.8669e-04 -1.7662e-04 -1.6696e-04 -1.5770e-04 -1.4883e-04 -1.4035e-04 -1.3225e-04 -1.2452e-04 -1.1714e-04 -1.1012e-04 -1.0343e-04 -9.7070e-05 -9.1030e-05 -8.5297e-05 -7.9862e-05 -7.4713e-05 -6.9841e-05 -6.5234e-05 -6.0883e-05 -5.6776e-05 -5.2904e-05 -4.9257e-05 -4.5825e-05 -4.2598e-05 -3.9566e-05 -3.6721e-05 -3.4054e-05 -3.1555e-05 -2.9216e-05 -2.7029e-05 -2.4985e-05 -2.3078e-05 -1.2475e-03 0.0000e+00 -1.2435e-03 -1.2400e-03 -1.2356e-03 -1.2302e-03 -1.2238e-03 -1.2165e-03 -1.2082e-03 -1.1991e-03 -1.1891e-03 -1.1782e-03 -1.1665e-03 -1.1540e-03 -1.1407e-03 -1.1266e-03 -1.1119e-03 -1.0964e-03 -1.0803e-03 -1.0636e-03 -1.0463e-03 -1.0285e-03 -1.0102e-03 -9.9137e-04 -9.7214e-04 -9.5252e-04 -9.3256e-04 -9.1228e-04 -8.9173e-04 -8.7095e-04 -8.4997e-04 -8.2884e-04 -8.0758e-04 -7.8625e-04 -7.6486e-04 -7.4346e-04 -7.2208e-04 -7.0076e-04 -6.7952e-04 -6.5840e-04 -6.3743e-04 -6.1663e-04 -5.9603e-04 -5.7566e-04 -5.5554e-04 -5.3570e-04 -5.1615e-04 -4.9692e-04 -4.7803e-04 -4.5948e-04 -4.4130e-04 -4.2350e-04 -4.0610e-04 -3.8910e-04 -3.7251e-04 -3.5635e-04 -3.4061e-04 -3.2531e-04 -3.1045e-04 -2.9603e-04 -2.8205e-04 -2.6852e-04 -2.5544e-04 -2.4279e-04 -2.3059e-04 -2.1883e-04 -2.0750e-04 -1.9660e-04 -1.8613e-04 -1.7607e-04 -1.6642e-04 -1.5717e-04 -1.4832e-04 -1.3986e-04 -1.3178e-04 -1.2406e-04 -1.1670e-04 -1.0969e-04 -1.0302e-04 -9.6674e-05 -9.0649e-05 -8.4932e-05 -7.9512e-05 -7.4378e-05 -6.9520e-05 -6.4927e-05 -6.0589e-05 -5.6496e-05 -5.2638e-05 -4.9003e-05 -4.5584e-05 -4.2369e-05 -3.9349e-05 -3.6515e-05 -3.3858e-05 -3.1370e-05 -2.9041e-05 -2.6864e-05 -2.4830e-05 -2.2931e-05
-1.2450e-03 -1.2435e-03 9.0895e-04 -1.2376e-03 -1.2332e-03 -1.2278e-03 -1.2215e-03 -1.2142e-03 -1.2060e-03 -1.1969e-03 -1.1870e-03 -1.1762e-03 -1.1645e-03 -1.1521e-03 -1.1389e-03 -1.1249e-03 -1.1102e-03 -1.0949e-03 -1.0789e-03 -1.0623e-03 -1.0451e-03 -1.0274e-03 -1.0091e-03 -9.9043e-04 -9.7131e-04 -9.5180e-04 -9.3194e-04 -9.1177e-04 -8.9133e-04 -8.7065e-04 -8.4978e-04 -8.2874e-04 -8.0759e-04 -7.8634e-04 -7.6505e-04 -7.4374e-04 -7.2245e-04 -7.0122e-04 -6.8006e-04 -6.5902e-04 -6.3812e-04 -6.1739e-04 -5.9686e-04 -5.7656e-04 -5.5650e-04 -5.3671e-04 -5.1722e-04 -4.9803e-04 -4.7918e-04 -4.6067e-04 -4.4253e-04 -4.2476e-04 -4.0738e-04 -3.9041e-04 -3.7384e-04 -3.5769e-04 -3.4196e-04 -3.2667e-04 -3.1181e-04 -2.9739e-04 -2.8342e-04 -2.6988e-04 -2.5679e-04 -2.4414e-04 -2.3192e-04 -2.2014e-04 -2.0880e-04 -1.9788e-04 -1.8738e-04 -1.7730e-04 -1.6763e-04 -1.5836e-04 -1.4948e-04 -1.4099e-04 -1.3287e-04 -1.2513e-04 -1.1774e-04 -1.1070e-04 -1.0399e-04 -9.7618e-05 -9.1561e-05 -8.5812e-05 -8.0359e-05 -7.5194e-05 -7.0304e-05 -6.5680e-05 -6.1311e-05 -5.7188e-05 -5.3299e-05 -4.9635e-05 -4.6186e-05 -4.2943e-05 -3.9896e-05 -3.7035e-05 -3.4352e-05 -3.1839e-05 -2.9485e-05 -2.7284e-05 -2.5227e-05 -2.3307e-05 -1.2450e-03 -1.2435e-03 0.0000e+00 -1.2376e-03 -1.2331e-03 -1.2277e-03 -1.2214e-03 -1.2141e-03 -1.2059e-03 -1.1968e-03 -1.1868e-03 -1.1759e-03 -1.1642e-03 -1.1518e-03 -1.1385e-03 -1.1245e-03 -1.1098e-03 -1.0944e-03 -1.0783e-03 -1.0617e-03 -1.0444e-03 -1.0266e-03 -1.0084e-03 -9.8961e-04 -9.7044e-04 -9.5088e-04 -9.3097e-04 -9.1075e-04 -8.9025e-04 -8.6952e-04 -8.4860e-04 -8.2752e-04 -8.0632e-04 -7.8504e-04 -7.6370e-04 -7.4236e-04 -7.2103e-04 -6.9976e-04 -6.7857e-04 -6.5750e-04 -6.3658e-04 -6.1583e-04 -5.9528e-04 -5.7496e-04 -5.5488e-04 -5.3508e-04 -5.1558e-04 -4.9639e-04 -4.7753e-04 -4.5902e-04 -4.4088e-04 -4.2312e-04 -4.0574e-04 -3.8877e-04 -3.7222e-04 -3.5608e-04 -3.4037e-04 -3.2510e-04 -3.1026e-04 -2.9586e-04 -2.8191e-04 -2.6840e-04 -2.5533e-04 -2.4270e-04 -2.3052e-04 -2.1877e-04 -2.0746e-04 -1.9657e-04 -1.8611e-04 -1.7606e-04 -1.6642e-04 -1.5719e-04 -1.4834e-04 -1.3989e-04 -1.3181e-04 -1.2410e-04 -1.1674e-04 -1.0974e-04 -1.0307e-04 -9.6728e-05 -9.0706e-05 -8.4990e-05 -7.9571e-05 -7.4439e-05 -6.9581e-05 -6.4989e-05 -6.0651e-05 -5.6558e-05 -5.2699e-05 -4.9064e-05 -4.5643e-05 -4.2427e-05 -3.9406e-05 -3.6571e-05 -3.3913e-05 -3.1423e-05 -2.9092e-05 -2.6913e-05 -2.4877e-05 -2.2977e-05
-1.2415e-03 -1.2401e-03 -1.2376e-03 1.6159e-03 -1.2298e-03 -1.2244e-03 -1.2181e-03 -1.2109e-03 -1.2028e-03 -1.1938e-03 -1.1839e-03 -1.1732e-03 -1.1616e-03 -1.1492e-03 -1.1361e-03 -1.1222e-03 -1.1077e-03 -1.0924e-03 -1.0765e-03 -1.0600e-03 -1.0429e-03 -1.0253e-03 -1.0072e-03 -9.8862e-04 -9.6961e-04 -9.5022e-04 -9.3048e-04 -9.1042e-04 -8.9009e-04 -8.6953e-04 -8.4877e-04 -8.2785e-04 -8.0680e-04 -7.8567e-04 -7.6448e-04 -7.4328e-04 -7.2209e-04 -7.0095e-04 -6.7989e-04 -6.5894e-04 -6.3813e-04 -6.1749e-04 -5.9704e-04 -5.7681e-04 -5.5683e-04 -5.3711e-04 -5.1768e-04 -4.9856e-04 -4.7976e-04 -4.6131e-04 -4.4322e-04 -4.2549e-04 -4.0816e-04 -3.9121e-04 -3.7468e-04 -3.5856e-04 -3.4286e-04 -3.2759e-04 -3.1275e-04 -2.9835e-04 -2.8438e-04 -2.7086e-04 -2.5777e-04 -2.4512e-04 -2.3291e-04 -2.2113e-04 -2.0978e-04 -1.9885e-04 -1.8835e-04 -1.7825e-04 -1.6857e-04 -1.5928e-04 -1.5039e-04 -1.4188e-04 -1.3375e-04 -1.2598e-04 -1.1857e-04 -1.1151e-04 -1.0478e-04 -9.8385e-05 -9.2305e-05 -8.6532e-05 -8.1056e-05 -7.5866e-05 -7.0952e-05 -6.6304e-05 -6.1911e-05 -5.7764e-05 -5.3851e-05 -5.0164e-05 -4.6693e-05 -4.3427e-05 -4.0357e-05 -3.7475e-05 -3.4771e-05 -3.2237e-05 -2.9863e-05 -2.7643e-05 -2.5567e-05 -2.3628e-05 -1.2415e-03 -1.2400e-03 -1.2376e-03 0.0000e+00 -1.2297e-03 -1.2243e-03 -1.2180e-03 -1.2107e-03 -1.2026e-03 -1.1935e-03 -1.1835e-03 -1.1727e-03 -1.1611e-03 -1.1487e-03 -1.1355e-03 -1.1215e-03 -1.1068e-03 -1.0915e-03 -1.0755e-03 -1.0589e-03 -1.0418e-03 -1.0240e-03 -1.0058e-03 -9.8716e-04 -9.6806e-04 -9.4858e-04 -9.2874e-04 -9.0860e-04 -8.8818e-04 -8.6753e-04 -8.4668e-04 -8.2568e-04 -8.0456e-04 -7.8335e-04 -7.6209e-04 -7.4082e-04 -7.1957e-04 -6.9837e-04 -6.7725e-04 -6.5625e-04 -6.3540e-04 -6.1471e-04 -5.9423e-04 -5.7397e-04 -5.5396e-04 -5.3422e-04 -5.1477e-04 -4.9564e-04 -4.7684e-04 -4.5838e-04 -4.4029e-04 -4.2257e-04 -4.0525e-04 -3.8832e-04 -3.7180e-04 -3.5571e-04 -3.4004e-04 -3.2480e-04 -3.0999e-04 -2.9563e-04 -2.8170e-04 -2.6822e-04 -2.5518e-04 -2.4258e-04 -2.3042e-04 -2.1869e-04 -2.0740e-04 -1.9653e-04 -1.8608e-04 -1.7605e-04 -1.6642e-04 -1.5720e-04 -1.4837e-04 -1.3992e-04 -1.3185e-04 -1.2415e-04 -1.1680e-04 -1.0980e-04 -1.0314e-04 -9.6803e-05 -9.0784e-05 -8.5072e-05 -7.9655e-05 -7.4524e-05 -6.9667e-05 -6.5076e-05 -6.0738e-05 -5.6644e-05 -5.2785e-05 -4.9149e-05 -4.5727e-05 -4.2509e-05 -3.9486e-05 -3.6649e-05 -3.3989e-05 -3.1496e-05 -2.9164e-05 -2.6982e-05 -2.4944e-05 -2.3041e-05
-1.2371e-03 -1.2356e-03 -1.2332e-03 -1.2298e-03 2.5248e-03 -1.2201e-03 -1.2139e-03 -1.2067e-03 -1.1987e-03 -1.1898e-03 -1.1799e-03 -1.1693e-03 -1.1578e-03 -1.1456e-03 -1.1326e-03 -1.1188e-03 -1.1044e-03 -1.0892e-03 -1.0735e-03 -1.0571e-03 -1.0402e-03 -1.0227e-03 -1.0047e-03 -9.8629e-04 -9.6743e-04 -9.4819e-04 -9.2859e-04 -9.0868e-04 -8.8850e-04 -8.6809e-04 -8.4747e-04 -8.2669e-04 -8.0579e-04 -7.8479e-04 -7.6374e-04 -7.4267e-04 -7.2161e-04 -7.0060e-04 -6.7966e-04 -6.5883e-04 -6.3814e-04 -6.1760e-04 -5.9726e-04 -5.7713e-04 -5.5724e-04 -5.3762e-04 -5.1827e-04 -4.9923e-04 -4.8051e-04 -4.6212e-04 -4.4409e-04 -4.2643e-04 -4.0914e-04 -3.9225e-04 -3.7576e-04 -3.5968e-04 -3.4401e-04 -3.2877e-04 -3.1395e-04 -2.9957e-04 -2.8562e-04 -2.7211e-04 -2.5903e-04 -2.4638e-04 -2.3417e-04 -2.2239e-04 -2.1103e-04 -2.0010e-04 -1.8958e-04 -1.7947e-04 -1.6977e-04 -1.6047e-04 -1.5156e-04 -1.4303e-04 -1.3487e-04 -1.2708e-04 -1.1964e-04 -1.1255e-04 -1.0580e-04 -9.9369e-05 -9.3260e-05 -8.7456e-05 -8.1950e-05 -7.6729e-05 -7.1785e-05 -6.7106e-05 -6.2682e-05 -5.8504e-05 -5.4562e-05 -5.0845e-05 -4.7343e-05 -4.4049e-05 -4.0951e-05 -3.8041e-05 -3.5309e-05 -3.2749e-05 -3.0349e-05 -2.8104e-05 -2.6004e-05 -2.4042e-05 -1.2371e-03 -1.2356e-03 -1.2331e-03 -1.2297e-03 0.0000e+00 -1.2200e-03 -1.2137e-03 -1.2064e-03 -1.1983e-03 -1.1893e-03 -1.1794e-03 -1.1686e-03 -1.1571e-03 -1.1447e-03 -1.1316e-03 -1.1177e-03 -1.1031e-03 -1.0878e-03 -1.0719e-03 -1.0554e-03 -1.0383e-03 -1.0207e-03 -1.0026e-03 -9.8402e-04 -9.6502e-04 -9.4563e-04 -9.2589e-04 -9.0584e-04 -8.8552e-04 -8.6497e-04 -8.4423e-04 -8.2332e-04 -8.0229e-04 -7.8118e-04 -7.6002e-04 -7.3885e-04 -7.1769e-04 -6.9658e-04 -6.7556e-04 -6.5465e-04 -6.3388e-04 -6.1328e-04 -5.9288e-04 -5.7270e-04 -5.5277e-04 -5.3311e-04 -5.1374e-04 -4.9468e-04 -4.7594e-04 -4.5755e-04 -4.3953e-04 -4.2187e-04 -4.0461e-04 -3.8774e-04 -3.7127e-04 -3.5523e-04 -3.3961e-04 -3.2441e-04 -3.0965e-04 -2.9533e-04 -2.8144e-04 -2.6800e-04 -2.5499e-04 -2.4242e-04 -2.3029e-04 -2.1859e-04 -2.0732e-04 -1.9647e-04 -1.8605e-04 -1.7604e-04 -1.6643e-04 -1.5722e-04 -1.4840e-04 -1.3997e-04 -1.3191e-04 -1.2422e-04 -1.1688e-04 -1.0989e-04 -1.0323e-04 -9.6899e-05 -9.0885e-05 -8.5176e-05 -7.9762e-05 -7.4633e-05 -6.9778e-05 -6.5187e-05 -6.0849e-05 -5.6755e-05 -5.2894e-05 -4.9257e-05 -4.5834e-05 -4.2614e-05 -3.9589e-05 -3.6749e-05 -3.4086e-05 -3.1591e-05 -2.9255e-05 -2.7071e-05 -2.5029e-05 -2.3123e-05
-1.2316e-03 -1.2302e-03 -1.2278e-03 -1.2244e-03 -1.2201e-03 3.6357e-03 -1.2087e-03 -1.2017e-03 -1.1937e-03 -1.1848e-03 -1.1751e-03 -1.1646e-03 -1.1533e-03 -1.1411e-03 -1.1283e-03 -1.1147e-03 -1.1004e-03 -1.0854e-03 -1.0698e-03 -1.0536e-03 -1.0368e-03 -1.0195e-03 -1.0017e-03 -9.8345e-04 -9.6477e-04 -9.4570e-04 -9.2629e-04 -9.0656e-04 -8.8656e-04 -8.6632e-04 -8.4588e-04 -8.2528e-04 -8.0455e-04 -7.8372e-04 -7.6284e-04 -7.4193e-04 -7.2103e-04 -7.0017e-04 -6.7938e-04 -6.5870e-04 -6.3814e-04 -6.1774e-04 -5.9752e-04 -5.7752e-04 -5.5774e-04 -5.3823e-04 -5.1898e-04 -5.0004e-04 -4.8141e-04 -4.6310e-04 -4.4515e-04 -4.2756e-04 -4.1034e-04 -3.9351e-04 -3.7707e-04 -3.6103e-04 -3.4541e-04 -3.3020e-04 -3.1542e-04 -3.0106e-04 -2.8713e-04 -2.7363e-04 -2.6056e-04 -2.4792e-04 -2.3571e-04 -2.2392e-04 -2.1256e-04 -2.0161e-04 -1.9108e-04 -1.8096e-04 -1.7124e-04 -1.6191e-04 -1.5298e-04 -1.4442e-04 -1.3623e-04 -1.2841e-04 -1.2094e-04 -1.1382e-04 -1.0703e-04 -1.0057e-04 -9.4425e-05 -8.8585e-05 -8.3041e-05 -7.7783e-05 -7.2801e-05 -6.8085e-05 -6.3624e-05 -5.9409e-05 -5.5429e-05 -5.1676e-05 -4.8139e-05 -4.4809e-05 -4.1676e-05 -3.8732e-05 -3.5968e-05 -3.3375e-05 -3.0945e-05 -2.8668e-05 -2.6539e-05 -2.4548e-05 -1.2316e-03 -1.2302e-03 -1.2277e-03 -1.2243e-03 -1.2200e-03 0.0000e+00 -1.2084e-03 -1.2012e-03 -1.1931e-03 -1.1842e-03 -1.1743e-03 -1.1636e-03 -1.1522e-03 -1.1399e-03 -1.1268e-03 -1.1130e-03 -1.0985e-03 -1.0834e-03 -1.0676e-03 -1.0512e-03 -1.0342e-03 -1.0167e-03 -9.9867e-04 -9.8020e-04 -9.6131e-04 -9.4204e-04 -9.2242e-04 -9.0249e-04 -8.8229e-04 -8.6186e-04 -8.4123e-04 -8.2044e-04 -7.9954e-04 -7.7854e-04 -7.5750e-04 -7.3644e-04 -7.1540e-04 -6.9440e-04 -6.7349e-04 -6.5269e-04 -6.3203e-04 -6.1154e-04 -5.9124e-04 -5.7116e-04 -5.5133e-04 -5.3176e-04 -5.1248e-04 -4.9350e-04 -4.7485e-04 -4.5655e-04 -4.3860e-04 -4.2102e-04 -4.0382e-04 -3.8702e-04 -3.7063e-04 -3.5464e-04 -3.3908e-04 -3.2394e-04 -3.0924e-04 -2.9496e-04 -2.8112e-04 -2.6772e-04 -2.5476e-04 -2.4223e-04 -2.3013e-04 -2.1846e-04 -2.0722e-04 -1.9641e-04 -1.8601e-04 -1.7602e-04 -1.6643e-04 -1.5724e-04 -1.4844e-04 -1.4003e-04 -1.3198e-04 -1.2430e-04 -1.1697e-04 -1.0999e-04 -1.0334e-04 -9.7016e-05 -9.1007e-05 -8.5302e-05 -7.9892e-05 -7.4765e-05 -6.9912e-05 -6.5322e-05 -6.0984e-05 -5.6890e-05 -5.3028e-05 -4.9389e-05 -4.5964e-05 -4.2742e-05 -3.9714e-05 -3.6872e-05 -3.4205e-05 -3.1707e-05 -2.9367e-05 -2.7179e-05 -2.5133e-05 -2.3223e-05
-1.2253e-03 -1.2238e-03 -1.2215e-03 -1.2181e-03 -1.2139e-03 -1.2087e-03 4.9486e-03 -1.1957e-03 -1.1878e-03 -1.1791e-03 -1.1695e-03 -1.1591e-03 -1.1479e-03 -1.1359e-03 -1.1232e-03 -1.1098e-03 -1.0956e-03 -1.0809e-03 -1.0654e-03 -1.0494e-03 -1.0328e-03 -1.0157e-03 -9.9815e-04 -9.8010e-04 -9.6163e-04 -9.4278e-04 -9.2357e-04 -9.0406e-04 -8.8427e-04 -8.6424e-04 -8.4401e-04 -8.2361e-04 -8.0308e-04 -7.8245e-04 -7.6177e-04 -7.4105e-04 -7.2034e-04 -6.9966e-04 -6.7904e-04 -6.5853e-04 -6.3813e-04 -6.1789e-04 -5.9782e-04 -5.7796e-04 -5.5832e-04 -5.3893e-04 -5.1981e-04 -5.0098e-04 -4.8245e-04 -4.6425e-04 -4.4639e-04 -4.2888e-04 -4.1174e-04 -3.9498e-04 -3.7860e-04 -3.6262e-04 -3.4705e-04 -3.3188e-04 -3.1713e-04 -3.0280e-04 -2.8890e-04 -2.7541e-04 -2.6236e-04 -2.4972e-04 -2.3751e-04 -2.2573e-04 -2.1436e-04 -2.0340e-04 -1.9285e-04 -1.8271e-04 -1.7297e-04 -1.6362e-04 -1.5465e-04 -1.4606e-04 -1.3784e-04 -1.2999e-04 -1.2248e-04 -1.1532e-04 -1.0849e-04 -1.0199e-04 -9.5799e-05 -8.9916e-05 -8.4329e-05 -7.9028e-05 -7.4002e-05 -6.9241e-05 -6.4736e-05 -6.0478e-05 -5.6455e-05 -5.2659e-05 -4.9079e-05 -4.5708e-05 -4.2535e-05 -3.9551e-05 -3.6747e-05 -3.4116e-05 -3.1649e-05 -2.9337e-05 -2.7173e-05 -2.5148e-05 -1.2253e-03 -1.2238e-03 -1.2214e-03 -1.2180e-03 -1.2137e-03 -1.2084e-03 0.0000e+00 -1.1951e-03 -1.1870e-03 -1.1781e-03 -1.1684e-03 -1.1578e-03 -1.1464e-03 -1.1342e-03 -1.1212e-03 -1.1075e-03 -1.0932e-03 -1.0781e-03 -1.0624e-03 -1.0461e-03 -1.0293e-03 -1.0119e-03 -9.9403e-04 -9.7570e-04 -9.5695e-04 -9.3781e-04 -9.1833e-04 -8.9854e-04 -8.7848e-04 -8.5819e-04 -8.3770e-04 -8.1706e-04 -7.9629e-04 -7.7544e-04 -7.5453e-04 -7.3361e-04 -7.1270e-04 -6.9184e-04 -6.7106e-04 -6.5038e-04 -6.2985e-04 -6.0948e-04 -5.8930e-04 -5.6934e-04 -5.4962e-04 -5.3016e-04 -5.1099e-04 -4.9212e-04 -4.7357e-04 -4.5536e-04 -4.3750e-04 -4.2001e-04 -4.0290e-04 -3.8618e-04 -3.6986e-04 -3.5395e-04 -3.3846e-04 -3.2339e-04 -3.0874e-04 -2.9453e-04 -2.8075e-04 -2.6740e-04 -2.5448e-04 -2.4199e-04 -2.2994e-04 -2.1831e-04 -2.0711e-04 -1.9632e-04 -1.8595e-04 -1.7599e-04 -1.6643e-04 -1.5727e-04 -1.4849e-04 -1.4009e-04 -1.3206e-04 -1.2439e-04 -1.1708e-04 -1.1011e-04 -1.0347e-04 -9.7153e-05 -9.1150e-05 -8.5451e-05 -8.0045e-05 -7.4921e-05 -7.0070e-05 -6.5481e-05 -6.1144e-05 -5.7049e-05 -5.3186e-05 -4.9545e-05 -4.6117e-05 -4.2892e-05 -3.9862e-05 -3.7016e-05 -3.4345e-05 -3.1843e-05 -2.9499e-05 -2.7306e-05 -2.5256e-05 -2.3342e-05
-1.2179e-03 -1.2165e-03 -1.2142e-03 -1.2109e-03 -1.2067e-03 -1.2017e-03 -1.1957e-03 6.4634e-03 -1.1810e-03 -1.1724e-03 -1.1630e-03 -1.1528e-03 -1.1417e-03 -1.1299e-03 -1.1174e-03 -1.1041e-03 -1.0902e-03 -1.0756e-03 -1.0604e-03 -1.0446e-03 -1.0283e-03 -1.0114e-03 -9.9407e-04 -9.7625e-04 -9.5802e-04 -9.3941e-04 -9.2044e-04 -9.0117e-04 -8.8162e-04 -8.6183e-04 -8.4184e-04 -8.2168e-04 -8.0138e-04 -7.8099e-04 -7.6052e-04 -7.4002e-04 -7.1952e-04 -6.9905e-04 -6.7864e-04 -6.5832e-04 -6.3811e-04 -6.1805e-04 -5.9815e-04 -5.7846e-04 -5.5897e-04 -5.3973e-04 -5.2075e-04 -5.0205e-04 -4.8365e-04 -4.6556e-04 -4.4780e-04 -4.3039e-04 -4.1334e-04 -3.9666e-04 -3.8035e-04 -3.6444e-04 -3.4892e-04 -3.3380e-04 -3.1910e-04 -3.0480e-04 -2.9092e-04 -2.7746e-04 -2.6442e-04 -2.5179e-04 -2.3959e-04 -2.2779e-04 -2.1642e-04 -2.0545e-04 -1.9488e-04 -1.8472e-04 -1.7495e-04 -1.6557e-04 -1.5657e-04 -1.4795e-04 -1.3969e-04 -1.3180e-04 -1.2425e-04 -1.1704e-04 -1.1017e-04 -1.0362e-04 -9.7381e-05 -9.1450e-05 -8.5813e-05 -8.0461e-05 -7.5385e-05 -7.0574e-05 -6.6019e-05 -6.1710e-05 -5.7638e-05 -5.3792e-05 -5.0165e-05 -4.6745e-05 -4.3525e-05 -4.0496e-05 -3.7648e-05 -3.4973e-05 -3.2463e-05 -3.0110e-05 -2.7905e-05 -2.5842e-05 -1.2179e-03 -1.2165e-03 -1.2141e-03 -1.2107e-03 -1.2064e-03 -1.2012e-03 -1.1951e-03 0.0000e+00 -1.1801e-03 -1.1712e-03 -1.1616e-03 -1.1511e-03 -1.1397e-03 -1.1277e-03 -1.1148e-03 -1.1013e-03 -1.0870e-03 -1.0721e-03 -1.0565e-03 -1.0404e-03 -1.0237e-03 -1.0064e-03 -9.8871e-04 -9.7053e-04 -9.5194e-04 -9.3296e-04 -9.1363e-04 -8.9400e-04 -8.7411e-04 -8.5398e-04 -8.3365e-04 -8.1317e-04 -7.9256e-04 -7.7187e-04 -7.5112e-04 -7.3035e-04 -7.0960e-04 -6.8889e-04 -6.6826e-04 -6.4773e-04 -6.2734e-04 -6.0711e-04 -5.8707e-04 -5.6725e-04 -5.4766e-04 -5.2833e-04 -5.0927e-04 -4.9052e-04 -4.7209e-04 -4.5399e-04 -4.3624e-04 -4.1885e-04 -4.0184e-04 -3.8521e-04 -3.6898e-04 -3.5316e-04 -3.3774e-04 -3.2275e-04 -3.0818e-04 -2.9403e-04 -2.8031e-04 -2.6702e-04 -2.5416e-04 -2.4172e-04 -2.2972e-04 -2.1814e-04 -2.0697e-04 -1.9623e-04 -1.8589e-04 -1.7596e-04 -1.6643e-04 -1.5730e-04 -1.4854e-04 -1.4016e-04 -1.3215e-04 -1.2450e-04 -1.1720e-04 -1.1024e-04 -1.0362e-04 -9.7309e-05 -9.1314e-05 -8.5621e-05 -8.0219e-05 -7.5099e-05 -7.0250e-05 -6.5663e-05 -6.1326e-05 -5.7231e-05 -5.3367e-05 -4.9724e-05 -4.6294e-05 -4.3066e-05 -4.0031e-05 -3.7181e-05 -3.4507e-05 -3.1999e-05 -2.9651e-05 -2.7453e-05 -2.5398e-05 -2.3478e-05
-1.2097e-03 -1.2083e-03 -1.2060e-03 -1.2028e-03 -1.1987e-03 -1.1937e-03 -1.1878e-03 -1.1810e-03 8.1801e-03 -1.1650e-03 -1.1557e-03 -1.1456e-03 -1.1348e-03 -1.1232e-03 -1.1108e-03 -1.0978e-03 -1.0841e-03 -1.0698e-03 -1.0548e-03 -1.0393e-03 -1.0232e-03 -1.0065e-03 -9.8945e-04 -9.7190e-04 -9.5394e-04 -9.3560e-04 -9.1691e-04 -8.9791e-04 -8.7863e-04 -8.5911e-04 -8.3939e-04 -8.1949e-04 -7.9945e-04 -7.7931e-04 -7.5910e-04 -7.3885e-04 -7.1859e-04 -6.9835e-04 -6.7817e-04 -6.5806e-04 -6.3807e-04 -6.1821e-04 -5.9851e-04 -5.7900e-04 -5.5969e-04 -5.4062e-04 -5.2179e-04 -5.0324e-04 -4.8498e-04 -4.6702e-04 -4.4938e-04 -4.3208e-04 -4.1513e-04 -3.9854e-04 -3.8232e-04 -3.6647e-04 -3.5102e-04 -3.3596e-04 -3.2130e-04 -3.0705e-04 -2.9320e-04 -2.7976e-04 -2.6673e-04 -2.5412e-04 -2.4192e-04 -2.3012e-04 -2.1874e-04 -2.0775e-04 -1.9717e-04 -1.8699e-04 -1.7719e-04 -1.6778e-04 -1.5874e-04 -1.5008e-04 -1.4178e-04 -1.3384e-04 -1.2624e-04 -1.1899e-04 -1.1206e-04 -1.0546e-04 -9.9170e-05 -9.3184e-05 -8.7491e-05 -8.2083e-05 -7.6950e-05 -7.2083e-05 -6.7471e-05 -6.3106e-05 -5.8978e-05 -5.5077e-05 -5.1395e-05 -4.7922e-05 -4.4649e-05 -4.1568e-05 -3.8669e-05 -3.5945e-05 -3.3387e-05 -3.0987e-05 -2.8738e-05 -2.6631e-05 -1.2097e-03 -1.2082e-03 -1.2059e-03 -1.2026e-03 -1.1983e-03 -1.1931e-03 -1.1870e-03 -1.1801e-03 0.0000e+00 -1.1635e-03 -1.1539e-03 -1.1435e-03 -1.1323e-03 -1.1203e-03 -1.1076e-03 -1.0942e-03 -1.0801e-03 -1.0653e-03 -1.0499e-03 -1.0339e-03 -1.0173e-03 -1.0003e-03 -9.8272e-04 -9.6471e-04 -9.4629e-04 -9.2748e-04 -9.0834e-04 -8.8889e-04 -8.6917e-04 -8.4923e-04 -8.2908e-04 -8.0878e-04 -7.8835e-04 -7.6784e-04 -7.4727e-04 -7.2668e-04 -7.0610e-04 -6.8556e-04 -6.6510e-04 -6.4474e-04 -6.2451e-04 -6.0444e-04 -5.8456e-04 -5.6488e-04 -5.4544e-04 -5.2625e-04 -5.0734e-04 -4.8872e-04 -4.7042e-04 -4.5244e-04 -4.3481e-04 -4.1754e-04 -4.0063e-04 -3.8411e-04 -3.6798e-04 -3.5225e-04 -3.3693e-04 -3.2202e-04 -3.0753e-04 -2.9346e-04 -2.7981e-04 -2.6659e-04 -2.5379e-04 -2.4142e-04 -2.2947e-04 -2.1793e-04 -2.0682e-04 -1.9612e-04 -1.8582e-04 -1.7593e-04 -1.6643e-04 -1.5732e-04 -1.4860e-04 -1.4024e-04 -1.3225e-04 -1.2462e-04 -1.1734e-04 -1.1040e-04 -1.0378e-04 -9.7484e-05 -9.1498e-05 -8.5812e-05 -8.0416e-05 -7.5300e-05 -7.0454e-05 -6.5868e-05 -6.1532e-05 -5.7436e-05 -5.3570e-05 -4.9926e-05 -4.6492e-05 -4.3261e-05 -4.0223e-05 -3.7368e-05 -3.4689e-05 -3.2176e-05 -2.9822e-05 -2.7619e-05 -2.5558e-05 -2.3632e-05
-1.2005e-03 -1.1992e-03 -1.1969e-03 -1.1938e-03 -1.1898e-03 -1.1848e-03 -1.1791e-03 -1.1724e-03 -1.1650e-03 1.0099e-02 -1.1476e-03 -1.1377e-03 -1.1270e-03 -1.1157e-03 -1.1036e-03 -1.0908e-03 -1.0773e-03 -1.0632e-03 -1.0485e-03 -1.0333e-03 -1.0174e-03 -1.0011e-03 -9.8431e-04 -9.6706e-04 -9.4940e-04 -9.3136e-04 -9.1297e-04 -8.9427e-04 -8.7529e-04 -8.5607e-04 -8.3664e-04 -8.1704e-04 -7.9729e-04 -7.7744e-04 -7.5751e-04 -7.3753e-04 -7.1753e-04 -6.9756e-04 -6.7762e-04 -6.5776e-04 -6.3800e-04 -6.1837e-04 -5.9888e-04 -5.7958e-04 -5.6047e-04 -5.4158e-04 -5.2293e-04 -5.0455e-04 -4.8644e-04 -4.6862e-04 -4.5112e-04 -4.3394e-04 -4.1710e-04 -4.0061e-04 -3.8448e-04 -3.6872e-04 -3.5334e-04 -3.3834e-04 -3.2374e-04 -3.0953e-04 -2.9572e-04 -2.8231e-04 -2.6930e-04 -2.5670e-04 -2.4450e-04 -2.3271e-04 -2.2131e-04 -2.1031e-04 -1.9971e-04 -1.8950e-04 -1.7967e-04 -1.7023e-04 -1.6115e-04 -1.5245e-04 -1.4410e-04 -1.3611e-04 -1.2846e-04 -1.2115e-04 -1.1417e-04 -1.0751e-04 -1.0116e-04 -9.5116e-05 -8.9362e-05 -8.3892e-05 -7.8697e-05 -7.3767e-05 -6.9093e-05 -6.4665e-05 -6.0475e-05 -5.6513e-05 -5.2770e-05 -4.9238e-05 -4.5906e-05 -4.2768e-05 -3.9813e-05 -3.7034e-05 -3.4423e-05 -3.1971e-05 -2.9671e-05 -2.7515e-05 -1.2005e-03 -1.1991e-03 -1.1968e-03 -1.1935e-03 -1.1893e-03 -1.1842e-03 -1.1781e-03 -1.1712e-03 -1.1635e-03 0.0000e+00 -1.1454e-03 -1.1351e-03 -1.1240e-03 -1.1122e-03 -1.0996e-03 -1.0863e-03 -1.0724e-03 -1.0577e-03 -1.0425e-03 -1.0267e-03 -1.0103e-03 -9.9343e-04 -9.7606e-04 -9.5824e-04 -9.4001e-04 -9.2141e-04 -9.0246e-04 -8.8321e-04 -8.6369e-04 -8.4395e-04 -8.2401e-04 -8.0390e-04 -7.8368e-04 -7.6336e-04 -7.4299e-04 -7.2260e-04 -7.0221e-04 -6.8186e-04 -6.6159e-04 -6.4141e-04 -6.2136e-04 -6.0147e-04 -5.8176e-04 -5.6225e-04 -5.4297e-04 -5.2394e-04 -5.0518e-04 -4.8671e-04 -4.6855e-04 -4.5071e-04 -4.3322e-04 -4.1607e-04 -3.9929e-04 -3.8289e-04 -3.6687e-04 -3.5124e-04 -3.3602e-04 -3.2121e-04 -3.0681e-04 -2.9282e-04 -2.7925e-04 -2.6611e-04 -2.5338e-04 -2.4107e-04 -2.2918e-04 -2.1771e-04 -2.0664e-04 -1.9599e-04 -1.8574e-04 -1.7589e-04 -1.6643e-04 -1.5735e-04 -1.4866e-04 -1.4033e-04 -1.3237e-04 -1.2476e-04 -1.1749e-04 -1.1056e-04 -1.0396e-04 -9.7677e-05 -9.1701e-05 -8.6023e-05 -8.0633e-05 -7.5522e-05 -7.0679e-05 -6.6095e-05 -6.1760e-05 -5.7663e-05 -5.3797e-05 -5.0150e-05 -4.6713e-05 -4.3478e-05 -4.0436e-05 -3.7576e-05 -3.4892e-05 -3.2374e-05 -3.0014e-05 -2.7804e-05 -2.5736e-05 -2.3804e-05
-1.1905e-03 -1.1892e-03 -1.1870e-03 -1.1839e-03 -1.1799e-03 -1.1751e-03 -1.1695e-03 -1.1630e-03 -1.1557e-03 -1.1476e-03 1.2219e-02 -1.1290e-03 -1.1186e-03 -1.1074e-03 -1.0956e-03 -1.0830e-03 -1.0698e-03 -1.0560e-03 -1.0416e-03 -1.0267e-03 -1.0112e-03 -9.9515e-04 -9.7866e-04 -9.6173e-04 -9.4440e-04 -9.2668e-04 -9.0862e-04 -8.9025e-04 -8.7160e-04 -8.5271e-04 -8.3361e-04 -8.1433e-04 -7.9490e-04 -7.7535e-04 -7.5573e-04 -7.3605e-04 -7.1635e-04 -6.9666e-04 -6.7700e-04 -6.5740e-04 -6.3790e-04 -6.1851e-04 -5.9927e-04 -5.8019e-04 -5.6130e-04 -5.4261e-04 -5.2416e-04 -5.0595e-04 -4.8802e-04 -4.7036e-04 -4.5300e-04 -4.3596e-04 -4.1925e-04 -4.0287e-04 -3.8684e-04 -3.7118e-04 -3.5587e-04 -3.4095e-04 -3.2640e-04 -3.1224e-04 -2.9847e-04 -2.8509e-04 -2.7211e-04 -2.5952e-04 -2.4733e-04 -2.3554e-04 -2.2413e-04 -2.1312e-04 -2.0250e-04 -1.9226e-04 -1.8240e-04 -1.7292e-04 -1.6380e-04 -1.5505e-04 -1.4666e-04 -1.3861e-04 -1.3091e-04 -1.2354e-04 -1.1650e-04 -1.0977e-04 -1.0336e-04 -9.7246e-05 -9.1425e-05 -8.5887e-05 -8.0624e-05 -7.5625e-05 -7.0882e-05 -6.6387e-05 -6.2129e-05 -5.8100e-05 -5.4291e-05 -5.0693e-05 -4.7297e-05 -4.4095e-05 -4.1079e-05 -3.8240e-05 -3.5570e-05 -3.3061e-05 -3.0705e-05 -2.8496e-05 -1.1905e-03 -1.1891e-03 -1.1868e-03 -1.1835e-03 -1.1794e-03 -1.1743e-03 -1.1684e-03 -1.1616e-03 -1.1539e-03 -1.1454e-03 0.0000e+00 -1.1258e-03 -1.1149e-03 -1.1032e-03 -1.0908e-03 -1.0777e-03 -1.0639e-03 -1.0495e-03 -1.0344e-03 -1.0188e-03 -1.0026e-03 -9.8593e-04 -9.6876e-04 -9.5115e-04 -9.3313e-04 -9.1474e-04 -8.9601e-04 -8.7697e-04 -8.5768e-04 -8.3815e-04 -8.1843e-04 -7.9855e-04 -7.7854e-04 -7.5844e-04 -7.3829e-04 -7.1811e-04 -6.9793e-04 -6.7779e-04 -6.5772e-04 -6.3775e-04 -6.1790e-04 -5.9820e-04 -5.7868e-04 -5.5935e-04 -5.4025e-04 -5.2140e-04 -5.0281e-04 -4.8450e-04 -4.6650e-04 -4.4881e-04 -4.3146e-04 -4.1445e-04 -3.9781e-04 -3.8153e-04 -3.6564e-04 -3.5013e-04 -3.3502e-04 -3.2031e-04 -3.0601e-04 -2.9211e-04 -2.7864e-04 -2.6557e-04 -2.5292e-04 -2.4069e-04 -2.2886e-04 -2.1745e-04 -2.0645e-04 -1.9585e-04 -1.8565e-04 -1.7584e-04 -1.6642e-04 -1.5738e-04 -1.4872e-04 -1.4042e-04 -1.3248e-04 -1.2490e-04 -1.1765e-04 -1.1074e-04 -1.0416e-04 -9.7888e-05 -9.1923e-05 -8.6254e-05 -8.0871e-05 -7.5765e-05 -7.0926e-05 -6.6344e-05 -6.2010e-05 -5.7913e-05 -5.4045e-05 -5.0396e-05 -4.6956e-05 -4.3717e-05 -4.0670e-05 -3.7805e-05 -3.5115e-05 -3.2591e-05 -3.0224e-05 -2.8007e-05 -2.5933e-05 -2.3994e-05
-1.1796e-03 -1.1783e-03 -1.1762e-03 -1.1732e-03 -1.1693e-03 -1.1646e-03 -1.1591e-03 -1.1528e-03 -1.1456e-03 -1.1377e-03 -1.1290e-03 1.4542e-02 -1.1093e-03 -1.0985e-03 -1.0869e-03 -1.0746e-03 -1.0617e-03 -1.0482e-03 -1.0341e-03 -1.0195e-03 -1.0043e-03 -9.8865e-04 -9.7251e-04 -9.5593e-04 -9.3894e-04 -9.2158e-04 -9.0388e-04 -8.8587e-04 -8.6757e-04 -8.4904e-04 -8.3029e-04 -8.1135e-04 -7.9227e-04 -7.7306e-04 -7.5377e-04 -7.3441e-04 -7.1503e-04 -6.9564e-04 -6.7629e-04 -6.5698e-04 -6.3776e-04 -6.1864e-04 -5.9966e-04 -5.8082e-04 -5.6216e-04 -5.4370e-04 -5.2546e-04 -5.0745e-04 -4.8970e-04 -4.7222e-04 -4.5503e-04 -4.3813e-04 -4.2156e-04 -4.0530e-04 -3.8939e-04 -3.7382e-04 -3.5861e-04 -3.4376e-04 -3.2928e-04 -3.1518e-04 -3.0145e-04 -2.8811e-04 -2.7515e-04 -2.6258e-04 -2.5040e-04 -2.3861e-04 -2.2720e-04 -2.1617e-04 -2.0553e-04 -1.9526e-04 -1.8537e-04 -1.7584e-04 -1.6669e-04 -1.5788e-04 -1.4944e-04 -1.4133e-04 -1.3357e-04 -1.2614e-04 -1.1903e-04 -1.1224e-04 -1.0576e-04 -9.9572e-05 -9.3678e-05 -8.8067e-05 -8.2729e-05 -7.7657e-05 -7.2840e-05 -6.8270e-05 -6.3939e-05 -5.9837e-05 -5.5956e-05 -5.2287e-05 -4.8822e-05 -4.5551e-05 -4.2468e-05 -3.9563e-05 -3.6829e-05 -3.4258e-05 -3.1842e-05 -2.9574e-05 -1.1796e-03 -1.1782e-03 -1.1759e-03 -1.1727e-03 -1.1686e-03 -1.1636e-03 -1.1578e-03 -1.1511e-03 -1.1435e-03 -1.1351e-03 -1.1258e-03 0.0000e+00 -1.1050e-03 -1.0935e-03 -1.0813e-03 -1.0683e-03 -1.0547e-03 -1.0405e-03 -1.0256e-03 -1.0102e-03 -9.9424e-04 -9.7776e-04 -9.6082e-04 -9.4343e-04 -9.2564e-04 -9.0748e-04 -8.8899e-04 -8.7019e-04 -8.5114e-04 -8.3185e-04 -8.1236e-04 -7.9272e-04 -7.7295e-04 -7.5309e-04 -7.3317e-04 -7.1322e-04 -6.9328e-04 -6.7337e-04 -6.5352e-04 -6.3376e-04 -6.1413e-04 -5.9464e-04 -5.7532e-04 -5.5620e-04 -5.3729e-04 -5.1862e-04 -5.0022e-04 -4.8209e-04 -4.6425e-04 -4.4673e-04 -4.2954e-04 -4.1269e-04 -3.9619e-04 -3.8005e-04 -3.6429e-04 -3.4891e-04 -3.3392e-04 -3.1932e-04 -3.0513e-04 -2.9134e-04 -2.7796e-04 -2.6498e-04 -2.5242e-04 -2.4026e-04 -2.2851e-04 -2.1717e-04 -2.0623e-04 -1.9568e-04 -1.8554e-04 -1.7578e-04 -1.6640e-04 -1.5741e-04 -1.4878e-04 -1.4052e-04 -1.3261e-04 -1.2505e-04 -1.1783e-04 -1.1094e-04 -1.0437e-04 -9.8115e-05 -9.2162e-05 -8.6503e-05 -8.1129e-05 -7.6029e-05 -7.1194e-05 -6.6615e-05 -6.2281e-05 -5.8185e-05 -5.4315e-05 -5.0663e-05 -4.7220e-05 -4.3977e-05 -4.0925e-05 -3.8054e-05 -3.5358e-05 -3.2827e-05 -3.0453e-05 -2.8230e-05 -2.6148e-05 -2.4200e-05
-1.1679e-03 -1.1666e-03 -1.1645e-03 -1.1616e-03 -1.1578e-03 -1.1533e-03 -1.1479e-03 -1.1417e-03 -1.1348e-03 -1.1270e-03 -1.1186e-03 -1.1093e-03 1.7066e-02 -1.0888e-03 -1.0775e-03 -1.0656e-03 -1.0530e-03 -1.0398e-03 -1.0261e-03 -1.0118e-03 -9.9694e-04 -9.8163e-04 -9.6585e-04 -9.4965e-04 -9.3304e-04 -9.1606e-04 -8.9874e-04 -8.8111e-04 -8.6320e-04 -8.4505e-04 -8.2667e-04 -8.0811e-04 -7.8940e-04 -7.7055e-04 -7.5162e-04 -7.3261e-04 -7.1357e-04 -6.9452e-04 -6.7548e-04 -6.5649e-04 -6.3757e-04 -6.1874e-04 -6.0004e-04 -5.8147e-04 -5.6306e-04 -5.4485e-04 -5.2683e-04 -5.0904e-04 -4.9149e-04 -4.7420e-04 -4.5718e-04 -4.4045e-04 -4.2402e-04 -4.0790e-04 -3.9211e-04 -3.7665e-04 -3.6153e-04 -3.4677e-04 -3.3237e-04 -3.1832e-04 -3.0465e-04 -2.9135e-04 -2.7842e-04 -2.6587e-04 -2.5370e-04 -2.4191e-04 -2.3049e-04 -2.1945e-04 -2.0879e-04 -1.9849e-04 -1.8856e-04 -1.7900e-04 -1.6980e-04 -1.6094e-04 -1.5244e-04 -1.4428e-04 -1.3645e-04 -1.2895e-04 -1.2177e-04 -1.1491e-04 -1.0835e-04 -1.0209e-04 -9.6119e-05 -9.0430e-05 -8.5013e-05 -7.9861e-05 -7.4965e-05 -7.0316e-05 -6.5905e-05 -6.1725e-05 -5.7767e-05 -5.4021e-05 -5.0481e-05 -4.7136e-05 -4.3980e-05 -4.1005e-05 -3.8201e-05 -3.5563e-05 -3.3081e-05 -3.0750e-05 -1.1678e-03 -1.1665e-03 -1.1642e-03 -1.1611e-03 -1.1571e-03 -1.1522e-03 -1.1464e-03 -1.1397e-03 -1.1323e-03 -1.1240e-03 -1.1149e-03 -1.1050e-03 0.0000e+00 -1.0831e-03 -1.0710e-03 -1.0582e-03 -1.0448e-03 -1.0308e-03 -1.0161e-03 -1.0009e-03 -9.8521e-04 -9.6897e-04 -9.5226e-04 -9.3512e-04 -9.1758e-04 -8.9967e-04 -8.8142e-04 -8.6288e-04 -8.4408e-04 -8.2505e-04 -8.0582e-04 -7.8644e-04 -7.6692e-04 -7.4732e-04 -7.2765e-04 -7.0795e-04 -6.8825e-04 -6.6858e-04 -6.4897e-04 -6.2945e-04 -6.1005e-04 -5.9079e-04 -5.7169e-04 -5.5278e-04 -5.3408e-04 -5.1562e-04 -4.9741e-04 -4.7947e-04 -4.6183e-04 -4.4448e-04 -4.2746e-04 -4.1077e-04 -3.9443e-04 -3.7844e-04 -3.6283e-04 -3.4758e-04 -3.3272e-04 -3.1825e-04 -3.0417e-04 -2.9049e-04 -2.7721e-04 -2.6434e-04 -2.5186e-04 -2.3979e-04 -2.2812e-04 -2.1685e-04 -2.0598e-04 -1.9550e-04 -1.8541e-04 -1.7571e-04 -1.6638e-04 -1.5743e-04 -1.4884e-04 -1.4062e-04 -1.3274e-04 -1.2521e-04 -1.1802e-04 -1.1115e-04 -1.0460e-04 -9.8358e-05 -9.2419e-05 -8.6771e-05 -8.1405e-05 -7.6312e-05 -7.1482e-05 -6.6905e-05 -6.2574e-05 -5.8477e-05 -5.4606e-05 -5.0952e-05 -4.7505e-05 -4.4258e-05 -4.1200e-05 -3.8324e-05 -3.5621e-05 -3.3083e-05 -3.0702e-05 -2.8470e-05 -2.6380e-05 -2.4424e-05
-1.1553e-03 -1.1541e-03 -1.1521e-03 -1.1492e-03 -1.1456e-03 -1.1411e-03 -1.1359e-03 -1.1299e-03 -1.1232e-03 -1.1157e-03 -1.1074e-03 -1.0985e-03 -1.0888e-03 1.9792e-02 -1.0675e-03 -1.0558e-03 -1.0436e-03 -1.0308e-03 -1.0174e-03 -1.0035e-03 -9.8901e-04 -9.7409e-04 -9.5871e-04 -9.4291e-04 -9.2670e-04 -9.1013e-04 -8.9321e-04 -8.7599e-04 -8.5849e-04 -8.4074e-04 -8.2277e-04 -8.0461e-04 -7.8629e-04 -7.6783e-04 -7.4928e-04 -7.3065e-04 -7.1197e-04 -6.9327e-04 -6.7458e-04 -6.5592e-04 -6.3733e-04 -6.1881e-04 -6.0040e-04 -5.8212e-04 -5.6399e-04 -5.4603e-04 -5.2826e-04 -5.1070e-04 -4.9336e-04 -4.7627e-04 -4.5944e-04 -4.4289e-04 -4.2662e-04 -4.1065e-04 -3.9499e-04 -3.7965e-04 -3.6464e-04 -3.4997e-04 -3.3565e-04 -3.2167e-04 -3.0806e-04 -2.9480e-04 -2.8191e-04 -2.6938e-04 -2.5722e-04 -2.4544e-04 -2.3402e-04 -2.2296e-04 -2.1227e-04 -2.0195e-04 -1.9199e-04 -1.8238e-04 -1.7313e-04 -1.6422e-04 -1.5566e-04 -1.4743e-04 -1.3954e-04 -1.3197e-04 -1.2472e-04 -1.1778e-04 -1.1114e-04 -1.0480e-04 -9.8746e-05 -9.2973e-05 -8.7473e-05 -8.2236e-05 -7.7255e-05 -7.2522e-05 -6.8027e-05 -6.3763e-05 -5.9722e-05 -5.5895e-05 -5.2274e-05 -4.8850e-05 -4.5617e-05 -4.2565e-05 -3.9688e-05 -3.6977e-05 -3.4425e-05 -3.2025e-05 -1.1553e-03 -1.1540e-03 -1.1518e-03 -1.1487e-03 -1.1447e-03 -1.1399e-03 -1.1342e-03 -1.1277e-03 -1.1203e-03 -1.1122e-03 -1.1032e-03 -1.0935e-03 -1.0831e-03 0.0000e+00 -1.0600e-03 -1.0474e-03 -1.0342e-03 -1.0204e-03 -1.0060e-03 -9.9105e-04 -9.7555e-04 -9.5956e-04 -9.4311e-04 -9.2622e-04 -9.0894e-04 -8.9130e-04 -8.7333e-04 -8.5506e-04 -8.3653e-04 -8.1777e-04 -7.9882e-04 -7.7970e-04 -7.6046e-04 -7.4113e-04 -7.2173e-04 -7.0229e-04 -6.8286e-04 -6.6345e-04 -6.4410e-04 -6.2483e-04 -6.0567e-04 -5.8665e-04 -5.6779e-04 -5.4911e-04 -5.3064e-04 -5.1240e-04 -4.9440e-04 -4.7666e-04 -4.5921e-04 -4.4206e-04 -4.2522e-04 -4.0871e-04 -3.9253e-04 -3.7671e-04 -3.6125e-04 -3.4615e-04 -3.3143e-04 -3.1709e-04 -3.0314e-04 -2.8958e-04 -2.7641e-04 -2.6364e-04 -2.5126e-04 -2.3928e-04 -2.2770e-04 -2.1651e-04 -2.0571e-04 -1.9530e-04 -1.8528e-04 -1.7563e-04 -1.6636e-04 -1.5745e-04 -1.4891e-04 -1.4072e-04 -1.3288e-04 -1.2538e-04 -1.1821e-04 -1.1137e-04 -1.0484e-04 -9.8615e-05 -9.2691e-05 -8.7055e-05 -8.1699e-05 -7.6613e-05 -7.1789e-05 -6.7216e-05 -6.2886e-05 -5.8789e-05 -5.4917e-05 -5.1261e-05 -4.7811e-05 -4.4558e-05 -4.1495e-05 -3.8613e-05 -3.5903e-05 -3.3358e-05 -3.0969e-05 -2.8728e-05 -2.6630e-05 -2.4665e-05
-1.1420e-03 -1.1408e-03 -1.1389e-03 -1.1361e-03 -1.1326e-03 -1.1283e-03 -1.1232e-03 -1.1174e-03 -1.1108e-03 -1.1036e-03 -1.0956e-03 -1.0869e-03 -1.0775e-03 -1.0675e-03 2.2720e-02 -1.0455e-03 -1.0336e-03 -1.0212e-03 -1.0082e-03 -9.9461e-04 -9.8057e-04 -9.6606e-04 -9.5109e-04 -9.3571e-04 -9.1993e-04 -9.0378e-04 -8.8730e-04 -8.7051e-04 -8.5344e-04 -8.3612e-04 -8.1858e-04 -8.0084e-04 -7.8293e-04 -7.6489e-04 -7.4674e-04 -7.2850e-04 -7.1021e-04 -6.9190e-04 -6.7357e-04 -6.5527e-04 -6.3702e-04 -6.1883e-04 -6.0074e-04 -5.8276e-04 -5.6492e-04 -5.4724e-04 -5.2973e-04 -5.1241e-04 -4.9531e-04 -4.7844e-04 -4.6181e-04 -4.4544e-04 -4.2935e-04 -4.1353e-04 -3.9802e-04 -3.8281e-04 -3.6791e-04 -3.5335e-04 -3.3911e-04 -3.2521e-04 -3.1166e-04 -2.9845e-04 -2.8560e-04 -2.7310e-04 -2.6096e-04 -2.4918e-04 -2.3775e-04 -2.2669e-04 -2.1598e-04 -2.0563e-04 -1.9563e-04 -1.8598e-04 -1.7668e-04 -1.6771e-04 -1.5909e-04 -1.5080e-04 -1.4284e-04 -1.3519e-04 -1.2786e-04 -1.2084e-04 -1.1412e-04 -1.0770e-04 -1.0156e-04 -9.5696e-05 -9.0107e-05 -8.4781e-05 -7.9711e-05 -7.4888e-05 -7.0304e-05 -6.5951e-05 -6.1822e-05 -5.7908e-05 -5.4201e-05 -5.0694e-05 -4.7378e-05 -4.4245e-05 -4.1289e-05 -3.8501e-05 -3.5874e-05 -3.3401e-05 -1.1420e-03 -1.1407e-03 -1.1385e-03 -1.1355e-03 -1.1316e-03 -1.1268e-03 -1.1212e-03 -1.1148e-03 -1.1076e-03 -1.0996e-03 -1.0908e-03 -1.0813e-03 -1.0710e-03 -1.0600e-03 0.0000e+00 -1.0360e-03 -1.0230e-03 -1.0094e-03 -9.9525e-04 -9.8053e-04 -9.6529e-04 -9.4956e-04 -9.3337e-04 -9.1676e-04 -8.9976e-04 -8.8240e-04 -8.6471e-04 -8.4673e-04 -8.2849e-04 -8.1002e-04 -7.9136e-04 -7.7253e-04 -7.5358e-04 -7.3453e-04 -7.1542e-04 -6.9627e-04 -6.7711e-04 -6.5798e-04 -6.3890e-04 -6.1990e-04 -6.0101e-04 -5.8224e-04 -5.6363e-04 -5.4520e-04 -5.2696e-04 -5.0895e-04 -4.9118e-04 -4.7366e-04 -4.5642e-04 -4.3947e-04 -4.2282e-04 -4.0650e-04 -3.9051e-04 -3.7485e-04 -3.5955e-04 -3.4461e-04 -3.3004e-04 -3.1585e-04 -3.0203e-04 -2.8859e-04 -2.7554e-04 -2.6288e-04 -2.5061e-04 -2.3873e-04 -2.2724e-04 -2.1614e-04 -2.0542e-04 -1.9508e-04 -1.8512e-04 -1.7554e-04 -1.6632e-04 -1.5746e-04 -1.4897e-04 -1.4082e-04 -1.3302e-04 -1.2555e-04 -1.1841e-04 -1.1160e-04 -1.0509e-04 -9.8886e-05 -9.2978e-05 -8.7355e-05 -8.2010e-05 -7.6932e-05 -7.2114e-05 -6.7545e-05 -6.3217e-05 -5.9122e-05 -5.5248e-05 -5.1590e-05 -4.8136e-05 -4.4879e-05 -4.1810e-05 -3.8921e-05 -3.6204e-05 -3.3651e-05 -3.1254e-05 -2.9005e-05 -2.6897e-05 -2.4923e-05
-1.1280e-03 -1.1268e-03 -1.1249e-03 -1.1222e-03 -1.1188e-03 -1.1147e-03 -1.1098e-03 -1.1041e-03 -1.0978e-03 -1.0908e-03 -1.0830e-03 -1.0746e-03 -1.0656e-03 -1.0558e-03 -1.0455e-03 2.5850e-02 -1.0231e-03 -1.0110e-03 -9.9837e-04 -9.8524e-04 -9.7162e-04 -9.5753e-04 -9.4301e-04 -9.2806e-04 -9.1273e-04 -8.9704e-04 -8.8101e-04 -8.6468e-04 -8.4806e-04 -8.3119e-04 -8.1410e-04 -7.9680e-04 -7.7934e-04 -7.6173e-04 -7.4400e-04 -7.2619e-04 -7.0831e-04 -6.9038e-04 -6.7245e-04 -6.5452e-04 -6.3663e-04 -6.1880e-04 -6.0104e-04 -5.8339e-04 -5.6585e-04 -5.4846e-04 -5.3123e-04 -5.1418e-04 -4.9733e-04 -4.8068e-04 -4.6427e-04 -4.4810e-04 -4.3219e-04 -4.1655e-04 -4.0118e-04 -3.8611e-04 -3.7134e-04 -3.5689e-04 -3.4274e-04 -3.2893e-04 -3.1544e-04 -3.0229e-04 -2.8948e-04 -2.7702e-04 -2.6490e-04 -2.5312e-04 -2.4170e-04 -2.3062e-04 -2.1990e-04 -2.0951e-04 -1.9948e-04 -1.8979e-04 -1.8043e-04 -1.7141e-04 -1.6273e-04 -1.5437e-04 -1.4633e-04 -1.3861e-04 -1.3120e-04 -1.2410e-04 -1.1729e-04 -1.1078e-04 -1.0455e-04 -9.8596e-05 -9.2914e-05 -8.7494e-05 -8.2330e-05 -7.7412e-05 -7.2735e-05 -6.8289e-05 -6.4067e-05 -6.0061e-05 -5.6264e-05 -5.2667e-05 -4.9263e-05 -4.6045e-05 -4.3005e-05 -4.0135e-05 -3.7429e-05 -3.4879e-05 -1.1279e-03 -1.1266e-03 -1.1245e-03 -1.1215e-03 -1.1177e-03 -1.1130e-03 -1.1075e-03 -1.1013e-03 -1.0942e-03 -1.0863e-03 -1.0777e-03 -1.0683e-03 -1.0582e-03 -1.0474e-03 -1.0360e-03 0.0000e+00 -1.0111e-03 -9.9777e-04 -9.8386e-04 -9.6940e-04 -9.5443e-04 -9.3898e-04 -9.2308e-04 -9.0675e-04 -8.9004e-04 -8.7298e-04 -8.5559e-04 -8.3791e-04 -8.1997e-04 -8.0181e-04 -7.8346e-04 -7.6494e-04 -7.4629e-04 -7.2755e-04 -7.0874e-04 -6.8988e-04 -6.7102e-04 -6.5218e-04 -6.3339e-04 -6.1467e-04 -5.9605e-04 -5.7756e-04 -5.5921e-04 -5.4104e-04 -5.2306e-04 -5.0529e-04 -4.8775e-04 -4.7046e-04 -4.5345e-04 -4.3671e-04 -4.2027e-04 -4.0415e-04 -3.8834e-04 -3.7287e-04 -3.5775e-04 -3.4297e-04 -3.2856e-04 -3.1451e-04 -3.0084e-04 -2.8753e-04 -2.7461e-04 -2.6207e-04 -2.4991e-04 -2.3814e-04 -2.2674e-04 -2.1573e-04 -2.0509e-04 -1.9483e-04 -1.8495e-04 -1.7543e-04 -1.6627e-04 -1.5747e-04 -1.4903e-04 -1.4092e-04 -1.3316e-04 -1.2573e-04 -1.1862e-04 -1.1183e-04 -1.0535e-04 -9.9169e-05 -9.3278e-05 -8.7670e-05 -8.2337e-05 -7.7268e-05 -7.2457e-05 -6.7893e-05 -6.3567e-05 -5.9472e-05 -5.5599e-05 -5.1937e-05 -4.8480e-05 -4.5218e-05 -4.2144e-05 -3.9248e-05 -3.6524e-05 -3.3962e-05 -3.1556e-05 -2.9298e-05 -2.7181e-05 -2.5198e-05
