1.0191e-04 -1.0041e-03 -4.0726e-04 -1.0586e-04 -1.7163e-05 -1.7122e-06 -1.0444e-07 -3.8835e-09 -8.7894e-11 -1.2099e-12 -1.0125e-14 -5.1493e-17 -1.5912e-19 -2.9869e-22 -3.4055e-25 -2.3581e-28 -9.9150e-32 -2.5313e-35 -3.9235e-39 -3.6919e-43 -2.1089e-47 -7.3119e-52 -1.5388e-56 -1.9655e-61 -1.5236e-66 -7.1681e-72 -2.0465e-77 -3.5457e-83 -3.7278e-89 -2.3782e-95 -9.2066e-102 -2.1626e-108 -3.0822e-115 -2.6654e-122 -1.3985e-129 -4.4520e-137 -8.5990e-145 -1.0077e-152 -7.1641e-161 -3.0901e-169 -8.0864e-178 -1.2838e-186 -1.2365e-195 -7.2251e-205 -2.5612e-214 -5.5078e-224 -7.1855e-234 -5.6869e-244 -2.7304e-254 -7.9524e-265 -1.4051e-275 -1.5061e-286 -9.7925e-298 -3.8625e-309 -9.2440e-321 -0.0000e+00 -0.0000e+00 -0.0000e+00 -0.0000e+00 -0.0000e+00 -0.0000e+00 -0.0000e+00 -0.0000e+00 -0.0000e+00 -0.0000e+00 -0.0000e+00 -0.0000e+00 -0.0000e+00 -0.0000e+00 -0.0000e+00 -0.0000e+00 -0.0000e+00 -0.0000e+00 -0.0000e+00 -0.0000e+00 -0.0000e+00 -0.0000e+00 -0.0000e+00 -0.0000e+00 -0.0000e+00 -0.0000e+00 -0.0000e+00 -0.0000e+00 -0.0000e+00 -0.0000e+00 -0.0000e+00 -0.0000e+00 -0.0000e+00 -0.0000e+00 -0.0000e+00 -0.0000e+00 -0.0000e+00 -0.0000e+00 -0.0000e+00 -0.0000e+00 -0.0000e+00 -0.0000e+00 -0.0000e+00 -0.0000e+00 -0.0000e+00 0.0000e+00 -8.0960e-04 -2.6860e-04 -5.6723e-05 -7.5675e-06 -6.3327e-07 -3.3039e-08 -1.0692e-09 -2.1377e-11 -2.6321e-13 -1.9910e-15 -9.2342e-18 -2.6218e-20 -4.5510e-23 -4.8249e-26 -3.1216e-29 -1.2316e-32 -2.9616e-36 -4.3381e-40 -3.8692e-44 -2.1005e-48 -6.9388e-53 -1.3943e-57 -1.7040e-62 -1.2662e-67 -5.7201e-73 -1.5706e-78 -2.6208e-84 -2.6574e-90 -1.6371e-96 -6.1271e-103 -1.3929e-109 -1.9234e-116 -1.6131e-123 -8.2154e-131 -2.5408e-138 -4.7715e-146 -5.4407e-154 -3.7666e-162 -1.5831e-170 -4.0393e-179 -6.2567e-188 -5.8830e-197 -3.3577e-206 -1.1632e-215 -2.4461e-225 -3.1219e-235 -2.4183e-245 -1.1369e-255 -3.2438e-266 -5.6170e-277 -5.9026e-288 -3.7642e-299 -1.4568e-310 -3.4091e-322 -0.0000e+00 -0.0000e+00 -0.0000e+00 -0.0000e+00 -0.0000e+00 -0.0000e+00 -0.0000e+00 -0.0000e+00 -0.0000e+00 -0.0000e+00 -0.0000e+00 -0.0000e+00 -0.0000e+00 -0.0000e+00 -0.0000e+00 -0.0000e+00 -0.0000e+00 -0.0000e+00 -0.0000e+00 -0.0000e+00 -0.0000e+00 -0.0000e+00 -0.0000e+00 -0.0000e+00 -0.0000e+00 -0.0000e+00 -0.0000e+00 -0.0000e+00 -0.0000e+00 -0.0000e+00 -0.0000e+00 -0.0000e+00 -0.0000e+00 -0.0000e+00 -0.0000e+00 -0.0000e+00 -0.0000e+00 -0.0000e+00 -0.0000e+00 -0.0000e+00 -0.0000e+00 -0.0000e+00 -0.0000e+00 -0.0000e+00 -0.0000e+00
-1.0041e-03 4.0678e-04 -6.9076e-04 -2.9856e-04 -7.9443e-05 -1.2941e-05 -1.2877e-06 -7.8158e-08 -2.8908e-09 -6.5106e-11 -8.9234e-13 -7.4396e-15 -3.7714e-17 -1.1622e-19 -2.1764e-22 -2.4762e-25 -1.7115e-28 -7.1845e-32 -1.8316e-35 -2.8353e-39 -2.6649e-43 -1.5206e-47 -5.2674e-52 -1.1076e-56 -1.4136e-61 -1.0950e-66 -5.1482e-72 -1.4689e-77 -2.5436e-83 -2.6728e-89 -1.7044e-95 -6.5948e-102 -1.5484e-108 -2.2060e-115 -1.9070e-122 -1.0002e-129 -3.1831e-137 -6.1461e-145 -7.2001e-153 -5.1175e-161 -2.2068e-169 -5.7734e-178 -9.1637e-187 -8.8240e-196 -5.1549e-205 -1.8269e-214 -3.9281e-224 -5.1236e-234 -4.0543e-244 -1.9462e-254 -5.6675e-265 -1.0012e-275 -1.0730e-286 -6.9757e-298 -2.7511e-309 -6.5810e-321 -0.0000e+00 -0.0000e+00 -0.0000e+00 -0.0000e+00 -0.0000e+00 -0.0000e+00 -0.0000e+00 -0.0000e+00 -0.0000e+00 -0.0000e+00 -0.0000e+00 -0.0000e+00 -0.0000e+00 -0.0000e+00 -0.0000e+00 -0.0000e+00 -0.0000e+00 -0.0000e+00 -0.0000e+00 -0.0000e+00 -0.0000e+00 -0.0000e+00 -0.0000e+00 -0.0000e+00 -0.0000e+00 -0.0000e+00 -0.0000e+00 -0.0000e+00 -0.0000e+00 -0.0000e+00 -0.0000e+00 -0.0000e+00 -0.0000e+00 -0.0000e+00 -0.0000e+00 -0.0000e+00 -0.0000e+00 -0.0000e+00 -0.0000e+00 -0.0000e+00 -0.0000e+00 -0.0000e+00 -0.0000e+00 -0.0000e+00 -8.0960e-04 0.0000e+00 -2.5548e-04 -8.2198e-05 -1.7283e-05 -2.3208e-06 -1.9620e-07 -1.0347e-08 -3.3821e-10 -6.8232e-12 -8.4681e-14 -6.4500e-16 -3.0096e-18 -8.5903e-21 -1.4982e-23 -1.5950e-26 -1.0358e-29 -4.1003e-33 -9.8893e-37 -1.4525e-40 -1.2988e-44 -7.0668e-49 -2.3393e-53 -4.7098e-58 -5.7660e-63 -4.2917e-68 -1.9417e-73 -5.3389e-79 -8.9207e-85 -9.0564e-91 -5.5858e-97 -2.0928e-103 -4.7626e-110 -6.5828e-117 -5.5257e-124 -2.8167e-131 -8.7183e-139 -1.6385e-146 -1.8697e-154 -1.2953e-162 -5.4476e-171 -1.3909e-179 -2.1557e-188 -2.0281e-197 -1.1582e-206 -4.0145e-216 -8.4460e-226 -1.0785e-235 -8.3580e-246 -3.9311e-256 -1.1221e-266 -1.9438e-277 -2.0435e-288 -1.3037e-299 -5.0472e-311 -1.1858e-322 -0.0000e+00 -0.0000e+00 -0.0000e+00 -0.0000e+00 -0.0000e+00 -0.0000e+00 -0.0000e+00 -0.0000e+00 -0.0000e+00 -0.0000e+00 -0.0000e+00 -0.0000e+00 -0.0000e+00 -0.0000e+00 -0.0000e+00 -0.0000e+00 -0.0000e+00 -0.0000e+00 -0.0000e+00 -0.0000e+00 -0.0000e+00 -0.0000e+00 -0.0000e+00 -0.0000e+00 -0.0000e+00 -0.0000e+00 -0.0000e+00 -0.0000e+00 -0.0000e+00 -0.0000e+00 -0.0000e+00 -0.0000e+00 -0.0000e+00 -0.0000e+00 -0.0000e+00 -0.0000e+00 -0.0000e+00 -0.0000e+00 -0.0000e+00 -0.0000e+00 -0.0000e+00 -0.0000e+00 -0.0000e+00 -0.0000e+00
-4.0726e-04 -6.9076e-04 9.1272e-04 -5.5028e-04 -2.3896e-04 -6.3673e-05 -1.0383e-05 -1.0341e-06 -6.2825e-08 -2.3258e-09 -5.2424e-11 -7.1909e-13 -5.9994e-15 -3.0433e-17 -9.3835e-20 -1.7582e-22 -2.0014e-25 -1.3839e-28 -5.8119e-32 -1.4822e-35 -2.2953e-39 -2.1580e-43 -1.2318e-47 -4.2681e-52 -8.9768e-57 -1.1460e-61 -8.8794e-67 -4.1755e-72 -1.1916e-77 -2.0638e-83 -2.1691e-89 -1.3834e-95 -5.3537e-102 -1.2572e-108 -1.7914e-115 -1.5488e-122 -8.1244e-130 -2.5858e-137 -4.9935e-145 -5.8505e-153 -4.1588e-161 -1.7935e-169 -4.6927e-178 -7.4491e-187 -7.1736e-196 -4.1911e-205 -1.4855e-214 -3.1942e-224 -4.1667e-234 -3.2973e-244 -1.5829e-254 -4.6100e-265 -8.1446e-276 -8.7290e-287 -5.6752e-298 -2.2383e-309 -5.3557e-321 -0.0000e+00 -0.0000e+00 -0.0000e+00 -0.0000e+00 -0.0000e+00 -0.0000e+00 -0.0000e+00 -0.0000e+00 -0.0000e+00 -0.0000e+00 -0.0000e+00 -0.0000e+00 -0.0000e+00 -0.0000e+00 -0.0000e+00 -0.0000e+00 -0.0000e+00 -0.0000e+00 -0.0000e+00 -0.0000e+00 -0.0000e+00 -0.0000e+00 -0.0000e+00 -0.0000e+00 -0.0000e+00 -0.0000e+00 -0.0000e+00 -0.0000e+00 -0.0000e+00 -0.0000e+00 -0.0000e+00 -0.0000e+00 -0.0000e+00 -0.0000e+00 -0.0000e+00 -0.0000e+00 -0.0000e+00 -0.0000e+00 -0.0000e+00 -0.0000e+00 -0.0000e+00 -0.0000e+00 -0.0000e+00 -2.6860e-04 -2.5548e-04 0.0000e+00 -9.8681e-05 -3.3855e-05 -7.4497e-06 -1.0342e-06 -8.9657e-08 -4.8215e-09 -1.6010e-10 -3.2716e-12 -4.1039e-14 -3.1542e-16 -1.4832e-18 -4.2619e-21 -7.4763e-24 -8.0006e-27 -5.2194e-30 -2.0747e-33 -5.0223e-37 -7.4013e-41 -6.6377e-45 -3.6217e-49 -1.2019e-53 -2.4255e-58 -2.9758e-63 -2.2193e-68 -1.0059e-73 -2.7707e-79 -4.6369e-85 -4.7146e-91 -2.9119e-97 -1.0924e-103 -2.4891e-110 -3.4445e-117 -2.8945e-124 -1.4770e-131 -4.5761e-139 -8.6085e-147 -9.8317e-155 -6.8169e-163 -2.8694e-171 -7.3317e-180 -1.1372e-188 -1.0706e-197 -6.1179e-207 -2.1220e-216 -4.4671e-226 -5.7074e-236 -4.4256e-246 -2.0827e-256 -5.9480e-267 -1.0309e-277 -1.0843e-288 -6.9206e-300 -2.6805e-311 -6.4229e-323 -0.0000e+00 -0.0000e+00 -0.0000e+00 -0.0000e+00 -0.0000e+00 -0.0000e+00 -0.0000e+00 -0.0000e+00 -0.0000e+00 -0.0000e+00 -0.0000e+00 -0.0000e+00 -0.0000e+00 -0.0000e+00 -0.0000e+00 -0.0000e+00 -0.0000e+00 -0.0000e+00 -0.0000e+00 -0.0000e+00 -0.0000e+00 -0.0000e+00 -0.0000e+00 -0.0000e+00 -0.0000e+00 -0.0000e+00 -0.0000e+00 -0.0000e+00 -0.0000e+00 -0.0000e+00 -0.0000e+00 -0.0000e+00 -0.0000e+00 -0.0000e+00 -0.0000e+00 -0.0000e+00 -0.0000e+00 -0.0000e+00 -0.0000e+00 -0.0000e+00 -0.0000e+00 -0.0000e+00 -0.0000e+00
-1.0586e-04 -2.9856e-04 -5.5028e-04 1.6181e-03 -4.5056e-04 -1.9707e-04 -5.2809e-05 -8.6505e-06 -8.6478e-07 -5.2699e-08 -1.9560e-09 -4.4186e-11 -6.0724e-13 -5.0747e-15 -2.5780e-17 -7.9590e-20 -1.4930e-22 -1.7012e-25 -1.1775e-28 -4.9491e-32 -1.2631e-35 -1.9574e-39 -1.8415e-43 -1.0517e-47 -3.6462e-52 -7.6727e-57 -9.7997e-62 -7.5963e-67 -3.5736e-72 -1.0203e-77 -1.7676e-83 -1.8584e-89 -1.1856e-95 -4.5897e-102 -1.0781e-108 -1.5366e-115 -1.3288e-122 -6.9723e-130 -2.2196e-137 -4.2872e-145 -5.0241e-153 -3.5720e-161 -1.5408e-169 -4.0321e-178 -6.4015e-187 -6.1658e-196 -3.6029e-205 -1.2772e-214 -2.7467e-224 -3.5835e-234 -2.8362e-244 -1.3617e-254 -3.9663e-265 -7.0081e-276 -7.5118e-287 -4.8844e-298 -1.9266e-309 -4.6096e-321 -0.0000e+00 -0.0000e+00 -0.0000e+00 -0.0000e+00 -0.0000e+00 -0.0000e+00 -0.0000e+00 -0.0000e+00 -0.0000e+00 -0.0000e+00 -0.0000e+00 -0.0000e+00 -0.0000e+00 -0.0000e+00 -0.0000e+00 -0.0000e+00 -0.0000e+00 -0.0000e+00 -0.0000e+00 -0.0000e+00 -0.0000e+00 -0.0000e+00 -0.0000e+00 -0.0000e+00 -0.0000e+00 -0.0000e+00 -0.0000e+00 -0.0000e+00 -0.0000e+00 -0.0000e+00 -0.0000e+00 -0.0000e+00 -0.0000e+00 -0.0000e+00 -0.0000e+00 -0.0000e+00 -0.0000e+00 -0.0000e+00 -0.0000e+00 -0.0000e+00 -0.0000e+00 -0.0000e+00 -5.6723e-05 -8.2198e-05 -9.8681e-05 0.0000e+00 -4.7220e-05 -1.7086e-05 -3.9034e-06 -5.5719e-07 -4.9354e-08 -2.6998e-09 -9.0899e-11 -1.8790e-12 -2.3800e-14 -1.8444e-16 -8.7351e-19 -2.5257e-21 -4.4551e-24 -4.7908e-27 -3.1390e-30 -1.2526e-33 -3.0430e-37 -4.4989e-41 -4.0466e-45 -2.2138e-49 -7.3649e-54 -1.4896e-58 -1.8315e-63 -1.3685e-68 -6.2143e-74 -1.7145e-79 -2.8739e-85 -2.9264e-91 -1.8099e-97 -6.7990e-104 -1.5511e-110 -2.1489e-117 -1.8078e-124 -9.2342e-132 -2.8639e-139 -5.3924e-147 -6.1642e-155 -4.2776e-163 -1.8020e-171 -4.6079e-180 -7.1522e-189 -6.7383e-198 -3.8532e-207 -1.3373e-216 -2.8170e-226 -3.6013e-236 -2.7945e-246 -1.3157e-256 -3.7594e-267 -6.5190e-278 -6.8599e-289 -4.3805e-300 -1.6974e-311 -3.9525e-323 -0.0000e+00 -0.0000e+00 -0.0000e+00 -0.0000e+00 -0.0000e+00 -0.0000e+00 -0.0000e+00 -0.0000e+00 -0.0000e+00 -0.0000e+00 -0.0000e+00 -0.0000e+00 -0.0000e+00 -0.0000e+00 -0.0000e+00 -0.0000e+00 -0.0000e+00 -0.0000e+00 -0.0000e+00 -0.0000e+00 -0.0000e+00 -0.0000e+00 -0.0000e+00 -0.0000e+00 -0.0000e+00 -0.0000e+00 -0.0000e+00 -0.0000e+00 -0.0000e+00 -0.0000e+00 -0.0000e+00 -0.0000e+00 -0.0000e+00 -0.0000e+00 -0.0000e+00 -0.0000e+00 -0.0000e+00 -0.0000e+00 -0.0000e+00 -0.0000e+00 -0.0000e+00 -0.0000e+00
-1.7163e-05 -7.9443e-05 -2.3896e-04 -4.5056e-04 2.5221e-03 -3.7853e-04 -1.6691e-04 -4.5008e-05 -7.4095e-06 -7.4374e-07 -4.5477e-08 -1.6927e-09 -3.8332e-11 -5.2790e-13 -4.4197e-15 -2.2489e-17 -6.9528e-20 -1.3059e-22 -1.4898e-25 -1.0321e-28 -4.3424e-32 -1.1092e-35 -1.7203e-39 -1.6196e-43 -9.2559e-48 -3.2108e-52 -6.7604e-57 -8.6390e-62 -6.6999e-67 -3.1534e-72 -9.0067e-78 -1.5611e-83 -1.6418e-89 -1.0478e-95 -4.0577e-102 -9.5343e-109 -1.3593e-115 -1.1758e-122 -6.1713e-130 -1.9652e-137 -3.7967e-145 -4.4502e-153 -3.1647e-161 -1.3654e-169 -3.5738e-178 -5.6751e-187 -5.4672e-196 -3.1952e-205 -1.1329e-214 -2.4367e-224 -3.1795e-234 -2.5169e-244 -1.2086e-254 -3.5208e-265 -6.2218e-276 -6.6699e-287 -4.3375e-298 -1.7111e-309 -4.0958e-321 -0.0000e+00 -0.0000e+00 -0.0000e+00 -0.0000e+00 -0.0000e+00 -0.0000e+00 -0.0000e+00 -0.0000e+00 -0.0000e+00 -0.0000e+00 -0.0000e+00 -0.0000e+00 -0.0000e+00 -0.0000e+00 -0.0000e+00 -0.0000e+00 -0.0000e+00 -0.0000e+00 -0.0000e+00 -0.0000e+00 -0.0000e+00 -0.0000e+00 -0.0000e+00 -0.0000e+00 -0.0000e+00 -0.0000e+00 -0.0000e+00 -0.0000e+00 -0.0000e+00 -0.0000e+00 -0.0000e+00 -0.0000e+00 -0.0000e+00 -0.0000e+00 -0.0000e+00 -0.0000e+00 -0.0000e+00 -0.0000e+00 -0.0000e+00 -0.0000e+00 -0.0000e+00 -7.5675e-06 -1.7283e-05 -3.3855e-05 -4.7220e-05 0.0000e+00 -2.6057e-05 -9.8049e-06 -2.3058e-06 -3.3653e-07 -3.0338e-08 -1.6834e-09 -5.7355e-11 -1.1974e-12 -1.5297e-14 -1.1942e-16 -5.6919e-19 -1.6551e-21 -2.9340e-24 -3.1692e-27 -2.0848e-30 -8.3495e-34 -2.0350e-37 -3.0176e-41 -2.7217e-45 -1.4927e-49 -4.9776e-54 -1.0089e-58 -1.2429e-63 -9.3048e-69 -4.2324e-74 -1.1696e-79 -1.9635e-85 -2.0021e-91 -1.2400e-97 -4.6638e-104 -1.0652e-110 -1.4774e-117 -1.2442e-124 -6.3619e-132 -1.9750e-139 -3.7225e-147 -4.2587e-155 -2.9576e-163 -1.2469e-171 -3.1908e-180 -4.9563e-189 -4.6727e-198 -2.6737e-207 -9.2856e-217 -1.9572e-226 -2.5035e-236 -1.9435e-246 -9.1559e-257 -2.6176e-267 -4.5414e-278 -4.7812e-289 -3.0545e-300 -1.1841e-311 -2.9644e-323 -0.0000e+00 -0.0000e+00 -0.0000e+00 -0.0000e+00 -0.0000e+00 -0.0000e+00 -0.0000e+00 -0.0000e+00 -0.0000e+00 -0.0000e+00 -0.0000e+00 -0.0000e+00 -0.0000e+00 -0.0000e+00 -0.0000e+00 -0.0000e+00 -0.0000e+00 -0.0000e+00 -0.0000e+00 -0.0000e+00 -0.0000e+00 -0.0000e+00 -0.0000e+00 -0.0000e+00 -0.0000e+00 -0.0000e+00 -0.0000e+00 -0.0000e+00 -0.0000e+00 -0.0000e+00 -0.0000e+00 -0.0000e+00 -0.0000e+00 -0.0000e+00 -0.0000e+00 -0.0000e+00 -0.0000e+00 -0.0000e+00 -0.0000e+00 -0.0000e+00 -0.0000e+00
-1.7122e-06 -1.2941e-05 -6.3673e-05 -1.9707e-04 -3.7853e-04 3.6248e-03 -3.2522e-04 -1.4445e-04 -3.9175e-05 -6.4790e-06 -6.5282e-07 -4.0045e-08 -1.4946e-09 -3.3924e-11 -4.6815e-13 -3.9264e-15 -2.0010e-17 -6.1952e-20 -1.1650e-22 -1.3306e-25 -9.2283e-29 -3.8861e-32 -9.9352e-36 -1.5420e-39 -1.4528e-43 -8.3084e-48 -2.8839e-52 -6.0756e-57 -7.7680e-62 -6.0275e-67 -2.8382e-72 -8.1100e-78 -1.4062e-83 -1.4796e-89 -9.4461e-96 -3.6593e-102 -8.6010e-109 -1.2266e-115 -1.0614e-122 -5.5721e-130 -1.7748e-137 -3.4298e-145 -4.0212e-153 -2.8603e-161 -1.2343e-169 -3.2314e-178 -5.1324e-187 -4.9453e-196 -2.8908e-205 -1.0251e-214 -2.2053e-224 -2.8781e-234 -2.2786e-244 -1.0946e-254 -3.1891e-265 -5.6366e-276 -6.0435e-287 -3.9307e-298 -1.5509e-309 -3.7104e-321 -0.0000e+00 -0.0000e+00 -0.0000e+00 -0.0000e+00 -0.0000e+00 -0.0000e+00 -0.0000e+00 -0.0000e+00 -0.0000e+00 -0.0000e+00 -0.0000e+00 -0.0000e+00 -0.0000e+00 -0.0000e+00 -0.0000e+00 -0.0000e+00 -0.0000e+00 -0.0000e+00 -0.0000e+00 -0.0000e+00 -0.0000e+00 -0.0000e+00 -0.0000e+00 -0.0000e+00 -0.0000e+00 -0.0000e+00 -0.0000e+00 -0.0000e+00 -0.0000e+00 -0.0000e+00 -0.0000e+00 -0.0000e+00 -0.0000e+00 -0.0000e+00 -0.0000e+00 -0.0000e+00 -0.0000e+00 -0.0000e+00 -0.0000e+00 -0.0000e+00 -6.3327e-07 -2.3208e-06 -7.4497e-06 -1.7086e-05 -2.6057e-05 0.0000e+00 -1.5850e-05 -6.1424e-06 -1.4775e-06 -2.1953e-07 -2.0080e-08 -1.1277e-09 -3.8810e-11 -8.1728e-13 -1.0518e-14 -8.2647e-17 -3.9618e-19 -1.1578e-21 -2.0618e-24 -2.2361e-27 -1.4764e-30 -5.9324e-34 -1.4503e-37 -2.1565e-41 -1.9500e-45 -1.0720e-49 -3.5823e-54 -7.2758e-59 -8.9799e-64 -6.7343e-69 -3.0682e-74 -8.4918e-80 -1.4276e-85 -1.4578e-91 -9.0395e-98 -3.4039e-104 -7.7835e-111 -1.0807e-117 -9.1103e-125 -4.6627e-132 -1.4488e-139 -2.7328e-147 -3.1293e-155 -2.1751e-163 -9.1768e-172 -2.3501e-180 -3.6529e-189 -3.4462e-198 -1.9732e-207 -6.8569e-217 -1.4461e-226 -1.8508e-236 -1.4376e-246 -6.7761e-257 -1.9382e-267 -3.3643e-278 -3.5436e-289 -2.2649e-300 -8.7841e-312 -1.9763e-323 -0.0000e+00 -0.0000e+00 -0.0000e+00 -0.0000e+00 -0.0000e+00 -0.0000e+00 -0.0000e+00 -0.0000e+00 -0.0000e+00 -0.0000e+00 -0.0000e+00 -0.0000e+00 -0.0000e+00 -0.0000e+00 -0.0000e+00 -0.0000e+00 -0.0000e+00 -0.0000e+00 -0.0000e+00 -0.0000e+00 -0.0000e+00 -0.0000e+00 -0.0000e+00 -0.0000e+00 -0.0000e+00 -0.0000e+00 -0.0000e+00 -0.0000e+00 -0.0000e+00 -0.0000e+00 -0.0000e+00 -0.0000e+00 -0.0000e+00 -0.0000e+00 -0.0000e+00 -0.0000e+00 -0.0000e+00 -0.0000e+00 -0.0000e+00 -0.0000e+00
-1.0444e-07 -1.2877e-06 -1.0383e-05 -5.2809e-05 -1.6691e-04 -3.2522e-04 4.9266e-03 -2.8458e-04 -1.2717e-04 -3.4662e-05 -5.7560e-06 -5.8195e-07 -3.5800e-08 -1.3395e-09 -3.0469e-11 -4.2126e-13 -3.5390e-15 -1.8062e-17 -5.5996e-20 -1.0543e-22 -1.2054e-25 -8.3684e-29 -3.5271e-32 -9.0249e-36 -1.4018e-39 -1.3216e-43 -7.5631e-48 -2.6268e-52 -5.5370e-57 -7.0831e-62 -5.4987e-67 -2.5904e-72 -7.4051e-78 -1.2845e-83 -1.3521e-89 -8.6351e-96 -3.3462e-102 -7.8677e-109 -1.1224e-115 -9.7147e-123 -5.1015e-130 -1.6254e-137 -3.1418e-145 -3.6844e-153 -2.6213e-161 -1.1317e-169 -2.9634e-178 -4.7078e-187 -4.5371e-196 -2.6527e-205 -9.4087e-215 -2.0238e-224 -2.6417e-234 -2.0918e-244 -1.0048e-254 -2.9279e-265 -5.1755e-276 -5.5498e-287 -3.6100e-298 -1.4245e-309 -3.4091e-321 -0.0000e+00 -0.0000e+00 -0.0000e+00 -0.0000e+00 -0.0000e+00 -0.0000e+00 -0.0000e+00 -0.0000e+00 -0.0000e+00 -0.0000e+00 -0.0000e+00 -0.0000e+00 -0.0000e+00 -0.0000e+00 -0.0000e+00 -0.0000e+00 -0.0000e+00 -0.0000e+00 -0.0000e+00 -0.0000e+00 -0.0000e+00 -0.0000e+00 -0.0000e+00 -0.0000e+00 -0.0000e+00 -0.0000e+00 -0.0000e+00 -0.0000e+00 -0.0000e+00 -0.0000e+00 -0.0000e+00 -0.0000e+00 -0.0000e+00 -0.0000e+00 -0.0000e+00 -0.0000e+00 -0.0000e+00 -0.0000e+00 -0.0000e+00 -3.3039e-08 -1.9620e-07 -1.0342e-06 -3.9034e-06 -9.8049e-06 -1.5850e-05 0.0000e+00 -1.0343e-05 -4.1008e-06 -1.0044e-06 -1.5143e-07 -1.4020e-08 -7.9541e-10 -2.7613e-11 -5.8586e-13 -7.5893e-15 -5.9977e-17 -2.8897e-19 -8.4836e-22 -1.5169e-24 -1.6512e-27 -1.0938e-30 -4.4086e-34 -1.0808e-37 -1.6112e-41 -1.4603e-45 -8.0455e-50 -2.6940e-54 -5.4820e-59 -6.7782e-64 -5.0912e-69 -2.3232e-74 -6.4391e-80 -1.0840e-85 -1.1082e-91 -6.8804e-98 -2.5939e-104 -5.9378e-111 -8.2527e-118 -6.9638e-125 -3.5675e-132 -1.1095e-139 -2.0945e-147 -2.4002e-155 -1.6696e-163 -7.0494e-172 -1.8065e-180 -2.8099e-189 -2.6526e-198 -1.5197e-207 -5.2842e-217 -1.1151e-226 -1.4279e-236 -1.1097e-246 -5.2331e-257 -1.4976e-267 -2.6007e-278 -2.7406e-289 -1.7524e-300 -6.7994e-312 -1.4822e-323 -0.0000e+00 -0.0000e+00 -0.0000e+00 -0.0000e+00 -0.0000e+00 -0.0000e+00 -0.0000e+00 -0.0000e+00 -0.0000e+00 -0.0000e+00 -0.0000e+00 -0.0000e+00 -0.0000e+00 -0.0000e+00 -0.0000e+00 -0.0000e+00 -0.0000e+00 -0.0000e+00 -0.0000e+00 -0.0000e+00 -0.0000e+00 -0.0000e+00 -0.0000e+00 -0.0000e+00 -0.0000e+00 -0.0000e+00 -0.0000e+00 -0.0000e+00 -0.0000e+00 -0.0000e+00 -0.0000e+00 -0.0000e+00 -0.0000e+00 -0.0000e+00 -0.0000e+00 -0.0000e+00 -0.0000e+00 -0.0000e+00 -0.0000e+00
-3.8835e-09 -7.8158e-08 -1.0341e-06 -8.6505e-06 -4.5008e-05 -1.4445e-04 -2.8458e-04 6.4279e-03 -2.5271e-04 -1.1352e-04 -3.1072e-05 -5.1782e-06 -5.2510e-07 -3.2386e-08 -1.2144e-09 -2.7679e-11 -3.8334e-13 -3.2254e-15 -1.6484e-17 -5.1167e-20 -9.6445e-23 -1.1038e-25 -7.6700e-29 -3.2355e-32 -8.2853e-36 -1.2878e-39 -1.2150e-43 -6.9572e-48 -2.4177e-52 -5.0991e-57 -6.5262e-62 -5.0688e-67 -2.3889e-72 -6.8320e-78 -1.1856e-83 -1.2484e-89 -7.9757e-96 -3.0917e-102 -7.2717e-109 -1.0377e-115 -8.9860e-123 -4.7202e-130 -1.5043e-137 -2.9085e-145 -3.4107e-153 -2.4272e-161 -1.0479e-169 -2.7445e-178 -4.3607e-187 -4.2034e-196 -2.4580e-205 -8.7195e-215 -1.8765e-224 -2.4497e-234 -1.9401e-244 -9.3205e-255 -2.7163e-265 -4.8023e-276 -5.1502e-287 -3.3506e-298 -1.3223e-309 -3.1670e-321 -0.0000e+00 -0.0000e+00 -0.0000e+00 -0.0000e+00 -0.0000e+00 -0.0000e+00 -0.0000e+00 -0.0000e+00 -0.0000e+00 -0.0000e+00 -0.0000e+00 -0.0000e+00 -0.0000e+00 -0.0000e+00 -0.0000e+00 -0.0000e+00 -0.0000e+00 -0.0000e+00 -0.0000e+00 -0.0000e+00 -0.0000e+00 -0.0000e+00 -0.0000e+00 -0.0000e+00 -0.0000e+00 -0.0000e+00 -0.0000e+00 -0.0000e+00 -0.0000e+00 -0.0000e+00 -0.0000e+00 -0.0000e+00 -0.0000e+00 -0.0000e+00 -0.0000e+00 -0.0000e+00 -0.0000e+00 -0.0000e+00 -1.0692e-09 -1.0347e-08 -8.9657e-08 -5.5719e-07 -2.3058e-06 -6.1424e-06 -1.0343e-05 0.0000e+00 -7.1165e-06 -2.8732e-06 -7.1416e-07 -1.0900e-07 -1.0195e-08 -5.8346e-10 -2.0408e-11 -4.3585e-13 -5.6786e-15 -4.5107e-17 -2.1832e-19 -6.4357e-22 -1.1550e-24 -1.2614e-27 -8.3821e-31 -3.3878e-34 -8.3266e-38 -1.2443e-41 -1.1302e-45 -6.2394e-50 -2.0932e-54 -4.2669e-59 -5.2842e-64 -3.9754e-69 -1.8166e-74 -5.0420e-80 -8.4987e-86 -8.6993e-92 -5.4072e-98 -2.0407e-104 -4.6763e-111 -6.5057e-118 -5.4947e-125 -2.8173e-132 -8.7691e-140 -1.6568e-147 -1.9001e-155 -1.3227e-163 -5.5885e-172 -1.4331e-180 -2.2305e-189 -2.1069e-198 -1.2078e-207 -4.2021e-217 -8.8719e-227 -1.1367e-236 -8.8383e-247 -4.1701e-257 -1.1940e-267 -2.0744e-278 -2.1869e-289 -1.3990e-300 -5.4302e-312 -1.4822e-323 -0.0000e+00 -0.0000e+00 -0.0000e+00 -0.0000e+00 -0.0000e+00 -0.0000e+00 -0.0000e+00 -0.0000e+00 -0.0000e+00 -0.0000e+00 -0.0000e+00 -0.0000e+00 -0.0000e+00 -0.0000e+00 -0.0000e+00 -0.0000e+00 -0.0000e+00 -0.0000e+00 -0.0000e+00 -0.0000e+00 -0.0000e+00 -0.0000e+00 -0.0000e+00 -0.0000e+00 -0.0000e+00 -0.0000e+00 -0.0000e+00 -0.0000e+00 -0.0000e+00 -0.0000e+00 -0.0000e+00 -0.0000e+00 -0.0000e+00 -0.0000e+00 -0.0000e+00 -0.0000e+00 -0.0000e+00 -0.0000e+00
-8.7894e-11 -2.8908e-09 -6.2825e-08 -8.6478e-07 -7.4095e-06 -3.9175e-05 -1.2717e-04 -2.5271e-04 8.1287e-03 -2.2713e-04 -1.0248e-04 -2.8151e-05 -4.7058e-06 -4.7846e-07 -2.9577e-08 -1.1113e-09 -2.5373e-11 -3.5196e-13 -2.9655e-15 -1.5175e-17 -4.7157e-20 -8.8979e-23 -1.0193e-25 -7.0890e-29 -2.9928e-32 -7.6695e-36 -1.1929e-39 -1.1262e-43 -6.4523e-48 -2.2435e-52 -4.7341e-57 -6.0620e-62 -4.7104e-67 -2.2210e-72 -6.3542e-78 -1.1033e-83 -1.1622e-89 -7.4278e-96 -2.8803e-102 -6.7746e-109 -9.6702e-116 -8.3746e-123 -4.4002e-130 -1.4026e-137 -2.7126e-145 -3.1825e-153 -2.2653e-161 -9.7818e-170 -2.5625e-178 -4.0723e-187 -3.9262e-196 -2.2963e-205 -8.1473e-215 -1.7536e-224 -2.2897e-234 -1.8136e-244 -8.7143e-255 -2.5401e-265 -4.4912e-276 -4.8173e-287 -3.1344e-298 -1.2371e-309 -2.9644e-321 -0.0000e+00 -0.0000e+00 -0.0000e+00 -0.0000e+00 -0.0000e+00 -0.0000e+00 -0.0000e+00 -0.0000e+00 -0.0000e+00 -0.0000e+00 -0.0000e+00 -0.0000e+00 -0.0000e+00 -0.0000e+00 -0.0000e+00 -0.0000e+00 -0.0000e+00 -0.0000e+00 -0.0000e+00 -0.0000e+00 -0.0000e+00 -0.0000e+00 -0.0000e+00 -0.0000e+00 -0.0000e+00 -0.0000e+00 -0.0000e+00 -0.0000e+00 -0.0000e+00 -0.0000e+00 -0.0000e+00 -0.0000e+00 -0.0000e+00 -0.0000e+00 -0.0000e+00 -0.0000e+00 -0.0000e+00 -2.1377e-11 -3.3821e-10 -4.8215e-09 -4.9354e-08 -3.3653e-07 -1.4775e-06 -4.1008e-06 -7.1165e-06 0.0000e+00 -5.1030e-06 -2.0910e-06 -5.2612e-07 -8.1126e-08 -7.6546e-09 -4.4141e-10 -1.5542e-11 -3.3384e-13 -4.3719e-15 -3.4886e-17 -1.6955e-19 -5.0165e-22 -9.0330e-25 -9.8969e-28 -6.5942e-31 -2.6721e-34 -6.5830e-38 -9.8586e-42 -8.9732e-46 -4.9632e-50 -1.6680e-54 -3.4058e-59 -4.2243e-64 -3.1826e-69 -1.4563e-74 -4.0472e-80 -6.8302e-86 -6.9994e-92 -4.3553e-98 -1.6454e-104 -3.7741e-111 -5.2555e-118 -4.4427e-125 -2.2799e-132 -7.1018e-140 -1.3428e-147 -1.5411e-155 -1.0736e-163 -4.5390e-172 -1.1647e-180 -1.8139e-189 -1.7144e-198 -9.8339e-208 -3.4231e-217 -7.2311e-227 -9.2697e-237 -7.2110e-247 -3.4040e-257 -9.7505e-268 -1.6948e-278 -1.7875e-289 -1.1439e-300 -4.4422e-312 -9.8813e-324 -0.0000e+00 -0.0000e+00 -0.0000e+00 -0.0000e+00 -0.0000e+00 -0.0000e+00 -0.0000e+00 -0.0000e+00 -0.0000e+00 -0.0000e+00 -0.0000e+00 -0.0000e+00 -0.0000e+00 -0.0000e+00 -0.0000e+00 -0.0000e+00 -0.0000e+00 -0.0000e+00 -0.0000e+00 -0.0000e+00 -0.0000e+00 -0.0000e+00 -0.0000e+00 -0.0000e+00 -0.0000e+00 -0.0000e+00 -0.0000e+00 -0.0000e+00 -0.0000e+00 -0.0000e+00 -0.0000e+00 -0.0000e+00 -0.0000e+00 -0.0000e+00 -0.0000e+00 -0.0000e+00 -0.0000e+00
-1.2099e-12 -6.5106e-11 -2.3258e-09 -5.2699e-08 -7.4374e-07 -6.4790e-06 -3.4662e-05 -1.1352e-04 -2.2713e-04 1.0029e-02 -2.0617e-04 -9.3365e-05 -2.5729e-05 -4.3125e-06 -4.3949e-07 -2.7223e-08 -1.0247e-09 -2.3433e-11 -3.2551e-13 -2.7461e-15 -1.4069e-17 -4.3765e-20 -8.2658e-23 -9.4775e-26 -6.5966e-29 -2.7870e-32 -7.1470e-36 -1.1124e-39 -1.0508e-43 -6.0236e-48 -2.0955e-52 -4.4240e-57 -5.6688e-62 -4.4068e-67 -2.0787e-72 -5.9479e-78 -1.0329e-83 -1.0884e-89 -6.9582e-96 -2.6990e-102 -6.3519e-109 -9.0693e-116 -7.8564e-123 -4.1289e-130 -1.3165e-137 -2.5466e-145 -2.9884e-153 -2.1276e-161 -9.1890e-170 -2.4077e-178 -3.8271e-187 -3.6903e-196 -2.1587e-205 -7.6606e-215 -1.6491e-224 -2.1536e-234 -1.7061e-244 -8.1988e-255 -2.3901e-265 -4.2267e-276 -4.5342e-287 -2.9506e-298 -1.1647e-309 -2.7865e-321 -0.0000e+00 -0.0000e+00 -0.0000e+00 -0.0000e+00 -0.0000e+00 -0.0000e+00 -0.0000e+00 -0.0000e+00 -0.0000e+00 -0.0000e+00 -0.0000e+00 -0.0000e+00 -0.0000e+00 -0.0000e+00 -0.0000e+00 -0.0000e+00 -0.0000e+00 -0.0000e+00 -0.0000e+00 -0.0000e+00 -0.0000e+00 -0.0000e+00 -0.0000e+00 -0.0000e+00 -0.0000e+00 -0.0000e+00 -0.0000e+00 -0.0000e+00 -0.0000e+00 -0.0000e+00 -0.0000e+00 -0.0000e+00 -0.0000e+00 -0.0000e+00 -0.0000e+00 -0.0000e+00 -2.6321e-13 -6.8232e-12 -1.6010e-10 -2.6998e-09 -3.0338e-08 -2.1953e-07 -1.0044e-06 -2.8732e-06 -5.1030e-06 0.0000e+00 -3.7825e-06 -1.5690e-06 -3.9886e-07 -6.2046e-08 -5.8988e-09 -3.4241e-10 -1.2126e-11 -2.6181e-13 -3.4444e-15 -2.7598e-17 -1.3463e-19 -3.9967e-22 -7.2189e-25 -7.9308e-28 -5.2984e-31 -2.1521e-34 -5.3136e-38 -7.9738e-42 -7.2715e-46 -4.0291e-50 -1.3563e-54 -2.7736e-59 -3.4452e-64 -2.5992e-69 -1.1909e-74 -3.3136e-80 -5.5985e-86 -5.7434e-92 -3.5775e-98 -1.3529e-104 -3.1060e-111 -4.3289e-118 -3.6626e-125 -1.8810e-132 -5.8639e-140 -1.1096e-147 -1.2743e-155 -8.8831e-164 -3.7582e-172 -9.6497e-181 -1.5037e-189 -1.4221e-198 -8.1615e-208 -2.8425e-217 -6.0077e-227 -7.7053e-237 -5.9969e-247 -2.8322e-257 -8.1163e-268 -1.4113e-278 -1.4892e-289 -9.5342e-301 -3.7038e-312 -9.8813e-324 -0.0000e+00 -0.0000e+00 -0.0000e+00 -0.0000e+00 -0.0000e+00 -0.0000e+00 -0.0000e+00 -0.0000e+00 -0.0000e+00 -0.0000e+00 -0.0000e+00 -0.0000e+00 -0.0000e+00 -0.0000e+00 -0.0000e+00 -0.0000e+00 -0.0000e+00 -0.0000e+00 -0.0000e+00 -0.0000e+00 -0.0000e+00 -0.0000e+00 -0.0000e+00 -0.0000e+00 -0.0000e+00 -0.0000e+00 -0.0000e+00 -0.0000e+00 -0.0000e+00 -0.0000e+00 -0.0000e+00 -0.0000e+00 -0.0000e+00 -0.0000e+00 -0.0000e+00 -0.0000e+00
-1.0125e-14 -8.9234e-13 -5.2424e-11 -1.9560e-09 -4.5477e-08 -6.5282e-07 -5.7560e-06 -3.1072e-05 -1.0248e-04 -2.0617e-04 1.2130e-02 -1.8871e-04 -8.5728e-05 -2.3689e-05 -3.9799e-06 -4.0643e-07 -2.5221e-08 -9.5087e-10 -2.1776e-11 -3.0288e-13 -2.5582e-15 -1.3120e-17 -4.0854e-20 -7.7228e-23 -8.8621e-26 -6.1729e-29 -2.6098e-32 -6.6969e-36 -1.0430e-39 -9.8595e-44 -5.6553e-48 -1.9684e-52 -4.1564e-57 -5.3270e-62 -4.1427e-67 -1.9549e-72 -5.5971e-78 -9.7234e-84 -1.0249e-89 -6.5543e-96 -2.5431e-102 -5.9866e-109 -8.5501e-116 -7.4085e-123 -3.8945e-130 -1.2420e-137 -2.4031e-145 -2.8207e-153 -2.0086e-161 -8.6767e-170 -2.2739e-178 -3.6150e-187 -3.4865e-196 -2.0399e-205 -7.2399e-215 -1.5588e-224 -2.0360e-234 -1.6131e-244 -7.7532e-255 -2.2605e-265 -3.9980e-276 -4.2894e-287 -2.7916e-298 -1.1021e-309 -2.6383e-321 -0.0000e+00 -0.0000e+00 -0.0000e+00 -0.0000e+00 -0.0000e+00 -0.0000e+00 -0.0000e+00 -0.0000e+00 -0.0000e+00 -0.0000e+00 -0.0000e+00 -0.0000e+00 -0.0000e+00 -0.0000e+00 -0.0000e+00 -0.0000e+00 -0.0000e+00 -0.0000e+00 -0.0000e+00 -0.0000e+00 -0.0000e+00 -0.0000e+00 -0.0000e+00 -0.0000e+00 -0.0000e+00 -0.0000e+00 -0.0000e+00 -0.0000e+00 -0.0000e+00 -0.0000e+00 -0.0000e+00 -0.0000e+00 -0.0000e+00 -0.0000e+00 -0.0000e+00 -1.9910e-15 -8.4681e-14 -3.2716e-12 -9.0899e-11 -1.6834e-09 -2.0080e-08 -1.5143e-07 -7.1416e-07 -2.0910e-06 -3.7825e-06 0.0000e+00 -2.8807e-06 -1.2073e-06 -3.0964e-07 -4.8533e-08 -4.6447e-09 -2.7118e-10 -9.6531e-12 -2.0939e-13 -2.7659e-15 -2.2245e-17 -1.0888e-19 -3.2423e-22 -5.8727e-25 -6.4686e-28 -4.3318e-31 -1.7634e-34 -4.3628e-38 -6.5594e-42 -5.9922e-46 -3.3257e-50 -1.1213e-54 -2.2963e-59 -2.8563e-64 -2.1576e-69 -9.8979e-75 -2.7571e-80 -4.6634e-86 -4.7891e-92 -2.9859e-98 -1.1302e-104 -2.5971e-111 -3.6228e-118 -3.0676e-125 -1.5767e-132 -4.9188e-140 -9.3141e-148 -1.0704e-155 -7.4667e-164 -3.1609e-172 -8.1211e-181 -1.2662e-189 -1.1982e-198 -6.8802e-208 -2.3975e-217 -5.0697e-227 -6.5054e-237 -5.0654e-247 -2.3933e-257 -6.8616e-268 -1.1937e-278 -1.2600e-289 -8.0700e-301 -3.1362e-312 -4.9407e-324 -0.0000e+00 -0.0000e+00 -0.0000e+00 -0.0000e+00 -0.0000e+00 -0.0000e+00 -0.0000e+00 -0.0000e+00 -0.0000e+00 -0.0000e+00 -0.0000e+00 -0.0000e+00 -0.0000e+00 -0.0000e+00 -0.0000e+00 -0.0000e+00 -0.0000e+00 -0.0000e+00 -0.0000e+00 -0.0000e+00 -0.0000e+00 -0.0000e+00 -0.0000e+00 -0.0000e+00 -0.0000e+00 -0.0000e+00 -0.0000e+00 -0.0000e+00 -0.0000e+00 -0.0000e+00 -0.0000e+00 -0.0000e+00 -0.0000e+00 -0.0000e+00 -0.0000e+00
-5.1493e-17 -7.4396e-15 -7.1909e-13 -4.4186e-11 -1.6927e-09 -4.0045e-08 -5.8195e-07 -5.1782e-06 -2.8151e-05 -9.3365e-05 -1.8871e-04 1.4430e-02 -1.7394e-04 -7.9237e-05 -2.1947e-05 -3.6950e-06 -3.7802e-07 -2.3496e-08 -8.8713e-10 -2.0343e-11 -2.8328e-13 -2.3953e-15 -1.2296e-17 -3.8323e-20 -7.2504e-23 -8.3263e-26 -5.8050e-29 -2.4560e-32 -6.3061e-36 -9.8238e-40 -9.2898e-44 -5.3309e-48 -1.8564e-52 -3.9226e-57 -5.0294e-62 -3.9128e-67 -1.8471e-72 -5.2903e-78 -9.1935e-84 -9.6933e-90 -6.2009e-96 -2.4067e-102 -5.6670e-109 -8.0957e-116 -7.0165e-123 -3.6893e-130 -1.1769e-137 -2.2775e-145 -2.6738e-153 -1.9043e-161 -8.2281e-170 -2.1567e-178 -3.4294e-187 -3.3080e-196 -1.9357e-205 -6.8714e-215 -1.4797e-224 -1.9329e-234 -1.5317e-244 -7.3628e-255 -2.1470e-265 -3.7978e-276 -4.0751e-287 -2.6524e-298 -1.0473e-309 -2.5099e-321 -0.0000e+00 -0.0000e+00 -0.0000e+00 -0.0000e+00 -0.0000e+00 -0.0000e+00 -0.0000e+00 -0.0000e+00 -0.0000e+00 -0.0000e+00 -0.0000e+00 -0.0000e+00 -0.0000e+00 -0.0000e+00 -0.0000e+00 -0.0000e+00 -0.0000e+00 -0.0000e+00 -0.0000e+00 -0.0000e+00 -0.0000e+00 -0.0000e+00 -0.0000e+00 -0.0000e+00 -0.0000e+00 -0.0000e+00 -0.0000e+00 -0.0000e+00 -0.0000e+00 -0.0000e+00 -0.0000e+00 -0.0000e+00 -0.0000e+00 -0.0000e+00 -9.2342e-18 -6.4500e-16 -4.1039e-14 -1.8790e-12 -5.7355e-11 -1.1277e-09 -1.4020e-08 -1.0900e-07 -5.2612e-07 -1.5690e-06 -2.8807e-06 0.0000e+00 -2.2442e-06 -9.4889e-07 -2.4521e-07 -3.8689e-08 -3.7242e-09 -2.1856e-10 -7.8159e-12 -1.7023e-13 -2.2572e-15 -1.8215e-17 -8.9427e-20 -2.6705e-22 -4.8497e-25 -5.3545e-28 -3.5937e-31 -1.4659e-34 -3.6336e-38 -5.4728e-42 -5.0079e-46 -2.7837e-50 -9.3992e-55 -1.9275e-59 -2.4006e-64 -1.8156e-69 -8.3386e-75 -2.3253e-80 -3.9371e-86 -4.0472e-92 -2.5257e-98 -9.5689e-105 -2.2007e-111 -3.0723e-118 -2.6035e-125 -1.3391e-132 -4.1807e-140 -7.9219e-148 -9.1105e-156 -6.3588e-164 -2.6936e-172 -6.9244e-181 -1.0803e-189 -1.0227e-198 -5.8757e-208 -2.0485e-217 -4.3338e-227 -5.5636e-237 -4.3339e-247 -2.0486e-257 -5.8756e-268 -1.0225e-278 -1.0798e-289 -6.9181e-301 -2.6894e-312 -4.9407e-324 -0.0000e+00 -0.0000e+00 -0.0000e+00 -0.0000e+00 -0.0000e+00 -0.0000e+00 -0.0000e+00 -0.0000e+00 -0.0000e+00 -0.0000e+00 -0.0000e+00 -0.0000e+00 -0.0000e+00 -0.0000e+00 -0.0000e+00 -0.0000e+00 -0.0000e+00 -0.0000e+00 -0.0000e+00 -0.0000e+00 -0.0000e+00 -0.0000e+00 -0.0000e+00 -0.0000e+00 -0.0000e+00 -0.0000e+00 -0.0000e+00 -0.0000e+00 -0.0000e+00 -0.0000e+00 -0.0000e+00 -0.0000e+00 -0.0000e+00 -0.0000e+00
-1.5912e-19 -3.7714e-17 -5.9994e-15 -6.0724e-13 -3.8332e-11 -1.4946e-09 -3.5800e-08 -5.2510e-07 -4.7058e-06 -2.5729e-05 -8.5728e-05 -1.7394e-04 1.6930e-02 -1.6129e-04 -7.3653e-05 -2.0443e-05 -3.4481e-06 -3.5335e-07 -2.1995e-08 -8.3153e-10 -1.9091e-11 -2.6613e-13 -2.2525e-15 -1.1574e-17 -3.6108e-20 -6.8368e-23 -7.8572e-26 -5.4789e-29 -2.3193e-32 -5.9585e-36 -9.2898e-40 -8.7891e-44 -5.0460e-48 -1.7579e-52 -3.7161e-57 -4.7665e-62 -3.7097e-67 -1.7518e-72 -5.0191e-78 -8.7250e-84 -9.2021e-90 -5.8883e-96 -2.2860e-102 -5.3842e-109 -7.6936e-116 -6.6696e-123 -3.5077e-130 -1.1192e-137 -2.1663e-145 -2.5438e-153 -1.8121e-161 -7.8310e-170 -2.0530e-178 -3.2650e-187 -3.1500e-196 -1.8435e-205 -6.5452e-215 -1.4097e-224 -1.8417e-234 -1.4596e-244 -7.0173e-255 -2.0465e-265 -3.6204e-276 -3.8853e-287 -2.5292e-298 -9.9874e-310 -2.3913e-321 -0.0000e+00 -0.0000e+00 -0.0000e+00 -0.0000e+00 -0.0000e+00 -0.0000e+00 -0.0000e+00 -0.0000e+00 -0.0000e+00 -0.0000e+00 -0.0000e+00 -0.0000e+00 -0.0000e+00 -0.0000e+00 -0.0000e+00 -0.0000e+00 -0.0000e+00 -0.0000e+00 -0.0000e+00 -0.0000e+00 -0.0000e+00 -0.0000e+00 -0.0000e+00 -0.0000e+00 -0.0000e+00 -0.0000e+00 -0.0000e+00 -0.0000e+00 -0.0000e+00 -0.0000e+00 -0.0000e+00 -0.0000e+00 -0.0000e+00 -2.6218e-20 -3.0096e-18 -3.1542e-16 -2.3800e-14 -1.1974e-12 -3.8810e-11 -7.9541e-10 -1.0195e-08 -8.1126e-08 -3.9886e-07 -1.2073e-06 -2.2442e-06 0.0000e+00 -1.7822e-06 -7.5928e-07 -1.9751e-07 -3.1346e-08 -3.0329e-09 -1.7882e-10 -6.4210e-12 -1.4037e-13 -1.8675e-15 -1.5117e-17 -7.4428e-20 -2.2284e-22 -4.0564e-25 -4.4885e-28 -3.0186e-31 -1.2337e-34 -3.0635e-38 -4.6217e-42 -4.2356e-46 -2.3579e-50 -7.9722e-55 -1.6370e-59 -2.0413e-64 -1.5457e-69 -7.1064e-75 -1.9838e-80 -3.3621e-86 -3.4594e-92 -2.1609e-98 -8.1936e-105 -1.8859e-111 -2.6349e-118 -2.2345e-125 -1.1502e-132 -3.5933e-140 -6.8132e-148 -7.8403e-156 -5.4756e-164 -2.3207e-172 -5.9692e-181 -9.3174e-190 -8.8256e-199 -5.0729e-208 -1.7694e-217 -3.7450e-227 -4.8098e-237 -3.7483e-247 -1.7724e-257 -5.0855e-268 -8.8534e-279 -9.3521e-290 -5.9940e-301 -2.3309e-312 -4.9407e-324 -0.0000e+00 -0.0000e+00 -0.0000e+00 -0.0000e+00 -0.0000e+00 -0.0000e+00 -0.0000e+00 -0.0000e+00 -0.0000e+00 -0.0000e+00 -0.0000e+00 -0.0000e+00 -0.0000e+00 -0.0000e+00 -0.0000e+00 -0.0000e+00 -0.0000e+00 -0.0000e+00 -0.0000e+00 -0.0000e+00 -0.0000e+00 -0.0000e+00 -0.0000e+00 -0.0000e+00 -0.0000e+00 -0.0000e+00 -0.0000e+00 -0.0000e+00 -0.0000e+00 -0.0000e+00 -0.0000e+00 -0.0000e+00 -0.0000e+00
-2.9869e-22 -1.1622e-19 -3.0433e-17 -5.0747e-15 -5.2790e-13 -3.3924e-11 -1.3395e-09 -3.2386e-08 -4.7846e-07 -4.3125e-06 -2.3689e-05 -7.9237e-05 -1.6129e-04 1.9631e-02 -1.5035e-04 -6.8800e-05 -1.9132e-05 -3.2322e-06 -3.3171e-07 -2.0675e-08 -7.8258e-10 -1.7986e-11 -2.5103e-13 -2.1267e-15 -1.0937e-17 -3.4132e-20 -6.4669e-23 -7.4368e-26 -5.1903e-29 -2.1984e-32 -5.6510e-36 -8.8147e-40 -8.3436e-44 -4.7923e-48 -1.6702e-52 -3.5322e-57 -4.5323e-62 -3.5286e-67 -1.6668e-72 -4.7772e-78 -8.3071e-84 -8.7639e-90 -5.6094e-96 -2.1783e-102 -5.1318e-109 -7.3347e-116 -6.3599e-123 -3.3456e-130 -1.0677e-137 -2.0670e-145 -2.4277e-153 -1.7297e-161 -7.4763e-170 -1.9603e-178 -3.1181e-187 -3.0088e-196 -1.7612e-205 -6.2537e-215 -1.3471e-224 -1.7602e-234 -1.3952e-244 -6.7085e-255 -1.9567e-265 -3.4620e-276 -3.7157e-287 -2.4191e-298 -9.5537e-310 -2.2875e-321 -0.0000e+00 -0.0000e+00 -0.0000e+00 -0.0000e+00 -0.0000e+00 -0.0000e+00 -0.0000e+00 -0.0000e+00 -0.0000e+00 -0.0000e+00 -0.0000e+00 -0.0000e+00 -0.0000e+00 -0.0000e+00 -0.0000e+00 -0.0000e+00 -0.0000e+00 -0.0000e+00 -0.0000e+00 -0.0000e+00 -0.0000e+00 -0.0000e+00 -0.0000e+00 -0.0000e+00 -0.0000e+00 -0.0000e+00 -0.0000e+00 -0.0000e+00 -0.0000e+00 -0.0000e+00 -0.0000e+00 -0.0000e+00 -4.5510e-23 -8.5903e-21 -1.4832e-18 -1.8444e-16 -1.5297e-14 -8.1728e-13 -2.7613e-11 -5.8346e-10 -7.6546e-09 -6.2046e-08 -3.0964e-07 -9.4889e-07 -1.7822e-06 0.0000e+00 -1.4387e-06 -6.1702e-07 -1.6144e-07 -2.5754e-08 -2.5034e-09 -1.4821e-10 -5.3418e-12 -1.1717e-13 -1.5637e-15 -1.2694e-17 -6.2659e-20 -1.8805e-22 -3.4307e-25 -3.8039e-28 -2.5631e-31 -1.0494e-34 -2.6101e-38 -3.9438e-42 -3.6197e-46 -2.0178e-50 -6.8311e-55 -1.4044e-59 -1.7533e-64 -1.3290e-69 -6.1168e-75 -1.7092e-80 -2.8996e-86 -2.9861e-92 -1.8668e-98 -7.0845e-105 -1.6319e-111 -2.2817e-118 -1.9364e-125 -9.9738e-133 -3.1179e-140 -5.9155e-148 -6.8113e-156 -4.7596e-164 -2.0184e-172 -5.1942e-181 -8.1116e-190 -7.6870e-199 -4.4205e-208 -1.5425e-217 -3.2661e-227 -4.1964e-237 -3.2715e-247 -1.5475e-257 -4.4418e-268 -7.7354e-279 -8.1738e-290 -5.2404e-301 -2.0385e-312 -4.9407e-324 -0.0000e+00 -0.0000e+00 -0.0000e+00 -0.0000e+00 -0.0000e+00 -0.0000e+00 -0.0000e+00 -0.0000e+00 -0.0000e+00 -0.0000e+00 -0.0000e+00 -0.0000e+00 -0.0000e+00 -0.0000e+00 -0.0000e+00 -0.0000e+00 -0.0000e+00 -0.0000e+00 -0.0000e+00 -0.0000e+00 -0.0000e+00 -0.0000e+00 -0.0000e+00 -0.0000e+00 -0.0000e+00 -0.0000e+00 -0.0000e+00 -0.0000e+00 -0.0000e+00 -0.0000e+00 -0.0000e+00 -0.0000e+00
-3.4055e-25 -2.1764e-22 -9.3835e-20 -2.5780e-17 -4.4197e-15 -4.6815e-13 -3.0469e-11 -1.2144e-09 -2.9577e-08 -4.3949e-07 -3.9799e-06 -2.1947e-05 -7.3653e-05 -1.5035e-04 2.2531e-02 -1.4078e-04 -6.4543e-05 -1.7978e-05 -3.0418e-06 -3.1258e-07 -1.9506e-08 -7.3914e-10 -1.7009e-11 -2.3750e-13 -2.0137e-15 -1.0364e-17 -3.2374e-20 -6.1379e-23 -7.0628e-26 -4.9321e-29 -2.0902e-32 -5.3755e-36 -8.3889e-40 -7.9441e-44 -4.5648e-48 -1.5916e-52 -3.3670e-57 -4.3220e-62 -3.3660e-67 -1.5905e-72 -4.5599e-78 -7.9314e-84 -8.3698e-90 -5.3586e-96 -2.0814e-102 -4.9047e-109 -7.0118e-116 -6.0813e-123 -3.1997e-130 -1.0213e-137 -1.9776e-145 -2.3231e-153 -1.6555e-161 -7.1569e-170 -1.8769e-178 -2.9859e-187 -2.8817e-196 -1.6870e-205 -5.9913e-215 -1.2907e-224 -1.6868e-234 -1.3372e-244 -6.4305e-255 -1.8758e-265 -3.3194e-276 -3.5630e-287 -2.3200e-298 -9.1633e-310 -2.1937e-321 -0.0000e+00 -0.0000e+00 -0.0000e+00 -0.0000e+00 -0.0000e+00 -0.0000e+00 -0.0000e+00 -0.0000e+00 -0.0000e+00 -0.0000e+00 -0.0000e+00 -0.0000e+00 -0.0000e+00 -0.0000e+00 -0.0000e+00 -0.0000e+00 -0.0000e+00 -0.0000e+00 -0.0000e+00 -0.0000e+00 -0.0000e+00 -0.0000e+00 -0.0000e+00 -0.0000e+00 -0.0000e+00 -0.0000e+00 -0.0000e+00 -0.0000e+00 -0.0000e+00 -0.0000e+00 -0.0000e+00 -4.8249e-26 -1.4982e-23 -4.2619e-21 -8.7351e-19 -1.1942e-16 -1.0518e-14 -5.8586e-13 -2.0408e-11 -4.4141e-10 -5.8988e-09 -4.8533e-08 -2.4521e-07 -7.5928e-07 -1.4387e-06 0.0000e+00 -1.1781e-06 -5.0820e-07 -1.3366e-07 -2.1421e-08 -2.0908e-09 -1.2424e-10 -4.4932e-12 -9.8864e-14 -1.3231e-15 -1.0768e-17 -5.3282e-20 -1.6026e-22 -2.9297e-25 -3.2546e-28 -2.1969e-31 -9.0092e-35 -2.2444e-38 -3.3962e-42 -3.1214e-46 -1.7423e-50 -5.9056e-55 -1.2155e-59 -1.5192e-64 -1.1528e-69 -5.3110e-75 -1.4854e-80 -2.5222e-86 -2.5997e-92 -1.6266e-98 -6.1774e-105 -1.4240e-111 -1.9924e-118 -1.6920e-125 -8.7206e-133 -2.7278e-140 -5.1784e-148 -5.9658e-156 -4.1710e-164 -1.7697e-172 -4.5563e-181 -7.1187e-190 -6.7490e-199 -3.8827e-208 -1.3554e-217 -2.8711e-227 -3.6902e-237 -2.8779e-247 -1.3288e-257 -3.9102e-268 -6.8120e-279 -7.2003e-290 -4.6178e-301 -1.7969e-312 -4.9407e-324 -0.0000e+00 -0.0000e+00 -0.0000e+00 -0.0000e+00 -0.0000e+00 -0.0000e+00 -0.0000e+00 -0.0000e+00 -0.0000e+00 -0.0000e+00 -0.0000e+00 -0.0000e+00 -0.0000e+00 -0.0000e+00 -0.0000e+00 -0.0000e+00 -0.0000e+00 -0.0000e+00 -0.0000e+00 -0.0000e+00 -0.0000e+00 -0.0000e+00 -0.0000e+00 -0.0000e+00 -0.0000e+00 -0.0000e+00 -0.0000e+00 -0.0000e+00 -0.0000e+00 -0.0000e+00 -0.0000e+00
-2.3581e-28 -2.4762e-25 -1.7582e-22 -7.9590e-20 -2.2489e-17 -3.9264e-15 -4.2126e-13 -2.7679e-11 -1.1113e-09 -2.7223e-08 -4.0643e-07 -3.6950e-06 -2.0443e-05 -6.8800e-05 -1.4078e-04 2.5631e-02 -1.3236e-04 -6.0781e-05 -1.6955e-05 -2.8726e-06 -2.9555e-07 -1.8464e-08 -7.0032e-10 -1.6126e-11 -2.2543e-13 -1.9128e-15 -9.8511e-18 -3.0794e-20 -5.8419e-23 -6.7261e-26 -4.6996e-29 -1.9926e-32 -5.1270e-36 -8.0047e-40 -7.5835e-44 -4.3593e-48 -1.5205e-52 -3.2178e-57 -4.1318e-62 -3.2189e-67 -1.5215e-72 -4.3632e-78 -7.5914e-84 -8.0132e-90 -5.1316e-96 -1.9937e-102 -4.6991e-109 -6.7194e-116 -5.8289e-123 -3.0675e-130 -9.7931e-138 -1.8967e-145 -2.2284e-153 -1.5883e-161 -6.8675e-170 -1.8013e-178 -2.8661e-187 -2.7665e-196 -1.6198e-205 -5.7535e-215 -1.2397e-224 -1.6203e-234 -1.2846e-244 -6.1785e-255 -1.8026e-265 -3.1901e-276 -3.4246e-287 -2.2301e-298 -8.8093e-310 -2.1097e-321 -0.0000e+00 -0.0000e+00 -0.0000e+00 -0.0000e+00 -0.0000e+00 -0.0000e+00 -0.0000e+00 -0.0000e+00 -0.0000e+00 -0.0000e+00 -0.0000e+00 -0.0000e+00 -0.0000e+00 -0.0000e+00 -0.0000e+00 -0.0000e+00 -0.0000e+00 -0.0000e+00 -0.0000e+00 -0.0000e+00 -0.0000e+00 -0.0000e+00 -0.0000e+00 -0.0000e+00 -0.0000e+00 -0.0000e+00 -0.0000e+00 -0.0000e+00 -0.0000e+00 -0.0000e+00 -3.1216e-29 -1.5950e-26 -7.4763e-24 -2.5257e-21 -5.6919e-19 -8.2647e-17 -7.5893e-15 -4.3585e-13 -1.5542e-11 -3.4241e-10 -4.6447e-09 -3.8689e-08 -1.9751e-07 -6.1702e-07 -1.1781e-06 0.0000e+00 -9.7678e-07 -4.2355e-07 -1.1191e-07 -1.8009e-08 -1.7644e-09 -1.0520e-10 -3.8164e-12 -8.4210e-14 -1.1299e-15 -9.2179e-18 -4.5712e-20 -1.3777e-22 -2.5234e-25 -2.8083e-28 -1.8988e-31 -7.7988e-35 -1.9457e-38 -2.9483e-42 -2.7133e-46 -1.5163e-50 -5.1458e-55 -1.0603e-59 -1.3266e-64 -1.0076e-69 -4.6465e-75 -1.3008e-80 -2.2105e-86 -2.2802e-92 -1.4278e-98 -5.4264e-105 -1.2517e-111 -1.7525e-118 -1.4892e-125 -7.6799e-133 -2.4036e-140 -4.5654e-148 -5.2624e-156 -3.6810e-164 -1.5625e-172 -4.0248e-181 -6.2910e-190 -5.9669e-199 -3.3514e-208 -1.1993e-217 -2.5414e-227 -3.2677e-237 -2.5493e-247 -1.2068e-257 -3.4662e-268 -6.0406e-279 -6.3871e-290 -4.0976e-301 -1.5950e-312 -4.9407e-324 -0.0000e+00 -0.0000e+00 -0.0000e+00 -0.0000e+00 -0.0000e+00 -0.0000e+00 -0.0000e+00 -0.0000e+00 -0.0000e+00 -0.0000e+00 -0.0000e+00 -0.0000e+00 -0.0000e+00 -0.0000e+00 -0.0000e+00 -0.0000e+00 -0.0000e+00 -0.0000e+00 -0.0000e+00 -0.0000e+00 -0.0000e+00 -0.0000e+00 -0.0000e+00 -0.0000e+00 -0.0000e+00 -0.0000e+00 -0.0000e+00 -0.0000e+00 -0.0000e+00 -0.0000e+00
