1.0099e-04 -1.0333e-03 -8.5607e-04 -6.5776e-04 -4.6862e-04 -3.0953e-04 -1.8950e-04 -1.0751e-04 -5.6513e-05 -2.7515e-05 -1.2406e-05 -5.1783e-06 -2.0007e-06 -7.1529e-07 -2.3660e-07 -7.2388e-08 -2.0482e-08 -5.3586e-09 -1.2961e-09 -2.8976e-10 -5.9872e-11 -1.1432e-11 -2.0170e-12 -3.2879e-13 -4.9513e-14 -6.8877e-15 -8.8501e-16 -1.0503e-16 -1.1513e-17 -1.1654e-18 -1.0894e-19 -9.4046e-21 -7.4969e-22 -5.5184e-23 -3.7507e-24 -2.3539e-25 -1.3640e-26 -7.2975e-28 -3.6048e-29 -1.6441e-30 -6.9229e-32 -2.6914e-33 -9.6602e-35 -3.2012e-36 -9.7936e-38 -2.7662e-39 -7.2131e-41 -1.7365e-42 -3.8593e-44 -7.9187e-46 -1.5000e-47 -2.6231e-49 -4.2349e-51 -6.3119e-53 -8.6848e-55 -1.1032e-56 -1.2937e-58 -1.4005e-60 -1.3997e-62 -1.2914e-64 -1.1000e-66 -8.6496e-69 -6.2788e-71 -4.2077e-73 -2.6031e-75 -1.4867e-77 -7.8382e-80 -3.8150e-82 -1.7142e-84 -7.1105e-87 -2.7228e-89 -9.6254e-92 -3.1412e-94 -9.4633e-97 -2.6319e-99 -6.7572e-102 -1.6016e-104 -3.5043e-107 -7.0782e-110 -1.3199e-112 -2.2720e-115 -3.6104e-118 -5.2963e-121 -7.1725e-124 -8.9669e-127 -1.0349e-129 -1.1026e-132 -1.0844e-135 -9.8457e-139 -8.2524e-142 -6.3853e-145 -4.5609e-148 -3.0075e-151 -1.8307e-154 -1.0287e-157 -5.3365e-161 -2.5556e-164 -1.1297e-167 -4.6105e-171 -1.7369e-174 0.0000e+00 -1.0267e-03 -8.4395e-04 -6.4141e-04 -4.5071e-04 -2.9282e-04 -1.7589e-04 -9.7677e-05 -5.0150e-05 -2.3804e-05 -1.0446e-05 -4.2375e-06 -1.5891e-06 -5.5090e-07 -1.7654e-07 -5.2295e-08 -1.4319e-08 -3.6238e-09 -8.4769e-10 -1.8327e-10 -3.6620e-11 -6.7627e-12 -1.1542e-12 -1.8203e-13 -2.6531e-14 -3.5732e-15 -4.4470e-16 -5.1139e-17 -5.4339e-18 -5.3349e-19 -4.8394e-20 -4.0558e-21 -3.1405e-22 -2.2465e-23 -1.4847e-24 -9.0644e-26 -5.1124e-27 -2.6636e-28 -1.2820e-29 -5.6993e-31 -2.3405e-32 -8.8782e-34 -3.1107e-35 -1.0067e-36 -3.0092e-38 -8.3081e-40 -2.1185e-41 -4.9894e-43 -1.0853e-44 -2.1801e-46 -4.0448e-48 -6.9306e-50 -1.0967e-51 -1.6027e-53 -2.1629e-55 -2.6957e-57 -3.1026e-59 -3.2977e-61 -3.2367e-63 -2.9336e-65 -2.4554e-67 -1.8978e-69 -1.3544e-71 -8.9265e-74 -5.4323e-76 -3.0527e-78 -1.5840e-80 -7.5898e-83 -3.3579e-85 -1.3718e-87 -5.1747e-90 -1.8024e-92 -5.7966e-95 -1.7213e-97 -4.7197e-100 -1.1949e-102 -2.7932e-105 -6.0286e-108 -1.2014e-110 -2.2106e-113 -3.7557e-116 -5.8913e-119 -8.5323e-122 -1.1410e-124 -1.4087e-127 -1.6058e-130 -1.6901e-133 -1.6423e-136 -1.4735e-139 -1.2206e-142 -9.3348e-146 -6.5914e-149 -4.2971e-152 -2.5864e-155 -1.4373e-158 -7.3743e-162 -3.4931e-165 -1.5277e-168 -6.1682e-172 -2.2994e-175
-1.0333e-03 4.0387e-04 -8.0839e-04 -6.5042e-04 -4.9016e-04 -3.4532e-04 -2.2700e-04 -1.3897e-04 -7.9119e-05 -4.1827e-05 -2.0510e-05 -9.3199e-06 -3.9215e-06 -1.5269e-06 -5.4992e-07 -1.8313e-07 -5.6367e-08 -1.6034e-08 -4.2140e-09 -1.0232e-09 -2.2947e-10 -4.7535e-11 -9.0945e-12 -1.6069e-12 -2.6220e-13 -3.9507e-14 -5.4970e-15 -7.0625e-16 -8.3787e-17 -9.1784e-18 -9.2836e-19 -8.6702e-20 -7.4765e-21 -5.9527e-22 -4.3760e-23 -2.9702e-24 -1.8613e-25 -1.0770e-26 -5.7532e-28 -2.8376e-29 -1.2922e-30 -5.4327e-32 -2.1088e-33 -7.5573e-35 -2.5005e-36 -7.6382e-38 -2.1542e-39 -5.6089e-41 -1.3483e-42 -2.9924e-44 -6.1312e-46 -1.1598e-47 -2.0255e-49 -3.2656e-51 -4.8609e-53 -6.6799e-55 -8.4746e-57 -9.9259e-59 -1.0733e-60 -1.0714e-62 -9.8743e-65 -8.4012e-67 -6.5989e-69 -4.7851e-71 -3.2034e-73 -1.9798e-75 -1.1296e-77 -5.9498e-80 -2.8932e-82 -1.2988e-84 -5.3827e-87 -2.0594e-89 -7.2738e-92 -2.3718e-94 -7.1395e-97 -1.9840e-99 -5.0899e-102 -1.2055e-104 -2.6357e-107 -5.3199e-110 -9.9127e-113 -1.7052e-115 -2.7078e-118 -3.9697e-121 -5.3724e-124 -6.7121e-127 -7.7416e-130 -8.2429e-133 -8.1022e-136 -7.3521e-139 -6.1587e-142 -4.7626e-145 -3.4000e-148 -2.2407e-151 -1.3632e-154 -7.6566e-158 -3.9698e-161 -1.9001e-164 -8.3958e-168 -3.4247e-171 -1.0267e-03 0.0000e+00 -7.6476e-04 -5.9091e-04 -4.2405e-04 -2.8258e-04 -1.7483e-04 -1.0040e-04 -5.3505e-05 -2.6455e-05 -1.2133e-05 -5.1599e-06 -2.0344e-06 -7.4344e-07 -2.5175e-07 -7.8975e-08 -2.2947e-08 -6.1744e-09 -1.5381e-09 -3.5468e-10 -7.5696e-11 -1.4949e-11 -2.7315e-12 -4.6171e-13 -7.2187e-14 -1.0438e-14 -1.3958e-15 -1.7258e-16 -1.9728e-17 -2.0850e-18 -2.0369e-19 -1.8394e-20 -1.5352e-21 -1.1843e-22 -8.4424e-24 -5.5617e-25 -3.3857e-26 -1.9044e-27 -9.8977e-29 -4.7527e-30 -2.1085e-31 -8.6419e-33 -3.2722e-34 -1.1446e-35 -3.6983e-37 -1.1039e-38 -3.0435e-40 -7.7508e-42 -1.8232e-43 -3.9613e-45 -7.9494e-47 -1.4734e-48 -2.5222e-50 -3.9876e-52 -5.8226e-54 -7.8518e-56 -9.7786e-58 -1.1247e-59 -1.1946e-61 -1.1718e-63 -1.0614e-65 -8.8787e-68 -6.8585e-70 -4.8924e-72 -3.2227e-74 -1.9603e-76 -1.1011e-78 -5.7111e-81 -2.7353e-83 -1.2097e-85 -4.9399e-88 -1.8627e-90 -6.4857e-93 -2.0851e-95 -6.1899e-98 -1.6967e-100 -4.2941e-103 -1.0035e-105 -2.1653e-108 -4.3139e-111 -7.9356e-114 -1.3478e-116 -2.1137e-119 -3.0606e-122 -4.0917e-125 -5.0507e-128 -5.7562e-131 -6.0570e-134 -5.8847e-137 -5.2786e-140 -4.3717e-143 -3.3428e-146 -2.3600e-149 -1.5383e-152 -9.2571e-156 -5.1434e-159 -2.6385e-162 -1.2496e-165 -5.4641e-169 -2.2059e-172
-8.5607e-04 -8.0839e-04 9.0844e-04 -6.2922e-04 -5.1214e-04 -3.9188e-04 -2.8054e-04 -1.8720e-04 -1.1611e-04 -6.6822e-05 -3.5628e-05 -1.7583e-05 -8.0270e-06 -3.3881e-06 -1.3218e-06 -4.7654e-07 -1.5873e-07 -4.8847e-08 -1.3885e-08 -3.6458e-09 -8.8418e-10 -1.9805e-10 -4.0969e-11 -7.8271e-12 -1.3810e-12 -2.2501e-13 -3.3857e-14 -4.7043e-15 -6.0361e-16 -7.1518e-17 -7.8246e-18 -7.9050e-19 -7.3742e-20 -6.3519e-21 -5.0520e-22 -3.7102e-23 -2.5158e-24 -1.5751e-25 -9.1058e-27 -4.8603e-28 -2.3953e-29 -1.0899e-30 -4.5789e-32 -1.7761e-33 -6.3607e-35 -2.1032e-36 -6.4206e-38 -1.8097e-39 -4.7092e-41 -1.1314e-42 -2.5096e-44 -5.1394e-46 -9.7171e-48 -1.6962e-49 -2.7335e-51 -4.0670e-53 -5.5864e-55 -7.0844e-57 -8.2943e-59 -8.9651e-61 -8.9462e-63 -8.2418e-65 -7.0098e-67 -5.5041e-69 -3.9899e-71 -2.6702e-73 -1.6497e-75 -9.4098e-78 -4.9549e-80 -2.4087e-82 -1.0810e-84 -4.4789e-87 -1.7131e-89 -6.0493e-92 -1.9720e-94 -5.9347e-97 -1.6488e-99 -4.2290e-102 -1.0014e-104 -2.1889e-107 -4.4172e-110 -8.2290e-113 -1.4152e-115 -2.2470e-118 -3.2934e-121 -4.4563e-124 -5.5666e-127 -6.4192e-130 -6.8337e-133 -6.7160e-136 -6.0931e-139 -5.1033e-142 -3.9458e-145 -2.8164e-148 -1.8558e-151 -1.1289e-154 -6.3395e-158 -3.2865e-161 -1.5728e-164 -6.9486e-168 -8.4395e-04 -7.6476e-04 0.0000e+00 -5.1490e-04 -3.8215e-04 -2.6501e-04 -1.7159e-04 -1.0364e-04 -5.8345e-05 -3.0590e-05 -1.4925e-05 -6.7710e-06 -2.8546e-06 -1.1176e-06 -4.0615e-07 -1.3692e-07 -4.2804e-08 -1.2403e-08 -3.3301e-09 -8.2818e-10 -1.9073e-10 -4.0667e-11 -8.0255e-12 -1.4656e-12 -2.4765e-13 -3.8710e-14 -5.5967e-15 -7.4834e-16 -9.2527e-17 -1.0578e-17 -1.1180e-18 -1.0924e-19 -9.8656e-21 -8.2356e-22 -6.3539e-23 -4.5304e-24 -2.9851e-25 -1.8175e-26 -1.0225e-27 -5.3154e-29 -2.5529e-30 -1.1328e-31 -4.6437e-33 -1.7586e-34 -6.1525e-36 -1.9884e-37 -5.9359e-39 -1.6369e-40 -4.1693e-42 -9.8092e-44 -2.1316e-45 -4.2783e-47 -7.9310e-49 -1.3579e-50 -2.1471e-52 -3.1356e-54 -4.2290e-56 -5.2676e-58 -6.0593e-60 -6.4368e-62 -6.3146e-64 -5.7207e-66 -4.7859e-68 -3.6975e-70 -2.6378e-72 -1.7378e-74 -1.0572e-76 -5.9388e-79 -3.0806e-81 -1.4756e-83 -6.5266e-86 -2.6655e-88 -1.0052e-90 -3.5003e-93 -1.1254e-95 -3.3413e-98 -9.1595e-101 -2.3184e-103 -5.4184e-106 -1.1692e-108 -2.3297e-111 -4.2859e-114 -7.2801e-117 -1.1418e-119 -1.6534e-122 -2.2106e-125 -2.7289e-128 -3.1103e-131 -3.2731e-134 -3.1802e-137 -2.8528e-140 -2.3629e-143 -1.8069e-146 -1.2757e-149 -8.3158e-153 -5.0047e-156 -2.7809e-159 -1.4266e-162 -6.7571e-166 -2.9548e-169
-6.5776e-04 -6.5042e-04 -6.2922e-04 1.6143e-03 -5.1985e-04 -4.3362e-04 -3.3807e-04 -2.4528e-04 -1.6516e-04 -1.0304e-04 -5.9499e-05 -3.1779e-05 -1.5693e-05 -7.1632e-06 -3.0217e-06 -1.1779e-06 -4.2421e-07 -1.4115e-07 -4.3389e-08 -1.2320e-08 -3.2316e-09 -7.8294e-10 -1.7520e-10 -3.6212e-11 -6.9126e-12 -1.2187e-12 -1.9842e-13 -2.9835e-14 -4.1429e-15 -5.3126e-16 -6.2910e-17 -6.8792e-18 -6.9464e-19 -6.4770e-20 -5.5767e-21 -4.4336e-22 -3.2547e-23 -2.2062e-24 -1.3808e-25 -7.9796e-27 -4.2578e-28 -2.0977e-29 -9.5424e-31 -4.0078e-32 -1.5542e-33 -5.5647e-35 -1.8395e-36 -5.6145e-38 -1.5821e-39 -4.1163e-41 -9.8875e-43 -2.1928e-44 -4.4897e-46 -8.4872e-48 -1.4812e-49 -2.3867e-51 -3.5505e-53 -4.8762e-55 -6.1829e-57 -7.2378e-59 -7.8221e-61 -7.8046e-63 -7.1892e-65 -6.1138e-67 -4.8000e-69 -3.4791e-71 -2.3281e-73 -1.4382e-75 -8.2025e-78 -4.3188e-80 -2.0993e-82 -9.4205e-85 -3.9027e-87 -1.4926e-89 -5.2702e-92 -1.7179e-94 -5.1695e-97 -1.4361e-99 -3.6832e-102 -8.7205e-105 -1.9061e-107 -3.8462e-110 -7.1648e-113 -1.2321e-115 -1.9561e-118 -2.8669e-121 -3.8790e-124 -4.8451e-127 -5.5869e-130 -5.9473e-133 -5.8445e-136 -5.3022e-139 -4.4406e-142 -3.4332e-145 -2.4504e-148 -1.6146e-151 -9.8211e-155 -5.5149e-158 -2.8588e-161 -1.3681e-164 -6.4141e-04 -5.9091e-04 -5.1490e-04 0.0000e+00 -3.2880e-04 -2.4006e-04 -1.6460e-04 -1.0578e-04 -6.3603e-05 -3.5720e-05 -1.8712e-05 -9.1309e-06 -4.1462e-06 -1.7504e-06 -6.8641e-07 -2.4988e-07 -8.4395e-08 -2.6431e-08 -7.6725e-09 -2.0636e-09 -5.1406e-10 -1.1858e-10 -2.5320e-11 -5.0040e-12 -9.1509e-13 -1.5482e-13 -2.4229e-14 -3.5070e-15 -4.6942e-16 -5.8100e-17 -6.6485e-18 -7.0334e-19 -6.8781e-20 -6.2171e-21 -5.1939e-22 -4.0102e-23 -2.8613e-24 -1.8866e-25 -1.1494e-26 -6.4707e-28 -3.3656e-29 -1.6173e-30 -7.1804e-32 -2.9451e-33 -1.1159e-34 -3.9058e-36 -1.2628e-37 -3.7716e-39 -1.0405e-40 -2.6514e-42 -6.2403e-44 -1.3566e-45 -2.7238e-47 -5.0510e-49 -8.6507e-51 -1.3683e-52 -1.9989e-54 -2.6968e-56 -3.3601e-58 -3.8662e-60 -4.1082e-62 -4.0313e-64 -3.6531e-66 -3.0570e-68 -2.3623e-70 -1.6857e-72 -1.1108e-74 -6.7591e-77 -3.7978e-79 -1.9705e-81 -9.4403e-84 -4.1763e-86 -1.7060e-88 -6.4347e-91 -2.2411e-93 -7.2071e-96 -2.1401e-98 -5.8676e-101 -1.4854e-103 -3.4722e-106 -7.4939e-109 -1.4934e-111 -2.7478e-114 -4.6681e-117 -7.3224e-120 -1.0605e-122 -1.4181e-125 -1.7508e-128 -1.9958e-131 -2.1005e-134 -2.0411e-137 -1.8313e-140 -1.5169e-143 -1.1602e-146 -8.1920e-150 -5.3406e-153 -3.2145e-156 -1.7863e-159 -9.1652e-163 -4.3415e-166
-4.6862e-04 -4.9016e-04 -5.1214e-04 -5.1985e-04 2.5212e-03 -4.5579e-04 -3.8584e-04 -3.0342e-04 -2.2119e-04 -1.4928e-04 -9.3215e-05 -5.3830e-05 -2.8741e-05 -1.4185e-05 -6.4707e-06 -2.7278e-06 -1.0626e-06 -3.8248e-07 -1.2720e-07 -3.9079e-08 -1.1092e-08 -2.9080e-09 -7.0429e-10 -1.5755e-10 -3.2553e-11 -6.2122e-12 -1.0949e-12 -1.7823e-13 -2.6794e-14 -3.7198e-15 -4.7691e-16 -5.6465e-17 -6.1735e-18 -6.2329e-19 -5.8109e-20 -5.0025e-21 -3.9767e-22 -2.9189e-23 -1.9784e-24 -1.2381e-25 -7.1544e-27 -3.8172e-28 -1.8805e-29 -8.5535e-31 -3.5923e-32 -1.3929e-33 -4.9870e-35 -1.6485e-36 -5.0311e-38 -1.4177e-39 -3.6881e-41 -8.8587e-43 -1.9645e-44 -4.0222e-46 -7.6031e-48 -1.3269e-49 -2.1379e-51 -3.1803e-53 -4.3676e-55 -5.5378e-57 -6.4824e-59 -7.0056e-61 -6.9897e-63 -6.4383e-65 -5.4751e-67 -4.2984e-69 -3.1155e-71 -2.0847e-73 -1.2878e-75 -7.3447e-78 -3.8671e-80 -1.8797e-82 -8.4348e-85 -3.4943e-87 -1.3364e-89 -4.7186e-92 -1.5380e-94 -4.6282e-97 -1.2857e-99 -3.2974e-102 -7.8070e-105 -1.7064e-107 -3.4432e-110 -6.4139e-113 -1.1030e-115 -1.7511e-118 -2.5664e-121 -3.4723e-124 -4.3371e-127 -5.0011e-130 -5.3236e-133 -5.2315e-136 -4.7460e-139 -3.9747e-142 -3.0730e-145 -2.1933e-148 -1.4452e-151 -8.7905e-155 -4.9361e-158 -2.5588e-161 -4.5071e-04 -4.2405e-04 -3.8215e-04 -3.2880e-04 0.0000e+00 -2.0865e-04 -1.5273e-04 -1.0518e-04 -6.7963e-05 -4.1099e-05 -2.3215e-05 -1.2228e-05 -5.9979e-06 -2.7367e-06 -1.1604e-06 -4.5689e-07 -1.6694e-07 -5.6571e-08 -1.7771e-08 -5.1733e-09 -1.3950e-09 -3.4834e-10 -8.0527e-11 -1.7230e-11 -3.4116e-12 -6.2497e-13 -1.0591e-13 -1.6600e-14 -2.4061e-15 -3.2250e-16 -3.9966e-17 -4.5788e-18 -4.8492e-19 -4.7471e-20 -4.2952e-21 -3.5917e-22 -2.7756e-23 -1.9821e-24 -1.3080e-25 -7.9749e-27 -4.4927e-28 -2.3384e-29 -1.1245e-30 -4.9954e-32 -2.0501e-33 -7.7725e-35 -2.7220e-36 -8.8057e-38 -2.6313e-39 -7.2627e-41 -1.8515e-42 -4.3598e-44 -9.4819e-46 -1.9046e-47 -3.5334e-49 -6.0540e-51 -9.5797e-53 -1.4000e-54 -1.8894e-56 -2.3549e-58 -2.7105e-60 -2.8811e-62 -2.8281e-64 -2.5635e-66 -2.1458e-68 -1.6587e-70 -1.1840e-72 -7.8038e-75 -4.7497e-77 -2.6695e-79 -1.3854e-81 -6.6388e-84 -2.9376e-86 -1.2003e-88 -4.5282e-91 -1.5774e-93 -5.0739e-96 -1.5070e-98 -4.1326e-101 -1.0464e-103 -2.4464e-106 -5.2810e-109 -1.0526e-111 -1.9371e-114 -3.2914e-117 -5.1637e-120 -7.4798e-123 -1.0004e-125 -1.2353e-128 -1.4083e-131 -1.4825e-134 -1.4408e-137 -1.2928e-140 -1.0711e-143 -8.1926e-147 -5.7857e-150 -3.7723e-153 -2.2709e-156 -1.2621e-159 -6.4763e-163
-3.0953e-04 -3.4532e-04 -3.9188e-04 -4.3362e-04 -4.5579e-04 3.6286e-03 -4.1169e-04 -3.5030e-04 -2.7615e-04 -2.0151e-04 -1.3605e-04 -8.4952e-05 -4.9052e-05 -2.6186e-05 -1.2922e-05 -5.8937e-06 -2.4843e-06 -9.6766e-07 -3.4827e-07 -1.1581e-07 -3.5581e-08 -1.0098e-08 -2.6476e-09 -6.4121e-10 -1.4344e-10 -2.9638e-11 -5.6560e-12 -9.9691e-13 -1.6228e-13 -2.4396e-14 -3.3871e-15 -4.3426e-16 -5.1417e-17 -5.6217e-18 -5.6760e-19 -5.2919e-20 -4.5558e-21 -3.6217e-22 -2.6585e-23 -1.8019e-24 -1.1277e-25 -6.5165e-27 -3.4770e-28 -1.7129e-29 -7.7916e-31 -3.2724e-32 -1.2689e-33 -4.5432e-35 -1.5018e-36 -4.5836e-38 -1.2916e-39 -3.3603e-41 -8.0713e-43 -1.7900e-44 -3.6649e-46 -6.9278e-48 -1.2091e-49 -1.9481e-51 -2.8980e-53 -3.9801e-55 -5.0465e-57 -5.9075e-59 -6.3844e-61 -6.3700e-63 -5.8676e-65 -4.9899e-67 -3.9176e-69 -2.8395e-71 -1.9001e-73 -1.1738e-75 -6.6944e-78 -3.5247e-80 -1.7133e-82 -7.6883e-85 -3.1851e-87 -1.2182e-89 -4.3012e-92 -1.4020e-94 -4.2190e-97 -1.1721e-99 -3.0059e-102 -7.1169e-105 -1.5556e-107 -3.1389e-110 -5.8472e-113 -1.0056e-115 -1.5964e-118 -2.3397e-121 -3.1657e-124 -3.9542e-127 -4.5595e-130 -4.8536e-133 -4.7697e-136 -4.3271e-139 -3.6240e-142 -2.8019e-145 -1.9998e-148 -1.3177e-151 -8.0151e-155 -4.5007e-158 -2.9282e-04 -2.8258e-04 -2.6501e-04 -2.4006e-04 -2.0865e-04 0.0000e+00 -1.3580e-04 -1.0065e-04 -7.0118e-05 -4.5774e-05 -2.7936e-05 -1.5907e-05 -8.4388e-06 -4.1655e-06 -1.9112e-06 -8.1443e-07 -3.2210e-07 -1.1816e-07 -4.0186e-08 -1.2666e-08 -3.6980e-09 -9.9990e-10 -2.5031e-10 -5.7998e-11 -1.2436e-11 -2.4672e-12 -4.5279e-13 -7.6862e-14 -1.2066e-14 -1.7516e-15 -2.3510e-16 -2.9172e-17 -3.3463e-18 -3.5481e-19 -3.4771e-20 -3.1493e-21 -2.6361e-22 -2.0390e-23 -1.4574e-24 -9.6251e-26 -5.8734e-27 -3.3113e-28 -1.7248e-29 -8.2996e-31 -3.6895e-32 -1.5151e-33 -5.7477e-35 -2.0141e-36 -6.5192e-38 -1.9491e-39 -5.3825e-41 -1.3729e-42 -3.2343e-44 -7.0374e-46 -1.4142e-47 -2.6247e-49 -4.4990e-51 -7.1219e-53 -1.0412e-54 -1.4057e-56 -1.7527e-58 -2.0181e-60 -2.1458e-62 -2.1070e-64 -1.9105e-66 -1.5997e-68 -1.2369e-70 -8.8316e-73 -5.8228e-75 -3.5450e-77 -1.9929e-79 -1.0345e-81 -4.9587e-84 -2.1947e-86 -8.9695e-89 -3.3847e-91 -1.1794e-93 -3.7943e-96 -1.1272e-98 -3.0917e-101 -7.8299e-104 -1.8310e-106 -3.9532e-109 -7.8809e-112 -1.4506e-114 -2.4652e-117 -3.8683e-120 -5.6043e-123 -7.4965e-126 -9.2584e-129 -1.0557e-131 -1.1115e-134 -1.0804e-137 -9.6959e-141 -8.0339e-144 -6.1460e-147 -4.3410e-150 -2.8308e-153 -1.7043e-156 -9.4737e-160
-1.8950e-04 -2.2700e-04 -2.8054e-04 -3.3807e-04 -3.8584e-04 -4.1169e-04 4.9361e-03 -3.7576e-04 -3.2026e-04 -2.5270e-04 -1.8450e-04 -1.2461e-04 -7.7841e-05 -4.4961e-05 -2.4009e-05 -1.1851e-05 -5.4069e-06 -2.2797e-06 -8.8821e-07 -3.1976e-07 -1.0636e-07 -3.2683e-08 -9.2781e-09 -2.4331e-09 -5.8937e-10 -1.3187e-10 -2.7252e-11 -5.2017e-12 -9.1698e-13 -1.4929e-13 -2.2447e-14 -3.1169e-15 -3.9969e-16 -4.7329e-17 -5.1755e-18 -5.2261e-19 -4.8730e-20 -4.1957e-21 -3.3358e-22 -2.4489e-23 -1.6600e-24 -1.0390e-25 -6.0045e-27 -3.2040e-28 -1.5786e-29 -7.1812e-31 -3.0163e-32 -1.1697e-33 -4.1883e-35 -1.3846e-36 -4.2261e-38 -1.1909e-39 -3.0986e-41 -7.4433e-43 -1.6508e-44 -3.3801e-46 -6.3899e-48 -1.1153e-49 -1.7971e-51 -2.6734e-53 -3.6719e-55 -4.6560e-57 -5.4505e-59 -5.8908e-61 -5.8778e-63 -5.4145e-65 -4.6048e-67 -3.6154e-69 -2.6206e-71 -1.7536e-73 -1.0834e-75 -6.1790e-78 -3.2535e-80 -1.5815e-82 -7.0972e-85 -2.9403e-87 -1.1246e-89 -3.9709e-92 -1.2944e-94 -3.8952e-97 -1.0821e-99 -2.7754e-102 -6.5714e-105 -1.4364e-107 -2.8985e-110 -5.3995e-113 -9.2859e-116 -1.4743e-118 -2.1608e-121 -2.9236e-124 -3.6519e-127 -4.2111e-130 -4.4828e-133 -4.4054e-136 -3.9967e-139 -3.3473e-142 -2.5881e-145 -1.8472e-148 -1.2172e-151 -7.4039e-155 -1.7589e-04 -1.7483e-04 -1.7159e-04 -1.6460e-04 -1.5273e-04 -1.3580e-04 0.0000e+00 -9.1819e-05 -6.9087e-05 -4.8751e-05 -3.2177e-05 -1.9823e-05 -1.1380e-05 -6.0797e-06 -3.0196e-06 -1.3930e-06 -5.9651e-07 -2.3694e-07 -8.7259e-08 -2.9781e-08 -9.4164e-09 -2.7573e-09 -7.4753e-10 -1.8759e-10 -4.3564e-11 -9.3605e-12 -1.8606e-12 -3.4209e-13 -5.8167e-14 -9.1457e-15 -1.3296e-15 -1.7870e-16 -2.2203e-17 -2.5500e-18 -2.7068e-19 -2.6556e-20 -2.4077e-21 -2.0173e-22 -1.5618e-23 -1.1173e-24 -7.3852e-26 -4.5101e-27 -2.5447e-28 -1.3264e-29 -6.3871e-31 -2.8412e-32 -1.1675e-33 -4.4317e-35 -1.5538e-36 -5.0323e-38 -1.5054e-39 -4.1593e-41 -1.0614e-42 -2.5017e-44 -5.4459e-46 -1.0949e-47 -2.0329e-49 -3.4861e-51 -5.5207e-53 -8.0741e-55 -1.0905e-56 -1.3602e-58 -1.5667e-60 -1.6664e-62 -1.6368e-64 -1.4846e-66 -1.2435e-68 -9.6179e-71 -6.8692e-73 -4.5302e-75 -2.7588e-77 -1.5514e-79 -8.0553e-82 -3.8621e-84 -1.7098e-86 -6.9893e-89 -2.6381e-91 -9.1942e-94 -2.9587e-96 -8.7911e-99 -2.4118e-101 -6.1095e-104 -1.4289e-106 -3.0858e-109 -6.1529e-112 -1.1327e-114 -1.9254e-117 -3.0218e-120 -4.3786e-123 -5.8580e-126 -7.2361e-129 -8.2526e-132 -8.6897e-135 -8.4480e-138 -7.5829e-141 -6.2840e-144 -4.8081e-147 -3.3965e-150 -2.2152e-153 -1.3339e-156
-1.0751e-04 -1.3897e-04 -1.8720e-04 -2.4528e-04 -3.0342e-04 -3.5030e-04 -3.7576e-04 6.4434e-03 -3.4450e-04 -2.9398e-04 -2.3219e-04 -1.6967e-04 -1.1469e-04 -7.1696e-05 -4.1439e-05 -2.2142e-05 -1.0936e-05 -4.9920e-06 -2.1059e-06 -8.2086e-07 -2.9564e-07 -9.8376e-08 -3.0242e-08 -8.5882e-09 -2.2529e-09 -5.4590e-10 -1.2218e-10 -2.5257e-11 -4.8221e-12 -8.5028e-13 -1.3847e-13 -2.0824e-14 -2.8922e-15 -3.7094e-16 -4.3934e-17 -4.8051e-18 -4.8530e-19 -4.5258e-20 -3.8974e-21 -3.0991e-22 -2.2754e-23 -1.5426e-24 -9.6568e-26 -5.5815e-27 -2.9787e-28 -1.4678e-29 -6.6779e-31 -2.8052e-32 -1.0880e-33 -3.8959e-35 -1.2881e-36 -3.9319e-38 -1.1081e-39 -2.8834e-41 -6.9270e-43 -1.5364e-44 -3.1462e-46 -5.9482e-48 -1.0382e-49 -1.6731e-51 -2.4892e-53 -3.4190e-55 -4.3356e-57 -5.0759e-59 -5.4862e-61 -5.4745e-63 -5.0433e-65 -4.2893e-67 -3.3679e-69 -2.4413e-71 -1.6338e-73 -1.0094e-75 -5.7572e-78 -3.0315e-80 -1.4737e-82 -6.6137e-85 -2.7402e-87 -1.0481e-89 -3.7009e-92 -1.2064e-94 -3.6307e-97 -1.0087e-99 -2.5871e-102 -6.1258e-105 -1.3390e-107 -2.7022e-110 -5.0340e-113 -8.6575e-116 -1.3745e-118 -2.0147e-121 -2.7261e-124 -3.4052e-127 -3.9268e-130 -4.1803e-133 -4.1083e-136 -3.7273e-139 -3.1217e-142 -2.4137e-145 -1.7229e-148 -1.1352e-151 -9.7677e-05 -1.0040e-04 -1.0364e-04 -1.0578e-04 -1.0518e-04 -1.0065e-04 -9.1819e-05 0.0000e+00 -6.4508e-05 -4.9239e-05 -3.5165e-05 -2.3447e-05 -1.4570e-05 -8.4274e-06 -4.5319e-06 -2.2639e-06 -1.0497e-06 -4.5153e-07 -1.8008e-07 -6.6564e-08 -2.2794e-08 -7.2289e-09 -2.1226e-09 -5.7692e-10 -1.4511e-10 -3.3773e-11 -7.2713e-12 -1.4480e-12 -2.6669e-13 -4.5420e-14 -7.1522e-15 -1.0413e-15 -1.4013e-16 -1.7433e-17 -2.0045e-18 -2.1302e-19 -2.0921e-20 -1.8987e-21 -1.5924e-22 -1.2340e-23 -8.8350e-25 -5.8446e-26 -3.5721e-27 -2.0169e-28 -1.0521e-29 -5.0695e-31 -2.2566e-32 -9.2786e-34 -3.5241e-35 -1.2363e-36 -4.0062e-38 -1.1991e-39 -3.3147e-41 -8.4630e-43 -1.9956e-44 -4.3462e-46 -8.7418e-48 -1.6238e-49 -2.7857e-51 -4.4133e-53 -6.4570e-55 -8.7242e-57 -1.0885e-58 -1.2543e-60 -1.3346e-62 -1.3113e-64 -1.1898e-66 -9.9684e-69 -7.7123e-71 -5.5098e-73 -3.6348e-75 -2.2141e-77 -1.2454e-79 -6.4682e-82 -3.1020e-84 -1.3736e-86 -5.6165e-89 -2.1204e-91 -7.3917e-94 -2.3792e-96 -7.0708e-99 -1.9403e-101 -4.9160e-104 -1.1500e-106 -2.4840e-109 -4.9538e-112 -9.1217e-115 -1.5508e-117 -2.4343e-120 -3.5279e-123 -4.7207e-126 -5.8322e-129 -6.6526e-132 -7.0061e-135 -6.8123e-138 -6.1156e-141 -5.0689e-144 -3.8789e-147 -2.7405e-150 -1.7876e-153
-5.6513e-05 -7.9119e-05 -1.1611e-04 -1.6516e-04 -2.2119e-04 -2.7615e-04 -3.2026e-04 -3.4450e-04 8.1502e-03 -3.1701e-04 -2.7091e-04 -2.1425e-04 -1.5675e-04 -1.0606e-04 -6.6365e-05 -3.8392e-05 -2.0530e-05 -1.0147e-05 -4.6351e-06 -1.9565e-06 -7.6309e-07 -2.7498e-07 -9.1546e-08 -2.8155e-08 -7.9991e-09 -2.0992e-09 -5.0885e-10 -1.1393e-10 -2.3559e-11 -4.4994e-12 -7.9361e-13 -1.2927e-13 -1.9447e-14 -2.7016e-15 -3.4658e-16 -4.1058e-17 -4.4915e-18 -4.5371e-19 -4.2321e-20 -3.6452e-21 -2.8990e-22 -2.1289e-23 -1.4436e-24 -9.0378e-26 -5.2246e-27 -2.7887e-28 -1.3743e-29 -6.2534e-31 -2.6272e-32 -1.0191e-33 -3.6497e-35 -1.2068e-36 -3.6842e-38 -1.0384e-39 -2.7023e-41 -6.4927e-43 -1.4402e-44 -2.9495e-46 -5.5767e-48 -9.7349e-50 -1.5689e-51 -2.3343e-53 -3.2066e-55 -4.0666e-57 -4.7613e-59 -5.1466e-61 -5.1359e-63 -4.7317e-65 -4.0245e-67 -3.1602e-69 -2.2909e-71 -1.5332e-73 -9.4732e-76 -5.4035e-78 -2.8455e-80 -1.3833e-82 -6.2085e-85 -2.5724e-87 -9.8397e-90 -3.4747e-92 -1.1327e-94 -3.4091e-97 -9.4718e-100 -2.4295e-102 -5.7528e-105 -1.2576e-107 -2.5378e-110 -4.7280e-113 -8.1316e-116 -1.2911e-118 -1.8925e-121 -2.5608e-124 -3.1989e-127 -3.6890e-130 -3.9273e-133 -3.8598e-136 -3.5019e-139 -2.9331e-142 -2.2679e-145 -1.6189e-148 -5.0150e-05 -5.3505e-05 -5.8345e-05 -6.3603e-05 -6.7963e-05 -7.0118e-05 -6.9087e-05 -6.4508e-05 0.0000e+00 -4.6887e-05 -3.6244e-05 -2.6161e-05 -1.7602e-05 -1.1024e-05 -6.4193e-06 -3.4726e-06 -1.7438e-06 -8.1235e-07 -3.5089e-07 -1.4047e-07 -5.2100e-08 -1.7896e-08 -5.6917e-09 -1.6756e-09 -4.5651e-10 -1.1508e-10 -2.6838e-11 -5.7891e-12 -1.1549e-12 -2.1306e-13 -3.6341e-14 -5.7310e-15 -8.3547e-16 -1.1258e-16 -1.4023e-17 -1.6142e-18 -1.7173e-19 -1.6883e-20 -1.5337e-21 -1.2874e-22 -9.9853e-24 -7.1554e-25 -4.7372e-26 -2.8975e-27 -1.6372e-28 -8.5458e-30 -4.1207e-31 -1.8354e-32 -7.5514e-34 -2.8698e-35 -1.0074e-36 -3.2660e-38 -9.7802e-40 -2.7050e-41 -6.9097e-43 -1.6301e-44 -3.5517e-46 -7.1469e-48 -1.3281e-49 -2.2794e-51 -3.6126e-53 -5.2874e-55 -7.1466e-57 -8.9202e-59 -1.0282e-60 -1.0944e-62 -1.0756e-64 -9.7626e-67 -8.1820e-69 -6.3321e-71 -4.5251e-73 -2.9860e-75 -1.8194e-77 -1.0236e-79 -5.3180e-82 -2.5510e-84 -1.1299e-86 -4.6211e-89 -1.7450e-91 -6.0845e-94 -1.9589e-96 -5.8229e-99 -1.5982e-101 -4.0500e-104 -9.4764e-107 -2.0473e-109 -4.0836e-112 -7.5208e-115 -1.2788e-117 -2.0078e-120 -2.9103e-123 -3.8950e-126 -4.8128e-129 -5.4907e-132 -5.7835e-135 -5.6244e-138 -5.0499e-141 -4.1862e-144 -3.2039e-147 -2.2640e-150
-2.7515e-05 -4.1827e-05 -6.6822e-05 -1.0304e-04 -1.4928e-04 -2.0151e-04 -2.5270e-04 -2.9398e-04 -3.1701e-04 1.0056e-02 -2.9287e-04 -2.5069e-04 -1.9854e-04 -1.4545e-04 -9.8534e-05 -6.1719e-05 -3.5739e-05 -1.9128e-05 -9.4619e-06 -4.3252e-06 -1.8269e-06 -7.1299e-07 -2.5708e-07 -8.5632e-08 -2.6350e-08 -7.4895e-09 -1.9663e-09 -4.7684e-10 -1.0680e-10 -2.2093e-11 -4.2209e-12 -7.4473e-13 -1.2135e-13 -1.8260e-14 -2.5373e-15 -3.2559e-16 -3.8581e-17 -4.2216e-18 -4.2654e-19 -3.9795e-20 -3.4283e-21 -2.7271e-22 -2.0030e-23 -1.3584e-24 -8.5062e-26 -4.9181e-27 -2.6255e-28 -1.2941e-29 -5.8892e-31 -2.4745e-32 -9.5998e-34 -3.4385e-35 -1.1371e-36 -3.4719e-38 -9.7870e-40 -2.5472e-41 -6.1205e-43 -1.3578e-44 -2.7810e-46 -5.2587e-48 -9.1805e-50 -1.4797e-51 -2.2018e-53 -3.0248e-55 -3.8364e-57 -4.4921e-59 -4.8560e-61 -4.8463e-63 -4.4652e-65 -3.7982e-67 -2.9827e-69 -2.1624e-71 -1.4473e-73 -8.9428e-76 -5.1013e-78 -2.6865e-80 -1.3061e-82 -5.8623e-85 -2.4291e-87 -9.2920e-90 -3.2815e-92 -1.0698e-94 -3.2199e-97 -8.9465e-100 -2.2949e-102 -5.4343e-105 -1.1880e-107 -2.3975e-110 -4.4669e-113 -7.6829e-116 -1.2199e-118 -1.7882e-121 -2.4198e-124 -3.0229e-127 -3.4861e-130 -3.7115e-133 -3.6478e-136 -3.3097e-139 -2.7722e-142 -2.1436e-145 -2.3804e-05 -2.6455e-05 -3.0590e-05 -3.5720e-05 -4.1099e-05 -4.5774e-05 -4.8751e-05 -4.9239e-05 -4.6887e-05 0.0000e+00 -3.5081e-05 -2.7417e-05 -1.9974e-05 -1.3546e-05 -8.5428e-06 -5.0049e-06 -2.7219e-06 -1.3734e-06 -6.4251e-07 -2.7860e-07 -1.1192e-07 -4.1640e-08 -1.4345e-08 -4.5742e-09 -1.3499e-09 -3.6860e-10 -9.3112e-11 -2.1756e-11 -4.7014e-12 -9.3948e-13 -1.7359e-13 -2.9652e-14 -4.6826e-15 -6.8352e-16 -9.2220e-17 -1.1500e-17 -1.3252e-18 -1.4113e-19 -1.3888e-20 -1.2629e-21 -1.0610e-22 -8.2360e-24 -5.9066e-25 -3.9135e-26 -2.3954e-27 -1.3545e-28 -7.0748e-30 -3.4136e-31 -1.5214e-32 -6.2631e-34 -2.3815e-35 -8.3643e-37 -2.7133e-38 -8.1292e-40 -2.2494e-41 -5.7487e-43 -1.3568e-44 -2.9576e-46 -5.9540e-48 -1.1069e-49 -1.9004e-51 -3.0131e-53 -4.4118e-55 -5.9652e-57 -7.4482e-59 -8.5879e-61 -9.1438e-63 -8.9901e-65 -8.1621e-67 -6.8427e-69 -5.2972e-71 -3.7866e-73 -2.4993e-75 -1.5233e-77 -8.5727e-80 -4.4547e-82 -2.1375e-84 -9.4697e-87 -3.8738e-89 -1.4632e-91 -5.1029e-94 -1.6432e-96 -4.8856e-99 -1.3412e-101 -3.3995e-104 -7.9558e-107 -1.7191e-109 -3.4297e-112 -6.3176e-115 -1.0744e-117 -1.6872e-120 -2.4460e-123 -3.2742e-126 -4.0464e-129 -4.6171e-132 -4.8640e-135 -4.7309e-138 -4.2484e-141 -3.5223e-144 -2.6962e-147
-1.2406e-05 -2.0510e-05 -3.5628e-05 -5.9499e-05 -9.3215e-05 -1.3605e-04 -1.8450e-04 -2.3219e-04 -2.7091e-04 -2.9287e-04 1.2162e-02 -2.7168e-04 -2.3295e-04 -1.8477e-04 -1.3554e-04 -9.1931e-05 -5.7646e-05 -3.3413e-05 -1.7900e-05 -8.8615e-06 -4.0538e-06 -1.7135e-06 -6.6914e-07 -2.4141e-07 -8.0458e-08 -2.4770e-08 -7.0440e-09 -1.8502e-09 -4.4886e-10 -1.0057e-10 -2.0813e-11 -3.9776e-12 -7.0204e-13 -1.1443e-13 -1.7224e-14 -2.3940e-15 -3.0729e-16 -3.6421e-17 -3.9862e-18 -4.0285e-19 -3.7593e-20 -3.2393e-21 -2.5772e-22 -1.8933e-23 -1.2842e-24 -8.0433e-26 -4.6512e-27 -2.4834e-28 -1.2242e-29 -5.5722e-31 -2.3417e-32 -9.0857e-34 -3.2548e-35 -1.0765e-36 -3.2872e-38 -9.2675e-40 -2.4123e-41 -5.7970e-43 -1.2862e-44 -2.6345e-46 -4.9823e-48 -8.6988e-50 -1.4022e-51 -2.0867e-53 -2.8669e-55 -3.6364e-57 -4.2583e-59 -4.6036e-61 -4.5948e-63 -4.2338e-65 -3.6016e-67 -2.8285e-69 -2.0508e-71 -1.3727e-73 -8.4824e-76 -4.8390e-78 -2.5485e-80 -1.2391e-82 -5.5620e-85 -2.3048e-87 -8.8170e-90 -3.1139e-92 -1.0152e-94 -3.0558e-97 -8.4910e-100 -2.1781e-102 -5.1581e-105 -1.1277e-107 -2.2759e-110 -4.2405e-113 -7.2939e-116 -1.1582e-118 -1.6978e-121 -2.2976e-124 -2.8703e-127 -3.3103e-130 -3.5245e-133 -3.4641e-136 -3.1432e-139 -2.6329e-142 -1.0446e-05 -1.2133e-05 -1.4925e-05 -1.8712e-05 -2.3215e-05 -2.7936e-05 -3.2177e-05 -3.5165e-05 -3.6244e-05 -3.5081e-05 0.0000e+00 -2.6900e-05 -2.1223e-05 -1.5588e-05 -1.0646e-05 -6.7553e-06 -3.9792e-06 -2.1746e-06 -1.1019e-06 -5.1753e-07 -2.2519e-07 -9.0754e-08 -3.3864e-08 -1.1697e-08 -3.7391e-09 -1.1060e-09 -3.0262e-10 -7.6594e-11 -1.7929e-11 -3.8810e-12 -7.7676e-13 -1.4373e-13 -2.4587e-14 -3.8878e-15 -5.6820e-16 -7.6751e-17 -9.5812e-18 -1.1053e-18 -1.1783e-19 -1.1606e-20 -1.0563e-21 -8.8819e-23 -6.9002e-24 -4.9524e-25 -3.2837e-26 -2.0113e-27 -1.1381e-28 -5.9483e-30 -2.8718e-31 -1.2807e-32 -5.2754e-34 -2.0071e-35 -7.0528e-37 -2.2890e-38 -6.8615e-40 -1.8996e-41 -4.8568e-43 -1.1468e-44 -2.5009e-46 -5.0367e-48 -9.3674e-50 -1.6089e-51 -2.5519e-53 -3.7378e-55 -5.0556e-57 -6.3146e-59 -7.2833e-61 -7.7572e-63 -7.6293e-65 -6.9287e-67 -5.8104e-69 -4.4993e-71 -3.2171e-73 -2.1241e-75 -1.2949e-77 -7.2893e-80 -3.7888e-82 -1.8183e-84 -8.0578e-87 -3.2970e-89 -1.2456e-91 -4.3450e-94 -1.3995e-96 -4.1618e-99 -1.1427e-101 -2.8970e-104 -6.7812e-107 -1.4656e-109 -2.9244e-112 -5.3879e-115 -9.1649e-118 -1.4394e-120 -2.0872e-123 -2.7943e-126 -3.4539e-129 -3.9416e-132 -4.1531e-135 -4.0401e-138 -3.6286e-141 -3.0089e-144
-5.1783e-06 -9.3199e-06 -1.7583e-05 -3.1779e-05 -5.3830e-05 -8.4952e-05 -1.2461e-04 -1.6967e-04 -2.1425e-04 -2.5069e-04 -2.7168e-04 1.4467e-02 -2.5304e-04 -2.1733e-04 -1.7263e-04 -1.2680e-04 -8.6110e-05 -5.4054e-05 -3.1361e-05 -1.6816e-05 -8.3316e-06 -3.8143e-06 -1.6133e-06 -6.3044e-07 -2.2758e-07 -7.5891e-08 -2.3376e-08 -6.6507e-09 -1.7477e-09 -4.2417e-10 -9.5080e-11 -1.9683e-11 -3.7630e-12 -6.6439e-13 -1.0832e-13 -1.6310e-14 -2.2677e-15 -2.9114e-16 -3.4517e-17 -3.7786e-18 -3.8196e-19 -3.5652e-20 -3.0726e-21 -2.4452e-22 -1.7966e-23 -1.2189e-24 -7.6353e-26 -4.4161e-27 -2.3582e-28 -1.1627e-29 -5.2930e-31 -2.2247e-32 -8.6329e-34 -3.0930e-35 -1.0231e-36 -3.1246e-38 -8.8103e-40 -2.2935e-41 -5.5122e-43 -1.2231e-44 -2.5057e-46 -4.7391e-48 -8.2751e-50 -1.3340e-51 -1.9854e-53 -2.7280e-55 -3.4605e-57 -4.0527e-59 -4.3818e-61 -4.3737e-63 -4.0304e-65 -3.4289e-67 -2.6931e-69 -1.9527e-71 -1.3071e-73 -8.0779e-76 -4.6086e-78 -2.4273e-80 -1.1803e-82 -5.2981e-85 -2.1956e-87 -8.3998e-90 -2.9667e-92 -9.6730e-95 -2.9117e-97 -8.0910e-100 -2.0756e-102 -4.9157e-105 -1.0747e-107 -2.1692e-110 -4.0418e-113 -6.9524e-116 -1.1040e-118 -1.6184e-121 -2.1903e-124 -2.7364e-127 -3.1561e-130 -3.3604e-133 -3.3030e-136 -2.9971e-139 -4.2375e-06 -5.1599e-06 -6.7710e-06 -9.1309e-06 -1.2228e-05 -1.5907e-05 -1.9823e-05 -2.3447e-05 -2.6161e-05 -2.7417e-05 -2.6900e-05 0.0000e+00 -2.1064e-05 -1.6756e-05 -1.2395e-05 -8.5181e-06 -5.4347e-06 -3.2169e-06 -1.7657e-06 -8.9824e-07 -4.2336e-07 -1.8481e-07 -7.4699e-08 -2.7949e-08 -9.6776e-09 -3.1007e-09 -9.1905e-10 -2.5197e-10 -6.3892e-11 -1.4981e-11 -3.2480e-12 -6.5105e-13 -1.2064e-13 -2.0664e-14 -3.2715e-15 -4.7870e-16 -6.4733e-17 -8.0894e-18 -9.3414e-19 -9.9674e-20 -9.8267e-21 -8.9511e-22 -7.5330e-23 -5.8568e-24 -4.2067e-25 -2.7913e-26 -1.7109e-27 -9.6868e-29 -5.0662e-30 -2.4474e-31 -1.0921e-32 -4.5009e-34 -1.7133e-35 -6.0237e-37 -1.9560e-38 -5.8660e-40 -1.6247e-41 -4.1559e-43 -9.8176e-45 -2.1418e-46 -4.3152e-48 -8.0288e-50 -1.3795e-51 -2.1888e-53 -3.2071e-55 -4.3394e-57 -5.4218e-59 -6.2556e-61 -6.6647e-63 -6.5568e-65 -5.9564e-67 -4.9965e-69 -3.8701e-71 -2.7680e-73 -1.8280e-75 -1.1147e-77 -6.2766e-80 -3.2632e-82 -1.5665e-84 -6.9433e-87 -2.8416e-89 -1.0738e-91 -3.7465e-94 -1.2069e-96 -3.5900e-99 -9.8593e-102 -2.5000e-104 -5.8531e-107 -1.2652e-109 -2.5251e-112 -4.6530e-115 -7.9163e-118 -1.2435e-120 -1.8034e-123 -2.4148e-126 -2.9853e-129 -3.4074e-132 -3.5907e-135 -3.4936e-138 -3.1382e-141
-2.0007e-06 -3.9215e-06 -8.0270e-06 -1.5693e-05 -2.8741e-05 -4.9052e-05 -7.7841e-05 -1.1469e-04 -1.5675e-04 -1.9854e-04 -2.3295e-04 -2.5304e-04 1.6971e-02 -2.3658e-04 -2.0352e-04 -1.6189e-04 -1.1906e-04 -8.0948e-05 -5.0867e-05 -2.9540e-05 -1.5853e-05 -7.8608e-06 -3.6013e-06 -1.5243e-06 -5.9602e-07 -2.1528e-07 -7.1828e-08 -2.2136e-08 -6.3008e-09 -1.6565e-09 -4.0220e-10 -9.0190e-11 -1.8678e-11 -3.5721e-12 -6.3087e-13 -1.0289e-13 -1.5496e-14 -2.1552e-15 -2.7678e-16 -3.2822e-17 -3.5939e-18 -3.6338e-19 -3.3925e-20 -2.9244e-21 -2.3277e-22 -1.7106e-23 -1.1608e-24 -7.2725e-26 -4.2069e-27 -2.2469e-28 -1.1080e-29 -5.0447e-31 -2.1206e-32 -8.2304e-34 -2.9492e-35 -9.7567e-37 -2.9801e-38 -8.4038e-40 -2.1879e-41 -5.2591e-43 -1.1671e-44 -2.3912e-46 -4.5230e-48 -7.8985e-50 -1.2734e-51 -1.8954e-53 -2.6046e-55 -3.3043e-57 -3.8701e-59 -4.1847e-61 -4.1773e-63 -3.8498e-65 -3.2754e-67 -2.5727e-69 -1.8656e-71 -1.2489e-73 -7.7186e-76 -4.4039e-78 -2.3197e-80 -1.1280e-82 -5.0638e-85 -2.0986e-87 -8.0293e-90 -2.8360e-92 -9.2475e-95 -2.7837e-97 -7.7360e-100 -1.9847e-102 -4.7004e-105 -1.0277e-107 -2.0744e-110 -3.8654e-113 -6.6493e-116 -1.0559e-118 -1.5480e-121 -2.0951e-124 -2.6176e-127 -3.0192e-130 -3.2148e-133 -3.1600e-136 -1.5891e-06 -2.0344e-06 -2.8546e-06 -4.1462e-06 -5.9979e-06 -8.4388e-06 -1.1380e-05 -1.4570e-05 -1.7602e-05 -1.9974e-05 -2.1223e-05 -2.1064e-05 0.0000e+00 -1.6794e-05 -1.3455e-05 -1.0016e-05 -6.9214e-06 -4.4376e-06 -2.6383e-06 -1.4538e-06 -7.4224e-07 -3.5097e-07 -1.5366e-07 -6.2278e-08 -2.3360e-08 -8.1072e-09 -2.6030e-09 -7.7307e-10 -2.1234e-10 -5.3935e-11 -1.2667e-11 -2.7504e-12 -5.5208e-13 -1.0244e-13 -1.7568e-14 -2.7846e-15 -4.0791e-16 -5.5219e-17 -6.9074e-18 -7.9840e-19 -8.5268e-20 -8.4137e-21 -7.6703e-22 -6.4601e-23 -5.0265e-24 -3.6129e-25 -2.3989e-26 -1.4713e-27 -8.3359e-29 -4.3623e-30 -2.1086e-31 -9.4141e-33 -3.8820e-34 -1.4785e-35 -5.2007e-37 -1.6896e-38 -5.0693e-40 -1.4047e-41 -3.5947e-43 -8.4954e-45 -1.8541e-46 -3.7370e-48 -6.9556e-50 -1.1955e-51 -1.8976e-53 -2.7814e-55 -3.7647e-57 -4.7053e-59 -5.4305e-61 -5.7875e-63 -5.6954e-65 -5.1754e-67 -4.3426e-69 -3.3646e-71 -2.4071e-73 -1.5901e-75 -9.6986e-78 -5.4622e-80 -2.8405e-82 -1.3639e-84 -6.0467e-87 -2.4752e-89 -9.3555e-92 -3.2649e-94 -1.0520e-96 -3.1297e-99 -8.5970e-102 -2.1804e-104 -5.1056e-107 -1.1038e-109 -2.2034e-112 -4.0610e-115 -6.9103e-118 -1.0857e-120 -1.5748e-123 -2.1089e-126 -2.6076e-129 -2.9772e-132 -3.1378e-135 -3.0533e-138
-7.1529e-07 -1.5269e-06 -3.3881e-06 -7.1632e-06 -1.4185e-05 -2.6186e-05 -4.4961e-05 -7.1696e-05 -1.0606e-04 -1.4545e-04 -1.8477e-04 -2.1733e-04 -2.3658e-04 1.9675e-02 -2.2199e-04 -1.9125e-04 -1.5234e-04 -1.1217e-04 -7.6347e-05 -4.8023e-05 -2.7914e-05 -1.4992e-05 -7.4398e-06 -3.4109e-06 -1.4446e-06 -5.6521e-07 -2.0427e-07 -6.8188e-08 -2.1024e-08 -5.9872e-09 -1.5747e-09 -3.8250e-10 -8.5805e-11 -1.7776e-11 -3.4008e-12 -6.0082e-13 -9.8020e-14 -1.4767e-14 -2.0543e-15 -2.6389e-16 -3.1301e-17 -3.4283e-18 -3.4671e-19 -3.2375e-20 -2.7914e-21 -2.2223e-22 -1.6335e-23 -1.1086e-24 -6.9470e-26 -4.0193e-27 -2.1471e-28 -1.0589e-29 -4.8221e-31 -2.0273e-32 -7.8693e-34 -2.8202e-35 -9.3312e-37 -2.8505e-38 -8.0393e-40 -2.0933e-41 -5.0322e-43 -1.1169e-44 -2.2885e-46 -4.3292e-48 -7.5609e-50 -1.2191e-51 -1.8147e-53 -2.4940e-55 -3.1643e-57 -3.7064e-59 -4.0080e-61 -4.0013e-63 -3.6878e-65 -3.1379e-67 -2.4649e-69 -1.7875e-71 -1.1967e-73 -7.3967e-76 -4.2205e-78 -2.2232e-80 -1.0812e-82 -4.8539e-85 -2.0118e-87 -7.6975e-90 -2.7190e-92 -8.8664e-95 -2.6691e-97 -7.4179e-100 -1.9032e-102 -4.5077e-105 -9.8563e-108 -1.9896e-110 -3.7075e-113 -6.3780e-116 -1.0129e-118 -1.4850e-121 -2.0099e-124 -2.5113e-127 -2.8966e-130 -3.0844e-133 -5.5090e-07 -7.4344e-07 -1.1176e-06 -1.7504e-06 -2.7367e-06 -4.1655e-06 -6.0797e-06 -8.4274e-06 -1.1024e-05 -1.3546e-05 -1.5588e-05 -1.6756e-05 -1.6794e-05 0.0000e+00 -1.3599e-05 -1.0965e-05 -8.2076e-06 -5.7000e-06 -3.6708e-06 -2.1911e-06 -1.2117e-06 -6.2065e-07 -2.9435e-07 -1.2923e-07 -5.2505e-08 -1.9739e-08 -6.8655e-09 -2.2087e-09 -6.5718e-10 -1.8082e-10 -4.6002e-11 -1.0820e-11 -2.3527e-12 -4.7289e-13 -8.7853e-14 -1.5085e-14 -2.3937e-15 -3.5102e-16 -4.7565e-17 -5.9557e-18 -6.8902e-19 -7.3650e-20 -7.2734e-21 -6.6360e-22 -5.5932e-23 -4.3550e-24 -3.1325e-25 -2.0813e-26 -1.2773e-27 -7.2411e-29 -3.7916e-30 -1.8338e-31 -8.1915e-33 -3.3796e-34 -1.2878e-35 -4.5322e-37 -1.4731e-38 -4.4217e-40 -1.2258e-41 -3.1381e-43 -7.4194e-45 -1.6199e-46 -3.2662e-48 -6.0816e-50 -1.0457e-51 -1.6603e-53 -2.4344e-55 -3.2961e-57 -4.1209e-59 -4.7576e-61 -5.0718e-63 -4.9926e-65 -4.5381e-67 -3.8088e-69 -2.9518e-71 -2.1123e-73 -1.3957e-75 -8.5153e-78 -4.7969e-80 -2.4951e-82 -1.1983e-84 -5.3139e-87 -2.1757e-89 -8.2252e-92 -2.8710e-94 -9.2528e-97 -2.7533e-99 -7.5644e-102 -1.9188e-104 -4.4941e-107 -9.7192e-110 -1.9404e-112 -3.5767e-115 -6.0871e-118 -9.5644e-121 -1.3876e-123 -1.8585e-126 -2.2984e-129 -2.6242e-132 -2.7662e-135
-2.3660e-07 -5.4992e-07 -1.3218e-06 -3.0217e-06 -6.4707e-06 -1.2922e-05 -2.4009e-05 -4.1439e-05 -6.6365e-05 -9.8534e-05 -1.3554e-04 -1.7263e-04 -2.0352e-04 -2.2199e-04 2.2578e-02 -2.0899e-04 -1.8030e-04 -1.4380e-04 -1.0601e-04 -7.2223e-05 -4.5471e-05 -2.6454e-05 -1.4219e-05 -7.0613e-06 -3.2395e-06 -1.3729e-06 -5.3746e-07 -1.9434e-07 -6.4908e-08 -2.0022e-08 -5.7044e-09 -1.5009e-09 -3.6473e-10 -8.1849e-11 -1.6962e-11 -3.2462e-12 -5.7369e-13 -9.3622e-14 -1.4108e-14 -1.9632e-15 -2.5225e-16 -2.9928e-17 -3.2787e-18 -3.3165e-19 -3.0976e-20 -2.6713e-21 -2.1271e-22 -1.5638e-23 -1.0615e-24 -6.6530e-26 -3.8499e-27 -2.0569e-28 -1.0146e-29 -4.6209e-31 -1.9430e-32 -7.5432e-34 -2.7037e-35 -8.9469e-37 -2.7334e-38 -7.7101e-40 -2.0078e-41 -4.8273e-43 -1.0715e-44 -2.1958e-46 -4.1542e-48 -7.2560e-50 -1.1701e-51 -1.7419e-53 -2.3941e-55 -3.0378e-57 -3.5586e-59 -3.8485e-61 -3.8424e-63 -3.5416e-65 -3.0137e-67 -2.3675e-69 -1.7171e-71 -1.1496e-73 -7.1061e-76 -4.0550e-78 -2.1362e-80 -1.0389e-82 -4.6645e-85 -1.9334e-87 -7.3979e-90 -2.6133e-92 -8.5223e-95 -2.5657e-97 -7.1309e-100 -1.8296e-102 -4.3338e-105 -9.4765e-108 -1.9130e-110 -3.5650e-113 -6.1331e-116 -9.7406e-119 -1.4281e-121 -1.9330e-124 -2.4153e-127 -2.7861e-130 -1.7654e-07 -2.5175e-07 -4.0615e-07 -6.8641e-07 -1.1604e-06 -1.9112e-06 -3.0196e-06 -4.5319e-06 -6.4193e-06 -8.5428e-06 -1.0646e-05 -1.2395e-05 -1.3455e-05 -1.3599e-05 0.0000e+00 -1.1164e-05 -9.0517e-06 -6.8093e-06 -4.7500e-06 -3.0712e-06 -1.8398e-06 -1.0208e-06 -5.2442e-07 -2.4940e-07 -1.0977e-07 -4.4702e-08 -1.6842e-08 -5.8693e-09 -1.8917e-09 -5.6384e-10 -1.5539e-10 -3.9592e-11 -9.3258e-12 -2.0305e-12 -4.0864e-13 -7.6007e-14 -1.3065e-14 -2.0755e-15 -3.0466e-16 -4.1324e-17 -5.1789e-18 -5.9967e-19 -6.4152e-20 -6.3404e-21 -5.7891e-22 -4.8830e-23 -3.8047e-24 -2.7384e-25 -1.8206e-26 -1.1180e-27 -6.3418e-29 -3.3226e-30 -1.6078e-31 -7.1859e-33 -2.9662e-34 -1.1308e-35 -3.9815e-37 -1.2947e-38 -3.8879e-40 -1.0783e-41 -2.7616e-43 -6.5317e-45 -1.4267e-46 -2.8776e-48 -5.3599e-50 -9.2192e-52 -1.4643e-53 -2.1477e-55 -2.9088e-57 -3.6379e-59 -4.2011e-61 -4.4799e-63 -4.4112e-65 -4.0107e-67 -3.3671e-69 -2.6102e-71 -1.8683e-73 -1.2348e-75 -7.5353e-78 -4.2459e-80 -2.2090e-82 -1.0611e-84 -4.7066e-87 -1.9275e-89 -7.2892e-92 -2.5448e-94 -8.2027e-97 -2.4411e-99 -6.7081e-102 -1.7019e-104 -3.9868e-107 -8.6225e-110 -1.7218e-112 -3.1744e-115 -5.4034e-118 -8.4919e-121 -1.2322e-123 -1.6507e-126 -2.0416e-129 -2.3314e-132
-7.2388e-08 -1.8313e-07 -4.7654e-07 -1.1779e-06 -2.7278e-06 -5.8937e-06 -1.1851e-05 -2.2142e-05 -3.8392e-05 -6.1719e-05 -9.1931e-05 -1.2680e-04 -1.6189e-04 -1.9125e-04 -2.0899e-04 2.5680e-02 -1.9736e-04 -1.7049e-04 -1.3613e-04 -1.0046e-04 -6.8509e-05 -4.3171e-05 -2.5136e-05 -1.3521e-05 -6.7192e-06 -3.0845e-06 -1.3080e-06 -5.1233e-07 -1.8535e-07 -6.1936e-08 -1.9114e-08 -5.4480e-09 -1.4341e-09 -3.4860e-10 -7.8259e-11 -1.6224e-11 -3.1058e-12 -5.4905e-13 -8.9628e-14 -1.3510e-14 -1.8804e-15 -2.4168e-16 -2.8681e-17 -3.1427e-18 -3.1797e-19 -2.9704e-20 -2.5622e-21 -2.0405e-22 -1.5005e-23 -1.0187e-24 -6.3858e-26 -3.6959e-27 -1.9749e-28 -9.7433e-30 -4.4381e-31 -1.8664e-32 -7.2468e-34 -2.5978e-35 -8.5975e-37 -2.6270e-38 -7.4108e-40 -1.9301e-41 -4.6409e-43 -1.0302e-44 -2.1115e-46 -3.9951e-48 -6.9788e-50 -1.1255e-51 -1.6757e-53 -2.3033e-55 -2.9228e-57 -3.4242e-59 -3.7035e-61 -3.6979e-63 -3.4088e-65 -2.9009e-67 -2.2791e-69 -1.6530e-71 -1.1068e-73 -6.8420e-76 -3.9046e-78 -2.0571e-80 -1.0005e-82 -4.4923e-85 -1.8621e-87 -7.1257e-90 -2.5173e-92 -8.2097e-95 -2.4718e-97 -6.8701e-100 -1.7628e-102 -4.1757e-105 -9.1313e-108 -1.8434e-110 -3.4355e-113 -5.9106e-116 -9.3876e-119 -1.3765e-121 -1.8631e-124 -2.3281e-127 -5.2295e-08 -7.8975e-08 -1.3692e-07 -2.4988e-07 -4.5689e-07 -8.1443e-07 -1.3930e-06 -2.2639e-06 -3.4726e-06 -5.0049e-06 -6.7553e-06 -8.5181e-06 -1.0016e-05 -1.0965e-05 -1.1164e-05 0.0000e+00 -9.2753e-06 -7.5581e-06 -5.7111e-06 -3.9999e-06 -2.5956e-06 -1.5600e-06 -8.6816e-07 -4.4723e-07 -2.1323e-07 -9.4065e-08 -3.8390e-08 -1.4493e-08 -5.0601e-09 -1.6338e-09 -4.8774e-10 -1.3462e-10 -3.4349e-11 -8.1017e-12 -1.7662e-12 -3.5587e-13 -6.6268e-14 -1.1403e-14 -1.8133e-15 -2.6643e-16 -3.6171e-17 -4.5371e-18 -5.2580e-19 -5.6294e-20 -5.5680e-21 -5.0875e-22 -4.2942e-23 -3.3481e-24 -2.4113e-25 -1.6041e-26 -9.8568e-28 -5.5942e-29 -2.9325e-30 -1.4198e-31 -6.3487e-33 -2.6219e-34 -1.0000e-35 -3.5226e-37 -1.1460e-38 -3.4428e-40 -9.5519e-42 -2.4474e-43 -5.7907e-45 -1.2653e-46 -2.5530e-48 -4.7570e-50 -8.1849e-52 -1.3005e-53 -1.9080e-55 -2.5849e-57 -3.2338e-59 -3.7356e-61 -3.9846e-63 -3.9246e-65 -3.5692e-67 -2.9973e-69 -2.3241e-71 -1.6639e-73 -1.1000e-75 -6.7150e-78 -3.7844e-80 -1.9693e-82 -9.4615e-85 -4.1975e-87 -1.7193e-89 -6.5025e-92 -2.2706e-94 -7.3207e-97 -2.1792e-99 -5.9895e-102 -1.5199e-104 -3.5610e-107 -7.7030e-110 -1.5384e-112 -2.8368e-115 -4.8296e-118 -7.5913e-121 -1.1017e-123 -1.4761e-126 -1.8259e-129
