1.0199e-04 -2.4988e-03 -2.4975e-03 -2.4958e-03 -2.4935e-03 -2.4908e-03 -2.4875e-03 -2.4838e-03 -2.4796e-03 -2.4749e-03 -2.4697e-03 -2.4640e-03 -2.4579e-03 -2.4512e-03 -2.4441e-03 -2.4366e-03 -2.4286e-03 -2.4201e-03 -2.4111e-03 -2.4017e-03 -2.3919e-03 -2.3817e-03 -2.3710e-03 -2.3599e-03 -2.3483e-03 -2.3364e-03 -2.3240e-03 -2.3113e-03 -2.2981e-03 -2.2846e-03 -2.2707e-03 -2.2565e-03 -2.2419e-03 -2.2269e-03 -2.2116e-03 -2.1959e-03 -2.1800e-03 -2.1637e-03 -2.1471e-03 -2.1302e-03 -2.1130e-03 -2.0956e-03 -2.0778e-03 -2.0598e-03 -2.0416e-03 -2.0231e-03 -2.0044e-03 -1.9854e-03 -1.9662e-03 -1.9469e-03 -1.9273e-03 -1.9076e-03 -1.8877e-03 -1.8676e-03 -1.8473e-03 -1.8269e-03 -1.8064e-03 -1.7858e-03 -1.7650e-03 -1.7441e-03 -1.7231e-03 -1.7021e-03 -1.6809e-03 -1.6597e-03 -1.6385e-03 -1.6171e-03 -1.5958e-03 -1.5744e-03 -1.5530e-03 -1.5315e-03 -1.5101e-03 -1.4886e-03 -1.4672e-03 -1.4458e-03 -1.4244e-03 -1.4031e-03 -1.3818e-03 -1.3605e-03 -1.3393e-03 -1.3182e-03 -1.2972e-03 -1.2762e-03 -1.2553e-03 -1.2345e-03 -1.2139e-03 -1.1933e-03 -1.1728e-03 -1.1525e-03 -1.1323e-03 -1.1122e-03 -1.0922e-03 -1.0724e-03 -1.0528e-03 -1.0333e-03 -1.0139e-03 -9.9474e-04 -9.7573e-04 -9.5689e-04 -9.3823e-04 -9.1974e-04 0.0000e+00 -2.4988e-03 -2.4975e-03 -2.4958e-03 -2.4935e-03 -2.4908e-03 -2.4875e-03 -2.4838e-03 -2.4796e-03 -2.4749e-03 -2.4697e-03 -2.4640e-03 -2.4579e-03 -2.4512e-03 -2.4441e-03 -2.4366e-03 -2.4285e-03 -2.4201e-03 -2.4111e-03 -2.4017e-03 -2.3919e-03 -2.3816e-03 -2.3710e-03 -2.3598e-03 -2.3483e-03 -2.3364e-03 -2.3240e-03 -2.3113e-03 -2.2981e-03 -2.2846e-03 -2.2707e-03 -2.2565e-03 -2.2418e-03 -2.2269e-03 -2.2116e-03 -2.1959e-03 -2.1799e-03 -2.1637e-03 -2.1471e-03 -2.1302e-03 -2.1130e-03 -2.0955e-03 -2.0778e-03 -2.0598e-03 -2.0415e-03 -2.0230e-03 -2.0043e-03 -1.9854e-03 -1.9662e-03 -1.9468e-03 -1.9273e-03 -1.9075e-03 -1.8876e-03 -1.8675e-03 -1.8473e-03 -1.8269e-03 -1.8063e-03 -1.7857e-03 -1.7649e-03 -1.7440e-03 -1.7231e-03 -1.7020e-03 -1.6809e-03 -1.6597e-03 -1.6384e-03 -1.6171e-03 -1.5957e-03 -1.5743e-03 -1.5529e-03 -1.5315e-03 -1.5100e-03 -1.4886e-03 -1.4671e-03 -1.4457e-03 -1.4244e-03 -1.4030e-03 -1.3817e-03 -1.3605e-03 -1.3393e-03 -1.3181e-03 -1.2971e-03 -1.2761e-03 -1.2552e-03 -1.2345e-03 -1.2138e-03 -1.1932e-03 -1.1727e-03 -1.1524e-03 -1.1322e-03 -1.1121e-03 -1.0921e-03 -1.0723e-03 -1.0527e-03 -1.0332e-03 -1.0138e-03 -9.9465e-04 -9.7564e-04 -9.5680e-04 -9.3814e-04 -9.1965e-04
-2.4988e-03 4.0796e-04 -2.4968e-03 -2.4950e-03 -2.4928e-03 -2.4900e-03 -2.4868e-03 -2.4831e-03 -2.4789e-03 -2.4741e-03 -2.4690e-03 -2.4633e-03 -2.4571e-03 -2.4505e-03 -2.4434e-03 -2.4359e-03 -2.4279e-03 -2.4194e-03 -2.4104e-03 -2.4011e-03 -2.3913e-03 -2.3810e-03 -2.3703e-03 -2.3592e-03 -2.3477e-03 -2.3357e-03 -2.3234e-03 -2.3107e-03 -2.2975e-03 -2.2840e-03 -2.2702e-03 -2.2559e-03 -2.2413e-03 -2.2263e-03 -2.2110e-03 -2.1954e-03 -2.1795e-03 -2.1632e-03 -2.1466e-03 -2.1297e-03 -2.1125e-03 -2.0951e-03 -2.0774e-03 -2.0594e-03 -2.0411e-03 -2.0227e-03 -2.0040e-03 -1.9850e-03 -1.9659e-03 -1.9465e-03 -1.9270e-03 -1.9072e-03 -1.8873e-03 -1.8672e-03 -1.8470e-03 -1.8266e-03 -1.8061e-03 -1.7855e-03 -1.7647e-03 -1.7439e-03 -1.7229e-03 -1.7019e-03 -1.6807e-03 -1.6595e-03 -1.6383e-03 -1.6170e-03 -1.5956e-03 -1.5742e-03 -1.5528e-03 -1.5314e-03 -1.5100e-03 -1.4885e-03 -1.4671e-03 -1.4457e-03 -1.4244e-03 -1.4030e-03 -1.3817e-03 -1.3605e-03 -1.3393e-03 -1.3182e-03 -1.2972e-03 -1.2762e-03 -1.2553e-03 -1.2346e-03 -1.2139e-03 -1.1933e-03 -1.1729e-03 -1.1525e-03 -1.1323e-03 -1.1122e-03 -1.0923e-03 -1.0725e-03 -1.0529e-03 -1.0334e-03 -1.0140e-03 -9.9486e-04 -9.7585e-04 -9.5702e-04 -9.3836e-04 -9.1988e-04 -2.4988e-03 0.0000e+00 -2.4968e-03 -2.4950e-03 -2.4928e-03 -2.4900e-03 -2.4868e-03 -2.4831e-03 -2.4788e-03 -2.4741e-03 -2.4690e-03 -2.4633e-03 -2.4571e-03 -2.4505e-03 -2.4434e-03 -2.4359e-03 -2.4278e-03 -2.4193e-03 -2.4104e-03 -2.4010e-03 -2.3912e-03 -2.3810e-03 -2.3703e-03 -2.3592e-03 -2.3476e-03 -2.3357e-03 -2.3233e-03 -2.3106e-03 -2.2975e-03 -2.2840e-03 -2.2701e-03 -2.2558e-03 -2.2412e-03 -2.2262e-03 -2.2109e-03 -2.1953e-03 -2.1793e-03 -2.1631e-03 -2.1465e-03 -2.1296e-03 -2.1124e-03 -2.0949e-03 -2.0772e-03 -2.0592e-03 -2.0410e-03 -2.0225e-03 -2.0038e-03 -1.9848e-03 -1.9657e-03 -1.9463e-03 -1.9268e-03 -1.9070e-03 -1.8871e-03 -1.8670e-03 -1.8468e-03 -1.8264e-03 -1.8059e-03 -1.7852e-03 -1.7645e-03 -1.7436e-03 -1.7227e-03 -1.7016e-03 -1.6805e-03 -1.6593e-03 -1.6380e-03 -1.6167e-03 -1.5953e-03 -1.5739e-03 -1.5525e-03 -1.5311e-03 -1.5097e-03 -1.4882e-03 -1.4668e-03 -1.4454e-03 -1.4240e-03 -1.4027e-03 -1.3814e-03 -1.3602e-03 -1.3390e-03 -1.3179e-03 -1.2968e-03 -1.2759e-03 -1.2550e-03 -1.2342e-03 -1.2135e-03 -1.1930e-03 -1.1725e-03 -1.1522e-03 -1.1320e-03 -1.1119e-03 -1.0919e-03 -1.0721e-03 -1.0525e-03 -1.0330e-03 -1.0137e-03 -9.9449e-04 -9.7548e-04 -9.5665e-04 -9.3799e-04 -9.1951e-04
-2.4975e-03 -2.4968e-03 9.1790e-04 -2.4938e-03 -2.4915e-03 -2.4888e-03 -2.4856e-03 -2.4818e-03 -2.4776e-03 -2.4729e-03 -2.4678e-03 -2.4621e-03 -2.4559e-03 -2.4493e-03 -2.4423e-03 -2.4347e-03 -2.4267e-03 -2.4182e-03 -2.4093e-03 -2.3999e-03 -2.3901e-03 -2.3799e-03 -2.3692e-03 -2.3581e-03 -2.3466e-03 -2.3347e-03 -2.3224e-03 -2.3097e-03 -2.2965e-03 -2.2830e-03 -2.2692e-03 -2.2550e-03 -2.2404e-03 -2.2254e-03 -2.2101e-03 -2.1945e-03 -2.1786e-03 -2.1623e-03 -2.1458e-03 -2.1289e-03 -2.1118e-03 -2.0943e-03 -2.0766e-03 -2.0587e-03 -2.0404e-03 -2.0220e-03 -2.0033e-03 -1.9844e-03 -1.9652e-03 -1.9459e-03 -1.9264e-03 -1.9067e-03 -1.8868e-03 -1.8667e-03 -1.8465e-03 -1.8262e-03 -1.8057e-03 -1.7850e-03 -1.7643e-03 -1.7435e-03 -1.7225e-03 -1.7015e-03 -1.6804e-03 -1.6592e-03 -1.6380e-03 -1.6167e-03 -1.5954e-03 -1.5740e-03 -1.5526e-03 -1.5312e-03 -1.5098e-03 -1.4884e-03 -1.4670e-03 -1.4456e-03 -1.4243e-03 -1.4029e-03 -1.3817e-03 -1.3604e-03 -1.3393e-03 -1.3182e-03 -1.2972e-03 -1.2762e-03 -1.2554e-03 -1.2346e-03 -1.2139e-03 -1.1934e-03 -1.1729e-03 -1.1526e-03 -1.1324e-03 -1.1124e-03 -1.0924e-03 -1.0727e-03 -1.0530e-03 -1.0335e-03 -1.0142e-03 -9.9505e-04 -9.7605e-04 -9.5723e-04 -9.3858e-04 -9.2011e-04 -2.4975e-03 -2.4968e-03 0.0000e+00 -2.4938e-03 -2.4915e-03 -2.4888e-03 -2.4855e-03 -2.4818e-03 -2.4776e-03 -2.4729e-03 -2.4677e-03 -2.4621e-03 -2.4559e-03 -2.4493e-03 -2.4422e-03 -2.4346e-03 -2.4266e-03 -2.4182e-03 -2.4092e-03 -2.3999e-03 -2.3900e-03 -2.3798e-03 -2.3691e-03 -2.3580e-03 -2.3465e-03 -2.3346e-03 -2.3222e-03 -2.3095e-03 -2.2964e-03 -2.2829e-03 -2.2690e-03 -2.2547e-03 -2.2401e-03 -2.2252e-03 -2.2099e-03 -2.1943e-03 -2.1783e-03 -2.1620e-03 -2.1455e-03 -2.1286e-03 -2.1114e-03 -2.0940e-03 -2.0763e-03 -2.0583e-03 -2.0401e-03 -2.0216e-03 -2.0029e-03 -1.9840e-03 -1.9648e-03 -1.9455e-03 -1.9259e-03 -1.9062e-03 -1.8863e-03 -1.8662e-03 -1.8460e-03 -1.8256e-03 -1.8051e-03 -1.7845e-03 -1.7638e-03 -1.7429e-03 -1.7220e-03 -1.7009e-03 -1.6798e-03 -1.6586e-03 -1.6374e-03 -1.6161e-03 -1.5947e-03 -1.5733e-03 -1.5519e-03 -1.5305e-03 -1.5091e-03 -1.4877e-03 -1.4663e-03 -1.4449e-03 -1.4235e-03 -1.4022e-03 -1.3809e-03 -1.3597e-03 -1.3385e-03 -1.3174e-03 -1.2964e-03 -1.2754e-03 -1.2546e-03 -1.2338e-03 -1.2131e-03 -1.1926e-03 -1.1721e-03 -1.1518e-03 -1.1316e-03 -1.1115e-03 -1.0916e-03 -1.0718e-03 -1.0522e-03 -1.0327e-03 -1.0134e-03 -9.9422e-04 -9.7523e-04 -9.5640e-04 -9.3775e-04 -9.1928e-04
-2.4958e-03 -2.4950e-03 -2.4938e-03 1.6318e-03 -2.4898e-03 -2.4871e-03 -2.4838e-03 -2.4801e-03 -2.4759e-03 -2.4712e-03 -2.4661e-03 -2.4604e-03 -2.4543e-03 -2.4477e-03 -2.4406e-03 -2.4331e-03 -2.4251e-03 -2.4166e-03 -2.4077e-03 -2.3984e-03 -2.3886e-03 -2.3783e-03 -2.3677e-03 -2.3566e-03 -2.3451e-03 -2.3332e-03 -2.3209e-03 -2.3082e-03 -2.2951e-03 -2.2817e-03 -2.2678e-03 -2.2536e-03 -2.2391e-03 -2.2241e-03 -2.2089e-03 -2.1933e-03 -2.1774e-03 -2.1611e-03 -2.1446e-03 -2.1278e-03 -2.1106e-03 -2.0932e-03 -2.0756e-03 -2.0576e-03 -2.0394e-03 -2.0210e-03 -2.0023e-03 -1.9835e-03 -1.9644e-03 -1.9451e-03 -1.9256e-03 -1.9059e-03 -1.8860e-03 -1.8660e-03 -1.8458e-03 -1.8255e-03 -1.8050e-03 -1.7844e-03 -1.7637e-03 -1.7429e-03 -1.7220e-03 -1.7010e-03 -1.6799e-03 -1.6588e-03 -1.6376e-03 -1.6163e-03 -1.5950e-03 -1.5737e-03 -1.5523e-03 -1.5309e-03 -1.5095e-03 -1.4882e-03 -1.4668e-03 -1.4454e-03 -1.4241e-03 -1.4028e-03 -1.3816e-03 -1.3604e-03 -1.3392e-03 -1.3181e-03 -1.2971e-03 -1.2762e-03 -1.2554e-03 -1.2346e-03 -1.2140e-03 -1.1935e-03 -1.1730e-03 -1.1527e-03 -1.1326e-03 -1.1125e-03 -1.0926e-03 -1.0729e-03 -1.0532e-03 -1.0338e-03 -1.0145e-03 -9.9531e-04 -9.7633e-04 -9.5752e-04 -9.3889e-04 -9.2043e-04 -2.4958e-03 -2.4950e-03 -2.4938e-03 0.0000e+00 -2.4898e-03 -2.4870e-03 -2.4838e-03 -2.4801e-03 -2.4759e-03 -2.4712e-03 -2.4660e-03 -2.4603e-03 -2.4542e-03 -2.4476e-03 -2.4405e-03 -2.4330e-03 -2.4250e-03 -2.4165e-03 -2.4076e-03 -2.3982e-03 -2.3884e-03 -2.3782e-03 -2.3675e-03 -2.3564e-03 -2.3449e-03 -2.3330e-03 -2.3207e-03 -2.3079e-03 -2.2948e-03 -2.2813e-03 -2.2675e-03 -2.2532e-03 -2.2387e-03 -2.2237e-03 -2.2084e-03 -2.1928e-03 -2.1769e-03 -2.1606e-03 -2.1441e-03 -2.1272e-03 -2.1101e-03 -2.0927e-03 -2.0750e-03 -2.0570e-03 -2.0388e-03 -2.0203e-03 -2.0016e-03 -1.9827e-03 -1.9636e-03 -1.9443e-03 -1.9248e-03 -1.9050e-03 -1.8852e-03 -1.8651e-03 -1.8449e-03 -1.8246e-03 -1.8041e-03 -1.7835e-03 -1.7627e-03 -1.7419e-03 -1.7210e-03 -1.6999e-03 -1.6788e-03 -1.6577e-03 -1.6364e-03 -1.6152e-03 -1.5938e-03 -1.5725e-03 -1.5511e-03 -1.5297e-03 -1.5083e-03 -1.4869e-03 -1.4655e-03 -1.4442e-03 -1.4228e-03 -1.4015e-03 -1.3803e-03 -1.3590e-03 -1.3379e-03 -1.3168e-03 -1.2958e-03 -1.2749e-03 -1.2540e-03 -1.2333e-03 -1.2126e-03 -1.1921e-03 -1.1716e-03 -1.1513e-03 -1.1311e-03 -1.1111e-03 -1.0912e-03 -1.0714e-03 -1.0518e-03 -1.0323e-03 -1.0130e-03 -9.9385e-04 -9.7486e-04 -9.5605e-04 -9.3742e-04 -9.1896e-04
-2.4935e-03 -2.4928e-03 -2.4915e-03 -2.4898e-03 2.5497e-03 -2.4848e-03 -2.4816e-03 -2.4779e-03 -2.4737e-03 -2.4690e-03 -2.4639e-03 -2.4582e-03 -2.4521e-03 -2.4455e-03 -2.4385e-03 -2.4310e-03 -2.4230e-03 -2.4145e-03 -2.4057e-03 -2.3963e-03 -2.3866e-03 -2.3764e-03 -2.3657e-03 -2.3547e-03 -2.3432e-03 -2.3313e-03 -2.3191e-03 -2.3064e-03 -2.2933e-03 -2.2799e-03 -2.2661e-03 -2.2519e-03 -2.2374e-03 -2.2225e-03 -2.2073e-03 -2.1917e-03 -2.1758e-03 -2.1596e-03 -2.1431e-03 -2.1263e-03 -2.1092e-03 -2.0919e-03 -2.0742e-03 -2.0563e-03 -2.0382e-03 -2.0198e-03 -2.0011e-03 -1.9823e-03 -1.9632e-03 -1.9440e-03 -1.9245e-03 -1.9049e-03 -1.8850e-03 -1.8650e-03 -1.8449e-03 -1.8246e-03 -1.8042e-03 -1.7836e-03 -1.7630e-03 -1.7422e-03 -1.7213e-03 -1.7003e-03 -1.6793e-03 -1.6582e-03 -1.6370e-03 -1.6158e-03 -1.5945e-03 -1.5732e-03 -1.5519e-03 -1.5306e-03 -1.5092e-03 -1.4879e-03 -1.4665e-03 -1.4452e-03 -1.4239e-03 -1.4026e-03 -1.3814e-03 -1.3603e-03 -1.3391e-03 -1.3181e-03 -1.2971e-03 -1.2762e-03 -1.2554e-03 -1.2347e-03 -1.2141e-03 -1.1936e-03 -1.1732e-03 -1.1529e-03 -1.1328e-03 -1.1127e-03 -1.0929e-03 -1.0731e-03 -1.0535e-03 -1.0341e-03 -1.0148e-03 -9.9565e-04 -9.7669e-04 -9.5790e-04 -9.3928e-04 -9.2084e-04 -2.4935e-03 -2.4928e-03 -2.4915e-03 -2.4898e-03 0.0000e+00 -2.4848e-03 -2.4816e-03 -2.4779e-03 -2.4737e-03 -2.4690e-03 -2.4638e-03 -2.4581e-03 -2.4520e-03 -2.4454e-03 -2.4383e-03 -2.4308e-03 -2.4228e-03 -2.4144e-03 -2.4054e-03 -2.3961e-03 -2.3863e-03 -2.3761e-03 -2.3654e-03 -2.3543e-03 -2.3429e-03 -2.3309e-03 -2.3186e-03 -2.3059e-03 -2.2929e-03 -2.2794e-03 -2.2655e-03 -2.2513e-03 -2.2368e-03 -2.2218e-03 -2.2066e-03 -2.1910e-03 -2.1751e-03 -2.1588e-03 -2.1423e-03 -2.1255e-03 -2.1083e-03 -2.0909e-03 -2.0733e-03 -2.0553e-03 -2.0371e-03 -2.0187e-03 -2.0000e-03 -1.9812e-03 -1.9621e-03 -1.9427e-03 -1.9232e-03 -1.9036e-03 -1.8837e-03 -1.8637e-03 -1.8435e-03 -1.8232e-03 -1.8027e-03 -1.7821e-03 -1.7614e-03 -1.7406e-03 -1.7197e-03 -1.6987e-03 -1.6776e-03 -1.6565e-03 -1.6353e-03 -1.6140e-03 -1.5927e-03 -1.5714e-03 -1.5500e-03 -1.5287e-03 -1.5073e-03 -1.4859e-03 -1.4646e-03 -1.4432e-03 -1.4219e-03 -1.4006e-03 -1.3794e-03 -1.3582e-03 -1.3371e-03 -1.3160e-03 -1.2950e-03 -1.2741e-03 -1.2533e-03 -1.2325e-03 -1.2119e-03 -1.1914e-03 -1.1710e-03 -1.1507e-03 -1.1305e-03 -1.1105e-03 -1.0906e-03 -1.0708e-03 -1.0512e-03 -1.0318e-03 -1.0125e-03 -9.9336e-04 -9.7440e-04 -9.5561e-04 -9.3699e-04 -9.1855e-04
-2.4908e-03 -2.4900e-03 -2.4888e-03 -2.4871e-03 -2.4848e-03 3.6716e-03 -2.4789e-03 -2.4752e-03 -2.4710e-03 -2.4664e-03 -2.4612e-03 -2.4556e-03 -2.4495e-03 -2.4429e-03 -2.4359e-03 -2.4284e-03 -2.4204e-03 -2.4120e-03 -2.4032e-03 -2.3939e-03 -2.3841e-03 -2.3739e-03 -2.3633e-03 -2.3523e-03 -2.3409e-03 -2.3290e-03 -2.3168e-03 -2.3042e-03 -2.2911e-03 -2.2777e-03 -2.2639e-03 -2.2498e-03 -2.2353e-03 -2.2205e-03 -2.2053e-03 -2.1898e-03 -2.1739e-03 -2.1578e-03 -2.1413e-03 -2.1245e-03 -2.1075e-03 -2.0902e-03 -2.0726e-03 -2.0547e-03 -2.0366e-03 -2.0183e-03 -1.9997e-03 -1.9809e-03 -1.9618e-03 -1.9426e-03 -1.9232e-03 -1.9036e-03 -1.8838e-03 -1.8639e-03 -1.8438e-03 -1.8235e-03 -1.8032e-03 -1.7827e-03 -1.7620e-03 -1.7413e-03 -1.7205e-03 -1.6996e-03 -1.6786e-03 -1.6575e-03 -1.6364e-03 -1.6152e-03 -1.5939e-03 -1.5727e-03 -1.5514e-03 -1.5301e-03 -1.5088e-03 -1.4875e-03 -1.4662e-03 -1.4449e-03 -1.4237e-03 -1.4024e-03 -1.3813e-03 -1.3601e-03 -1.3390e-03 -1.3180e-03 -1.2971e-03 -1.2762e-03 -1.2555e-03 -1.2348e-03 -1.2142e-03 -1.1937e-03 -1.1734e-03 -1.1531e-03 -1.1330e-03 -1.1130e-03 -1.0931e-03 -1.0734e-03 -1.0539e-03 -1.0344e-03 -1.0152e-03 -9.9607e-04 -9.7713e-04 -9.5836e-04 -9.3976e-04 -9.2135e-04 -2.4908e-03 -2.4900e-03 -2.4888e-03 -2.4870e-03 -2.4848e-03 0.0000e+00 -2.4789e-03 -2.4752e-03 -2.4710e-03 -2.4663e-03 -2.4611e-03 -2.4555e-03 -2.4493e-03 -2.4428e-03 -2.4357e-03 -2.4282e-03 -2.4202e-03 -2.4117e-03 -2.4029e-03 -2.3935e-03 -2.3837e-03 -2.3735e-03 -2.3629e-03 -2.3518e-03 -2.3404e-03 -2.3285e-03 -2.3162e-03 -2.3035e-03 -2.2904e-03 -2.2770e-03 -2.2632e-03 -2.2490e-03 -2.2344e-03 -2.2195e-03 -2.2043e-03 -2.1887e-03 -2.1728e-03 -2.1566e-03 -2.1401e-03 -2.1233e-03 -2.1062e-03 -2.0888e-03 -2.0712e-03 -2.0533e-03 -2.0351e-03 -2.0167e-03 -1.9981e-03 -1.9792e-03 -1.9602e-03 -1.9409e-03 -1.9214e-03 -1.9018e-03 -1.8819e-03 -1.8619e-03 -1.8418e-03 -1.8215e-03 -1.8011e-03 -1.7805e-03 -1.7598e-03 -1.7390e-03 -1.7182e-03 -1.6972e-03 -1.6762e-03 -1.6550e-03 -1.6339e-03 -1.6126e-03 -1.5914e-03 -1.5701e-03 -1.5487e-03 -1.5274e-03 -1.5061e-03 -1.4847e-03 -1.4634e-03 -1.4421e-03 -1.4208e-03 -1.3995e-03 -1.3783e-03 -1.3571e-03 -1.3360e-03 -1.3150e-03 -1.2940e-03 -1.2732e-03 -1.2524e-03 -1.2317e-03 -1.2111e-03 -1.1906e-03 -1.1702e-03 -1.1499e-03 -1.1298e-03 -1.1098e-03 -1.0899e-03 -1.0702e-03 -1.0506e-03 -1.0312e-03 -1.0119e-03 -9.9278e-04 -9.7383e-04 -9.5506e-04 -9.3646e-04 -9.1804e-04
-2.4875e-03 -2.4868e-03 -2.4856e-03 -2.4838e-03 -2.4816e-03 -2.4789e-03 4.9974e-03 -2.4720e-03 -2.4679e-03 -2.4632e-03 -2.4581e-03 -2.4525e-03 -2.4464e-03 -2.4398e-03 -2.4328e-03 -2.4254e-03 -2.4174e-03 -2.4090e-03 -2.4002e-03 -2.3909e-03 -2.3812e-03 -2.3711e-03 -2.3605e-03 -2.3495e-03 -2.3381e-03 -2.3263e-03 -2.3141e-03 -2.3015e-03 -2.2885e-03 -2.2752e-03 -2.2614e-03 -2.2473e-03 -2.2329e-03 -2.2181e-03 -2.2029e-03 -2.1875e-03 -2.1717e-03 -2.1556e-03 -2.1391e-03 -2.1224e-03 -2.1054e-03 -2.0882e-03 -2.0706e-03 -2.0528e-03 -2.0348e-03 -2.0165e-03 -1.9979e-03 -1.9792e-03 -1.9602e-03 -1.9410e-03 -1.9217e-03 -1.9021e-03 -1.8824e-03 -1.8625e-03 -1.8425e-03 -1.8223e-03 -1.8020e-03 -1.7815e-03 -1.7609e-03 -1.7403e-03 -1.7195e-03 -1.6986e-03 -1.6777e-03 -1.6567e-03 -1.6356e-03 -1.6144e-03 -1.5933e-03 -1.5721e-03 -1.5508e-03 -1.5296e-03 -1.5083e-03 -1.4871e-03 -1.4658e-03 -1.4446e-03 -1.4234e-03 -1.4022e-03 -1.3810e-03 -1.3600e-03 -1.3389e-03 -1.3180e-03 -1.2971e-03 -1.2762e-03 -1.2555e-03 -1.2349e-03 -1.2143e-03 -1.1939e-03 -1.1736e-03 -1.1534e-03 -1.1333e-03 -1.1133e-03 -1.0935e-03 -1.0738e-03 -1.0543e-03 -1.0349e-03 -1.0156e-03 -9.9656e-04 -9.7765e-04 -9.5890e-04 -9.4033e-04 -9.2194e-04 -2.4875e-03 -2.4868e-03 -2.4855e-03 -2.4838e-03 -2.4816e-03 -2.4789e-03 0.0000e+00 -2.4719e-03 -2.4678e-03 -2.4631e-03 -2.4579e-03 -2.4523e-03 -2.4462e-03 -2.4396e-03 -2.4326e-03 -2.4251e-03 -2.4171e-03 -2.4087e-03 -2.3998e-03 -2.3905e-03 -2.3807e-03 -2.3705e-03 -2.3599e-03 -2.3489e-03 -2.3374e-03 -2.3255e-03 -2.3133e-03 -2.3006e-03 -2.2876e-03 -2.2742e-03 -2.2604e-03 -2.2462e-03 -2.2317e-03 -2.2168e-03 -2.2016e-03 -2.1861e-03 -2.1702e-03 -2.1540e-03 -2.1376e-03 -2.1208e-03 -2.1037e-03 -2.0864e-03 -2.0687e-03 -2.0509e-03 -2.0327e-03 -2.0144e-03 -1.9958e-03 -1.9769e-03 -1.9579e-03 -1.9387e-03 -1.9192e-03 -1.8996e-03 -1.8798e-03 -1.8599e-03 -1.8398e-03 -1.8195e-03 -1.7991e-03 -1.7786e-03 -1.7579e-03 -1.7372e-03 -1.7164e-03 -1.6954e-03 -1.6744e-03 -1.6533e-03 -1.6322e-03 -1.6110e-03 -1.5898e-03 -1.5685e-03 -1.5472e-03 -1.5259e-03 -1.5046e-03 -1.4833e-03 -1.4620e-03 -1.4407e-03 -1.4194e-03 -1.3982e-03 -1.3770e-03 -1.3559e-03 -1.3349e-03 -1.3138e-03 -1.2929e-03 -1.2721e-03 -1.2513e-03 -1.2306e-03 -1.2100e-03 -1.1896e-03 -1.1692e-03 -1.1490e-03 -1.1289e-03 -1.1089e-03 -1.0891e-03 -1.0694e-03 -1.0498e-03 -1.0304e-03 -1.0112e-03 -9.9208e-04 -9.7316e-04 -9.5441e-04 -9.3584e-04 -9.1745e-04
-2.4838e-03 -2.4831e-03 -2.4818e-03 -2.4801e-03 -2.4779e-03 -2.4752e-03 -2.4720e-03 6.5272e-03 -2.4642e-03 -2.4596e-03 -2.4545e-03 -2.4489e-03 -2.4428e-03 -2.4363e-03 -2.4293e-03 -2.4219e-03 -2.4140e-03 -2.4056e-03 -2.3968e-03 -2.3876e-03 -2.3779e-03 -2.3678e-03 -2.3573e-03 -2.3463e-03 -2.3350e-03 -2.3232e-03 -2.3110e-03 -2.2985e-03 -2.2855e-03 -2.2722e-03 -2.2585e-03 -2.2445e-03 -2.2301e-03 -2.2153e-03 -2.2002e-03 -2.1848e-03 -2.1691e-03 -2.1530e-03 -2.1367e-03 -2.1200e-03 -2.1031e-03 -2.0859e-03 -2.0684e-03 -2.0506e-03 -2.0326e-03 -2.0144e-03 -1.9959e-03 -1.9772e-03 -1.9583e-03 -1.9392e-03 -1.9199e-03 -1.9004e-03 -1.8808e-03 -1.8610e-03 -1.8410e-03 -1.8208e-03 -1.8006e-03 -1.7802e-03 -1.7597e-03 -1.7391e-03 -1.7183e-03 -1.6975e-03 -1.6766e-03 -1.6557e-03 -1.6347e-03 -1.6136e-03 -1.5925e-03 -1.5713e-03 -1.5502e-03 -1.5290e-03 -1.5078e-03 -1.4866e-03 -1.4654e-03 -1.4442e-03 -1.4230e-03 -1.4019e-03 -1.3808e-03 -1.3598e-03 -1.3388e-03 -1.3179e-03 -1.2970e-03 -1.2763e-03 -1.2556e-03 -1.2350e-03 -1.2145e-03 -1.1941e-03 -1.1738e-03 -1.1536e-03 -1.1336e-03 -1.1137e-03 -1.0939e-03 -1.0742e-03 -1.0547e-03 -1.0354e-03 -1.0162e-03 -9.9712e-04 -9.7824e-04 -9.5953e-04 -9.4099e-04 -9.2262e-04 -2.4838e-03 -2.4831e-03 -2.4818e-03 -2.4801e-03 -2.4779e-03 -2.4752e-03 -2.4719e-03 0.0000e+00 -2.4641e-03 -2.4594e-03 -2.4543e-03 -2.4486e-03 -2.4426e-03 -2.4360e-03 -2.4290e-03 -2.4215e-03 -2.4135e-03 -2.4051e-03 -2.3963e-03 -2.3870e-03 -2.3772e-03 -2.3671e-03 -2.3565e-03 -2.3454e-03 -2.3340e-03 -2.3222e-03 -2.3099e-03 -2.2973e-03 -2.2843e-03 -2.2709e-03 -2.2571e-03 -2.2430e-03 -2.2285e-03 -2.2137e-03 -2.1985e-03 -2.1830e-03 -2.1672e-03 -2.1510e-03 -2.1346e-03 -2.1179e-03 -2.1008e-03 -2.0835e-03 -2.0659e-03 -2.0481e-03 -2.0300e-03 -2.0117e-03 -1.9931e-03 -1.9743e-03 -1.9553e-03 -1.9361e-03 -1.9167e-03 -1.8972e-03 -1.8774e-03 -1.8575e-03 -1.8374e-03 -1.8172e-03 -1.7968e-03 -1.7764e-03 -1.7558e-03 -1.7351e-03 -1.7143e-03 -1.6934e-03 -1.6724e-03 -1.6514e-03 -1.6303e-03 -1.6091e-03 -1.5879e-03 -1.5667e-03 -1.5454e-03 -1.5242e-03 -1.5029e-03 -1.4816e-03 -1.4604e-03 -1.4391e-03 -1.4179e-03 -1.3967e-03 -1.3756e-03 -1.3545e-03 -1.3335e-03 -1.3125e-03 -1.2916e-03 -1.2708e-03 -1.2501e-03 -1.2294e-03 -1.2089e-03 -1.1885e-03 -1.1681e-03 -1.1479e-03 -1.1279e-03 -1.1079e-03 -1.0881e-03 -1.0684e-03 -1.0489e-03 -1.0295e-03 -1.0103e-03 -9.9128e-04 -9.7239e-04 -9.5367e-04 -9.3513e-04 -9.1676e-04
-2.4796e-03 -2.4789e-03 -2.4776e-03 -2.4759e-03 -2.4737e-03 -2.4710e-03 -2.4679e-03 -2.4642e-03 8.2609e-03 -2.4555e-03 -2.4504e-03 -2.4448e-03 -2.4388e-03 -2.4323e-03 -2.4253e-03 -2.4179e-03 -2.4100e-03 -2.4017e-03 -2.3930e-03 -2.3838e-03 -2.3741e-03 -2.3641e-03 -2.3536e-03 -2.3427e-03 -2.3314e-03 -2.3196e-03 -2.3075e-03 -2.2950e-03 -2.2821e-03 -2.2689e-03 -2.2552e-03 -2.2413e-03 -2.2269e-03 -2.2122e-03 -2.1972e-03 -2.1818e-03 -2.1662e-03 -2.1502e-03 -2.1339e-03 -2.1173e-03 -2.1004e-03 -2.0833e-03 -2.0658e-03 -2.0482e-03 -2.0302e-03 -2.0121e-03 -1.9937e-03 -1.9750e-03 -1.9562e-03 -1.9372e-03 -1.9179e-03 -1.8985e-03 -1.8789e-03 -1.8592e-03 -1.8393e-03 -1.8192e-03 -1.7990e-03 -1.7787e-03 -1.7582e-03 -1.7377e-03 -1.7170e-03 -1.6963e-03 -1.6755e-03 -1.6546e-03 -1.6336e-03 -1.6126e-03 -1.5916e-03 -1.5705e-03 -1.5494e-03 -1.5283e-03 -1.5071e-03 -1.4860e-03 -1.4648e-03 -1.4437e-03 -1.4226e-03 -1.4016e-03 -1.3805e-03 -1.3596e-03 -1.3386e-03 -1.3178e-03 -1.2970e-03 -1.2763e-03 -1.2556e-03 -1.2351e-03 -1.2146e-03 -1.1943e-03 -1.1741e-03 -1.1539e-03 -1.1339e-03 -1.1140e-03 -1.0943e-03 -1.0747e-03 -1.0552e-03 -1.0359e-03 -1.0168e-03 -9.9775e-04 -9.7891e-04 -9.6023e-04 -9.4172e-04 -9.2339e-04 -2.4796e-03 -2.4788e-03 -2.4776e-03 -2.4759e-03 -2.4737e-03 -2.4710e-03 -2.4678e-03 -2.4641e-03 0.0000e+00 -2.4553e-03 -2.4501e-03 -2.4445e-03 -2.4384e-03 -2.4319e-03 -2.4249e-03 -2.4174e-03 -2.4095e-03 -2.4011e-03 -2.3923e-03 -2.3830e-03 -2.3733e-03 -2.3631e-03 -2.3526e-03 -2.3416e-03 -2.3302e-03 -2.3184e-03 -2.3062e-03 -2.2936e-03 -2.2806e-03 -2.2672e-03 -2.2535e-03 -2.2394e-03 -2.2249e-03 -2.2101e-03 -2.1950e-03 -2.1795e-03 -2.1638e-03 -2.1477e-03 -2.1312e-03 -2.1145e-03 -2.0976e-03 -2.0803e-03 -2.0627e-03 -2.0450e-03 -2.0269e-03 -2.0086e-03 -1.9901e-03 -1.9714e-03 -1.9524e-03 -1.9333e-03 -1.9139e-03 -1.8944e-03 -1.8747e-03 -1.8548e-03 -1.8348e-03 -1.8146e-03 -1.7943e-03 -1.7739e-03 -1.7533e-03 -1.7326e-03 -1.7119e-03 -1.6910e-03 -1.6701e-03 -1.6491e-03 -1.6281e-03 -1.6070e-03 -1.5858e-03 -1.5647e-03 -1.5434e-03 -1.5222e-03 -1.5010e-03 -1.4798e-03 -1.4586e-03 -1.4374e-03 -1.4162e-03 -1.3950e-03 -1.3740e-03 -1.3529e-03 -1.3319e-03 -1.3110e-03 -1.2901e-03 -1.2694e-03 -1.2487e-03 -1.2281e-03 -1.2076e-03 -1.1872e-03 -1.1669e-03 -1.1467e-03 -1.1267e-03 -1.1068e-03 -1.0870e-03 -1.0674e-03 -1.0479e-03 -1.0286e-03 -1.0094e-03 -9.9037e-04 -9.7151e-04 -9.5283e-04 -9.3431e-04 -9.1598e-04
-2.4749e-03 -2.4741e-03 -2.4729e-03 -2.4712e-03 -2.4690e-03 -2.4664e-03 -2.4632e-03 -2.4596e-03 -2.4555e-03 1.0199e-02 -2.4458e-03 -2.4403e-03 -2.4343e-03 -2.4278e-03 -2.4209e-03 -2.4135e-03 -2.4057e-03 -2.3974e-03 -2.3887e-03 -2.3795e-03 -2.3699e-03 -2.3599e-03 -2.3495e-03 -2.3386e-03 -2.3273e-03 -2.3157e-03 -2.3036e-03 -2.2912e-03 -2.2784e-03 -2.2651e-03 -2.2516e-03 -2.2376e-03 -2.2234e-03 -2.2087e-03 -2.1938e-03 -2.1785e-03 -2.1629e-03 -2.1470e-03 -2.1307e-03 -2.1142e-03 -2.0974e-03 -2.0803e-03 -2.0630e-03 -2.0454e-03 -2.0275e-03 -2.0095e-03 -1.9911e-03 -1.9726e-03 -1.9538e-03 -1.9349e-03 -1.9157e-03 -1.8964e-03 -1.8769e-03 -1.8572e-03 -1.8373e-03 -1.8174e-03 -1.7972e-03 -1.7770e-03 -1.7566e-03 -1.7362e-03 -1.7156e-03 -1.6949e-03 -1.6742e-03 -1.6534e-03 -1.6325e-03 -1.6116e-03 -1.5906e-03 -1.5696e-03 -1.5485e-03 -1.5275e-03 -1.5064e-03 -1.4853e-03 -1.4643e-03 -1.4432e-03 -1.4222e-03 -1.4012e-03 -1.3802e-03 -1.3593e-03 -1.3385e-03 -1.3177e-03 -1.2969e-03 -1.2763e-03 -1.2557e-03 -1.2352e-03 -1.2148e-03 -1.1945e-03 -1.1743e-03 -1.1543e-03 -1.1343e-03 -1.1145e-03 -1.0948e-03 -1.0752e-03 -1.0558e-03 -1.0365e-03 -1.0174e-03 -9.9846e-04 -9.7965e-04 -9.6101e-04 -9.4254e-04 -9.2424e-04 -2.4749e-03 -2.4741e-03 -2.4729e-03 -2.4712e-03 -2.4690e-03 -2.4663e-03 -2.4631e-03 -2.4594e-03 -2.4553e-03 0.0000e+00 -2.4455e-03 -2.4399e-03 -2.4339e-03 -2.4273e-03 -2.4203e-03 -2.4129e-03 -2.4050e-03 -2.3966e-03 -2.3878e-03 -2.3785e-03 -2.3689e-03 -2.3588e-03 -2.3482e-03 -2.3373e-03 -2.3259e-03 -2.3141e-03 -2.3019e-03 -2.2894e-03 -2.2764e-03 -2.2631e-03 -2.2494e-03 -2.2354e-03 -2.2210e-03 -2.2062e-03 -2.1911e-03 -2.1757e-03 -2.1599e-03 -2.1439e-03 -2.1275e-03 -2.1108e-03 -2.0939e-03 -2.0767e-03 -2.0592e-03 -2.0414e-03 -2.0234e-03 -2.0052e-03 -1.9867e-03 -1.9680e-03 -1.9491e-03 -1.9300e-03 -1.9107e-03 -1.8913e-03 -1.8716e-03 -1.8518e-03 -1.8318e-03 -1.8117e-03 -1.7914e-03 -1.7710e-03 -1.7506e-03 -1.7299e-03 -1.7092e-03 -1.6885e-03 -1.6676e-03 -1.6466e-03 -1.6256e-03 -1.6046e-03 -1.5835e-03 -1.5624e-03 -1.5412e-03 -1.5200e-03 -1.4989e-03 -1.4777e-03 -1.4565e-03 -1.4354e-03 -1.4143e-03 -1.3932e-03 -1.3721e-03 -1.3511e-03 -1.3302e-03 -1.3093e-03 -1.2885e-03 -1.2678e-03 -1.2471e-03 -1.2266e-03 -1.2061e-03 -1.1858e-03 -1.1655e-03 -1.1454e-03 -1.1254e-03 -1.1055e-03 -1.0858e-03 -1.0662e-03 -1.0468e-03 -1.0275e-03 -1.0083e-03 -9.8935e-04 -9.7053e-04 -9.5188e-04 -9.3341e-04 -9.1511e-04
-2.4697e-03 -2.4690e-03 -2.4678e-03 -2.4661e-03 -2.4639e-03 -2.4612e-03 -2.4581e-03 -2.4545e-03 -2.4504e-03 -2.4458e-03 1.2340e-02 -2.4353e-03 -2.4293e-03 -2.4229e-03 -2.4160e-03 -2.4086e-03 -2.4008e-03 -2.3926e-03 -2.3839e-03 -2.3748e-03 -2.3653e-03 -2.3553e-03 -2.3449e-03 -2.3341e-03 -2.3229e-03 -2.3113e-03 -2.2993e-03 -2.2869e-03 -2.2742e-03 -2.2610e-03 -2.2475e-03 -2.2337e-03 -2.2195e-03 -2.2049e-03 -2.1900e-03 -2.1748e-03 -2.1593e-03 -2.1434e-03 -2.1273e-03 -2.1109e-03 -2.0941e-03 -2.0771e-03 -2.0599e-03 -2.0423e-03 -2.0246e-03 -2.0066e-03 -1.9883e-03 -1.9699e-03 -1.9512e-03 -1.9323e-03 -1.9133e-03 -1.8940e-03 -1.8746e-03 -1.8550e-03 -1.8352e-03 -1.8153e-03 -1.7953e-03 -1.7751e-03 -1.7549e-03 -1.7345e-03 -1.7140e-03 -1.6934e-03 -1.6728e-03 -1.6520e-03 -1.6312e-03 -1.6104e-03 -1.5895e-03 -1.5686e-03 -1.5476e-03 -1.5266e-03 -1.5056e-03 -1.4846e-03 -1.4637e-03 -1.4427e-03 -1.4217e-03 -1.4008e-03 -1.3799e-03 -1.3591e-03 -1.3383e-03 -1.3175e-03 -1.2969e-03 -1.2763e-03 -1.2558e-03 -1.2353e-03 -1.2150e-03 -1.1948e-03 -1.1746e-03 -1.1546e-03 -1.1347e-03 -1.1150e-03 -1.0953e-03 -1.0758e-03 -1.0564e-03 -1.0372e-03 -1.0182e-03 -9.9923e-04 -9.8047e-04 -9.6187e-04 -9.4344e-04 -9.2518e-04 -2.4697e-03 -2.4690e-03 -2.4677e-03 -2.4660e-03 -2.4638e-03 -2.4611e-03 -2.4579e-03 -2.4543e-03 -2.4501e-03 -2.4455e-03 0.0000e+00 -2.4348e-03 -2.4288e-03 -2.4223e-03 -2.4153e-03 -2.4079e-03 -2.4000e-03 -2.3917e-03 -2.3829e-03 -2.3737e-03 -2.3640e-03 -2.3539e-03 -2.3434e-03 -2.3325e-03 -2.3212e-03 -2.3094e-03 -2.2973e-03 -2.2848e-03 -2.2719e-03 -2.2586e-03 -2.2449e-03 -2.2309e-03 -2.2165e-03 -2.2018e-03 -2.1868e-03 -2.1714e-03 -2.1557e-03 -2.1397e-03 -2.1234e-03 -2.1068e-03 -2.0899e-03 -2.0727e-03 -2.0553e-03 -2.0376e-03 -2.0196e-03 -2.0014e-03 -1.9830e-03 -1.9644e-03 -1.9455e-03 -1.9265e-03 -1.9073e-03 -1.8878e-03 -1.8682e-03 -1.8485e-03 -1.8285e-03 -1.8085e-03 -1.7883e-03 -1.7680e-03 -1.7475e-03 -1.7270e-03 -1.7063e-03 -1.6856e-03 -1.6648e-03 -1.6439e-03 -1.6230e-03 -1.6020e-03 -1.5809e-03 -1.5598e-03 -1.5387e-03 -1.5176e-03 -1.4965e-03 -1.4754e-03 -1.4543e-03 -1.4332e-03 -1.4121e-03 -1.3911e-03 -1.3701e-03 -1.3491e-03 -1.3283e-03 -1.3074e-03 -1.2867e-03 -1.2660e-03 -1.2454e-03 -1.2249e-03 -1.2045e-03 -1.1842e-03 -1.1640e-03 -1.1439e-03 -1.1240e-03 -1.1042e-03 -1.0845e-03 -1.0649e-03 -1.0455e-03 -1.0263e-03 -1.0072e-03 -9.8823e-04 -9.6945e-04 -9.5084e-04 -9.3241e-04 -9.1415e-04
-2.4640e-03 -2.4633e-03 -2.4621e-03 -2.4604e-03 -2.4582e-03 -2.4556e-03 -2.4525e-03 -2.4489e-03 -2.4448e-03 -2.4403e-03 -2.4353e-03 1.4686e-02 -2.4238e-03 -2.4175e-03 -2.4106e-03 -2.4033e-03 -2.3956e-03 -2.3874e-03 -2.3787e-03 -2.3697e-03 -2.3602e-03 -2.3503e-03 -2.3400e-03 -2.3292e-03 -2.3181e-03 -2.3065e-03 -2.2946e-03 -2.2823e-03 -2.2696e-03 -2.2565e-03 -2.2431e-03 -2.2293e-03 -2.2152e-03 -2.2007e-03 -2.1859e-03 -2.1708e-03 -2.1553e-03 -2.1396e-03 -2.1235e-03 -2.1072e-03 -2.0905e-03 -2.0736e-03 -2.0564e-03 -2.0390e-03 -2.0213e-03 -2.0034e-03 -1.9853e-03 -1.9669e-03 -1.9483e-03 -1.9295e-03 -1.9106e-03 -1.8914e-03 -1.8721e-03 -1.8526e-03 -1.8329e-03 -1.8131e-03 -1.7932e-03 -1.7731e-03 -1.7529e-03 -1.7326e-03 -1.7122e-03 -1.6918e-03 -1.6712e-03 -1.6506e-03 -1.6299e-03 -1.6091e-03 -1.5883e-03 -1.5674e-03 -1.5466e-03 -1.5257e-03 -1.5048e-03 -1.4839e-03 -1.4630e-03 -1.4421e-03 -1.4212e-03 -1.4003e-03 -1.3795e-03 -1.3588e-03 -1.3381e-03 -1.3174e-03 -1.2968e-03 -1.2763e-03 -1.2558e-03 -1.2355e-03 -1.2152e-03 -1.1950e-03 -1.1750e-03 -1.1550e-03 -1.1352e-03 -1.1155e-03 -1.0959e-03 -1.0765e-03 -1.0571e-03 -1.0380e-03 -1.0189e-03 -1.0001e-03 -9.8136e-04 -9.6281e-04 -9.4443e-04 -9.2621e-04 -2.4640e-03 -2.4633e-03 -2.4621e-03 -2.4603e-03 -2.4581e-03 -2.4555e-03 -2.4523e-03 -2.4486e-03 -2.4445e-03 -2.4399e-03 -2.4348e-03 0.0000e+00 -2.4233e-03 -2.4168e-03 -2.4098e-03 -2.4024e-03 -2.3946e-03 -2.3863e-03 -2.3775e-03 -2.3683e-03 -2.3587e-03 -2.3486e-03 -2.3382e-03 -2.3273e-03 -2.3160e-03 -2.3043e-03 -2.2922e-03 -2.2797e-03 -2.2669e-03 -2.2536e-03 -2.2400e-03 -2.2260e-03 -2.2117e-03 -2.1971e-03 -2.1821e-03 -2.1667e-03 -2.1511e-03 -2.1351e-03 -2.1189e-03 -2.1023e-03 -2.0855e-03 -2.0684e-03 -2.0510e-03 -2.0333e-03 -2.0155e-03 -1.9973e-03 -1.9790e-03 -1.9604e-03 -1.9416e-03 -1.9226e-03 -1.9034e-03 -1.8841e-03 -1.8645e-03 -1.8448e-03 -1.8250e-03 -1.8050e-03 -1.7848e-03 -1.7646e-03 -1.7442e-03 -1.7237e-03 -1.7031e-03 -1.6825e-03 -1.6617e-03 -1.6409e-03 -1.6200e-03 -1.5991e-03 -1.5781e-03 -1.5571e-03 -1.5361e-03 -1.5150e-03 -1.4939e-03 -1.4729e-03 -1.4518e-03 -1.4308e-03 -1.4098e-03 -1.3888e-03 -1.3679e-03 -1.3470e-03 -1.3262e-03 -1.3054e-03 -1.2847e-03 -1.2641e-03 -1.2435e-03 -1.2231e-03 -1.2027e-03 -1.1825e-03 -1.1623e-03 -1.1423e-03 -1.1224e-03 -1.1027e-03 -1.0830e-03 -1.0635e-03 -1.0442e-03 -1.0250e-03 -1.0059e-03 -9.8700e-04 -9.6827e-04 -9.4971e-04 -9.3131e-04 -9.1309e-04
-2.4579e-03 -2.4571e-03 -2.4559e-03 -2.4543e-03 -2.4521e-03 -2.4495e-03 -2.4464e-03 -2.4428e-03 -2.4388e-03 -2.4343e-03 -2.4293e-03 -2.4238e-03 1.7235e-02 -2.4116e-03 -2.4048e-03 -2.3975e-03 -2.3898e-03 -2.3817e-03 -2.3731e-03 -2.3641e-03 -2.3547e-03 -2.3448e-03 -2.3346e-03 -2.3239e-03 -2.3128e-03 -2.3014e-03 -2.2895e-03 -2.2773e-03 -2.2647e-03 -2.2517e-03 -2.2383e-03 -2.2246e-03 -2.2106e-03 -2.1962e-03 -2.1815e-03 -2.1664e-03 -2.1511e-03 -2.1354e-03 -2.1194e-03 -2.1032e-03 -2.0866e-03 -2.0698e-03 -2.0527e-03 -2.0354e-03 -2.0178e-03 -2.0000e-03 -1.9819e-03 -1.9637e-03 -1.9452e-03 -1.9265e-03 -1.9076e-03 -1.8886e-03 -1.8694e-03 -1.8500e-03 -1.8304e-03 -1.8107e-03 -1.7909e-03 -1.7709e-03 -1.7508e-03 -1.7306e-03 -1.7103e-03 -1.6900e-03 -1.6695e-03 -1.6490e-03 -1.6283e-03 -1.6077e-03 -1.5870e-03 -1.5662e-03 -1.5454e-03 -1.5246e-03 -1.5038e-03 -1.4830e-03 -1.4622e-03 -1.4414e-03 -1.4206e-03 -1.3999e-03 -1.3791e-03 -1.3584e-03 -1.3378e-03 -1.3172e-03 -1.2967e-03 -1.2763e-03 -1.2559e-03 -1.2356e-03 -1.2154e-03 -1.1953e-03 -1.1753e-03 -1.1555e-03 -1.1357e-03 -1.1160e-03 -1.0965e-03 -1.0771e-03 -1.0579e-03 -1.0388e-03 -1.0198e-03 -1.0010e-03 -9.8232e-04 -9.6382e-04 -9.4549e-04 -9.2732e-04 -2.4579e-03 -2.4571e-03 -2.4559e-03 -2.4542e-03 -2.4520e-03 -2.4493e-03 -2.4462e-03 -2.4426e-03 -2.4384e-03 -2.4339e-03 -2.4288e-03 -2.4233e-03 0.0000e+00 -2.4108e-03 -2.4039e-03 -2.3965e-03 -2.3887e-03 -2.3804e-03 -2.3717e-03 -2.3625e-03 -2.3529e-03 -2.3429e-03 -2.3325e-03 -2.3216e-03 -2.3104e-03 -2.2987e-03 -2.2867e-03 -2.2743e-03 -2.2614e-03 -2.2482e-03 -2.2347e-03 -2.2208e-03 -2.2065e-03 -2.1919e-03 -2.1770e-03 -2.1617e-03 -2.1461e-03 -2.1302e-03 -2.1140e-03 -2.0975e-03 -2.0807e-03 -2.0637e-03 -2.0463e-03 -2.0288e-03 -2.0109e-03 -1.9929e-03 -1.9746e-03 -1.9561e-03 -1.9373e-03 -1.9184e-03 -1.8993e-03 -1.8800e-03 -1.8605e-03 -1.8409e-03 -1.8211e-03 -1.8012e-03 -1.7811e-03 -1.7609e-03 -1.7406e-03 -1.7202e-03 -1.6997e-03 -1.6791e-03 -1.6584e-03 -1.6376e-03 -1.6168e-03 -1.5960e-03 -1.5750e-03 -1.5541e-03 -1.5331e-03 -1.5121e-03 -1.4911e-03 -1.4702e-03 -1.4492e-03 -1.4282e-03 -1.4073e-03 -1.3863e-03 -1.3655e-03 -1.3446e-03 -1.3239e-03 -1.3032e-03 -1.2825e-03 -1.2620e-03 -1.2415e-03 -1.2211e-03 -1.2008e-03 -1.1806e-03 -1.1605e-03 -1.1406e-03 -1.1207e-03 -1.1010e-03 -1.0814e-03 -1.0620e-03 -1.0427e-03 -1.0235e-03 -1.0045e-03 -9.8567e-04 -9.6699e-04 -9.4847e-04 -9.3012e-04 -9.1195e-04
-2.4512e-03 -2.4505e-03 -2.4493e-03 -2.4477e-03 -2.4455e-03 -2.4429e-03 -2.4398e-03 -2.4363e-03 -2.4323e-03 -2.4278e-03 -2.4229e-03 -2.4175e-03 -2.4116e-03 1.9989e-02 -2.3985e-03 -2.3913e-03 -2.3837e-03 -2.3756e-03 -2.3671e-03 -2.3581e-03 -2.3488e-03 -2.3390e-03 -2.3288e-03 -2.3182e-03 -2.3072e-03 -2.2958e-03 -2.2840e-03 -2.2718e-03 -2.2593e-03 -2.2464e-03 -2.2332e-03 -2.2195e-03 -2.2056e-03 -2.1913e-03 -2.1767e-03 -2.1617e-03 -2.1464e-03 -2.1309e-03 -2.1150e-03 -2.0988e-03 -2.0824e-03 -2.0657e-03 -2.0487e-03 -2.0315e-03 -2.0140e-03 -1.9963e-03 -1.9784e-03 -1.9602e-03 -1.9418e-03 -1.9233e-03 -1.9045e-03 -1.8856e-03 -1.8664e-03 -1.8471e-03 -1.8277e-03 -1.8081e-03 -1.7884e-03 -1.7685e-03 -1.7486e-03 -1.7285e-03 -1.7083e-03 -1.6880e-03 -1.6677e-03 -1.6472e-03 -1.6267e-03 -1.6062e-03 -1.5856e-03 -1.5649e-03 -1.5442e-03 -1.5235e-03 -1.5028e-03 -1.4821e-03 -1.4614e-03 -1.4407e-03 -1.4200e-03 -1.3993e-03 -1.3787e-03 -1.3581e-03 -1.3375e-03 -1.3171e-03 -1.2966e-03 -1.2763e-03 -1.2560e-03 -1.2358e-03 -1.2157e-03 -1.1956e-03 -1.1757e-03 -1.1559e-03 -1.1362e-03 -1.1166e-03 -1.0972e-03 -1.0779e-03 -1.0587e-03 -1.0396e-03 -1.0207e-03 -1.0020e-03 -9.8336e-04 -9.6491e-04 -9.4663e-04 -9.2851e-04 -2.4512e-03 -2.4505e-03 -2.4493e-03 -2.4476e-03 -2.4454e-03 -2.4428e-03 -2.4396e-03 -2.4360e-03 -2.4319e-03 -2.4273e-03 -2.4223e-03 -2.4168e-03 -2.4108e-03 0.0000e+00 -2.3975e-03 -2.3901e-03 -2.3823e-03 -2.3741e-03 -2.3654e-03 -2.3563e-03 -2.3467e-03 -2.3368e-03 -2.3264e-03 -2.3156e-03 -2.3044e-03 -2.2928e-03 -2.2808e-03 -2.2684e-03 -2.2556e-03 -2.2425e-03 -2.2290e-03 -2.2151e-03 -2.2009e-03 -2.1863e-03 -2.1714e-03 -2.1562e-03 -2.1407e-03 -2.1249e-03 -2.1087e-03 -2.0923e-03 -2.0756e-03 -2.0586e-03 -2.0413e-03 -2.0238e-03 -2.0061e-03 -1.9881e-03 -1.9698e-03 -1.9514e-03 -1.9327e-03 -1.9139e-03 -1.8948e-03 -1.8756e-03 -1.8562e-03 -1.8367e-03 -1.8169e-03 -1.7971e-03 -1.7771e-03 -1.7570e-03 -1.7367e-03 -1.7164e-03 -1.6959e-03 -1.6754e-03 -1.6548e-03 -1.6341e-03 -1.6134e-03 -1.5926e-03 -1.5717e-03 -1.5509e-03 -1.5300e-03 -1.5091e-03 -1.4881e-03 -1.4672e-03 -1.4463e-03 -1.4254e-03 -1.4045e-03 -1.3837e-03 -1.3629e-03 -1.3421e-03 -1.3214e-03 -1.3008e-03 -1.2802e-03 -1.2597e-03 -1.2393e-03 -1.2190e-03 -1.1987e-03 -1.1786e-03 -1.1586e-03 -1.1387e-03 -1.1189e-03 -1.0992e-03 -1.0797e-03 -1.0603e-03 -1.0411e-03 -1.0220e-03 -1.0030e-03 -9.8423e-04 -9.6560e-04 -9.4714e-04 -9.2884e-04 -9.1072e-04
-2.4441e-03 -2.4434e-03 -2.4423e-03 -2.4406e-03 -2.4385e-03 -2.4359e-03 -2.4328e-03 -2.4293e-03 -2.4253e-03 -2.4209e-03 -2.4160e-03 -2.4106e-03 -2.4048e-03 -2.3985e-03 2.2946e-02 -2.3847e-03 -2.3771e-03 -2.3690e-03 -2.3606e-03 -2.3517e-03 -2.3424e-03 -2.3327e-03 -2.3226e-03 -2.3120e-03 -2.3011e-03 -2.2898e-03 -2.2781e-03 -2.2660e-03 -2.2536e-03 -2.2408e-03 -2.2276e-03 -2.2141e-03 -2.2002e-03 -2.1860e-03 -2.1715e-03 -2.1567e-03 -2.1415e-03 -2.1260e-03 -2.1103e-03 -2.0942e-03 -2.0779e-03 -2.0613e-03 -2.0444e-03 -2.0273e-03 -2.0100e-03 -1.9924e-03 -1.9745e-03 -1.9565e-03 -1.9382e-03 -1.9198e-03 -1.9011e-03 -1.8823e-03 -1.8633e-03 -1.8441e-03 -1.8248e-03 -1.8053e-03 -1.7857e-03 -1.7660e-03 -1.7461e-03 -1.7262e-03 -1.7061e-03 -1.6859e-03 -1.6657e-03 -1.6454e-03 -1.6250e-03 -1.6045e-03 -1.5840e-03 -1.5635e-03 -1.5429e-03 -1.5223e-03 -1.5017e-03 -1.4811e-03 -1.4605e-03 -1.4399e-03 -1.4193e-03 -1.3987e-03 -1.3782e-03 -1.3577e-03 -1.3373e-03 -1.3169e-03 -1.2965e-03 -1.2762e-03 -1.2561e-03 -1.2359e-03 -1.2159e-03 -1.1960e-03 -1.1761e-03 -1.1564e-03 -1.1368e-03 -1.1173e-03 -1.0979e-03 -1.0786e-03 -1.0595e-03 -1.0405e-03 -1.0217e-03 -1.0030e-03 -9.8446e-04 -9.6607e-04 -9.4784e-04 -9.2978e-04 -2.4441e-03 -2.4434e-03 -2.4422e-03 -2.4405e-03 -2.4383e-03 -2.4357e-03 -2.4326e-03 -2.4290e-03 -2.4249e-03 -2.4203e-03 -2.4153e-03 -2.4098e-03 -2.4039e-03 -2.3975e-03 0.0000e+00 -2.3833e-03 -2.3755e-03 -2.3673e-03 -2.3587e-03 -2.3496e-03 -2.3401e-03 -2.3302e-03 -2.3198e-03 -2.3091e-03 -2.2979e-03 -2.2863e-03 -2.2744e-03 -2.2621e-03 -2.2493e-03 -2.2363e-03 -2.2228e-03 -2.2090e-03 -2.1949e-03 -2.1804e-03 -2.1655e-03 -2.1504e-03 -2.1349e-03 -2.1191e-03 -2.1031e-03 -2.0867e-03 -2.0701e-03 -2.0531e-03 -2.0360e-03 -2.0185e-03 -2.0008e-03 -1.9829e-03 -1.9648e-03 -1.9464e-03 -1.9278e-03 -1.9090e-03 -1.8901e-03 -1.8709e-03 -1.8516e-03 -1.8321e-03 -1.8125e-03 -1.7927e-03 -1.7728e-03 -1.7527e-03 -1.7326e-03 -1.7123e-03 -1.6919e-03 -1.6715e-03 -1.6510e-03 -1.6304e-03 -1.6097e-03 -1.5890e-03 -1.5682e-03 -1.5474e-03 -1.5266e-03 -1.5058e-03 -1.4849e-03 -1.4641e-03 -1.4432e-03 -1.4224e-03 -1.4016e-03 -1.3808e-03 -1.3601e-03 -1.3394e-03 -1.3188e-03 -1.2982e-03 -1.2777e-03 -1.2573e-03 -1.2369e-03 -1.2167e-03 -1.1965e-03 -1.1764e-03 -1.1565e-03 -1.1367e-03 -1.1169e-03 -1.0973e-03 -1.0779e-03 -1.0585e-03 -1.0394e-03 -1.0203e-03 -1.0014e-03 -9.8269e-04 -9.6412e-04 -9.4571e-04 -9.2746e-04 -9.0939e-04
-2.4366e-03 -2.4359e-03 -2.4347e-03 -2.4331e-03 -2.4310e-03 -2.4284e-03 -2.4254e-03 -2.4219e-03 -2.4179e-03 -2.4135e-03 -2.4086e-03 -2.4033e-03 -2.3975e-03 -2.3913e-03 -2.3847e-03 2.6107e-02 -2.3700e-03 -2.3621e-03 -2.3537e-03 -2.3449e-03 -2.3356e-03 -2.3260e-03 -2.3160e-03 -2.3055e-03 -2.2947e-03 -2.2834e-03 -2.2718e-03 -2.2599e-03 -2.2475e-03 -2.2348e-03 -2.2217e-03 -2.2083e-03 -2.1945e-03 -2.1804e-03 -2.1660e-03 -2.1513e-03 -2.1362e-03 -2.1209e-03 -2.1052e-03 -2.0893e-03 -2.0731e-03 -2.0566e-03 -2.0398e-03 -2.0229e-03 -2.0056e-03 -1.9881e-03 -1.9704e-03 -1.9525e-03 -1.9344e-03 -1.9160e-03 -1.8975e-03 -1.8788e-03 -1.8599e-03 -1.8409e-03 -1.8217e-03 -1.8023e-03 -1.7829e-03 -1.7632e-03 -1.7435e-03 -1.7237e-03 -1.7037e-03 -1.6837e-03 -1.6636e-03 -1.6434e-03 -1.6231e-03 -1.6028e-03 -1.5824e-03 -1.5620e-03 -1.5415e-03 -1.5210e-03 -1.5005e-03 -1.4800e-03 -1.4595e-03 -1.4390e-03 -1.4186e-03 -1.3981e-03 -1.3777e-03 -1.3573e-03 -1.3369e-03 -1.3166e-03 -1.2964e-03 -1.2762e-03 -1.2561e-03 -1.2361e-03 -1.2162e-03 -1.1963e-03 -1.1766e-03 -1.1569e-03 -1.1374e-03 -1.1179e-03 -1.0986e-03 -1.0795e-03 -1.0604e-03 -1.0415e-03 -1.0227e-03 -1.0041e-03 -9.8562e-04 -9.6730e-04 -9.4913e-04 -9.3112e-04 -2.4366e-03 -2.4359e-03 -2.4346e-03 -2.4330e-03 -2.4308e-03 -2.4282e-03 -2.4251e-03 -2.4215e-03 -2.4174e-03 -2.4129e-03 -2.4079e-03 -2.4024e-03 -2.3965e-03 -2.3901e-03 -2.3833e-03 0.0000e+00 -2.3683e-03 -2.3601e-03 -2.3515e-03 -2.3425e-03 -2.3330e-03 -2.3231e-03 -2.3128e-03 -2.3021e-03 -2.2910e-03 -2.2795e-03 -2.2676e-03 -2.2553e-03 -2.2427e-03 -2.2296e-03 -2.2163e-03 -2.2025e-03 -2.1884e-03 -2.1740e-03 -2.1592e-03 -2.1442e-03 -2.1288e-03 -2.1131e-03 -2.0971e-03 -2.0808e-03 -2.0642e-03 -2.0474e-03 -2.0302e-03 -2.0129e-03 -1.9953e-03 -1.9774e-03 -1.9594e-03 -1.9411e-03 -1.9226e-03 -1.9039e-03 -1.8850e-03 -1.8659e-03 -1.8467e-03 -1.8273e-03 -1.8077e-03 -1.7880e-03 -1.7682e-03 -1.7482e-03 -1.7281e-03 -1.7080e-03 -1.6877e-03 -1.6673e-03 -1.6469e-03 -1.6263e-03 -1.6058e-03 -1.5851e-03 -1.5644e-03 -1.5437e-03 -1.5230e-03 -1.5022e-03 -1.4815e-03 -1.4607e-03 -1.4399e-03 -1.4192e-03 -1.3985e-03 -1.3778e-03 -1.3571e-03 -1.3365e-03 -1.3160e-03 -1.2955e-03 -1.2750e-03 -1.2547e-03 -1.2344e-03 -1.2142e-03 -1.1941e-03 -1.1741e-03 -1.1543e-03 -1.1345e-03 -1.1148e-03 -1.0953e-03 -1.0759e-03 -1.0567e-03 -1.0375e-03 -1.0185e-03 -9.9972e-04 -9.8105e-04 -9.6253e-04 -9.4418e-04 -9.2599e-04 -9.0798e-04
