1.0040e-04 -2.4988e-04 -2.4975e-04 -2.4958e-04 -2.4935e-04 -2.4908e-04 -2.4875e-04 -2.4838e-04 -2.4796e-04 -2.4749e-04 -2.4697e-04 -2.4640e-04 -2.4579e-04 -2.4512e-04 -2.4441e-04 -2.4366e-04 -2.4286e-04 -2.4201e-04 -2.4111e-04 -2.4018e-04 -2.3919e-04 -2.3817e-04 -2.3710e-04 -2.3599e-04 -2.3483e-04 -2.3364e-04 -2.3240e-04 -2.3113e-04 -2.2982e-04 -2.2846e-04 -2.2707e-04 -2.2565e-04 -2.2419e-04 -2.2269e-04 -2.2116e-04 -2.1960e-04 -2.1800e-04 -2.1637e-04 -2.1471e-04 -2.1302e-04 -2.1130e-04 -2.0956e-04 -2.0778e-04 -2.0598e-04 -2.0416e-04 -2.0231e-04 -2.0044e-04 -1.9854e-04 -1.9663e-04 -1.9469e-04 -1.9273e-04 -1.9076e-04 -1.8877e-04 -1.8676e-04 -1.8473e-04 -1.8270e-04 -1.8064e-04 -1.7858e-04 -1.7650e-04 -1.7441e-04 -1.7232e-04 -1.7021e-04 -1.6810e-04 -1.6598e-04 -1.6385e-04 -1.6172e-04 -1.5958e-04 -1.5744e-04 -1.5530e-04 -1.5316e-04 -1.5101e-04 -1.4887e-04 -1.4673e-04 -1.4459e-04 -1.4245e-04 -1.4031e-04 -1.3818e-04 -1.3606e-04 -1.3394e-04 -1.3183e-04 -1.2972e-04 -1.2762e-04 -1.2554e-04 -1.2346e-04 -1.2139e-04 -1.1933e-04 -1.1729e-04 -1.1525e-04 -1.1323e-04 -1.1122e-04 -1.0923e-04 -1.0725e-04 -1.0528e-04 -1.0333e-04 -1.0140e-04 -9.9479e-05 -9.7578e-05 -9.5694e-05 -9.3827e-05 -9.1979e-05 0.0000e+00 2.4988e-04 2.4975e-04 2.4958e-04 2.4935e-04 2.4908e-04 2.4875e-04 2.4838e-04 2.4796e-04 2.4749e-04 2.4697e-04 2.4640e-04 2.4579e-04 2.4512e-04 2.4441e-04 2.4366e-04 2.4285e-04 2.4201e-04 2.4111e-04 2.4017e-04 2.3919e-04 2.3816e-04 2.3710e-04 2.3598e-04 2.3483e-04 2.3364e-04 2.3240e-04 2.3113e-04 2.2981e-04 2.2846e-04 2.2707e-04 2.2564e-04 2.2418e-04 2.2269e-04 2.2115e-04 2.1959e-04 2.1799e-04 2.1636e-04 2.1470e-04 2.1301e-04 2.1130e-04 2.0955e-04 2.0778e-04 2.0598e-04 2.0415e-04 2.0230e-04 2.0043e-04 1.9853e-04 1.9662e-04 1.9468e-04 1.9272e-04 1.9075e-04 1.8876e-04 1.8675e-04 1.8472e-04 1.8268e-04 1.8063e-04 1.7857e-04 1.7649e-04 1.7440e-04 1.7230e-04 1.7020e-04 1.6808e-04 1.6596e-04 1.6384e-04 1.6170e-04 1.5957e-04 1.5743e-04 1.5528e-04 1.5314e-04 1.5100e-04 1.4885e-04 1.4671e-04 1.4457e-04 1.4243e-04 1.4030e-04 1.3817e-04 1.3604e-04 1.3392e-04 1.3181e-04 1.2970e-04 1.2761e-04 1.2552e-04 1.2344e-04 1.2137e-04 1.1931e-04 1.1727e-04 1.1523e-04 1.1321e-04 1.1120e-04 1.0921e-04 1.0723e-04 1.0526e-04 1.0331e-04 1.0138e-04 9.9461e-05 9.7559e-05 9.5675e-05 9.3809e-05 9.1961e-05
-2.4988e-04 4.0159e-04 -2.4968e-04 -2.4950e-04 -2.4928e-04 -2.4900e-04 -2.4868e-04 -2.4831e-04 -2.4789e-04 -2.4742e-04 -2.4690e-04 -2.4633e-04 -2.4572e-04 -2.4505e-04 -2.4434e-04 -2.4359e-04 -2.4279e-04 -2.4194e-04 -2.4105e-04 -2.4011e-04 -2.3913e-04 -2.3810e-04 -2.3703e-04 -2.3592e-04 -2.3477e-04 -2.3358e-04 -2.3234e-04 -2.3107e-04 -2.2976e-04 -2.2841e-04 -2.2702e-04 -2.2560e-04 -2.2413e-04 -2.2264e-04 -2.2111e-04 -2.1955e-04 -2.1795e-04 -2.1632e-04 -2.1467e-04 -2.1298e-04 -2.1126e-04 -2.0952e-04 -2.0774e-04 -2.0595e-04 -2.0412e-04 -2.0228e-04 -2.0040e-04 -1.9851e-04 -1.9660e-04 -1.9466e-04 -1.9271e-04 -1.9073e-04 -1.8874e-04 -1.8674e-04 -1.8471e-04 -1.8268e-04 -1.8062e-04 -1.7856e-04 -1.7649e-04 -1.7440e-04 -1.7230e-04 -1.7020e-04 -1.6809e-04 -1.6597e-04 -1.6384e-04 -1.6171e-04 -1.5958e-04 -1.5744e-04 -1.5530e-04 -1.5316e-04 -1.5101e-04 -1.4887e-04 -1.4673e-04 -1.4459e-04 -1.4245e-04 -1.4032e-04 -1.3819e-04 -1.3607e-04 -1.3395e-04 -1.3184e-04 -1.2973e-04 -1.2764e-04 -1.2555e-04 -1.2347e-04 -1.2141e-04 -1.1935e-04 -1.1730e-04 -1.1527e-04 -1.1325e-04 -1.1124e-04 -1.0925e-04 -1.0727e-04 -1.0530e-04 -1.0335e-04 -1.0142e-04 -9.9504e-05 -9.7604e-05 -9.5720e-05 -9.3854e-05 -9.2007e-05 2.4988e-04 0.0000e+00 2.4968e-04 2.4950e-04 2.4928e-04 2.4900e-04 2.4868e-04 2.4831e-04 2.4788e-04 2.4741e-04 2.4689e-04 2.4633e-04 2.4571e-04 2.4505e-04 2.4434e-04 2.4358e-04 2.4278e-04 2.4193e-04 2.4104e-04 2.4010e-04 2.3912e-04 2.3809e-04 2.3702e-04 2.3591e-04 2.3476e-04 2.3357e-04 2.3233e-04 2.3106e-04 2.2974e-04 2.2839e-04 2.2700e-04 2.2558e-04 2.2412e-04 2.2262e-04 2.2109e-04 2.1952e-04 2.1793e-04 2.1630e-04 2.1464e-04 2.1295e-04 2.1123e-04 2.0949e-04 2.0771e-04 2.0591e-04 2.0409e-04 2.0224e-04 2.0037e-04 1.9847e-04 1.9656e-04 1.9462e-04 1.9267e-04 1.9069e-04 1.8870e-04 1.8669e-04 1.8467e-04 1.8263e-04 1.8058e-04 1.7851e-04 1.7644e-04 1.7435e-04 1.7225e-04 1.7015e-04 1.6803e-04 1.6591e-04 1.6379e-04 1.6165e-04 1.5952e-04 1.5738e-04 1.5524e-04 1.5310e-04 1.5095e-04 1.4881e-04 1.4667e-04 1.4453e-04 1.4239e-04 1.4025e-04 1.3813e-04 1.3600e-04 1.3388e-04 1.3177e-04 1.2967e-04 1.2757e-04 1.2548e-04 1.2340e-04 1.2134e-04 1.1928e-04 1.1723e-04 1.1520e-04 1.1318e-04 1.1117e-04 1.0918e-04 1.0720e-04 1.0523e-04 1.0328e-04 1.0135e-04 9.9431e-05 9.7530e-05 9.5647e-05 9.3781e-05 9.1933e-05
-2.4975e-04 -2.4968e-04 9.0358e-04 -2.4938e-04 -2.4915e-04 -2.4888e-04 -2.4856e-04 -2.4818e-04 -2.4776e-04 -2.4729e-04 -2.4678e-04 -2.4621e-04 -2.4560e-04 -2.4494e-04 -2.4423e-04 -2.4347e-04 -2.4267e-04 -2.4183e-04 -2.4093e-04 -2.4000e-04 -2.3902e-04 -2.3799e-04 -2.3693e-04 -2.3582e-04 -2.3467e-04 -2.3348e-04 -2.3224e-04 -2.3097e-04 -2.2966e-04 -2.2831e-04 -2.2693e-04 -2.2551e-04 -2.2405e-04 -2.2255e-04 -2.2103e-04 -2.1947e-04 -2.1787e-04 -2.1625e-04 -2.1459e-04 -2.1291e-04 -2.1119e-04 -2.0945e-04 -2.0768e-04 -2.0588e-04 -2.0406e-04 -2.0222e-04 -2.0035e-04 -1.9846e-04 -1.9655e-04 -1.9461e-04 -1.9266e-04 -1.9069e-04 -1.8870e-04 -1.8670e-04 -1.8468e-04 -1.8264e-04 -1.8059e-04 -1.7853e-04 -1.7646e-04 -1.7438e-04 -1.7228e-04 -1.7018e-04 -1.6807e-04 -1.6595e-04 -1.6383e-04 -1.6170e-04 -1.5957e-04 -1.5743e-04 -1.5529e-04 -1.5315e-04 -1.5101e-04 -1.4887e-04 -1.4673e-04 -1.4460e-04 -1.4246e-04 -1.4033e-04 -1.3820e-04 -1.3608e-04 -1.3397e-04 -1.3186e-04 -1.2975e-04 -1.2766e-04 -1.2557e-04 -1.2350e-04 -1.2143e-04 -1.1938e-04 -1.1733e-04 -1.1530e-04 -1.1328e-04 -1.1128e-04 -1.0928e-04 -1.0731e-04 -1.0534e-04 -1.0339e-04 -1.0146e-04 -9.9546e-05 -9.7646e-05 -9.5764e-05 -9.3899e-05 -9.2053e-05 2.4975e-04 2.4968e-04 0.0000e+00 2.4938e-04 2.4915e-04 2.4888e-04 2.4855e-04 2.4818e-04 2.4776e-04 2.4729e-04 2.4677e-04 2.4620e-04 2.4559e-04 2.4493e-04 2.4422e-04 2.4346e-04 2.4266e-04 2.4181e-04 2.4092e-04 2.3998e-04 2.3900e-04 2.3797e-04 2.3691e-04 2.3579e-04 2.3464e-04 2.3345e-04 2.3221e-04 2.3094e-04 2.2963e-04 2.2828e-04 2.2689e-04 2.2546e-04 2.2400e-04 2.2251e-04 2.2098e-04 2.1941e-04 2.1782e-04 2.1619e-04 2.1453e-04 2.1284e-04 2.1113e-04 2.0938e-04 2.0761e-04 2.0581e-04 2.0399e-04 2.0214e-04 2.0027e-04 1.9838e-04 1.9646e-04 1.9453e-04 1.9257e-04 1.9060e-04 1.8861e-04 1.8660e-04 1.8458e-04 1.8254e-04 1.8049e-04 1.7842e-04 1.7635e-04 1.7426e-04 1.7217e-04 1.7006e-04 1.6795e-04 1.6583e-04 1.6370e-04 1.6157e-04 1.5944e-04 1.5730e-04 1.5516e-04 1.5302e-04 1.5088e-04 1.4873e-04 1.4659e-04 1.4445e-04 1.4232e-04 1.4018e-04 1.3806e-04 1.3593e-04 1.3382e-04 1.3170e-04 1.2960e-04 1.2751e-04 1.2542e-04 1.2334e-04 1.2128e-04 1.1922e-04 1.1717e-04 1.1514e-04 1.1312e-04 1.1111e-04 1.0912e-04 1.0714e-04 1.0518e-04 1.0323e-04 1.0130e-04 9.9381e-05 9.7481e-05 9.5599e-05 9.3734e-05 9.1887e-05
-2.4958e-04 -2.4950e-04 -2.4938e-04 1.6064e-03 -2.4898e-04 -2.4871e-04 -2.4838e-04 -2.4801e-04 -2.4759e-04 -2.4712e-04 -2.4661e-04 -2.4604e-04 -2.4543e-04 -2.4477e-04 -2.4406e-04 -2.4331e-04 -2.4251e-04 -2.4167e-04 -2.4078e-04 -2.3984e-04 -2.3887e-04 -2.3784e-04 -2.3678e-04 -2.3567e-04 -2.3452e-04 -2.3334e-04 -2.3211e-04 -2.3084e-04 -2.2953e-04 -2.2818e-04 -2.2680e-04 -2.2538e-04 -2.2392e-04 -2.2243e-04 -2.2091e-04 -2.1935e-04 -2.1776e-04 -2.1614e-04 -2.1449e-04 -2.1280e-04 -2.1109e-04 -2.0935e-04 -2.0759e-04 -2.0579e-04 -2.0398e-04 -2.0214e-04 -2.0027e-04 -1.9838e-04 -1.9647e-04 -1.9454e-04 -1.9260e-04 -1.9063e-04 -1.8864e-04 -1.8664e-04 -1.8463e-04 -1.8259e-04 -1.8055e-04 -1.7849e-04 -1.7642e-04 -1.7434e-04 -1.7225e-04 -1.7015e-04 -1.6804e-04 -1.6593e-04 -1.6381e-04 -1.6169e-04 -1.5956e-04 -1.5742e-04 -1.5529e-04 -1.5315e-04 -1.5101e-04 -1.4888e-04 -1.4674e-04 -1.4461e-04 -1.4247e-04 -1.4035e-04 -1.3822e-04 -1.3610e-04 -1.3399e-04 -1.3188e-04 -1.2978e-04 -1.2769e-04 -1.2561e-04 -1.2353e-04 -1.2147e-04 -1.1942e-04 -1.1738e-04 -1.1535e-04 -1.1333e-04 -1.1132e-04 -1.0933e-04 -1.0736e-04 -1.0540e-04 -1.0345e-04 -1.0152e-04 -9.9604e-05 -9.7707e-05 -9.5826e-05 -9.3962e-05 -9.2117e-05 2.4958e-04 2.4950e-04 2.4938e-04 0.0000e+00 2.4898e-04 2.4870e-04 2.4838e-04 2.4801e-04 2.4759e-04 2.4712e-04 2.4660e-04 2.4603e-04 2.4542e-04 2.4476e-04 2.4405e-04 2.4329e-04 2.4249e-04 2.4164e-04 2.4075e-04 2.3981e-04 2.3883e-04 2.3781e-04 2.3674e-04 2.3563e-04 2.3448e-04 2.3329e-04 2.3205e-04 2.3078e-04 2.2947e-04 2.2812e-04 2.2673e-04 2.2531e-04 2.2385e-04 2.2235e-04 2.2082e-04 2.1926e-04 2.1767e-04 2.1604e-04 2.1438e-04 2.1270e-04 2.1098e-04 2.0924e-04 2.0746e-04 2.0567e-04 2.0385e-04 2.0200e-04 2.0013e-04 1.9824e-04 1.9632e-04 1.9439e-04 1.9244e-04 1.9046e-04 1.8847e-04 1.8647e-04 1.8445e-04 1.8241e-04 1.8036e-04 1.7830e-04 1.7622e-04 1.7414e-04 1.7205e-04 1.6994e-04 1.6783e-04 1.6571e-04 1.6359e-04 1.6146e-04 1.5933e-04 1.5719e-04 1.5505e-04 1.5291e-04 1.5077e-04 1.4863e-04 1.4649e-04 1.4435e-04 1.4222e-04 1.4009e-04 1.3796e-04 1.3584e-04 1.3372e-04 1.3161e-04 1.2951e-04 1.2742e-04 1.2533e-04 1.2326e-04 1.2119e-04 1.1914e-04 1.1709e-04 1.1506e-04 1.1304e-04 1.1104e-04 1.0905e-04 1.0707e-04 1.0511e-04 1.0316e-04 1.0123e-04 9.9311e-05 9.7413e-05 9.5532e-05 9.3668e-05 9.1823e-05
-2.4935e-04 -2.4928e-04 -2.4915e-04 -2.4898e-04 2.5099e-03 -2.4848e-04 -2.4816e-04 -2.4779e-04 -2.4737e-04 -2.4691e-04 -2.4639e-04 -2.4583e-04 -2.4522e-04 -2.4456e-04 -2.4385e-04 -2.4310e-04 -2.4231e-04 -2.4146e-04 -2.4058e-04 -2.3965e-04 -2.3867e-04 -2.3765e-04 -2.3659e-04 -2.3549e-04 -2.3434e-04 -2.3315e-04 -2.3193e-04 -2.3066e-04 -2.2936e-04 -2.2801e-04 -2.2664e-04 -2.2522e-04 -2.2377e-04 -2.2228e-04 -2.2076e-04 -2.1921e-04 -2.1762e-04 -2.1600e-04 -2.1435e-04 -2.1267e-04 -2.1097e-04 -2.0923e-04 -2.0747e-04 -2.0568e-04 -2.0387e-04 -2.0203e-04 -2.0017e-04 -1.9829e-04 -1.9638e-04 -1.9446e-04 -1.9251e-04 -1.9055e-04 -1.8857e-04 -1.8657e-04 -1.8456e-04 -1.8253e-04 -1.8049e-04 -1.7844e-04 -1.7637e-04 -1.7430e-04 -1.7221e-04 -1.7012e-04 -1.6801e-04 -1.6590e-04 -1.6379e-04 -1.6167e-04 -1.5954e-04 -1.5741e-04 -1.5528e-04 -1.5315e-04 -1.5102e-04 -1.4888e-04 -1.4675e-04 -1.4462e-04 -1.4249e-04 -1.4036e-04 -1.3824e-04 -1.3613e-04 -1.3402e-04 -1.3191e-04 -1.2982e-04 -1.2773e-04 -1.2565e-04 -1.2358e-04 -1.2152e-04 -1.1947e-04 -1.1743e-04 -1.1540e-04 -1.1339e-04 -1.1139e-04 -1.0940e-04 -1.0742e-04 -1.0546e-04 -1.0352e-04 -1.0159e-04 -9.9680e-05 -9.7784e-05 -9.5905e-05 -9.4043e-05 -9.2199e-05 2.4935e-04 2.4928e-04 2.4915e-04 2.4898e-04 0.0000e+00 2.4848e-04 2.4816e-04 2.4778e-04 2.4736e-04 2.4689e-04 2.4638e-04 2.4581e-04 2.4520e-04 2.4454e-04 2.4383e-04 2.4307e-04 2.4227e-04 2.4143e-04 2.4053e-04 2.3960e-04 2.3862e-04 2.3759e-04 2.3653e-04 2.3542e-04 2.3427e-04 2.3308e-04 2.3184e-04 2.3057e-04 2.2926e-04 2.2791e-04 2.2653e-04 2.2510e-04 2.2365e-04 2.2215e-04 2.2062e-04 2.1906e-04 2.1747e-04 2.1585e-04 2.1419e-04 2.1250e-04 2.1079e-04 2.0905e-04 2.0728e-04 2.0548e-04 2.0366e-04 2.0182e-04 1.9995e-04 1.9806e-04 1.9615e-04 1.9421e-04 1.9226e-04 1.9029e-04 1.8830e-04 1.8630e-04 1.8428e-04 1.8225e-04 1.8020e-04 1.7814e-04 1.7607e-04 1.7398e-04 1.7189e-04 1.6979e-04 1.6768e-04 1.6556e-04 1.6344e-04 1.6132e-04 1.5918e-04 1.5705e-04 1.5491e-04 1.5277e-04 1.5064e-04 1.4850e-04 1.4636e-04 1.4422e-04 1.4209e-04 1.3996e-04 1.3784e-04 1.3572e-04 1.3360e-04 1.3149e-04 1.2939e-04 1.2730e-04 1.2522e-04 1.2314e-04 1.2108e-04 1.1903e-04 1.1699e-04 1.1496e-04 1.1294e-04 1.1094e-04 1.0895e-04 1.0697e-04 1.0501e-04 1.0307e-04 1.0114e-04 9.9222e-05 9.7325e-05 9.5446e-05 9.3584e-05 9.1740e-05
-2.4908e-04 -2.4900e-04 -2.4888e-04 -2.4871e-04 -2.4848e-04 3.6143e-03 -2.4789e-04 -2.4752e-04 -2.4711e-04 -2.4664e-04 -2.4613e-04 -2.4557e-04 -2.4496e-04 -2.4430e-04 -2.4360e-04 -2.4285e-04 -2.4206e-04 -2.4122e-04 -2.4033e-04 -2.3940e-04 -2.3843e-04 -2.3741e-04 -2.3636e-04 -2.3526e-04 -2.3411e-04 -2.3293e-04 -2.3171e-04 -2.3045e-04 -2.2915e-04 -2.2781e-04 -2.2643e-04 -2.2502e-04 -2.2357e-04 -2.2209e-04 -2.2058e-04 -2.1903e-04 -2.1745e-04 -2.1583e-04 -2.1419e-04 -2.1251e-04 -2.1081e-04 -2.0908e-04 -2.0733e-04 -2.0554e-04 -2.0373e-04 -2.0190e-04 -2.0005e-04 -1.9817e-04 -1.9627e-04 -1.9435e-04 -1.9241e-04 -1.9045e-04 -1.8848e-04 -1.8649e-04 -1.8448e-04 -1.8246e-04 -1.8042e-04 -1.7837e-04 -1.7631e-04 -1.7424e-04 -1.7216e-04 -1.7007e-04 -1.6798e-04 -1.6587e-04 -1.6376e-04 -1.6164e-04 -1.5952e-04 -1.5740e-04 -1.5527e-04 -1.5314e-04 -1.5102e-04 -1.4889e-04 -1.4676e-04 -1.4463e-04 -1.4251e-04 -1.4039e-04 -1.3827e-04 -1.3616e-04 -1.3405e-04 -1.3196e-04 -1.2986e-04 -1.2778e-04 -1.2570e-04 -1.2363e-04 -1.2158e-04 -1.1953e-04 -1.1750e-04 -1.1547e-04 -1.1346e-04 -1.1146e-04 -1.0948e-04 -1.0751e-04 -1.0555e-04 -1.0361e-04 -1.0168e-04 -9.9771e-05 -9.7878e-05 -9.6001e-05 -9.4142e-05 -9.2300e-05 2.4908e-04 2.4900e-04 2.4888e-04 2.4870e-04 2.4848e-04 0.0000e+00 2.4788e-04 2.4751e-04 2.4709e-04 2.4662e-04 2.4611e-04 2.4554e-04 2.4493e-04 2.4427e-04 2.4356e-04 2.4281e-04 2.4201e-04 2.4116e-04 2.4027e-04 2.3933e-04 2.3835e-04 2.3733e-04 2.3627e-04 2.3516e-04 2.3401e-04 2.3282e-04 2.3159e-04 2.3032e-04 2.2901e-04 2.2766e-04 2.2628e-04 2.2486e-04 2.2340e-04 2.2191e-04 2.2038e-04 2.1882e-04 2.1723e-04 2.1561e-04 2.1395e-04 2.1227e-04 2.1056e-04 2.0882e-04 2.0705e-04 2.0526e-04 2.0344e-04 2.0160e-04 1.9973e-04 1.9784e-04 1.9593e-04 1.9400e-04 1.9205e-04 1.9008e-04 1.8810e-04 1.8610e-04 1.8408e-04 1.8205e-04 1.8000e-04 1.7794e-04 1.7587e-04 1.7379e-04 1.7170e-04 1.6960e-04 1.6750e-04 1.6538e-04 1.6326e-04 1.6114e-04 1.5901e-04 1.5688e-04 1.5474e-04 1.5261e-04 1.5047e-04 1.4833e-04 1.4620e-04 1.4406e-04 1.4193e-04 1.3981e-04 1.3768e-04 1.3557e-04 1.3345e-04 1.3135e-04 1.2925e-04 1.2716e-04 1.2508e-04 1.2301e-04 1.2095e-04 1.1890e-04 1.1686e-04 1.1483e-04 1.1282e-04 1.1081e-04 1.0883e-04 1.0685e-04 1.0490e-04 1.0295e-04 1.0102e-04 9.9113e-05 9.7218e-05 9.5341e-05 9.3481e-05 9.1639e-05
-2.4875e-04 -2.4868e-04 -2.4856e-04 -2.4838e-04 -2.4816e-04 -2.4789e-04 4.9195e-03 -2.4721e-04 -2.4679e-04 -2.4633e-04 -2.4582e-04 -2.4526e-04 -2.4465e-04 -2.4400e-04 -2.4330e-04 -2.4255e-04 -2.4176e-04 -2.4092e-04 -2.4004e-04 -2.3912e-04 -2.3815e-04 -2.3714e-04 -2.3608e-04 -2.3499e-04 -2.3385e-04 -2.3267e-04 -2.3145e-04 -2.3020e-04 -2.2890e-04 -2.2757e-04 -2.2620e-04 -2.2479e-04 -2.2335e-04 -2.2187e-04 -2.2036e-04 -2.1882e-04 -2.1724e-04 -2.1563e-04 -2.1399e-04 -2.1233e-04 -2.1063e-04 -2.0891e-04 -2.0716e-04 -2.0538e-04 -2.0358e-04 -2.0175e-04 -1.9990e-04 -1.9803e-04 -1.9614e-04 -1.9422e-04 -1.9229e-04 -1.9034e-04 -1.8837e-04 -1.8639e-04 -1.8438e-04 -1.8237e-04 -1.8034e-04 -1.7830e-04 -1.7624e-04 -1.7418e-04 -1.7210e-04 -1.7002e-04 -1.6793e-04 -1.6583e-04 -1.6373e-04 -1.6162e-04 -1.5950e-04 -1.5738e-04 -1.5526e-04 -1.5314e-04 -1.5102e-04 -1.4889e-04 -1.4677e-04 -1.4465e-04 -1.4253e-04 -1.4042e-04 -1.3830e-04 -1.3620e-04 -1.3410e-04 -1.3200e-04 -1.2991e-04 -1.2783e-04 -1.2576e-04 -1.2370e-04 -1.2165e-04 -1.1960e-04 -1.1757e-04 -1.1555e-04 -1.1355e-04 -1.1155e-04 -1.0957e-04 -1.0760e-04 -1.0565e-04 -1.0371e-04 -1.0179e-04 -9.9880e-05 -9.7989e-05 -9.6115e-05 -9.4258e-05 -9.2419e-05 2.4875e-04 2.4868e-04 2.4855e-04 2.4838e-04 2.4816e-04 2.4788e-04 0.0000e+00 2.4719e-04 2.4677e-04 2.4630e-04 2.4579e-04 2.4522e-04 2.4461e-04 2.4395e-04 2.4324e-04 2.4249e-04 2.4169e-04 2.4085e-04 2.3996e-04 2.3902e-04 2.3805e-04 2.3702e-04 2.3596e-04 2.3485e-04 2.3371e-04 2.3252e-04 2.3129e-04 2.3002e-04 2.2871e-04 2.2737e-04 2.2598e-04 2.2456e-04 2.2311e-04 2.2162e-04 2.2010e-04 2.1854e-04 2.1695e-04 2.1533e-04 2.1368e-04 2.1199e-04 2.1028e-04 2.0855e-04 2.0678e-04 2.0499e-04 2.0317e-04 2.0133e-04 1.9947e-04 1.9758e-04 1.9568e-04 1.9375e-04 1.9180e-04 1.8984e-04 1.8785e-04 1.8585e-04 1.8384e-04 1.8181e-04 1.7977e-04 1.7771e-04 1.7564e-04 1.7357e-04 1.7148e-04 1.6938e-04 1.6728e-04 1.6517e-04 1.6305e-04 1.6093e-04 1.5880e-04 1.5667e-04 1.5454e-04 1.5241e-04 1.5027e-04 1.4814e-04 1.4601e-04 1.4388e-04 1.4175e-04 1.3963e-04 1.3751e-04 1.3539e-04 1.3328e-04 1.3118e-04 1.2908e-04 1.2700e-04 1.2492e-04 1.2285e-04 1.2079e-04 1.1874e-04 1.1671e-04 1.1468e-04 1.1267e-04 1.1067e-04 1.0869e-04 1.0671e-04 1.0476e-04 1.0282e-04 1.0089e-04 9.8984e-05 9.7092e-05 9.5217e-05 9.3360e-05 9.1520e-05
-2.4838e-04 -2.4831e-04 -2.4818e-04 -2.4801e-04 -2.4779e-04 -2.4752e-04 -2.4721e-04 6.4254e-03 -2.4643e-04 -2.4596e-04 -2.4546e-04 -2.4490e-04 -2.4430e-04 -2.4364e-04 -2.4295e-04 -2.4221e-04 -2.4142e-04 -2.4059e-04 -2.3971e-04 -2.3879e-04 -2.3782e-04 -2.3682e-04 -2.3577e-04 -2.3467e-04 -2.3354e-04 -2.3237e-04 -2.3116e-04 -2.2990e-04 -2.2861e-04 -2.2729e-04 -2.2592e-04 -2.2452e-04 -2.2309e-04 -2.2161e-04 -2.2011e-04 -2.1857e-04 -2.1700e-04 -2.1540e-04 -2.1377e-04 -2.1211e-04 -2.1042e-04 -2.0870e-04 -2.0696e-04 -2.0519e-04 -2.0340e-04 -2.0158e-04 -1.9973e-04 -1.9787e-04 -1.9598e-04 -1.9408e-04 -1.9215e-04 -1.9021e-04 -1.8825e-04 -1.8627e-04 -1.8427e-04 -1.8227e-04 -1.8024e-04 -1.7821e-04 -1.7616e-04 -1.7411e-04 -1.7204e-04 -1.6996e-04 -1.6788e-04 -1.6579e-04 -1.6369e-04 -1.6158e-04 -1.5948e-04 -1.5736e-04 -1.5525e-04 -1.5313e-04 -1.5102e-04 -1.4890e-04 -1.4678e-04 -1.4467e-04 -1.4256e-04 -1.4045e-04 -1.3834e-04 -1.3624e-04 -1.3415e-04 -1.3206e-04 -1.2997e-04 -1.2790e-04 -1.2583e-04 -1.2377e-04 -1.2173e-04 -1.1969e-04 -1.1766e-04 -1.1565e-04 -1.1364e-04 -1.1165e-04 -1.0968e-04 -1.0771e-04 -1.0576e-04 -1.0383e-04 -1.0191e-04 -1.0000e-04 -9.8116e-05 -9.6246e-05 -9.4392e-05 -9.2555e-05 2.4838e-04 2.4831e-04 2.4818e-04 2.4801e-04 2.4778e-04 2.4751e-04 2.4719e-04 0.0000e+00 2.4640e-04 2.4593e-04 2.4542e-04 2.4485e-04 2.4424e-04 2.4358e-04 2.4288e-04 2.4213e-04 2.4133e-04 2.4049e-04 2.3960e-04 2.3867e-04 2.3769e-04 2.3667e-04 2.3561e-04 2.3450e-04 2.3336e-04 2.3217e-04 2.3094e-04 2.2967e-04 2.2837e-04 2.2703e-04 2.2564e-04 2.2423e-04 2.2277e-04 2.2129e-04 2.1977e-04 2.1821e-04 2.1662e-04 2.1500e-04 2.1336e-04 2.1168e-04 2.0997e-04 2.0823e-04 2.0647e-04 2.0468e-04 2.0287e-04 2.0103e-04 1.9917e-04 1.9729e-04 1.9538e-04 1.9346e-04 1.9151e-04 1.8955e-04 1.8757e-04 1.8558e-04 1.8356e-04 1.8154e-04 1.7950e-04 1.7745e-04 1.7538e-04 1.7331e-04 1.7122e-04 1.6913e-04 1.6703e-04 1.6492e-04 1.6281e-04 1.6069e-04 1.5856e-04 1.5644e-04 1.5431e-04 1.5218e-04 1.5005e-04 1.4792e-04 1.4579e-04 1.4366e-04 1.4154e-04 1.3942e-04 1.3730e-04 1.3519e-04 1.3308e-04 1.3098e-04 1.2889e-04 1.2681e-04 1.2473e-04 1.2267e-04 1.2061e-04 1.1856e-04 1.1653e-04 1.1451e-04 1.1250e-04 1.1050e-04 1.0852e-04 1.0655e-04 1.0460e-04 1.0266e-04 1.0074e-04 9.8836e-05 9.6947e-05 9.5074e-05 9.3220e-05 9.1383e-05
-2.4796e-04 -2.4789e-04 -2.4776e-04 -2.4759e-04 -2.4737e-04 -2.4711e-04 -2.4679e-04 -2.4643e-04 8.1322e-03 -2.4556e-04 -2.4505e-04 -2.4449e-04 -2.4389e-04 -2.4325e-04 -2.4255e-04 -2.4182e-04 -2.4103e-04 -2.4020e-04 -2.3933e-04 -2.3841e-04 -2.3745e-04 -2.3645e-04 -2.3541e-04 -2.3432e-04 -2.3319e-04 -2.3203e-04 -2.3082e-04 -2.2958e-04 -2.2829e-04 -2.2697e-04 -2.2561e-04 -2.2422e-04 -2.2279e-04 -2.2133e-04 -2.1983e-04 -2.1830e-04 -2.1674e-04 -2.1514e-04 -2.1352e-04 -2.1187e-04 -2.1018e-04 -2.0847e-04 -2.0674e-04 -2.0498e-04 -2.0319e-04 -2.0138e-04 -1.9954e-04 -1.9769e-04 -1.9581e-04 -1.9391e-04 -1.9199e-04 -1.9006e-04 -1.8811e-04 -1.8614e-04 -1.8415e-04 -1.8215e-04 -1.8014e-04 -1.7811e-04 -1.7607e-04 -1.7402e-04 -1.7196e-04 -1.6989e-04 -1.6782e-04 -1.6573e-04 -1.6364e-04 -1.6155e-04 -1.5945e-04 -1.5734e-04 -1.5524e-04 -1.5313e-04 -1.5102e-04 -1.4891e-04 -1.4680e-04 -1.4469e-04 -1.4259e-04 -1.4048e-04 -1.3838e-04 -1.3629e-04 -1.3420e-04 -1.3212e-04 -1.3004e-04 -1.2797e-04 -1.2591e-04 -1.2386e-04 -1.2182e-04 -1.1978e-04 -1.1776e-04 -1.1575e-04 -1.1375e-04 -1.1177e-04 -1.0979e-04 -1.0784e-04 -1.0589e-04 -1.0396e-04 -1.0204e-04 -1.0014e-04 -9.8261e-05 -9.6393e-05 -9.4543e-05 -9.2710e-05 2.4796e-04 2.4788e-04 2.4776e-04 2.4759e-04 2.4736e-04 2.4709e-04 2.4677e-04 2.4640e-04 0.0000e+00 2.4552e-04 2.4500e-04 2.4444e-04 2.4383e-04 2.4317e-04 2.4247e-04 2.4172e-04 2.4092e-04 2.4008e-04 2.3919e-04 2.3826e-04 2.3728e-04 2.3627e-04 2.3521e-04 2.3410e-04 2.3296e-04 2.3177e-04 2.3055e-04 2.2928e-04 2.2798e-04 2.2664e-04 2.2526e-04 2.2385e-04 2.2240e-04 2.2091e-04 2.1939e-04 2.1784e-04 2.1626e-04 2.1464e-04 2.1299e-04 2.1132e-04 2.0961e-04 2.0788e-04 2.0612e-04 2.0434e-04 2.0252e-04 2.0069e-04 1.9883e-04 1.9695e-04 1.9505e-04 1.9313e-04 1.9119e-04 1.8923e-04 1.8725e-04 1.8526e-04 1.8325e-04 1.8123e-04 1.7919e-04 1.7714e-04 1.7508e-04 1.7301e-04 1.7093e-04 1.6884e-04 1.6674e-04 1.6464e-04 1.6253e-04 1.6041e-04 1.5829e-04 1.5617e-04 1.5405e-04 1.5192e-04 1.4979e-04 1.4767e-04 1.4554e-04 1.4342e-04 1.4130e-04 1.3918e-04 1.3707e-04 1.3496e-04 1.3286e-04 1.3076e-04 1.2867e-04 1.2659e-04 1.2452e-04 1.2246e-04 1.2040e-04 1.1836e-04 1.1633e-04 1.1432e-04 1.1231e-04 1.1032e-04 1.0834e-04 1.0637e-04 1.0442e-04 1.0249e-04 1.0057e-04 9.8668e-05 9.6782e-05 9.4913e-05 9.3061e-05 9.1228e-05
-2.4749e-04 -2.4742e-04 -2.4729e-04 -2.4712e-04 -2.4691e-04 -2.4664e-04 -2.4633e-04 -2.4596e-04 -2.4556e-04 1.0040e-02 -2.4459e-04 -2.4404e-04 -2.4345e-04 -2.4280e-04 -2.4211e-04 -2.4138e-04 -2.4060e-04 -2.3978e-04 -2.3891e-04 -2.3800e-04 -2.3704e-04 -2.3605e-04 -2.3501e-04 -2.3393e-04 -2.3281e-04 -2.3165e-04 -2.3045e-04 -2.2921e-04 -2.2793e-04 -2.2662e-04 -2.2527e-04 -2.2388e-04 -2.2246e-04 -2.2100e-04 -2.1951e-04 -2.1799e-04 -2.1644e-04 -2.1485e-04 -2.1324e-04 -2.1159e-04 -2.0992e-04 -2.0822e-04 -2.0649e-04 -2.0474e-04 -2.0296e-04 -2.0116e-04 -1.9933e-04 -1.9748e-04 -1.9562e-04 -1.9373e-04 -1.9182e-04 -1.8989e-04 -1.8795e-04 -1.8599e-04 -1.8401e-04 -1.8202e-04 -1.8002e-04 -1.7800e-04 -1.7597e-04 -1.7393e-04 -1.7188e-04 -1.6982e-04 -1.6775e-04 -1.6568e-04 -1.6359e-04 -1.6151e-04 -1.5942e-04 -1.5732e-04 -1.5522e-04 -1.5312e-04 -1.5102e-04 -1.4892e-04 -1.4682e-04 -1.4472e-04 -1.4262e-04 -1.4052e-04 -1.3843e-04 -1.3634e-04 -1.3426e-04 -1.3219e-04 -1.3012e-04 -1.2805e-04 -1.2600e-04 -1.2395e-04 -1.2192e-04 -1.1989e-04 -1.1787e-04 -1.1587e-04 -1.1388e-04 -1.1190e-04 -1.0993e-04 -1.0797e-04 -1.0603e-04 -1.0411e-04 -1.0220e-04 -1.0030e-04 -9.8421e-05 -9.6558e-05 -9.4711e-05 -9.2882e-05 2.4749e-04 2.4741e-04 2.4729e-04 2.4712e-04 2.4689e-04 2.4662e-04 2.4630e-04 2.4593e-04 2.4552e-04 0.0000e+00 2.4454e-04 2.4397e-04 2.4336e-04 2.4271e-04 2.4201e-04 2.4126e-04 2.4046e-04 2.3962e-04 2.3874e-04 2.3781e-04 2.3683e-04 2.3582e-04 2.3476e-04 2.3366e-04 2.3252e-04 2.3133e-04 2.3011e-04 2.2885e-04 2.2755e-04 2.2621e-04 2.2483e-04 2.2342e-04 2.2197e-04 2.2049e-04 2.1898e-04 2.1743e-04 2.1585e-04 2.1423e-04 2.1259e-04 2.1092e-04 2.0921e-04 2.0749e-04 2.0573e-04 2.0395e-04 2.0214e-04 2.0031e-04 1.9845e-04 1.9658e-04 1.9468e-04 1.9276e-04 1.9083e-04 1.8887e-04 1.8690e-04 1.8491e-04 1.8290e-04 1.8088e-04 1.7885e-04 1.7681e-04 1.7475e-04 1.7268e-04 1.7061e-04 1.6852e-04 1.6643e-04 1.6433e-04 1.6222e-04 1.6011e-04 1.5799e-04 1.5588e-04 1.5375e-04 1.5163e-04 1.4951e-04 1.4739e-04 1.4527e-04 1.4315e-04 1.4103e-04 1.3891e-04 1.3681e-04 1.3470e-04 1.3260e-04 1.3051e-04 1.2843e-04 1.2635e-04 1.2428e-04 1.2222e-04 1.2018e-04 1.1814e-04 1.1611e-04 1.1410e-04 1.1210e-04 1.1011e-04 1.0813e-04 1.0617e-04 1.0423e-04 1.0229e-04 1.0038e-04 9.8480e-05 9.6598e-05 9.4732e-05 9.2885e-05 9.1054e-05
-2.4697e-04 -2.4690e-04 -2.4678e-04 -2.4661e-04 -2.4639e-04 -2.4613e-04 -2.4582e-04 -2.4546e-04 -2.4505e-04 -2.4459e-04 1.2148e-02 -2.4355e-04 -2.4295e-04 -2.4231e-04 -2.4163e-04 -2.4090e-04 -2.4013e-04 -2.3931e-04 -2.3844e-04 -2.3754e-04 -2.3659e-04 -2.3560e-04 -2.3457e-04 -2.3349e-04 -2.3238e-04 -2.3123e-04 -2.3003e-04 -2.2880e-04 -2.2753e-04 -2.2623e-04 -2.2488e-04 -2.2351e-04 -2.2209e-04 -2.2065e-04 -2.1916e-04 -2.1765e-04 -2.1611e-04 -2.1453e-04 -2.1292e-04 -2.1129e-04 -2.0963e-04 -2.0793e-04 -2.0622e-04 -2.0447e-04 -2.0271e-04 -2.0091e-04 -1.9910e-04 -1.9726e-04 -1.9540e-04 -1.9352e-04 -1.9163e-04 -1.8971e-04 -1.8777e-04 -1.8582e-04 -1.8386e-04 -1.8188e-04 -1.7988e-04 -1.7787e-04 -1.7586e-04 -1.7382e-04 -1.7178e-04 -1.6973e-04 -1.6768e-04 -1.6561e-04 -1.6354e-04 -1.6146e-04 -1.5938e-04 -1.5729e-04 -1.5520e-04 -1.5311e-04 -1.5102e-04 -1.4893e-04 -1.4683e-04 -1.4474e-04 -1.4265e-04 -1.4057e-04 -1.3848e-04 -1.3640e-04 -1.3433e-04 -1.3226e-04 -1.3020e-04 -1.2814e-04 -1.2610e-04 -1.2406e-04 -1.2203e-04 -1.2001e-04 -1.1800e-04 -1.1600e-04 -1.1401e-04 -1.1204e-04 -1.1008e-04 -1.0813e-04 -1.0619e-04 -1.0427e-04 -1.0236e-04 -1.0047e-04 -9.8598e-05 -9.6739e-05 -9.4897e-05 -9.3071e-05 2.4697e-04 2.4689e-04 2.4677e-04 2.4660e-04 2.4638e-04 2.4611e-04 2.4579e-04 2.4542e-04 2.4500e-04 2.4454e-04 0.0000e+00 2.4346e-04 2.4285e-04 2.4220e-04 2.4150e-04 2.4075e-04 2.3996e-04 2.3912e-04 2.3824e-04 2.3731e-04 2.3634e-04 2.3532e-04 2.3427e-04 2.3317e-04 2.3203e-04 2.3085e-04 2.2963e-04 2.2837e-04 2.2707e-04 2.2573e-04 2.2436e-04 2.2295e-04 2.2151e-04 2.2003e-04 2.1852e-04 2.1697e-04 2.1539e-04 2.1378e-04 2.1214e-04 2.1047e-04 2.0878e-04 2.0705e-04 2.0530e-04 2.0352e-04 2.0172e-04 1.9989e-04 1.9804e-04 1.9617e-04 1.9427e-04 1.9236e-04 1.9043e-04 1.8847e-04 1.8651e-04 1.8452e-04 1.8252e-04 1.8051e-04 1.7848e-04 1.7644e-04 1.7438e-04 1.7232e-04 1.7025e-04 1.6817e-04 1.6608e-04 1.6398e-04 1.6188e-04 1.5977e-04 1.5766e-04 1.5555e-04 1.5343e-04 1.5131e-04 1.4920e-04 1.4708e-04 1.4496e-04 1.4284e-04 1.4073e-04 1.3862e-04 1.3652e-04 1.3442e-04 1.3232e-04 1.3024e-04 1.2816e-04 1.2609e-04 1.2402e-04 1.2197e-04 1.1992e-04 1.1789e-04 1.1587e-04 1.1386e-04 1.1186e-04 1.0988e-04 1.0791e-04 1.0595e-04 1.0401e-04 1.0208e-04 1.0017e-04 9.8274e-05 9.6395e-05 9.4534e-05 9.2689e-05 9.0863e-05
-2.4640e-04 -2.4633e-04 -2.4621e-04 -2.4604e-04 -2.4583e-04 -2.4557e-04 -2.4526e-04 -2.4490e-04 -2.4449e-04 -2.4404e-04 -2.4355e-04 1.4457e-02 -2.4241e-04 -2.4178e-04 -2.4110e-04 -2.4037e-04 -2.3961e-04 -2.3879e-04 -2.3794e-04 -2.3704e-04 -2.3609e-04 -2.3511e-04 -2.3408e-04 -2.3302e-04 -2.3191e-04 -2.3077e-04 -2.2958e-04 -2.2836e-04 -2.2710e-04 -2.2580e-04 -2.2447e-04 -2.2310e-04 -2.2169e-04 -2.2026e-04 -2.1878e-04 -2.1728e-04 -2.1575e-04 -2.1418e-04 -2.1258e-04 -2.1096e-04 -2.0931e-04 -2.0762e-04 -2.0592e-04 -2.0418e-04 -2.0243e-04 -2.0065e-04 -1.9884e-04 -1.9702e-04 -1.9517e-04 -1.9330e-04 -1.9141e-04 -1.8951e-04 -1.8758e-04 -1.8564e-04 -1.8369e-04 -1.8172e-04 -1.7974e-04 -1.7774e-04 -1.7573e-04 -1.7371e-04 -1.7168e-04 -1.6964e-04 -1.6759e-04 -1.6554e-04 -1.6348e-04 -1.6141e-04 -1.5934e-04 -1.5726e-04 -1.5518e-04 -1.5310e-04 -1.5102e-04 -1.4894e-04 -1.4685e-04 -1.4477e-04 -1.4269e-04 -1.4061e-04 -1.3854e-04 -1.3647e-04 -1.3440e-04 -1.3234e-04 -1.3029e-04 -1.2824e-04 -1.2620e-04 -1.2417e-04 -1.2215e-04 -1.2013e-04 -1.1813e-04 -1.1614e-04 -1.1416e-04 -1.1219e-04 -1.1024e-04 -1.0829e-04 -1.0636e-04 -1.0445e-04 -1.0255e-04 -1.0066e-04 -9.8791e-05 -9.6937e-05 -9.5099e-05 -9.3278e-05 2.4640e-04 2.4633e-04 2.4620e-04 2.4603e-04 2.4581e-04 2.4554e-04 2.4522e-04 2.4485e-04 2.4444e-04 2.4397e-04 2.4346e-04 0.0000e+00 2.4230e-04 2.4164e-04 2.4094e-04 2.4020e-04 2.3941e-04 2.3857e-04 2.3769e-04 2.3676e-04 2.3579e-04 2.3478e-04 2.3373e-04 2.3263e-04 2.3150e-04 2.3032e-04 2.2910e-04 2.2784e-04 2.2655e-04 2.2522e-04 2.2385e-04 2.2244e-04 2.2100e-04 2.1952e-04 2.1801e-04 2.1647e-04 2.1490e-04 2.1329e-04 2.1166e-04 2.0999e-04 2.0830e-04 2.0657e-04 2.0483e-04 2.0305e-04 2.0125e-04 1.9943e-04 1.9758e-04 1.9572e-04 1.9383e-04 1.9192e-04 1.8999e-04 1.8804e-04 1.8608e-04 1.8410e-04 1.8210e-04 1.8009e-04 1.7807e-04 1.7603e-04 1.7398e-04 1.7193e-04 1.6986e-04 1.6778e-04 1.6570e-04 1.6361e-04 1.6151e-04 1.5941e-04 1.5730e-04 1.5519e-04 1.5308e-04 1.5097e-04 1.4885e-04 1.4674e-04 1.4463e-04 1.4252e-04 1.4041e-04 1.3830e-04 1.3620e-04 1.3411e-04 1.3202e-04 1.2994e-04 1.2786e-04 1.2580e-04 1.2374e-04 1.2169e-04 1.1965e-04 1.1762e-04 1.1560e-04 1.1360e-04 1.1160e-04 1.0962e-04 1.0766e-04 1.0571e-04 1.0377e-04 1.0185e-04 9.9938e-05 9.8048e-05 9.6173e-05 9.4316e-05 9.2476e-05 9.0654e-05
-2.4579e-04 -2.4572e-04 -2.4560e-04 -2.4543e-04 -2.4522e-04 -2.4496e-04 -2.4465e-04 -2.4430e-04 -2.4389e-04 -2.4345e-04 -2.4295e-04 -2.4241e-04 1.6967e-02 -2.4120e-04 -2.4052e-04 -2.3980e-04 -2.3904e-04 -2.3823e-04 -2.3738e-04 -2.3649e-04 -2.3556e-04 -2.3458e-04 -2.3356e-04 -2.3250e-04 -2.3141e-04 -2.3027e-04 -2.2909e-04 -2.2788e-04 -2.2663e-04 -2.2534e-04 -2.2401e-04 -2.2265e-04 -2.2126e-04 -2.1983e-04 -2.1837e-04 -2.1688e-04 -2.1535e-04 -2.1380e-04 -2.1221e-04 -2.1060e-04 -2.0896e-04 -2.0729e-04 -2.0559e-04 -2.0387e-04 -2.0213e-04 -2.0036e-04 -1.9856e-04 -1.9675e-04 -1.9491e-04 -1.9306e-04 -1.9118e-04 -1.8929e-04 -1.8738e-04 -1.8545e-04 -1.8351e-04 -1.8155e-04 -1.7958e-04 -1.7759e-04 -1.7559e-04 -1.7359e-04 -1.7157e-04 -1.6954e-04 -1.6751e-04 -1.6546e-04 -1.6341e-04 -1.6136e-04 -1.5929e-04 -1.5723e-04 -1.5516e-04 -1.5309e-04 -1.5102e-04 -1.4895e-04 -1.4687e-04 -1.4480e-04 -1.4273e-04 -1.4066e-04 -1.3860e-04 -1.3654e-04 -1.3448e-04 -1.3243e-04 -1.3038e-04 -1.2834e-04 -1.2631e-04 -1.2429e-04 -1.2228e-04 -1.2027e-04 -1.1828e-04 -1.1629e-04 -1.1432e-04 -1.1236e-04 -1.1041e-04 -1.0847e-04 -1.0655e-04 -1.0464e-04 -1.0275e-04 -1.0086e-04 -9.9000e-05 -9.7151e-05 -9.5318e-05 -9.3501e-05 2.4579e-04 2.4571e-04 2.4559e-04 2.4542e-04 2.4520e-04 2.4493e-04 2.4461e-04 2.4424e-04 2.4383e-04 2.4336e-04 2.4285e-04 2.4230e-04 0.0000e+00 2.4104e-04 2.4034e-04 2.3960e-04 2.3881e-04 2.3797e-04 2.3709e-04 2.3617e-04 2.3521e-04 2.3420e-04 2.3315e-04 2.3205e-04 2.3092e-04 2.2974e-04 2.2853e-04 2.2728e-04 2.2598e-04 2.2465e-04 2.2329e-04 2.2189e-04 2.2045e-04 2.1898e-04 2.1747e-04 2.1593e-04 2.1436e-04 2.1276e-04 2.1113e-04 2.0947e-04 2.0778e-04 2.0606e-04 2.0431e-04 2.0254e-04 2.0075e-04 1.9893e-04 1.9709e-04 1.9523e-04 1.9334e-04 1.9144e-04 1.8951e-04 1.8757e-04 1.8561e-04 1.8364e-04 1.8165e-04 1.7964e-04 1.7762e-04 1.7559e-04 1.7355e-04 1.7150e-04 1.6943e-04 1.6736e-04 1.6528e-04 1.6320e-04 1.6111e-04 1.5901e-04 1.5691e-04 1.5480e-04 1.5270e-04 1.5059e-04 1.4848e-04 1.4637e-04 1.4427e-04 1.4216e-04 1.4006e-04 1.3796e-04 1.3586e-04 1.3377e-04 1.3169e-04 1.2961e-04 1.2754e-04 1.2548e-04 1.2343e-04 1.2138e-04 1.1935e-04 1.1733e-04 1.1531e-04 1.1331e-04 1.1132e-04 1.0935e-04 1.0739e-04 1.0544e-04 1.0351e-04 1.0159e-04 9.9689e-05 9.7803e-05 9.5933e-05 9.4080e-05 9.2245e-05 9.0428e-05
-2.4512e-04 -2.4505e-04 -2.4494e-04 -2.4477e-04 -2.4456e-04 -2.4430e-04 -2.4400e-04 -2.4364e-04 -2.4325e-04 -2.4280e-04 -2.4231e-04 -2.4178e-04 -2.4120e-04 1.9678e-02 -2.3990e-04 -2.3919e-04 -2.3843e-04 -2.3763e-04 -2.3679e-04 -2.3590e-04 -2.3498e-04 -2.3401e-04 -2.3300e-04 -2.3195e-04 -2.3086e-04 -2.2973e-04 -2.2856e-04 -2.2736e-04 -2.2612e-04 -2.2484e-04 -2.2352e-04 -2.2218e-04 -2.2079e-04 -2.1938e-04 -2.1793e-04 -2.1644e-04 -2.1493e-04 -2.1339e-04 -2.1181e-04 -2.1021e-04 -2.0858e-04 -2.0693e-04 -2.0524e-04 -2.0353e-04 -2.0180e-04 -2.0004e-04 -1.9826e-04 -1.9646e-04 -1.9464e-04 -1.9280e-04 -1.9093e-04 -1.8905e-04 -1.8715e-04 -1.8524e-04 -1.8331e-04 -1.8136e-04 -1.7940e-04 -1.7743e-04 -1.7545e-04 -1.7345e-04 -1.7145e-04 -1.6943e-04 -1.6741e-04 -1.6538e-04 -1.6334e-04 -1.6130e-04 -1.5925e-04 -1.5719e-04 -1.5514e-04 -1.5308e-04 -1.5102e-04 -1.4895e-04 -1.4689e-04 -1.4483e-04 -1.4277e-04 -1.4071e-04 -1.3866e-04 -1.3661e-04 -1.3456e-04 -1.3252e-04 -1.3048e-04 -1.2846e-04 -1.2643e-04 -1.2442e-04 -1.2241e-04 -1.2042e-04 -1.1843e-04 -1.1646e-04 -1.1449e-04 -1.1254e-04 -1.1059e-04 -1.0866e-04 -1.0675e-04 -1.0485e-04 -1.0296e-04 -1.0108e-04 -9.9225e-05 -9.7381e-05 -9.5553e-05 -9.3742e-05 2.4512e-04 2.4505e-04 2.4493e-04 2.4476e-04 2.4454e-04 2.4427e-04 2.4395e-04 2.4358e-04 2.4317e-04 2.4271e-04 2.4220e-04 2.4164e-04 2.4104e-04 0.0000e+00 2.3969e-04 2.3895e-04 2.3816e-04 2.3733e-04 2.3646e-04 2.3554e-04 2.3457e-04 2.3357e-04 2.3252e-04 2.3143e-04 2.3029e-04 2.2912e-04 2.2791e-04 2.2666e-04 2.2537e-04 2.2405e-04 2.2269e-04 2.2129e-04 2.1985e-04 2.1839e-04 2.1688e-04 2.1535e-04 2.1378e-04 2.1219e-04 2.1056e-04 2.0890e-04 2.0722e-04 2.0550e-04 2.0376e-04 2.0200e-04 2.0021e-04 1.9840e-04 1.9656e-04 1.9470e-04 1.9282e-04 1.9092e-04 1.8900e-04 1.8707e-04 1.8511e-04 1.8314e-04 1.8116e-04 1.7916e-04 1.7714e-04 1.7512e-04 1.7308e-04 1.7103e-04 1.6898e-04 1.6691e-04 1.6484e-04 1.6276e-04 1.6067e-04 1.5858e-04 1.5648e-04 1.5439e-04 1.5229e-04 1.5018e-04 1.4808e-04 1.4598e-04 1.4388e-04 1.4178e-04 1.3968e-04 1.3759e-04 1.3550e-04 1.3341e-04 1.3134e-04 1.2926e-04 1.2720e-04 1.2514e-04 1.2309e-04 1.2106e-04 1.1903e-04 1.1701e-04 1.1500e-04 1.1301e-04 1.1102e-04 1.0905e-04 1.0710e-04 1.0516e-04 1.0323e-04 1.0132e-04 9.9419e-05 9.7539e-05 9.5674e-05 9.3826e-05 9.1996e-05 9.0183e-05
-2.4441e-04 -2.4434e-04 -2.4423e-04 -2.4406e-04 -2.4385e-04 -2.4360e-04 -2.4330e-04 -2.4295e-04 -2.4255e-04 -2.4211e-04 -2.4163e-04 -2.4110e-04 -2.4052e-04 -2.3990e-04 2.2589e-02 -2.3853e-04 -2.3778e-04 -2.3699e-04 -2.3615e-04 -2.3528e-04 -2.3436e-04 -2.3340e-04 -2.3240e-04 -2.3135e-04 -2.3027e-04 -2.2916e-04 -2.2800e-04 -2.2680e-04 -2.2557e-04 -2.2430e-04 -2.2300e-04 -2.2166e-04 -2.2029e-04 -2.1889e-04 -2.1745e-04 -2.1598e-04 -2.1448e-04 -2.1295e-04 -2.1139e-04 -2.0980e-04 -2.0818e-04 -2.0654e-04 -2.0487e-04 -2.0317e-04 -2.0145e-04 -1.9971e-04 -1.9794e-04 -1.9615e-04 -1.9434e-04 -1.9251e-04 -1.9067e-04 -1.8880e-04 -1.8691e-04 -1.8501e-04 -1.8310e-04 -1.8116e-04 -1.7922e-04 -1.7726e-04 -1.7529e-04 -1.7331e-04 -1.7132e-04 -1.6931e-04 -1.6730e-04 -1.6529e-04 -1.6326e-04 -1.6123e-04 -1.5919e-04 -1.5715e-04 -1.5511e-04 -1.5306e-04 -1.5101e-04 -1.4896e-04 -1.4691e-04 -1.4486e-04 -1.4282e-04 -1.4077e-04 -1.3873e-04 -1.3669e-04 -1.3465e-04 -1.3262e-04 -1.3059e-04 -1.2857e-04 -1.2656e-04 -1.2456e-04 -1.2256e-04 -1.2057e-04 -1.1860e-04 -1.1663e-04 -1.1467e-04 -1.1273e-04 -1.1079e-04 -1.0887e-04 -1.0696e-04 -1.0507e-04 -1.0318e-04 -1.0132e-04 -9.9464e-05 -9.7627e-05 -9.5805e-05 -9.3999e-05 2.4441e-04 2.4434e-04 2.4422e-04 2.4405e-04 2.4383e-04 2.4356e-04 2.4324e-04 2.4288e-04 2.4247e-04 2.4201e-04 2.4150e-04 2.4094e-04 2.4034e-04 2.3969e-04 0.0000e+00 2.3826e-04 2.3747e-04 2.3664e-04 2.3577e-04 2.3485e-04 2.3389e-04 2.3289e-04 2.3184e-04 2.3076e-04 2.2963e-04 2.2846e-04 2.2725e-04 2.2601e-04 2.2472e-04 2.2340e-04 2.2204e-04 2.2065e-04 2.1922e-04 2.1775e-04 2.1626e-04 2.1473e-04 2.1316e-04 2.1157e-04 2.0995e-04 2.0830e-04 2.0662e-04 2.0491e-04 2.0317e-04 2.0141e-04 1.9963e-04 1.9782e-04 1.9599e-04 1.9414e-04 1.9226e-04 1.9037e-04 1.8846e-04 1.8652e-04 1.8458e-04 1.8261e-04 1.8063e-04 1.7864e-04 1.7663e-04 1.7461e-04 1.7258e-04 1.7054e-04 1.6849e-04 1.6643e-04 1.6436e-04 1.6229e-04 1.6021e-04 1.5812e-04 1.5603e-04 1.5394e-04 1.5184e-04 1.4975e-04 1.4765e-04 1.4556e-04 1.4346e-04 1.4137e-04 1.3928e-04 1.3719e-04 1.3511e-04 1.3303e-04 1.3095e-04 1.2889e-04 1.2683e-04 1.2478e-04 1.2274e-04 1.2071e-04 1.1868e-04 1.1667e-04 1.1467e-04 1.1268e-04 1.1070e-04 1.0874e-04 1.0679e-04 1.0485e-04 1.0293e-04 1.0102e-04 9.9131e-05 9.7256e-05 9.5397e-05 9.3554e-05 9.1729e-05 8.9922e-05
-2.4366e-04 -2.4359e-04 -2.4347e-04 -2.4331e-04 -2.4310e-04 -2.4285e-04 -2.4255e-04 -2.4221e-04 -2.4182e-04 -2.4138e-04 -2.4090e-04 -2.4037e-04 -2.3980e-04 -2.3919e-04 -2.3853e-04 2.5701e-02 -2.3709e-04 -2.3630e-04 -2.3548e-04 -2.3461e-04 -2.3370e-04 -2.3274e-04 -2.3175e-04 -2.3072e-04 -2.2965e-04 -2.2854e-04 -2.2740e-04 -2.2621e-04 -2.2499e-04 -2.2373e-04 -2.2244e-04 -2.2112e-04 -2.1976e-04 -2.1836e-04 -2.1694e-04 -2.1548e-04 -2.1400e-04 -2.1248e-04 -2.1093e-04 -2.0935e-04 -2.0775e-04 -2.0612e-04 -2.0447e-04 -2.0278e-04 -2.0108e-04 -1.9935e-04 -1.9760e-04 -1.9582e-04 -1.9403e-04 -1.9221e-04 -1.9038e-04 -1.8853e-04 -1.8666e-04 -1.8477e-04 -1.8287e-04 -1.8095e-04 -1.7902e-04 -1.7708e-04 -1.7512e-04 -1.7315e-04 -1.7118e-04 -1.6919e-04 -1.6719e-04 -1.6519e-04 -1.6318e-04 -1.6116e-04 -1.5914e-04 -1.5711e-04 -1.5508e-04 -1.5305e-04 -1.5101e-04 -1.4897e-04 -1.4694e-04 -1.4490e-04 -1.4286e-04 -1.4083e-04 -1.3880e-04 -1.3677e-04 -1.3474e-04 -1.3272e-04 -1.3071e-04 -1.2870e-04 -1.2670e-04 -1.2470e-04 -1.2272e-04 -1.2074e-04 -1.1877e-04 -1.1681e-04 -1.1487e-04 -1.1293e-04 -1.1100e-04 -1.0909e-04 -1.0719e-04 -1.0530e-04 -1.0343e-04 -1.0157e-04 -9.9719e-05 -9.7888e-05 -9.6072e-05 -9.4272e-05 2.4366e-04 2.4358e-04 2.4346e-04 2.4329e-04 2.4307e-04 2.4281e-04 2.4249e-04 2.4213e-04 2.4172e-04 2.4126e-04 2.4075e-04 2.4020e-04 2.3960e-04 2.3895e-04 2.3826e-04 0.0000e+00 2.3674e-04 2.3591e-04 2.3504e-04 2.3413e-04 2.3317e-04 2.3217e-04 2.3113e-04 2.3004e-04 2.2892e-04 2.2775e-04 2.2655e-04 2.2531e-04 2.2403e-04 2.2271e-04 2.2135e-04 2.1996e-04 2.1854e-04 2.1708e-04 2.1559e-04 2.1406e-04 2.1250e-04 2.1092e-04 2.0930e-04 2.0765e-04 2.0598e-04 2.0427e-04 2.0254e-04 2.0079e-04 1.9901e-04 1.9721e-04 1.9538e-04 1.9354e-04 1.9167e-04 1.8978e-04 1.8787e-04 1.8595e-04 1.8400e-04 1.8205e-04 1.8007e-04 1.7808e-04 1.7608e-04 1.7407e-04 1.7205e-04 1.7001e-04 1.6797e-04 1.6591e-04 1.6385e-04 1.6178e-04 1.5971e-04 1.5763e-04 1.5555e-04 1.5346e-04 1.5137e-04 1.4928e-04 1.4719e-04 1.4510e-04 1.4302e-04 1.4093e-04 1.3884e-04 1.3676e-04 1.3469e-04 1.3262e-04 1.3055e-04 1.2849e-04 1.2644e-04 1.2439e-04 1.2236e-04 1.2033e-04 1.1831e-04 1.1631e-04 1.1431e-04 1.1233e-04 1.1036e-04 1.0840e-04 1.0646e-04 1.0453e-04 1.0261e-04 1.0071e-04 9.8824e-05 9.6954e-05 9.5101e-05 9.3264e-05 9.1445e-05 8.9643e-05
-2.4286e-04 -2.4279e-04 -2.4267e-04 -2.4251e-04 -2.4231e-04 -2.4206e-04 -2.4176e-04 -2.4142e-04 -2.4103e-04 -2.4060e-04 -2.4013e-04 -2.3961e-04 -2.3904e-04 -2.3843e-04 -2.3778e-04 -2.3709e-04 2.9014e-02 -2.3558e-04 -2.3476e-04 -2.3389e-04 -2.3299e-04 -2.3205e-04 -2.3107e-04 -2.3005e-04 -2.2899e-04 -2.2789e-04 -2.2675e-04 -2.2558e-04 -2.2437e-04 -2.2313e-04 -2.2185e-04 -2.2054e-04 -2.1919e-04 -2.1781e-04 -2.1640e-04 -2.1496e-04 -2.1348e-04 -2.1198e-04 -2.1045e-04 -2.0888e-04 -2.0730e-04 -2.0568e-04 -2.0404e-04 -2.0237e-04 -2.0068e-04 -1.9897e-04 -1.9723e-04 -1.9547e-04 -1.9369e-04 -1.9189e-04 -1.9007e-04 -1.8824e-04 -1.8638e-04 -1.8451e-04 -1.8263e-04 -1.8072e-04 -1.7881e-04 -1.7688e-04 -1.7494e-04 -1.7299e-04 -1.7103e-04 -1.6905e-04 -1.6707e-04 -1.6508e-04 -1.6309e-04 -1.6108e-04 -1.5908e-04 -1.5706e-04 -1.5505e-04 -1.5303e-04 -1.5100e-04 -1.4898e-04 -1.4696e-04 -1.4493e-04 -1.4291e-04 -1.4089e-04 -1.3887e-04 -1.3685e-04 -1.3484e-04 -1.3283e-04 -1.3083e-04 -1.2883e-04 -1.2684e-04 -1.2486e-04 -1.2288e-04 -1.2092e-04 -1.1896e-04 -1.1701e-04 -1.1507e-04 -1.1314e-04 -1.1123e-04 -1.0932e-04 -1.0743e-04 -1.0555e-04 -1.0368e-04 -1.0183e-04 -9.9989e-05 -9.8164e-05 -9.6355e-05 -9.4561e-05 2.4285e-04 2.4278e-04 2.4266e-04 2.4249e-04 2.4227e-04 2.4201e-04 2.4169e-04 2.4133e-04 2.4092e-04 2.4046e-04 2.3996e-04 2.3941e-04 2.3881e-04 2.3816e-04 2.3747e-04 2.3674e-04 0.0000e+00 2.3514e-04 2.3427e-04 2.3335e-04 2.3240e-04 2.3140e-04 2.3036e-04 2.2928e-04 2.2816e-04 2.2700e-04 2.2580e-04 2.2456e-04 2.2329e-04 2.2197e-04 2.2062e-04 2.1924e-04 2.1782e-04 2.1636e-04 2.1488e-04 2.1336e-04 2.1180e-04 2.1022e-04 2.0861e-04 2.0697e-04 2.0530e-04 2.0360e-04 2.0188e-04 2.0013e-04 1.9836e-04 1.9656e-04 1.9474e-04 1.9290e-04 1.9104e-04 1.8915e-04 1.8725e-04 1.8533e-04 1.8340e-04 1.8145e-04 1.7948e-04 1.7750e-04 1.7550e-04 1.7350e-04 1.7148e-04 1.6945e-04 1.6741e-04 1.6537e-04 1.6331e-04 1.6125e-04 1.5918e-04 1.5711e-04 1.5504e-04 1.5296e-04 1.5088e-04 1.4879e-04 1.4671e-04 1.4463e-04 1.4254e-04 1.4046e-04 1.3839e-04 1.3631e-04 1.3424e-04 1.3218e-04 1.3012e-04 1.2807e-04 1.2602e-04 1.2398e-04 1.2195e-04 1.1993e-04 1.1792e-04 1.1592e-04 1.1394e-04 1.1196e-04 1.1000e-04 1.0804e-04 1.0611e-04 1.0418e-04 1.0227e-04 1.0038e-04 9.8498e-05 9.6634e-05 9.4787e-05 9.2956e-05 9.1143e-05 8.9347e-05
