1.0199e-04 -1.2345e-03 -1.2193e-03 -1.1982e-03 -1.1717e-03 -1.1401e-03 -1.1038e-03 -1.0634e-03 -1.0193e-03 -9.7228e-04 -9.2280e-04 -8.7148e-04 -8.1894e-04 -7.6574e-04 -7.1245e-04 -6.5957e-04 -6.0759e-04 -5.5693e-04 -5.0796e-04 -4.6100e-04 -4.1630e-04 -3.7407e-04 -3.3445e-04 -2.9755e-04 -2.6340e-04 -2.3202e-04 -2.0336e-04 -1.7736e-04 -1.5391e-04 -1.3290e-04 -1.1419e-04 -9.7626e-05 -8.3050e-05 -7.0300e-05 -5.9212e-05 -4.9626e-05 -4.1385e-05 -3.4341e-05 -2.8355e-05 -2.3296e-05 -1.9044e-05 -1.5491e-05 -1.2539e-05 -1.0099e-05 -8.0930e-06 -6.4534e-06 -5.1205e-06 -4.0427e-06 -3.1759e-06 -2.4826e-06 -1.9310e-06 -1.4945e-06 -1.1510e-06 -8.8197e-07 -6.7249e-07 -5.1022e-07 -3.8518e-07 -2.8934e-07 -2.1627e-07 -1.6085e-07 -1.1904e-07 -8.7657e-08 -6.4228e-08 -4.6828e-08 -3.3972e-08 -2.4523e-08 -1.7614e-08 -1.2589e-08 -8.9530e-09 -6.3354e-09 -4.4609e-09 -3.1254e-09 -2.1788e-09 -1.5114e-09 -1.0432e-09 -7.1650e-10 -4.8966e-10 -3.3297e-10 -2.2530e-10 -1.5168e-10 -1.0162e-10 -6.7737e-11 -4.4929e-11 -2.9653e-11 -1.9473e-11 -1.2725e-11 -8.2738e-12 -5.3530e-12 -3.4460e-12 -2.2074e-12 -1.4070e-12 -8.9232e-13 -5.6311e-13 -3.5360e-13 -2.2093e-13 -1.3736e-13 -8.4971e-14 -5.2303e-14 -3.2035e-14 -1.9524e-14 0.0000e+00 1.2345e-03 1.2191e-03 1.1980e-03 1.1713e-03 1.1396e-03 1.1031e-03 1.0625e-03 1.0183e-03 9.7107e-04 9.2140e-04 8.6992e-04 8.1721e-04 7.6387e-04 7.1045e-04 6.5747e-04 6.0541e-04 5.5468e-04 5.0568e-04 4.5870e-04 4.1401e-04 3.7182e-04 3.3225e-04 2.9542e-04 2.6136e-04 2.3007e-04 2.0152e-04 1.7563e-04 1.5231e-04 1.3142e-04 1.1283e-04 9.6389e-05 8.1933e-05 6.9297e-05 5.8317e-05 4.8833e-05 4.0686e-05 3.3730e-05 2.7824e-05 2.2837e-05 1.8651e-05 1.5156e-05 1.2255e-05 9.8591e-06 7.8923e-06 6.2864e-06 4.9823e-06 3.9290e-06 3.0830e-06 2.4070e-06 1.8699e-06 1.4454e-06 1.1117e-06 8.5077e-07 6.4784e-07 4.9085e-07 3.7005e-07 2.7759e-07 2.0719e-07 1.5387e-07 1.1371e-07 8.3607e-08 6.1168e-08 4.4528e-08 3.2253e-08 2.3246e-08 1.6670e-08 1.1895e-08 8.4454e-09 5.9662e-09 4.1938e-09 2.9332e-09 2.0413e-09 1.4136e-09 9.7395e-10 6.6771e-10 4.5548e-10 3.0916e-10 2.0879e-10 1.4031e-10 9.3816e-11 6.2417e-11 4.1319e-11 2.7217e-11 1.7838e-11 1.1633e-11 7.5482e-12 4.8735e-12 3.1309e-12 2.0013e-12 1.2729e-12 8.0557e-13 5.0727e-13 3.1784e-13 1.9815e-13 1.2292e-13 7.5870e-14 4.6596e-14 2.8474e-14 1.7314e-14
-1.2345e-03 4.0794e-04 -1.2106e-03 -1.1900e-03 -1.1640e-03 -1.1331e-03 -1.0976e-03 -1.0580e-03 -1.0148e-03 -9.6864e-04 -9.2006e-04 -8.6964e-04 -8.1797e-04 -7.6560e-04 -7.1309e-04 -6.6093e-04 -6.0958e-04 -5.5948e-04 -5.1098e-04 -4.6441e-04 -4.2001e-04 -3.7800e-04 -3.3853e-04 -3.0170e-04 -2.6755e-04 -2.3611e-04 -2.0735e-04 -1.8120e-04 -1.5757e-04 -1.3635e-04 -1.1741e-04 -1.0061e-04 -8.5786e-05 -7.2790e-05 -6.1461e-05 -5.1640e-05 -4.3176e-05 -3.5923e-05 -2.9741e-05 -2.4503e-05 -2.0088e-05 -1.6388e-05 -1.3304e-05 -1.0747e-05 -8.6392e-06 -6.9106e-06 -5.5008e-06 -4.3571e-06 -3.4342e-06 -2.6936e-06 -2.1023e-06 -1.6327e-06 -1.2618e-06 -9.7037e-07 -7.4258e-07 -5.6547e-07 -4.2849e-07 -3.2309e-07 -2.4242e-07 -1.8100e-07 -1.3448e-07 -9.9419e-08 -7.3139e-08 -5.3542e-08 -3.9002e-08 -2.8271e-08 -2.0392e-08 -1.4636e-08 -1.0453e-08 -7.4291e-09 -5.2538e-09 -3.6972e-09 -2.5889e-09 -1.8039e-09 -1.2508e-09 -8.6296e-10 -5.9245e-10 -4.0474e-10 -2.7513e-10 -1.8611e-10 -1.2527e-10 -8.3902e-11 -5.5918e-11 -3.7084e-11 -2.4472e-11 -1.6069e-11 -1.0500e-11 -6.8267e-12 -4.4167e-12 -2.8433e-12 -1.8214e-12 -1.1610e-12 -7.3641e-13 -4.6478e-13 -2.9189e-13 -1.8241e-13 -1.1343e-13 -7.0183e-14 -4.3211e-14 -2.6473e-14 1.2345e-03 0.0000e+00 1.2100e-03 1.1890e-03 1.1626e-03 1.1310e-03 1.0949e-03 1.0546e-03 1.0107e-03 9.6381e-04 9.1452e-04 8.6342e-04 8.1111e-04 7.5816e-04 7.0514e-04 6.5256e-04 6.0088e-04 5.5054e-04 5.0190e-04 4.5527e-04 4.1092e-04 3.6904e-04 3.2977e-04 2.9321e-04 2.5940e-04 2.2835e-04 2.0001e-04 1.7432e-04 1.5117e-04 1.3044e-04 1.1199e-04 9.5667e-05 8.1318e-05 6.8777e-05 5.7879e-05 4.8466e-05 4.0381e-05 3.3477e-05 2.7614e-05 2.2665e-05 1.8510e-05 1.5042e-05 1.2162e-05 9.7845e-06 7.8326e-06 6.2388e-06 4.9445e-06 3.8992e-06 3.0595e-06 2.3887e-06 1.8556e-06 1.4343e-06 1.1032e-06 8.4423e-07 6.4285e-07 4.8706e-07 3.6719e-07 2.7544e-07 2.0558e-07 1.5268e-07 1.1282e-07 8.2952e-08 6.0688e-08 4.4177e-08 3.1998e-08 2.3061e-08 1.6537e-08 1.1800e-08 8.3775e-09 5.9181e-09 4.1599e-09 2.9094e-09 2.0247e-09 1.4019e-09 9.6591e-10 6.6217e-10 4.5168e-10 3.0656e-10 2.0703e-10 1.3912e-10 9.3015e-11 6.1880e-11 4.0962e-11 2.6980e-11 1.7681e-11 1.1530e-11 7.4811e-12 4.8298e-12 3.1026e-12 1.9831e-12 1.2612e-12 7.9811e-13 5.0253e-13 3.1484e-13 1.9627e-13 1.2174e-13 7.5135e-14 4.6140e-14 2.8193e-14 1.7141e-14
-1.2193e-03 -1.2106e-03 9.1784e-04 -1.1764e-03 -1.1514e-03 -1.1215e-03 -1.0872e-03 -1.0490e-03 -1.0073e-03 -9.6257e-04 -9.1548e-04 -8.6654e-04 -8.1631e-04 -7.6531e-04 -7.1408e-04 -6.6309e-04 -6.1281e-04 -5.6363e-04 -5.1592e-04 -4.6999e-04 -4.2611e-04 -3.8447e-04 -3.4524e-04 -3.0853e-04 -2.7440e-04 -2.4287e-04 -2.1394e-04 -1.8755e-04 -1.6363e-04 -1.4207e-04 -1.2276e-04 -1.0556e-04 -9.0339e-05 -7.6939e-05 -6.5211e-05 -5.5005e-05 -4.6172e-05 -3.8571e-05 -3.2066e-05 -2.6529e-05 -2.1842e-05 -1.7897e-05 -1.4593e-05 -1.1841e-05 -9.5621e-06 -7.6842e-06 -6.1452e-06 -4.8906e-06 -3.8732e-06 -3.0526e-06 -2.3942e-06 -1.8687e-06 -1.4514e-06 -1.1218e-06 -8.6286e-07 -6.6045e-07 -5.0306e-07 -3.8130e-07 -2.8761e-07 -2.1588e-07 -1.6125e-07 -1.1985e-07 -8.8651e-08 -6.5251e-08 -4.7793e-08 -3.4834e-08 -2.5265e-08 -1.8235e-08 -1.3096e-08 -9.3596e-09 -6.6563e-09 -4.7106e-09 -3.3173e-09 -2.3246e-09 -1.6210e-09 -1.1248e-09 -7.7665e-10 -5.3363e-10 -3.6485e-10 -2.4822e-10 -1.6804e-10 -1.1320e-10 -7.5885e-11 -5.0618e-11 -3.3598e-11 -2.2191e-11 -1.4584e-11 -9.5378e-12 -6.2067e-12 -4.0191e-12 -2.5897e-12 -1.6604e-12 -1.0593e-12 -6.7250e-13 -4.2482e-13 -2.6703e-13 -1.6702e-13 -1.0395e-13 -6.4375e-14 -3.9670e-14 1.2191e-03 1.2100e-03 0.0000e+00 1.1743e-03 1.1481e-03 1.1170e-03 1.0813e-03 1.0415e-03 9.9814e-04 9.5184e-04 9.0316e-04 8.5269e-04 8.0103e-04 7.4874e-04 6.9638e-04 6.4445e-04 5.9341e-04 5.4369e-04 4.9566e-04 4.4961e-04 4.0581e-04 3.6444e-04 3.2566e-04 2.8956e-04 2.5617e-04 2.2550e-04 1.9752e-04 1.7214e-04 1.4928e-04 1.2880e-04 1.1058e-04 9.4468e-05 8.0298e-05 6.7913e-05 5.7151e-05 4.7855e-05 3.9871e-05 3.3053e-05 2.7265e-05 2.2378e-05 1.8275e-05 1.4850e-05 1.2006e-05 9.6591e-06 7.7319e-06 6.1583e-06 4.8805e-06 3.8485e-06 3.0196e-06 2.3574e-06 1.8312e-06 1.4154e-06 1.0885e-06 8.3298e-07 6.3423e-07 4.8050e-07 3.6221e-07 2.7168e-07 2.0276e-07 1.5057e-07 1.1125e-07 8.1789e-08 5.9830e-08 4.3548e-08 3.1539e-08 2.2727e-08 1.6296e-08 1.1626e-08 8.2528e-09 5.8291e-09 4.0966e-09 2.8647e-09 1.9932e-09 1.3799e-09 9.5056e-10 6.5152e-10 4.4432e-10 3.0151e-10 2.0357e-10 1.3676e-10 9.1417e-11 6.0802e-11 4.0238e-11 2.6495e-11 1.7359e-11 1.1316e-11 7.3403e-12 4.7374e-12 3.0422e-12 1.9439e-12 1.2358e-12 7.8176e-13 4.9205e-13 3.0816e-13 1.9202e-13 1.1906e-13 7.3447e-14 4.5083e-14 2.7535e-14 1.6733e-14
-1.1982e-03 -1.1900e-03 -1.1764e-03 1.6316e-03 -1.1339e-03 -1.1055e-03 -1.0729e-03 -1.0365e-03 -9.9676e-04 -9.5409e-04 -9.0905e-04 -8.6214e-04 -8.1388e-04 -7.6477e-04 -7.1531e-04 -6.6595e-04 -6.1713e-04 -5.6924e-04 -5.2263e-04 -4.7761e-04 -4.3443e-04 -3.9333e-04 -3.5445e-04 -3.1792e-04 -2.8383e-04 -2.5220e-04 -2.2306e-04 -1.9635e-04 -1.7203e-04 -1.5002e-04 -1.3020e-04 -1.1247e-04 -9.6698e-05 -8.2744e-05 -7.0468e-05 -5.9729e-05 -5.0386e-05 -4.2303e-05 -3.5347e-05 -2.9395e-05 -2.4328e-05 -2.0039e-05 -1.6427e-05 -1.3401e-05 -1.0880e-05 -8.7916e-06 -7.0696e-06 -5.6575e-06 -4.5057e-06 -3.5711e-06 -2.8167e-06 -2.2109e-06 -1.7271e-06 -1.3425e-06 -1.0386e-06 -7.9954e-07 -6.1254e-07 -4.6699e-07 -3.5429e-07 -2.6748e-07 -2.0096e-07 -1.5025e-07 -1.1178e-07 -8.2760e-08 -6.0973e-08 -4.4701e-08 -3.2612e-08 -2.3676e-08 -1.7104e-08 -1.2296e-08 -8.7956e-09 -6.2611e-09 -4.4350e-09 -3.1260e-09 -2.1926e-09 -1.5303e-09 -1.0628e-09 -7.3448e-10 -5.0509e-10 -3.4563e-10 -2.3534e-10 -1.5946e-10 -1.0751e-10 -7.2124e-11 -4.8147e-11 -3.1982e-11 -2.1140e-11 -1.3904e-11 -9.0994e-12 -5.9257e-12 -3.8398e-12 -2.4758e-12 -1.5885e-12 -1.0141e-12 -6.4420e-13 -4.0720e-13 -2.5611e-13 -1.6028e-13 -9.9815e-14 -6.1850e-14 1.1980e-03 1.1890e-03 1.1743e-03 0.0000e+00 1.1282e-03 1.0976e-03 1.0625e-03 1.0234e-03 9.8083e-04 9.3533e-04 8.8749e-04 8.3789e-04 7.8712e-04 7.3574e-04 6.8429e-04 6.3325e-04 5.8310e-04 5.3425e-04 4.8704e-04 4.4179e-04 3.9874e-04 3.5810e-04 3.1999e-04 2.8451e-04 2.5170e-04 2.2156e-04 1.9406e-04 1.6913e-04 1.4666e-04 1.2654e-04 1.0864e-04 9.2801e-05 7.8878e-05 6.6709e-05 5.6135e-05 4.7002e-05 3.9158e-05 3.2460e-05 2.6774e-05 2.1973e-05 1.7943e-05 1.4579e-05 1.1786e-05 9.4810e-06 7.5886e-06 6.0435e-06 4.7889e-06 3.7758e-06 2.9622e-06 2.3122e-06 1.7958e-06 1.3878e-06 1.0671e-06 8.1645e-07 6.2153e-07 4.7077e-07 3.5480e-07 2.6606e-07 1.9851e-07 1.4737e-07 1.0886e-07 8.0010e-08 5.8511e-08 4.2574e-08 3.0823e-08 2.2203e-08 1.5914e-08 1.1349e-08 8.0530e-09 5.6855e-09 3.9939e-09 2.7915e-09 1.9413e-09 1.3433e-09 9.2482e-10 6.3352e-10 4.3179e-10 2.9282e-10 1.9758e-10 1.3264e-10 8.8601e-11 5.8885e-11 3.8939e-11 2.5620e-11 1.6771e-11 1.0924e-11 7.0792e-12 4.5646e-12 2.9283e-12 1.8692e-12 1.1871e-12 7.5009e-13 4.7157e-13 2.9498e-13 1.8358e-13 1.1368e-13 7.0033e-14 4.2928e-14 2.6180e-14 1.5886e-14
-1.1717e-03 -1.1640e-03 -1.1514e-03 -1.1339e-03 2.5492e-03 -1.0853e-03 -1.0548e-03 -1.0207e-03 -9.8338e-04 -9.4324e-04 -9.0075e-04 -8.5638e-04 -8.1060e-04 -7.6387e-04 -7.1664e-04 -6.6934e-04 -6.2237e-04 -5.7612e-04 -5.3091e-04 -4.8705e-04 -4.4480e-04 -4.0439e-04 -3.6598e-04 -3.2972e-04 -2.9570e-04 -2.6398e-04 -2.3458e-04 -2.0750e-04 -1.8271e-04 -1.6013e-04 -1.3970e-04 -1.2131e-04 -1.0485e-04 -9.0198e-05 -7.7234e-05 -6.5823e-05 -5.5835e-05 -4.7140e-05 -3.9611e-05 -3.3128e-05 -2.7574e-05 -2.2843e-05 -1.8834e-05 -1.5454e-05 -1.2620e-05 -1.0257e-05 -8.2960e-06 -6.6779e-06 -5.3496e-06 -4.2648e-06 -3.3837e-06 -2.6716e-06 -2.0992e-06 -1.6414e-06 -1.2772e-06 -9.8904e-07 -7.6215e-07 -5.8445e-07 -4.4600e-07 -3.3869e-07 -2.5594e-07 -1.9246e-07 -1.4402e-07 -1.0724e-07 -7.9466e-08 -5.8595e-08 -4.2993e-08 -3.1391e-08 -2.2806e-08 -1.6488e-08 -1.1862e-08 -8.4913e-09 -6.0486e-09 -4.2873e-09 -3.0239e-09 -2.1223e-09 -1.4821e-09 -1.0300e-09 -7.1219e-10 -4.9003e-10 -3.3550e-10 -2.2856e-10 -1.5494e-10 -1.0451e-10 -7.0144e-11 -4.6846e-11 -3.1131e-11 -2.0585e-11 -1.3544e-11 -8.8672e-12 -5.7764e-12 -3.7443e-12 -2.4150e-12 -1.5499e-12 -9.8976e-13 -6.2891e-13 -3.9763e-13 -2.5015e-13 -1.5659e-13 -9.7535e-14 1.1713e-03 1.1626e-03 1.1481e-03 1.1282e-03 0.0000e+00 1.0732e-03 1.0389e-03 1.0006e-03 9.5900e-04 9.1451e-04 8.6773e-04 8.1924e-04 7.6960e-04 7.1936e-04 6.6904e-04 6.1914e-04 5.7010e-04 5.2233e-04 4.7617e-04 4.3192e-04 3.8983e-04 3.5008e-04 3.1281e-04 2.7812e-04 2.4604e-04 2.1657e-04 1.8968e-04 1.6530e-04 1.4333e-04 1.2366e-04 1.0616e-04 9.0677e-05 7.7066e-05 6.5170e-05 5.4835e-05 4.5908e-05 3.8242e-05 3.1697e-05 2.6140e-05 2.1450e-05 1.7513e-05 1.4227e-05 1.1499e-05 9.2481e-06 7.4004e-06 5.8922e-06 4.6678e-06 3.6793e-06 2.8855e-06 2.2517e-06 1.7482e-06 1.3505e-06 1.0381e-06 7.9387e-07 6.0407e-07 4.5734e-07 3.4450e-07 2.5820e-07 1.9254e-07 1.4286e-07 1.0546e-07 7.7458e-08 5.6605e-08 4.1157e-08 2.9774e-08 2.1430e-08 1.5347e-08 1.0934e-08 7.7514e-09 5.4671e-09 3.8364e-09 2.6784e-09 1.8605e-09 1.2858e-09 8.8410e-10 6.0480e-10 4.1163e-10 2.7873e-10 1.8778e-10 1.2586e-10 8.3926e-11 5.5678e-11 3.6749e-11 2.4131e-11 1.5764e-11 1.0246e-11 6.6246e-12 4.2614e-12 2.7270e-12 1.7362e-12 1.0996e-12 6.9285e-13 4.3430e-13 2.7081e-13 1.6799e-13 1.0367e-13 6.3642e-14 3.8865e-14 2.3610e-14 1.4268e-14
-1.1401e-03 -1.1331e-03 -1.1215e-03 -1.1055e-03 -1.0853e-03 3.6706e-03 -1.0331e-03 -1.0017e-03 -9.6720e-04 -9.3003e-04 -8.9057e-04 -8.4921e-04 -8.0637e-04 -7.6246e-04 -7.1788e-04 -6.7304e-04 -6.2830e-04 -5.8401e-04 -5.4051e-04 -4.9807e-04 -4.5697e-04 -4.1742e-04 -3.7962e-04 -3.4371e-04 -3.0982e-04 -2.7803e-04 -2.4838e-04 -2.2089e-04 -1.9556e-04 -1.7234e-04 -1.5119e-04 -1.3202e-04 -1.1476e-04 -9.9292e-05 -8.5511e-05 -7.3300e-05 -6.2540e-05 -5.3109e-05 -4.4889e-05 -3.7762e-05 -3.1617e-05 -2.6346e-05 -2.1849e-05 -1.8034e-05 -1.4814e-05 -1.2110e-05 -9.8525e-06 -7.9773e-06 -6.4278e-06 -5.1543e-06 -4.1131e-06 -3.2663e-06 -2.5813e-06 -2.0300e-06 -1.5887e-06 -1.2372e-06 -9.5883e-07 -7.3944e-07 -5.6746e-07 -4.3335e-07 -3.2931e-07 -2.4902e-07 -1.8738e-07 -1.4030e-07 -1.0453e-07 -7.7503e-08 -5.7177e-08 -4.1974e-08 -3.0662e-08 -2.2287e-08 -1.6120e-08 -1.1602e-08 -8.3083e-09 -5.9204e-09 -4.1980e-09 -2.9619e-09 -2.0794e-09 -1.4526e-09 -1.0097e-09 -6.9835e-10 -4.8062e-10 -3.2913e-10 -2.2426e-10 -1.5205e-10 -1.0258e-10 -6.8860e-11 -4.5995e-11 -3.0569e-11 -2.0216e-11 -1.3302e-11 -8.7097e-12 -5.6743e-12 -3.6783e-12 -2.3726e-12 -1.5227e-12 -9.7242e-13 -6.1790e-13 -3.9067e-13 -2.4578e-13 -1.5385e-13 1.1396e-03 1.1310e-03 1.1170e-03 1.0976e-03 1.0732e-03 0.0000e+00 1.0107e-03 9.7349e-04 9.3298e-04 8.8969e-04 8.4418e-04 7.9700e-04 7.4870e-04 6.9982e-04 6.5086e-04 6.0230e-04 5.5459e-04 5.0810e-04 4.6318e-04 4.2013e-04 3.7917e-04 3.4049e-04 3.0423e-04 2.7048e-04 2.3926e-04 2.1059e-04 1.8443e-04 1.6071e-04 1.3933e-04 1.2020e-04 1.0317e-04 8.8113e-05 7.4874e-05 6.3306e-05 5.3256e-05 4.4577e-05 3.7124e-05 3.0762e-05 2.5363e-05 2.0806e-05 1.6981e-05 1.3790e-05 1.1142e-05 8.9574e-06 7.1647e-06 5.7018e-06 4.5147e-06 3.5567e-06 2.7878e-06 2.1740e-06 1.6868e-06 1.3022e-06 1.0001e-06 7.6425e-07 5.8103e-07 4.3949e-07 3.3073e-07 2.4762e-07 1.8445e-07 1.3669e-07 1.0078e-07 7.3926e-08 5.3948e-08 3.9167e-08 2.8290e-08 2.0328e-08 1.4532e-08 1.0334e-08 7.3116e-09 5.1461e-09 3.6032e-09 2.5098e-09 1.7390e-09 1.1987e-09 8.2195e-10 5.6065e-10 3.8041e-10 2.5675e-10 1.7238e-10 1.1512e-10 7.6470e-11 5.0527e-11 3.3207e-11 2.1707e-11 1.4113e-11 9.1260e-12 5.8693e-12 3.7542e-12 2.3882e-12 1.5108e-12 9.5051e-13 5.9466e-13 3.6995e-13 2.2886e-13 1.4077e-13 8.6094e-14 5.2350e-14 3.1646e-14 1.9018e-14 1.1361e-14
-1.1038e-03 -1.0976e-03 -1.0872e-03 -1.0729e-03 -1.0548e-03 -1.0331e-03 4.9955e-03 -9.7954e-04 -9.4832e-04 -9.1452e-04 -8.7848e-04 -8.4054e-04 -8.0105e-04 -7.6036e-04 -7.1884e-04 -6.7682e-04 -6.3465e-04 -5.9266e-04 -5.5114e-04 -5.1038e-04 -4.7064e-04 -4.3214e-04 -3.9510e-04 -3.5966e-04 -3.2598e-04 -2.9416e-04 -2.6427e-04 -2.3636e-04 -2.1045e-04 -1.8654e-04 -1.6460e-04 -1.4457e-04 -1.2640e-04 -1.1001e-04 -9.5299e-05 -8.2171e-05 -7.0521e-05 -6.0239e-05 -5.1214e-05 -4.3336e-05 -3.6495e-05 -3.0589e-05 -2.5516e-05 -2.1182e-05 -1.7500e-05 -1.4388e-05 -1.1773e-05 -9.5867e-06 -7.7684e-06 -6.2645e-06 -5.0271e-06 -4.0145e-06 -3.1902e-06 -2.5228e-06 -1.9852e-06 -1.5546e-06 -1.2113e-06 -9.3926e-07 -7.2471e-07 -5.5641e-07 -4.2510e-07 -3.2317e-07 -2.4447e-07 -1.8402e-07 -1.3783e-07 -1.0273e-07 -7.6183e-08 -5.6219e-08 -4.1281e-08 -3.0161e-08 -2.1928e-08 -1.5863e-08 -1.1418e-08 -8.1782e-09 -5.8284e-09 -4.1332e-09 -2.9164e-09 -2.0476e-09 -1.4305e-09 -9.9438e-10 -6.8779e-10 -4.7336e-10 -3.2416e-10 -2.2088e-10 -1.4976e-10 -1.0103e-10 -6.7817e-11 -4.5296e-11 -3.0103e-11 -1.9906e-11 -1.3098e-11 -8.5753e-12 -5.5863e-12 -3.6210e-12 -2.3354e-12 -1.4987e-12 -9.5698e-13 -6.0802e-13 -3.8439e-13 -2.4179e-13 1.1031e-03 1.0949e-03 1.0813e-03 1.0625e-03 1.0389e-03 1.0107e-03 0.0000e+00 9.4236e-04 9.0314e-04 8.6123e-04 8.1717e-04 7.7149e-04 7.2472e-04 6.7739e-04 6.2999e-04 5.8297e-04 5.3677e-04 4.9176e-04 4.4826e-04 4.0657e-04 3.6691e-04 3.2946e-04 2.9435e-04 2.6167e-04 2.3144e-04 2.0368e-04 1.7835e-04 1.5539e-04 1.3470e-04 1.1618e-04 9.9697e-05 8.5125e-05 7.2316e-05 6.1124e-05 5.1404e-05 4.3011e-05 3.5806e-05 2.9658e-05 2.4440e-05 2.0039e-05 1.6346e-05 1.3267e-05 1.0712e-05 8.6057e-06 6.8781e-06 5.4693e-06 4.3267e-06 3.4054e-06 2.6664e-06 2.0771e-06 1.6097e-06 1.2411e-06 9.5191e-07 7.2634e-07 5.5135e-07 4.1634e-07 3.1276e-07 2.3372e-07 1.7374e-07 1.2848e-07 9.4504e-08 6.9149e-08 5.0329e-08 3.6436e-08 2.6238e-08 1.8793e-08 1.3389e-08 9.4868e-09 6.6857e-09 4.6860e-09 3.2665e-09 2.2645e-09 1.5612e-09 1.0703e-09 7.2969e-10 4.9466e-10 3.3343e-10 2.2346e-10 1.4890e-10 9.8637e-11 6.4956e-11 4.2521e-11 2.7667e-11 1.7892e-11 1.1499e-11 7.3435e-12 4.6597e-12 2.9374e-12 1.8393e-12 1.1438e-12 7.0631e-13 4.3299e-13 2.6345e-13 1.5905e-13 9.5239e-14 5.6545e-14 3.3270e-14 1.9388e-14 1.1182e-14 6.3773e-15
-1.0634e-03 -1.0580e-03 -1.0490e-03 -1.0365e-03 -1.0207e-03 -1.0017e-03 -9.7954e-04 6.5240e-03 -9.2686e-04 -8.9676e-04 -8.6449e-04 -8.3031e-04 -7.9452e-04 -7.5741e-04 -7.1927e-04 -6.8042e-04 -6.4114e-04 -6.0173e-04 -5.6248e-04 -5.2365e-04 -4.8549e-04 -4.4824e-04 -4.1211e-04 -3.7728e-04 -3.4391e-04 -3.1213e-04 -2.8204e-04 -2.5373e-04 -2.2725e-04 -2.0261e-04 -1.7983e-04 -1.5889e-04 -1.3974e-04 -1.2233e-04 -1.0659e-04 -9.2443e-05 -7.9799e-05 -6.8560e-05 -5.8625e-05 -4.9891e-05 -4.2256e-05 -3.5619e-05 -2.9880e-05 -2.4944e-05 -2.0724e-05 -1.7134e-05 -1.4097e-05 -1.1542e-05 -9.4045e-06 -7.6251e-06 -6.1522e-06 -4.9394e-06 -3.9463e-06 -3.1374e-06 -2.4820e-06 -1.9538e-06 -1.5305e-06 -1.1929e-06 -9.2523e-07 -7.1406e-07 -5.4836e-07 -4.1903e-07 -3.1861e-07 -2.4106e-07 -1.8148e-07 -1.3594e-07 -1.0133e-07 -7.5152e-08 -5.5461e-08 -4.0726e-08 -2.9757e-08 -2.1634e-08 -1.5650e-08 -1.1265e-08 -8.0685e-09 -5.7500e-09 -4.0774e-09 -2.8769e-09 -2.0198e-09 -1.4109e-09 -9.8070e-10 -6.7827e-10 -4.6676e-10 -3.1961e-10 -2.1776e-10 -1.4762e-10 -9.9577e-11 -6.6834e-11 -4.4634e-11 -2.9659e-11 -1.9610e-11 -1.2901e-11 -8.4453e-12 -5.5008e-12 -3.5650e-12 -2.2989e-12 -1.4751e-12 -9.4176e-13 -5.9826e-13 -3.7815e-13 1.0625e-03 1.0546e-03 1.0415e-03 1.0234e-03 1.0006e-03 9.7349e-04 9.4236e-04 0.0000e+00 8.6988e-04 8.2951e-04 7.8706e-04 7.4305e-04 6.9799e-04 6.5239e-04 6.0671e-04 5.6141e-04 5.1689e-04 4.7352e-04 4.3161e-04 3.9143e-04 3.5321e-04 3.1712e-04 2.8329e-04 2.5180e-04 2.2267e-04 1.9593e-04 1.7152e-04 1.4940e-04 1.2947e-04 1.1163e-04 9.5765e-05 8.1736e-05 6.9407e-05 5.8638e-05 4.9287e-05 4.1216e-05 3.4291e-05 2.8383e-05 2.3372e-05 1.9147e-05 1.5605e-05 1.2652e-05 1.0206e-05 8.1892e-06 6.5370e-06 5.1910e-06 4.1006e-06 3.2222e-06 2.5187e-06 1.9584e-06 1.5147e-06 1.1653e-06 8.9172e-07 6.7871e-07 5.1380e-07 3.8686e-07 2.8970e-07 2.1576e-07 1.5980e-07 1.1771e-07 8.6219e-08 6.2800e-08 4.5484e-08 3.2755e-08 2.3453e-08 1.6695e-08 1.1815e-08 8.3119e-09 5.8124e-09 4.0398e-09 2.7904e-09 1.9154e-09 1.3064e-09 8.8519e-10 5.9582e-10 3.9831e-10 2.6441e-10 1.7426e-10 1.1399e-10 7.3991e-11 4.7639e-11 3.0413e-11 1.9242e-11 1.2059e-11 7.4797e-12 4.5880e-12 2.7799e-12 1.6614e-12 9.7748e-13 5.6465e-13 3.1904e-13 1.7534e-13 9.2891e-14 4.6712e-14 2.1625e-14 8.5485e-15 2.1346e-15 -7.0713e-16 -1.7217e-15 -1.8666e-15
-1.0193e-03 -1.0148e-03 -1.0073e-03 -9.9676e-04 -9.8338e-04 -9.6720e-04 -9.4832e-04 -9.2686e-04 8.2558e-03 -8.7682e-04 -8.4859e-04 -8.1846e-04 -7.8666e-04 -7.5341e-04 -7.1896e-04 -6.8356e-04 -6.4745e-04 -6.1091e-04 -5.7418e-04 -5.3752e-04 -5.0118e-04 -4.6537e-04 -4.3033e-04 -3.9626e-04 -3.6332e-04 -3.3169e-04 -3.0148e-04 -2.7282e-04 -2.4578e-04 -2.2042e-04 -1.9679e-04 -1.7488e-04 -1.5470e-04 -1.3621e-04 -1.1937e-04 -1.0412e-04 -9.0389e-05 -7.8097e-05 -6.7156e-05 -5.7471e-05 -4.8947e-05 -4.1486e-05 -3.4993e-05 -2.9372e-05 -2.4535e-05 -2.0394e-05 -1.6870e-05 -1.3886e-05 -1.1374e-05 -9.2706e-06 -7.5190e-06 -6.0684e-06 -4.8734e-06 -3.8945e-06 -3.0968e-06 -2.4503e-06 -1.9292e-06 -1.5114e-06 -1.1782e-06 -9.1387e-07 -7.0534e-07 -5.4169e-07 -4.1394e-07 -3.1475e-07 -2.3813e-07 -1.7927e-07 -1.3429e-07 -1.0009e-07 -7.4231e-08 -5.4778e-08 -4.0221e-08 -2.9386e-08 -2.1362e-08 -1.5452e-08 -1.1122e-08 -7.9646e-09 -5.6754e-09 -4.0239e-09 -2.8388e-09 -1.9928e-09 -1.3919e-09 -9.6732e-10 -6.6891e-10 -4.6025e-10 -3.1510e-10 -2.1465e-10 -1.4550e-10 -9.8127e-11 -6.5850e-11 -4.3970e-11 -2.9213e-11 -1.9312e-11 -1.2703e-11 -8.3141e-12 -5.4144e-12 -3.5084e-12 -2.2620e-12 -1.4512e-12 -9.2633e-13 -5.8836e-13 1.0183e-03 1.0107e-03 9.9814e-04 9.8083e-04 9.5900e-04 9.3298e-04 9.0314e-04 8.6988e-04 0.0000e+00 7.9496e-04 7.5426e-04 7.1207e-04 6.6887e-04 6.2514e-04 5.8135e-04 5.3791e-04 4.9521e-04 4.5362e-04 4.1342e-04 3.7489e-04 3.3824e-04 3.0363e-04 2.7118e-04 2.4098e-04 2.1305e-04 1.8741e-04 1.6401e-04 1.4280e-04 1.2370e-04 1.0661e-04 9.1407e-05 7.7970e-05 6.6167e-05 5.5860e-05 4.6915e-05 3.9198e-05 3.2580e-05 2.6938e-05 2.2157e-05 1.8128e-05 1.4754e-05 1.1944e-05 9.6184e-06 7.7040e-06 6.1375e-06 4.8632e-06 3.8326e-06 3.0040e-06 2.3416e-06 1.8152e-06 1.3993e-06 1.0726e-06 8.1759e-07 6.1965e-07 4.6692e-07 3.4980e-07 2.6051e-07 1.9286e-07 1.4192e-07 1.0379e-07 7.5438e-08 5.4482e-08 3.9093e-08 2.7867e-08 1.9730e-08 1.3872e-08 9.6838e-09 6.7102e-09 4.6141e-09 3.1475e-09 2.1291e-09 1.4275e-09 9.4807e-10 6.2334e-10 4.0536e-10 2.6045e-10 1.6510e-10 1.0307e-10 6.3205e-11 3.7938e-11 2.2172e-11 1.2512e-11 6.7220e-12 3.3455e-12 1.4462e-12 4.3101e-13 -6.9845e-14 -2.8239e-13 -3.4168e-13 -3.2608e-13 -2.7936e-13 -2.2464e-13 -1.7310e-13 -1.2928e-13 -9.4224e-14 -6.7323e-14 -4.7302e-14 -3.2755e-14 -2.2391e-14 -1.5130e-14
-9.7228e-04 -9.6864e-04 -9.6257e-04 -9.5409e-04 -9.4324e-04 -9.3003e-04 -9.1452e-04 -8.9676e-04 -8.7682e-04 1.0191e-02 -8.3079e-04 -8.0492e-04 -7.7733e-04 -7.4819e-04 -7.1767e-04 -6.8596e-04 -6.5328e-04 -6.1985e-04 -5.8588e-04 -5.5163e-04 -5.1731e-04 -4.8316e-04 -4.4941e-04 -4.1626e-04 -3.8391e-04 -3.5254e-04 -3.2232e-04 -2.9338e-04 -2.6585e-04 -2.3980e-04 -2.1532e-04 -1.9245e-04 -1.7121e-04 -1.5160e-04 -1.3361e-04 -1.1719e-04 -1.0230e-04 -8.8876e-05 -7.6843e-05 -6.6118e-05 -5.6616e-05 -4.8243e-05 -4.0909e-05 -3.4520e-05 -2.8987e-05 -2.4221e-05 -2.0140e-05 -1.6663e-05 -1.3719e-05 -1.1240e-05 -9.1626e-06 -7.4325e-06 -5.9992e-06 -4.8183e-06 -3.8507e-06 -3.0621e-06 -2.4229e-06 -1.9077e-06 -1.4945e-06 -1.1650e-06 -9.0361e-07 -6.9739e-07 -5.3555e-07 -4.0922e-07 -3.1113e-07 -2.3537e-07 -1.7718e-07 -1.3270e-07 -9.8898e-08 -7.3337e-08 -5.4111e-08 -3.9727e-08 -2.9020e-08 -2.1094e-08 -1.5256e-08 -1.0978e-08 -7.8608e-09 -5.6005e-09 -3.9702e-09 -2.8005e-09 -1.9655e-09 -1.3726e-09 -9.5377e-10 -6.5943e-10 -4.5365e-10 -3.1053e-10 -2.1150e-10 -1.4334e-10 -9.6653e-11 -6.4850e-11 -4.3294e-11 -2.8759e-11 -1.9009e-11 -1.2501e-11 -8.1807e-12 -5.3266e-12 -3.4510e-12 -2.2246e-12 -1.4269e-12 -9.1069e-13 9.7107e-04 9.6381e-04 9.5184e-04 9.3533e-04 9.1451e-04 8.8969e-04 8.6123e-04 8.2951e-04 7.9496e-04 0.0000e+00 7.1921e-04 6.7896e-04 6.3774e-04 5.9601e-04 5.5422e-04 5.1276e-04 4.7201e-04 4.3231e-04 3.9394e-04 3.5717e-04 3.2218e-04 2.8914e-04 2.5817e-04 2.2934e-04 2.0269e-04 1.7822e-04 1.5589e-04 1.3566e-04 1.1745e-04 1.0115e-04 8.6659e-05 7.3858e-05 6.2617e-05 5.2808e-05 4.4300e-05 3.6965e-05 3.0680e-05 2.5327e-05 2.0796e-05 1.6982e-05 1.3792e-05 1.1139e-05 8.9471e-06 7.1462e-06 5.6756e-06 4.4819e-06 3.5190e-06 2.7468e-06 2.1315e-06 1.6442e-06 1.2606e-06 9.6054e-07 7.2734e-07 5.4725e-07 4.0907e-07 3.0374e-07 2.2400e-07 1.6403e-07 1.1924e-07 8.6029e-08 6.1582e-08 4.3721e-08 3.0772e-08 2.1460e-08 1.4819e-08 1.0125e-08 6.8376e-09 4.5582e-09 2.9945e-09 1.9343e-09 1.2246e-09 7.5631e-10 4.5246e-10 2.5912e-10 1.3899e-10 6.6592e-11 2.4711e-11 1.8991e-12 -9.3404e-12 -1.3824e-11 -1.4576e-11 -1.3447e-11 -1.1523e-11 -9.4136e-12 -7.4314e-12 -5.7148e-12 -4.3029e-12 -3.1832e-12 -2.3194e-12 -1.6676e-12 -1.1847e-12 -8.3251e-13 -5.7916e-13 -3.9914e-13 -2.7265e-13 -1.8469e-13 -1.2411e-13 -8.2766e-14 -5.4785e-14 -3.6005e-14
-9.2280e-04 -9.2006e-04 -9.1548e-04 -9.0905e-04 -9.0075e-04 -8.9057e-04 -8.7848e-04 -8.6449e-04 -8.4859e-04 -8.3079e-04 1.2329e-02 -7.8965e-04 -7.6643e-04 -7.4156e-04 -7.1515e-04 -6.8735e-04 -6.5830e-04 -6.2819e-04 -5.9721e-04 -5.6558e-04 -5.3351e-04 -5.0123e-04 -4.6896e-04 -4.3692e-04 -4.0533e-04 -3.7439e-04 -3.4428e-04 -3.1518e-04 -2.8724e-04 -2.6058e-04 -2.3530e-04 -2.1148e-04 -1.8919e-04 -1.6845e-04 -1.4927e-04 -1.3164e-04 -1.1553e-04 -1.0091e-04 -8.7714e-05 -7.5872e-05 -6.5309e-05 -5.5942e-05 -4.7684e-05 -4.0445e-05 -3.4137e-05 -2.8670e-05 -2.3960e-05 -1.9925e-05 -1.6487e-05 -1.3575e-05 -1.1122e-05 -9.0672e-06 -7.3551e-06 -5.9367e-06 -4.7680e-06 -3.8103e-06 -3.0298e-06 -2.3972e-06 -1.8872e-06 -1.4783e-06 -1.1523e-06 -8.9365e-07 -6.8962e-07 -5.2951e-07 -4.0455e-07 -3.0754e-07 -2.3262e-07 -1.7508e-07 -1.3111e-07 -9.7698e-08 -7.2436e-08 -5.3437e-08 -3.9225e-08 -2.8649e-08 -2.0820e-08 -1.5055e-08 -1.0832e-08 -7.7550e-09 -5.5242e-09 -3.9154e-09 -2.7614e-09 -1.9377e-09 -1.3530e-09 -9.3996e-10 -6.4977e-10 -4.4693e-10 -3.0588e-10 -2.0830e-10 -1.4114e-10 -9.5156e-11 -6.3835e-11 -4.2609e-11 -2.8299e-11 -1.8702e-11 -1.2297e-11 -8.0459e-12 -5.2380e-12 -3.3930e-12 -2.1869e-12 -1.4025e-12 9.2140e-04 9.1452e-04 9.0316e-04 8.8749e-04 8.6773e-04 8.4418e-04 8.1717e-04 7.8706e-04 7.5426e-04 7.1921e-04 0.0000e+00 6.4413e-04 6.0499e-04 5.6536e-04 5.2566e-04 4.8629e-04 4.4758e-04 4.0986e-04 3.7341e-04 3.3847e-04 3.0522e-04 2.7383e-04 2.4441e-04 2.1702e-04 1.9170e-04 1.6846e-04 1.4726e-04 1.2805e-04 1.1076e-04 9.5301e-05 8.1562e-05 6.9430e-05 5.8784e-05 4.9500e-05 4.1455e-05 3.4527e-05 2.8597e-05 2.3553e-05 1.9289e-05 1.5707e-05 1.2716e-05 1.0234e-05 8.1882e-06 6.5118e-06 5.1470e-06 4.0429e-06 3.1556e-06 2.4470e-06 1.8850e-06 1.4421e-06 1.0956e-06 8.2632e-07 6.1854e-07 4.5938e-07 3.3837e-07 2.4709e-07 1.7878e-07 1.2808e-07 9.0779e-08 6.3593e-08 4.3970e-08 2.9956e-08 2.0061e-08 1.3163e-08 8.4210e-09 5.2136e-09 3.0851e-09 1.7044e-09 8.3450e-10 3.0712e-10 4.7025e-12 -1.5378e-10 -2.2322e-10 -2.4008e-10 -2.2800e-10 -2.0187e-10 -1.7070e-10 -1.3963e-10 -1.1133e-10 -8.6954e-11 -6.6747e-11 -5.0478e-11 -3.7675e-11 -2.7788e-11 -2.0276e-11 -1.4648e-11 -1.0484e-11 -7.4385e-12 -5.2338e-12 -3.6534e-12 -2.5309e-12 -1.7404e-12 -1.1883e-12 -8.0576e-13 -5.4269e-13 -3.6310e-13 -2.4138e-13 -1.5945e-13 -1.0467e-13 -6.8293e-14
-8.7148e-04 -8.6964e-04 -8.6654e-04 -8.6214e-04 -8.5638e-04 -8.4921e-04 -8.4054e-04 -8.3031e-04 -8.1846e-04 -8.0492e-04 -7.8965e-04 1.4670e-02 -7.5387e-04 -7.3338e-04 -7.1121e-04 -6.8745e-04 -6.6220e-04 -6.3560e-04 -6.0780e-04 -5.7900e-04 -5.4939e-04 -5.1918e-04 -4.8860e-04 -4.5787e-04 -4.2723e-04 -3.9689e-04 -3.6706e-04 -3.3794e-04 -3.0971e-04 -2.8253e-04 -2.5653e-04 -2.3184e-04 -2.0852e-04 -1.8666e-04 -1.6629e-04 -1.4743e-04 -1.3008e-04 -1.1421e-04 -9.9792e-05 -8.6766e-05 -7.5070e-05 -6.4632e-05 -5.5372e-05 -4.7204e-05 -4.0042e-05 -3.3799e-05 -2.8388e-05 -2.3725e-05 -1.9729e-05 -1.6325e-05 -1.3441e-05 -1.1012e-05 -8.9765e-06 -7.2809e-06 -5.8763e-06 -4.7189e-06 -3.7707e-06 -2.9979e-06 -2.3717e-06 -1.8669e-06 -1.4622e-06 -1.1395e-06 -8.8362e-07 -6.8177e-07 -5.2340e-07 -3.9982e-07 -3.0389e-07 -2.2983e-07 -1.7295e-07 -1.2949e-07 -9.6473e-08 -7.1515e-08 -5.2749e-08 -3.8713e-08 -2.8271e-08 -2.0542e-08 -1.4851e-08 -1.0684e-08 -7.6472e-09 -5.4464e-09 -3.8597e-09 -2.7216e-09 -1.9095e-09 -1.3330e-09 -9.2594e-10 -6.3998e-10 -4.4012e-10 -3.0117e-10 -2.0505e-10 -1.3892e-10 -9.3645e-11 -6.2811e-11 -4.1919e-11 -2.7837e-11 -1.8393e-11 -1.2093e-11 -7.9106e-12 -5.1491e-12 -3.3349e-12 -2.1491e-12 8.6992e-04 8.6342e-04 8.5269e-04 8.3789e-04 8.1924e-04 7.9700e-04 7.7149e-04 7.4305e-04 7.1207e-04 6.7896e-04 6.4413e-04 0.0000e+00 5.7101e-04 5.3356e-04 4.9603e-04 4.5880e-04 4.2220e-04 3.8653e-04 3.5206e-04 3.1901e-04 2.8757e-04 2.5788e-04 2.3005e-04 2.0414e-04 1.8020e-04 1.5823e-04 1.3819e-04 1.2004e-04 1.0372e-04 8.9120e-05 7.6158e-05 6.4721e-05 5.4693e-05 4.5958e-05 3.8397e-05 3.1894e-05 2.6338e-05 2.1619e-05 1.7639e-05 1.4303e-05 1.1525e-05 9.2267e-06 7.3384e-06 5.7972e-06 4.5478e-06 3.5421e-06 2.7383e-06 2.1005e-06 1.5981e-06 1.2055e-06 9.0111e-07 6.6701e-07 4.8853e-07 3.5368e-07 2.5278e-07 1.7804e-07 1.2330e-07 8.3694e-08 5.5419e-08 3.5541e-08 2.1814e-08 1.2534e-08 6.4229e-09 2.5351e-09 1.7748e-10 -1.1506e-09 -1.8052e-09 -2.0353e-09 -2.0117e-09 -1.8485e-09 -1.6200e-09 -1.3723e-09 -1.1326e-09 -9.1538e-10 -7.2697e-10 -5.6872e-10 -4.3905e-10 -3.3494e-10 -2.5276e-10 -1.8885e-10 -1.3979e-10 -1.0256e-10 -7.4631e-11 -5.3876e-11 -3.8597e-11 -2.7448e-11 -1.9382e-11 -1.3591e-11 -9.4669e-12 -6.5507e-12 -4.5037e-12 -3.0769e-12 -2.0890e-12 -1.4097e-12 -9.4550e-13 -6.3041e-13 -4.1785e-13 -2.7535e-13 -1.8040e-13 -1.1752e-13
-8.1894e-04 -8.1797e-04 -8.1631e-04 -8.1388e-04 -8.1060e-04 -8.0637e-04 -8.0105e-04 -7.9452e-04 -7.8666e-04 -7.7733e-04 -7.6643e-04 -7.5387e-04 1.7214e-02 -7.2351e-04 -7.0565e-04 -6.8603e-04 -6.6469e-04 -6.4174e-04 -6.1730e-04 -5.9150e-04 -5.6455e-04 -5.3662e-04 -5.0794e-04 -4.7874e-04 -4.4925e-04 -4.1971e-04 -3.9034e-04 -3.6137e-04 -3.3301e-04 -3.0544e-04 -2.7884e-04 -2.5335e-04 -2.2908e-04 -2.0615e-04 -1.8462e-04 -1.6453e-04 -1.4591e-04 -1.2877e-04 -1.1309e-04 -9.8826e-05 -8.5937e-05 -7.4361e-05 -6.4025e-05 -5.4853e-05 -4.6762e-05 -3.9667e-05 -3.3481e-05 -2.8119e-05 -2.3499e-05 -1.9540e-05 -1.6167e-05 -1.3309e-05 -1.0902e-05 -8.8863e-06 -7.2068e-06 -5.8156e-06 -4.6695e-06 -3.7306e-06 -2.9656e-06 -2.3457e-06 -1.8462e-06 -1.4457e-06 -1.1265e-06 -8.7337e-07 -6.7374e-07 -5.1715e-07 -3.9498e-07 -3.0016e-07 -2.2696e-07 -1.7076e-07 -1.2783e-07 -9.5222e-08 -7.0575e-08 -5.2047e-08 -3.8191e-08 -2.7885e-08 -2.0258e-08 -1.4644e-08 -1.0532e-08 -7.5377e-09 -5.3676e-09 -3.8032e-09 -2.6813e-09 -1.8809e-09 -1.3129e-09 -9.1180e-10 -6.3010e-10 -4.3326e-10 -2.9643e-10 -2.0180e-10 -1.3669e-10 -9.2130e-11 -6.1785e-11 -4.1229e-11 -2.7374e-11 -1.8085e-11 -1.1888e-11 -7.7759e-12 -5.0607e-12 -3.2772e-12 8.1721e-04 8.1111e-04 8.0103e-04 7.8712e-04 7.6960e-04 7.4870e-04 7.2472e-04 6.9799e-04 6.6887e-04 6.3774e-04 6.0499e-04 5.7101e-04 0.0000e+00 5.0098e-04 4.6567e-04 4.3062e-04 3.9617e-04 3.6259e-04 3.3014e-04 2.9902e-04 2.6941e-04 2.4145e-04 2.1525e-04 1.9086e-04 1.6832e-04 1.4764e-04 1.2879e-04 1.1172e-04 9.6371e-05 8.2660e-05 7.0494e-05 5.9769e-05 5.0377e-05 4.2205e-05 3.5144e-05 2.9082e-05 2.3912e-05 1.9533e-05 1.5849e-05 1.2772e-05 1.0218e-05 8.1151e-06 6.3951e-06 4.9989e-06 3.8743e-06 2.9756e-06 2.2632e-06 1.7033e-06 1.2672e-06 9.3068e-07 6.7367e-07 4.7947e-07 3.3447e-07 2.2761e-07 1.5001e-07 9.4615e-08 5.5852e-08 2.9389e-08 1.1885e-08 7.9541e-10 -5.7947e-09 -9.3050e-09 -1.0772e-08 -1.0941e-08 -1.0335e-08 -9.3115e-09 -8.1105e-09 -6.8833e-09 -5.7210e-09 -4.6727e-09 -3.7597e-09 -2.9853e-09 -2.3425e-09 -1.8183e-09 -1.3975e-09 -1.0641e-09 -8.0317e-10 -6.0123e-10 -4.4652e-10 -3.2910e-10 -2.4080e-10 -1.7494e-10 -1.2622e-10 -9.0460e-11 -6.4407e-11 -4.5564e-11 -3.2032e-11 -2.2379e-11 -1.5540e-11 -1.0726e-11 -7.3596e-12 -5.0202e-12 -3.4046e-12 -2.2956e-12 -1.5391e-12 -1.0261e-12 -6.8022e-13 -4.4843e-13 -2.9400e-13 -1.9169e-13
-7.6574e-04 -7.6560e-04 -7.6531e-04 -7.6477e-04 -7.6387e-04 -7.6246e-04 -7.6036e-04 -7.5741e-04 -7.5341e-04 -7.4819e-04 -7.4156e-04 -7.3338e-04 -7.2351e-04 1.9960e-02 -6.9830e-04 -6.8286e-04 -6.6552e-04 -6.4633e-04 -6.2536e-04 -6.0274e-04 -5.7861e-04 -5.5316e-04 -5.2659e-04 -4.9913e-04 -4.7102e-04 -4.4249e-04 -4.1379e-04 -3.8517e-04 -3.5686e-04 -3.2907e-04 -3.0200e-04 -2.7583e-04 -2.5071e-04 -2.2678e-04 -2.0414e-04 -1.8286e-04 -1.6299e-04 -1.4457e-04 -1.2760e-04 -1.1207e-04 -9.7939e-05 -8.5166e-05 -7.3692e-05 -6.3447e-05 -5.4355e-05 -4.6334e-05 -3.9300e-05 -3.3168e-05 -2.7853e-05 -2.3273e-05 -1.9350e-05 -1.6007e-05 -1.3176e-05 -1.0792e-05 -8.7945e-06 -7.1312e-06 -5.7537e-06 -4.6190e-06 -3.6896e-06 -2.9325e-06 -2.3192e-06 -1.8249e-06 -1.4288e-06 -1.1131e-06 -8.6287e-07 -6.6553e-07 -5.1076e-07 -3.9003e-07 -2.9634e-07 -2.2404e-07 -1.6853e-07 -1.2615e-07 -9.3948e-08 -6.9620e-08 -5.1334e-08 -3.7662e-08 -2.7494e-08 -1.9970e-08 -1.4434e-08 -1.0380e-08 -7.4273e-09 -5.2881e-09 -3.7463e-09 -2.6408e-09 -1.8522e-09 -1.2926e-09 -8.9763e-10 -6.2022e-10 -4.2640e-10 -2.9169e-10 -1.9855e-10 -1.3447e-10 -9.0620e-11 -6.0765e-11 -4.0542e-11 -2.6915e-11 -1.7779e-11 -1.1686e-11 -7.6424e-12 -4.9732e-12 7.6387e-04 7.5816e-04 7.4874e-04 7.3574e-04 7.1936e-04 6.9982e-04 6.7739e-04 6.5239e-04 6.2514e-04 5.9601e-04 5.6536e-04 5.3356e-04 5.0098e-04 0.0000e+00 4.3490e-04 4.0207e-04 3.6978e-04 3.3831e-04 3.0788e-04 2.7871e-04 2.5095e-04 2.2474e-04 2.0017e-04 1.7730e-04 1.5618e-04 1.3679e-04 1.1914e-04 1.0316e-04 8.8798e-05 7.5981e-05 6.4619e-05 5.4615e-05 4.5867e-05 3.8269e-05 3.1716e-05 2.6104e-05 2.1332e-05 1.7303e-05 1.3926e-05 1.1117e-05 8.7977e-06 6.8988e-06 5.3565e-06 4.1144e-06 3.1232e-06 2.3395e-06 1.7262e-06 1.2514e-06 8.8814e-07 6.1384e-07 4.0974e-07 2.6042e-07 1.5336e-07 7.8442e-08 2.7646e-08 -5.3546e-09 -2.5477e-08 -3.6490e-08 -4.1246e-08 -4.1863e-08 -3.9889e-08 -3.6430e-08 -3.2251e-08 -2.7869e-08 -2.3612e-08 -1.9675e-08 -1.6161e-08 -1.3106e-08 -1.0507e-08 -8.3353e-09 -6.5486e-09 -5.0984e-09 -3.9354e-09 -3.0130e-09 -2.2890e-09 -1.7259e-09 -1.2920e-09 -9.6046e-10 -7.0913e-10 -5.2011e-10 -3.7900e-10 -2.7442e-10 -1.9746e-10 -1.4122e-10 -1.0038e-10 -7.0930e-11 -4.9824e-11 -3.4795e-11 -2.4160e-11 -1.6680e-11 -1.1450e-11 -7.8163e-12 -5.3059e-12 -3.5819e-12 -2.4048e-12 -1.6057e-12 -1.0663e-12 -7.0427e-13 -4.6265e-13 -3.0230e-13
-7.1245e-04 -7.1309e-04 -7.1408e-04 -7.1531e-04 -7.1664e-04 -7.1788e-04 -7.1884e-04 -7.1927e-04 -7.1896e-04 -7.1767e-04 -7.1515e-04 -7.1121e-04 -7.0565e-04 -6.9830e-04 2.2908e-02 -6.7777e-04 -6.6445e-04 -6.4907e-04 -6.3168e-04 -6.1236e-04 -5.9123e-04 -5.6844e-04 -5.4418e-04 -5.1868e-04 -4.9216e-04 -4.6487e-04 -4.3707e-04 -4.0902e-04 -3.8096e-04 -3.5313e-04 -3.2577e-04 -2.9908e-04 -2.7324e-04 -2.4842e-04 -2.2475e-04 -2.0234e-04 -1.8126e-04 -1.6158e-04 -1.4332e-04 -1.2650e-04 -1.1109e-04 -9.7080e-05 -8.4413e-05 -7.3034e-05 -6.2874e-05 -5.3857e-05 -4.5904e-05 -3.8930e-05 -3.2851e-05 -2.7583e-05 -2.3044e-05 -1.9156e-05 -1.5844e-05 -1.3040e-05 -1.0678e-05 -8.7004e-06 -7.0537e-06 -5.6901e-06 -4.5672e-06 -3.6476e-06 -2.8986e-06 -2.2919e-06 -1.8032e-06 -1.4116e-06 -1.0995e-06 -8.5215e-07 -6.5715e-07 -5.0424e-07 -3.8498e-07 -2.9247e-07 -2.2107e-07 -1.6627e-07 -1.2443e-07 -9.2659e-08 -6.8653e-08 -5.0613e-08 -3.7128e-08 -2.7099e-08 -1.9681e-08 -1.4222e-08 -1.0226e-08 -7.3165e-09 -5.2085e-09 -3.6894e-09 -2.6003e-09 -1.8236e-09 -1.2725e-09 -8.8350e-10 -6.1037e-10 -4.1958e-10 -2.8699e-10 -1.9532e-10 -1.3227e-10 -8.9124e-11 -5.9754e-11 -3.9863e-11 -2.6461e-11 -1.7477e-11 -1.1486e-11 -7.5108e-12 7.1045e-04 7.0514e-04 6.9638e-04 6.8429e-04 6.6904e-04 6.5086e-04 6.2999e-04 6.0671e-04 5.8135e-04 5.5422e-04 5.2566e-04 4.9603e-04 4.6567e-04 4.3490e-04 0.0000e+00 3.7343e-04 3.4330e-04 3.1393e-04 2.8553e-04 2.5829e-04 2.3237e-04 2.0790e-04 1.8496e-04 1.6361e-04 1.4389e-04 1.2581e-04 1.0934e-04 9.4442e-05 8.1068e-05 6.9142e-05 5.8584e-05 4.9301e-05 4.1199e-05 3.4178e-05 2.8138e-05 2.2981e-05 1.8611e-05 1.4938e-05 1.1874e-05 9.3411e-06 7.2647e-06 5.5781e-06 4.2215e-06 3.1416e-06 2.2916e-06 1.6307e-06 1.1239e-06 7.4114e-07 4.5730e-07 2.5130e-07 1.0576e-07 6.4954e-09 -5.7952e-08 -9.6702e-08 -1.1693e-07 -1.2420e-07 -1.2275e-07 -1.1576e-07 -1.0555e-07 -9.3797e-08 -8.1636e-08 -6.9830e-08 -5.8847e-08 -4.8944e-08 -4.0232e-08 -3.2718e-08 -2.6345e-08 -2.1019e-08 -1.6624e-08 -1.3041e-08 -1.0150e-08 -7.8406e-09 -6.0129e-09 -4.5788e-09 -3.4631e-09 -2.6018e-09 -1.9421e-09 -1.4404e-09 -1.0617e-09 -7.7772e-10 -5.6628e-10 -4.0986e-10 -2.9491e-10 -2.1096e-10 -1.5004e-10 -1.0611e-10 -7.4615e-11 -5.2175e-11 -3.6281e-11 -2.5089e-11 -1.7255e-11 -1.1802e-11 -8.0287e-12 -5.4323e-12 -3.6558e-12 -2.4471e-12 -1.6293e-12 -1.0790e-12 -7.1084e-13 -4.6582e-13
-6.5957e-04 -6.6093e-04 -6.6309e-04 -6.6595e-04 -6.6934e-04 -6.7304e-04 -6.7682e-04 -6.8042e-04 -6.8356e-04 -6.8596e-04 -6.8735e-04 -6.8745e-04 -6.8603e-04 -6.8286e-04 -6.7777e-04 2.6059e-02 -6.6129e-04 -6.4975e-04 -6.3600e-04 -6.2008e-04 -6.0207e-04 -5.8210e-04 -5.6035e-04 -5.3702e-04 -5.1232e-04 -4.8651e-04 -4.5984e-04 -4.3258e-04 -4.0501e-04 -3.7737e-04 -3.4991e-04 -3.2288e-04 -2.9648e-04 -2.7090e-04 -2.4632e-04 -2.2285e-04 -2.0063e-04 -1.7973e-04 -1.6021e-04 -1.4209e-04 -1.2540e-04 -1.1012e-04 -9.6220e-05 -8.3655e-05 -7.2368e-05 -6.2291e-05 -5.3350e-05 -4.5465e-05 -3.8551e-05 -3.2526e-05 -2.7305e-05 -2.2808e-05 -1.8956e-05 -1.5676e-05 -1.2899e-05 -1.0561e-05 -8.6038e-06 -6.9741e-06 -5.6249e-06 -4.5141e-06 -3.6046e-06 -2.8639e-06 -2.2641e-06 -1.7810e-06 -1.3940e-06 -1.0856e-06 -8.4125e-07 -6.4864e-07 -4.9764e-07 -3.7988e-07 -2.8854e-07 -2.1807e-07 -1.6399e-07 -1.2271e-07 -9.1361e-08 -6.7682e-08 -4.9890e-08 -3.6592e-08 -2.6704e-08 -1.9392e-08 -1.4011e-08 -1.0073e-08 -7.2059e-09 -5.1291e-09 -3.6326e-09 -2.5600e-09 -1.7951e-09 -1.2524e-09 -8.6948e-10 -6.0061e-10 -4.1282e-10 -2.8233e-10 -1.9213e-10 -1.3009e-10 -8.7648e-11 -5.8758e-11 -3.9194e-11 -2.6014e-11 -1.7180e-11 -1.1289e-11 6.5747e-04 6.5256e-04 6.4445e-04 6.3325e-04 6.1914e-04 6.0230e-04 5.8297e-04 5.6141e-04 5.3791e-04 5.1276e-04 4.8629e-04 4.5880e-04 4.3062e-04 4.0207e-04 3.7343e-04 0.0000e+00 3.1699e-04 2.8970e-04 2.6329e-04 2.3797e-04 2.1387e-04 1.9110e-04 1.6977e-04 1.4992e-04 1.3158e-04 1.1478e-04 9.9478e-05 8.5653e-05 7.3251e-05 6.2206e-05 5.2441e-05 4.3873e-05 3.6411e-05 2.9962e-05 2.4433e-05 1.9731e-05 1.5765e-05 1.2450e-05 9.7041e-06 7.4516e-06 5.6229e-06 4.1548e-06 2.9905e-06 2.0796e-06 1.3777e-06 8.4658e-07 4.5304e-07 1.6906e-07 -2.8947e-08 -1.6055e-07 -2.4181e-07 -2.8573e-07 -3.0267e-07 -3.0082e-07 -2.8647e-07 -2.6441e-07 -2.3820e-07 -2.1040e-07 -1.8278e-07 -1.5652e-07 -1.3234e-07 -1.1062e-07 -9.1508e-08 -7.4966e-08 -6.0863e-08 -4.8993e-08 -3.9120e-08 -3.0996e-08 -2.4377e-08 -1.9035e-08 -1.4760e-08 -1.1369e-08 -8.6987e-09 -6.6131e-09 -4.9959e-09 -3.7508e-09 -2.7989e-09 -2.0761e-09 -1.5308e-09 -1.1222e-09 -8.1787e-10 -5.9267e-10 -4.2705e-10 -3.0599e-10 -2.1802e-10 -1.5449e-10 -1.0886e-10 -7.6297e-11 -5.3182e-11 -3.6870e-11 -2.5424e-11 -1.7437e-11 -1.1896e-11 -8.0724e-12 -5.4489e-12 -3.6587e-12 -2.4437e-12 -1.6237e-12 -1.0732e-12 -7.0565e-13
-6.0759e-04 -6.0958e-04 -6.1281e-04 -6.1713e-04 -6.2237e-04 -6.2830e-04 -6.3465e-04 -6.4114e-04 -6.4745e-04 -6.5328e-04 -6.5830e-04 -6.6220e-04 -6.6469e-04 -6.6552e-04 -6.6445e-04 -6.6129e-04 2.9412e-02 -6.4818e-04 -6.3809e-04 -6.2562e-04 -6.1084e-04 -5.9385e-04 -5.7477e-04 -5.5380e-04 -5.3115e-04 -5.0705e-04 -4.8176e-04 -4.5555e-04 -4.2869e-04 -4.0147e-04 -3.7415e-04 -3.4698e-04 -3.2020e-04 -2.9403e-04 -2.6867e-04 -2.4428e-04 -2.2101e-04 -1.9895e-04 -1.7821e-04 -1.5883e-04 -1.4086e-04 -1.2430e-04 -1.0914e-04 -9.5344e-05 -8.2880e-05 -7.1686e-05 -6.1694e-05 -5.2829e-05 -4.5013e-05 -3.8161e-05 -3.2191e-05 -2.7019e-05 -2.2565e-05 -1.8751e-05 -1.5504e-05 -1.2755e-05 -1.0442e-05 -8.5048e-06 -6.8927e-06 -5.5584e-06 -4.4599e-06 -3.5607e-06 -2.8286e-06 -2.2359e-06 -1.7585e-06 -1.3761e-06 -1.0716e-06 -8.3023e-07 -6.4005e-07 -4.9097e-07 -3.7474e-07 -2.8459e-07 -2.1506e-07 -1.6170e-07 -1.2098e-07 -9.0060e-08 -6.6709e-08 -4.9166e-08 -3.6056e-08 -2.6310e-08 -1.9103e-08 -1.3801e-08 -9.9207e-09 -7.0960e-09 -5.0502e-09 -3.5764e-09 -2.5200e-09 -1.7668e-09 -1.2326e-09 -8.5562e-10 -5.9097e-10 -4.0615e-10 -2.7774e-10 -1.8898e-10 -1.2795e-10 -8.6195e-11 -5.7778e-11 -3.8536e-11 -2.5575e-11 -1.6888e-11 6.0541e-04 6.0088e-04 5.9341e-04 5.8310e-04 5.7010e-04 5.5459e-04 5.3677e-04 5.1689e-04 4.9521e-04 4.7201e-04 4.4758e-04 4.2220e-04 3.9617e-04 3.6978e-04 3.4330e-04 3.1699e-04 0.0000e+00 2.6583e-04 2.4138e-04 2.1793e-04 1.9560e-04 1.7451e-04 1.5474e-04 1.3635e-04 1.1937e-04 1.0381e-04 8.9653e-05 7.6872e-05 6.5419e-05 5.5233e-05 4.6245e-05 3.8376e-05 3.1542e-05 2.5656e-05 2.0630e-05 1.6377e-05 1.2812e-05 9.8542e-06 7.4259e-06 5.4558e-06 3.8778e-06 2.6321e-06 1.6648e-06 9.2818e-07 3.8039e-07 -1.4920e-08 -2.8888e-07 -4.6786e-07 -5.7388e-07 -6.2513e-07 -6.3642e-07 -6.1962e-07 -5.8405e-07 -5.3696e-07 -4.8381e-07 -4.2861e-07 -3.7421e-07 -3.2254e-07 -2.7481e-07 -2.3169e-07 -1.9345e-07 -1.6006e-07 -1.3130e-07 -1.0684e-07 -8.6269e-08 -6.9141e-08 -5.5017e-08 -4.3476e-08 -3.4124e-08 -2.6608e-08 -2.0615e-08 -1.5871e-08 -1.2143e-08 -9.2348e-09 -6.9809e-09 -5.2460e-09 -3.9193e-09 -2.9113e-09 -2.1502e-09 -1.5791e-09 -1.1532e-09 -8.3747e-10 -6.0484e-10 -4.3444e-10 -3.1034e-10 -2.2050e-10 -1.5582e-10 -1.0952e-10 -7.6569e-11 -5.3247e-11 -3.6833e-11 -2.5344e-11 -1.7348e-11 -1.1812e-11 -8.0005e-12 -5.3908e-12 -3.6134e-12 -2.4096e-12 -1.5985e-12 -1.0549e-12
