1.0020e-04 -2.9940e-07 -4.4820e-07 -5.9593e-07 -7.4224e-07 -8.8678e-07 -1.0292e-06 -1.1692e-06 -1.3064e-06 -1.4406e-06 -1.5714e-06 -1.6986e-06 -1.8218e-06 -1.9409e-06 -2.0556e-06 -2.1656e-06 -2.2708e-06 -2.3709e-06 -2.4659e-06 -2.5555e-06 -2.6396e-06 -2.7182e-06 -2.7911e-06 -2.8582e-06 -2.9195e-06 -2.9750e-06 -3.0246e-06 -3.0684e-06 -3.1064e-06 -3.1385e-06 -3.1650e-06 -3.1858e-06 -3.2011e-06 -3.2109e-06 -3.2154e-06 -3.2146e-06 -3.2089e-06 -3.1982e-06 -3.1828e-06 -3.1629e-06 -3.1387e-06 -3.1103e-06 -3.0779e-06 -3.0418e-06 -3.0021e-06 -2.9592e-06 -2.9131e-06 -2.8642e-06 -2.8126e-06 -2.7586e-06 -2.7024e-06 -2.6442e-06 -2.5842e-06 -2.5227e-06 -2.4598e-06 -2.3958e-06 -2.3308e-06 -2.2651e-06 -2.1988e-06 -2.1322e-06 -2.0653e-06 -1.9984e-06 -1.9316e-06 -1.8651e-06 -1.7990e-06 -1.7335e-06 -1.6686e-06 -1.6045e-06 -1.5413e-06 -1.4791e-06 -1.4179e-06 -1.3580e-06 -1.2993e-06 -1.2419e-06 -1.1859e-06 -1.1313e-06 -1.0781e-06 -1.0265e-06 -9.7637e-07 -9.2781e-07 -8.8083e-07 -8.3543e-07 -7.9163e-07 -7.4940e-07 -7.0877e-07 -6.6971e-07 -6.3221e-07 -5.9625e-07 -5.6182e-07 -5.2888e-07 -4.9742e-07 -4.6740e-07 -4.3878e-07 -4.1154e-07 -3.8564e-07 -3.6104e-07 -3.3771e-07 -3.1559e-07 -2.9466e-07 -2.7487e-07 0.0000e+00 -9.9800e-08 -1.4940e-07 -1.9864e-07 -2.4741e-07 -2.9559e-07 -3.4307e-07 -3.8974e-07 -4.3548e-07 -4.8021e-07 -5.2381e-07 -5.6619e-07 -6.0727e-07 -6.4696e-07 -6.8518e-07 -7.2186e-07 -7.5692e-07 -7.9030e-07 -8.2195e-07 -8.5182e-07 -8.7987e-07 -9.0605e-07 -9.3034e-07 -9.5271e-07 -9.7314e-07 -9.9164e-07 -1.0082e-06 -1.0228e-06 -1.0354e-06 -1.0461e-06 -1.0550e-06 -1.0619e-06 -1.0670e-06 -1.0702e-06 -1.0717e-06 -1.0715e-06 -1.0696e-06 -1.0660e-06 -1.0609e-06 -1.0543e-06 -1.0462e-06 -1.0367e-06 -1.0259e-06 -1.0139e-06 -1.0006e-06 -9.8632e-07 -9.7096e-07 -9.5465e-07 -9.3746e-07 -9.1945e-07 -9.0071e-07 -8.8131e-07 -8.6132e-07 -8.4081e-07 -8.1985e-07 -7.9851e-07 -7.7685e-07 -7.5495e-07 -7.3285e-07 -7.1064e-07 -6.8835e-07 -6.6605e-07 -6.4379e-07 -6.2162e-07 -5.9958e-07 -5.7773e-07 -5.5610e-07 -5.3474e-07 -5.1367e-07 -4.9294e-07 -4.7256e-07 -4.5258e-07 -4.3301e-07 -4.1388e-07 -3.9521e-07 -3.7701e-07 -3.5930e-07 -3.4208e-07 -3.2538e-07 -3.0920e-07 -2.9354e-07 -2.7841e-07 -2.6381e-07 -2.4974e-07 -2.3620e-07 -2.2318e-07 -2.1068e-07 -1.9870e-07 -1.8722e-07 -1.7624e-07 -1.6576e-07 -1.5575e-07 -1.4622e-07 -1.3714e-07 -1.2851e-07 -1.2031e-07 -1.1253e-07 -1.0516e-07 -9.8186e-08 -9.1590e-08
-2.9940e-07 4.0080e-04 -8.9534e-07 -1.1904e-06 -1.4827e-06 -1.7715e-06 -2.0560e-06 -2.3357e-06 -2.6098e-06 -2.8779e-06 -3.1392e-06 -3.3932e-06 -3.6395e-06 -3.8774e-06 -4.1064e-06 -4.3263e-06 -4.5364e-06 -4.7366e-06 -4.9263e-06 -5.1054e-06 -5.2736e-06 -5.4306e-06 -5.5762e-06 -5.7104e-06 -5.8330e-06 -5.9439e-06 -6.0431e-06 -6.1307e-06 -6.2067e-06 -6.2711e-06 -6.3240e-06 -6.3657e-06 -6.3963e-06 -6.4160e-06 -6.4251e-06 -6.4238e-06 -6.4124e-06 -6.3912e-06 -6.3606e-06 -6.3210e-06 -6.2726e-06 -6.2160e-06 -6.1514e-06 -6.0794e-06 -6.0003e-06 -5.9146e-06 -5.8227e-06 -5.7250e-06 -5.6221e-06 -5.5143e-06 -5.4020e-06 -5.2858e-06 -5.1661e-06 -5.0432e-06 -4.9177e-06 -4.7898e-06 -4.6601e-06 -4.5288e-06 -4.3965e-06 -4.2633e-06 -4.1298e-06 -3.9961e-06 -3.8627e-06 -3.7298e-06 -3.5978e-06 -3.4668e-06 -3.3371e-06 -3.2091e-06 -3.0828e-06 -2.9584e-06 -2.8363e-06 -2.7165e-06 -2.5991e-06 -2.4844e-06 -2.3724e-06 -2.2633e-06 -2.1570e-06 -2.0538e-06 -1.9536e-06 -1.8566e-06 -1.7626e-06 -1.6719e-06 -1.5843e-06 -1.4998e-06 -1.4186e-06 -1.3404e-06 -1.2654e-06 -1.1935e-06 -1.1247e-06 -1.0588e-06 -9.9584e-07 -9.3578e-07 -8.7853e-07 -8.2404e-07 -7.7222e-07 -7.2300e-07 -6.7630e-07 -6.3205e-07 -5.9015e-07 -5.5054e-07 -9.9800e-08 0.0000e+00 -2.9844e-07 -3.9681e-07 -4.9424e-07 -5.9048e-07 -6.8532e-07 -7.7854e-07 -8.6993e-07 -9.5927e-07 -1.0464e-06 -1.1311e-06 -1.2131e-06 -1.2924e-06 -1.3688e-06 -1.4420e-06 -1.5121e-06 -1.5788e-06 -1.6420e-06 -1.7017e-06 -1.7577e-06 -1.8101e-06 -1.8586e-06 -1.9033e-06 -1.9441e-06 -1.9811e-06 -2.0142e-06 -2.0433e-06 -2.0686e-06 -2.0901e-06 -2.1077e-06 -2.1216e-06 -2.1318e-06 -2.1383e-06 -2.1413e-06 -2.1409e-06 -2.1370e-06 -2.1300e-06 -2.1198e-06 -2.1065e-06 -2.0904e-06 -2.0715e-06 -2.0499e-06 -2.0259e-06 -1.9995e-06 -1.9709e-06 -1.9403e-06 -1.9077e-06 -1.8734e-06 -1.8374e-06 -1.8000e-06 -1.7613e-06 -1.7213e-06 -1.6804e-06 -1.6385e-06 -1.5959e-06 -1.5526e-06 -1.5089e-06 -1.4648e-06 -1.4204e-06 -1.3759e-06 -1.3313e-06 -1.2868e-06 -1.2426e-06 -1.1985e-06 -1.1549e-06 -1.1117e-06 -1.0690e-06 -1.0269e-06 -9.8546e-07 -9.4475e-07 -9.0483e-07 -8.6572e-07 -8.2750e-07 -7.9018e-07 -7.5381e-07 -7.1841e-07 -6.8401e-07 -6.5064e-07 -6.1829e-07 -5.8700e-07 -5.5675e-07 -5.2757e-07 -4.9944e-07 -4.7237e-07 -4.4635e-07 -4.2136e-07 -3.9741e-07 -3.7446e-07 -3.5252e-07 -3.3156e-07 -3.1155e-07 -2.9249e-07 -2.7433e-07 -2.5708e-07 -2.4068e-07 -2.2513e-07 -2.1039e-07 -1.9644e-07 -1.8325e-07
-4.4820e-07 -8.9534e-07 9.0179e-04 -1.7821e-06 -2.2197e-06 -2.6519e-06 -3.0779e-06 -3.4966e-06 -3.9070e-06 -4.3084e-06 -4.6996e-06 -5.0800e-06 -5.4487e-06 -5.8049e-06 -6.1480e-06 -6.4772e-06 -6.7919e-06 -7.0917e-06 -7.3759e-06 -7.6442e-06 -7.8961e-06 -8.1313e-06 -8.3496e-06 -8.5506e-06 -8.7344e-06 -8.9007e-06 -9.0495e-06 -9.1809e-06 -9.2949e-06 -9.3915e-06 -9.4711e-06 -9.5338e-06 -9.5799e-06 -9.6097e-06 -9.6236e-06 -9.6220e-06 -9.6052e-06 -9.5738e-06 -9.5283e-06 -9.4693e-06 -9.3972e-06 -9.3126e-06 -9.2163e-06 -9.1087e-06 -8.9906e-06 -8.8625e-06 -8.7251e-06 -8.5792e-06 -8.4252e-06 -8.2640e-06 -8.0962e-06 -7.9224e-06 -7.7433e-06 -7.5595e-06 -7.3717e-06 -7.1804e-06 -6.9862e-06 -6.7898e-06 -6.5917e-06 -6.3924e-06 -6.1925e-06 -5.9924e-06 -5.7927e-06 -5.5938e-06 -5.3960e-06 -5.1998e-06 -5.0057e-06 -4.8138e-06 -4.6247e-06 -4.4384e-06 -4.2555e-06 -4.0759e-06 -3.9001e-06 -3.7282e-06 -3.5604e-06 -3.3968e-06 -3.2376e-06 -3.0829e-06 -2.9327e-06 -2.7872e-06 -2.6464e-06 -2.5103e-06 -2.3789e-06 -2.2523e-06 -2.1304e-06 -2.0132e-06 -1.9008e-06 -1.7929e-06 -1.6895e-06 -1.5907e-06 -1.4963e-06 -1.4061e-06 -1.3202e-06 -1.2384e-06 -1.1606e-06 -1.0868e-06 -1.0167e-06 -9.5021e-07 -8.8731e-07 -8.2783e-07 -1.4940e-07 -2.9844e-07 0.0000e+00 -5.9403e-07 -7.3988e-07 -8.8396e-07 -1.0259e-06 -1.1655e-06 -1.3023e-06 -1.4361e-06 -1.5665e-06 -1.6933e-06 -1.8161e-06 -1.9349e-06 -2.0492e-06 -2.1589e-06 -2.2638e-06 -2.3637e-06 -2.4584e-06 -2.5477e-06 -2.6317e-06 -2.7100e-06 -2.7827e-06 -2.8497e-06 -2.9109e-06 -2.9663e-06 -3.0158e-06 -3.0595e-06 -3.0975e-06 -3.1296e-06 -3.1561e-06 -3.1769e-06 -3.1922e-06 -3.2021e-06 -3.2066e-06 -3.2060e-06 -3.2003e-06 -3.1898e-06 -3.1746e-06 -3.1548e-06 -3.1307e-06 -3.1025e-06 -3.0703e-06 -3.0344e-06 -2.9949e-06 -2.9522e-06 -2.9063e-06 -2.8576e-06 -2.8063e-06 -2.7525e-06 -2.6965e-06 -2.6385e-06 -2.5788e-06 -2.5175e-06 -2.4548e-06 -2.3911e-06 -2.3263e-06 -2.2608e-06 -2.1948e-06 -2.1284e-06 -2.0617e-06 -1.9950e-06 -1.9285e-06 -1.8621e-06 -1.7962e-06 -1.7309e-06 -1.6662e-06 -1.6022e-06 -1.5392e-06 -1.4772e-06 -1.4162e-06 -1.3564e-06 -1.2978e-06 -1.2406e-06 -1.1847e-06 -1.1302e-06 -1.0772e-06 -1.0256e-06 -9.7562e-07 -9.2717e-07 -8.8027e-07 -8.3496e-07 -7.9122e-07 -7.4907e-07 -7.0850e-07 -6.6950e-07 -6.3205e-07 -5.9615e-07 -5.6176e-07 -5.2886e-07 -4.9744e-07 -4.6745e-07 -4.3886e-07 -4.1165e-07 -3.8577e-07 -3.6119e-07 -3.3787e-07 -3.1577e-07 -2.9485e-07 -2.7506e-07
-5.9593e-07 -1.1904e-06 -1.7821e-06 1.6032e-03 -2.9513e-06 -3.5261e-06 -4.0925e-06 -4.6493e-06 -5.1951e-06 -5.7288e-06 -6.2491e-06 -6.7550e-06 -7.2454e-06 -7.7192e-06 -8.1755e-06 -8.6135e-06 -9.0322e-06 -9.4310e-06 -9.8093e-06 -1.0166e-05 -1.0502e-05 -1.0815e-05 -1.1105e-05 -1.1373e-05 -1.1618e-05 -1.1839e-05 -1.2038e-05 -1.2213e-05 -1.2365e-05 -1.2494e-05 -1.2600e-05 -1.2684e-05 -1.2746e-05 -1.2786e-05 -1.2805e-05 -1.2804e-05 -1.2782e-05 -1.2741e-05 -1.2681e-05 -1.2603e-05 -1.2508e-05 -1.2396e-05 -1.2268e-05 -1.2126e-05 -1.1969e-05 -1.1799e-05 -1.1617e-05 -1.1423e-05 -1.1219e-05 -1.1005e-05 -1.0782e-05 -1.0551e-05 -1.0314e-05 -1.0069e-05 -9.8199e-06 -9.5657e-06 -9.3077e-06 -9.0467e-06 -8.7834e-06 -8.5184e-06 -8.2527e-06 -7.9866e-06 -7.7210e-06 -7.4564e-06 -7.1934e-06 -6.9325e-06 -6.6742e-06 -6.4189e-06 -6.1672e-06 -5.9194e-06 -5.6758e-06 -5.4369e-06 -5.2028e-06 -4.9740e-06 -4.7505e-06 -4.5327e-06 -4.3206e-06 -4.1145e-06 -3.9145e-06 -3.7206e-06 -3.5330e-06 -3.3516e-06 -3.1765e-06 -3.0078e-06 -2.8453e-06 -2.6891e-06 -2.5391e-06 -2.3953e-06 -2.2575e-06 -2.1257e-06 -1.9997e-06 -1.8794e-06 -1.7648e-06 -1.6557e-06 -1.5519e-06 -1.4532e-06 -1.3597e-06 -1.2710e-06 -1.1870e-06 -1.1075e-06 -1.9864e-07 -3.9681e-07 -5.9403e-07 0.0000e+00 -9.8375e-07 -1.1753e-06 -1.3641e-06 -1.5497e-06 -1.7316e-06 -1.9095e-06 -2.0829e-06 -2.2515e-06 -2.4149e-06 -2.5728e-06 -2.7248e-06 -2.8707e-06 -3.0102e-06 -3.1431e-06 -3.2691e-06 -3.3880e-06 -3.4996e-06 -3.6039e-06 -3.7006e-06 -3.7898e-06 -3.8712e-06 -3.9449e-06 -4.0109e-06 -4.0692e-06 -4.1197e-06 -4.1625e-06 -4.1978e-06 -4.2256e-06 -4.2461e-06 -4.2593e-06 -4.2655e-06 -4.2648e-06 -4.2574e-06 -4.2435e-06 -4.2233e-06 -4.1972e-06 -4.1652e-06 -4.1278e-06 -4.0851e-06 -4.0374e-06 -3.9851e-06 -3.9283e-06 -3.8674e-06 -3.8028e-06 -3.7346e-06 -3.6631e-06 -3.5888e-06 -3.5117e-06 -3.4324e-06 -3.3509e-06 -3.2677e-06 -3.1829e-06 -3.0968e-06 -3.0098e-06 -2.9220e-06 -2.8337e-06 -2.7451e-06 -2.6564e-06 -2.5679e-06 -2.4797e-06 -2.3921e-06 -2.3051e-06 -2.2191e-06 -2.1340e-06 -2.0502e-06 -1.9676e-06 -1.8865e-06 -1.8070e-06 -1.7290e-06 -1.6528e-06 -1.5785e-06 -1.5059e-06 -1.4354e-06 -1.3668e-06 -1.3002e-06 -1.2357e-06 -1.1733e-06 -1.1130e-06 -1.0547e-06 -9.9860e-07 -9.4457e-07 -8.9263e-07 -8.4276e-07 -7.9493e-07 -7.4913e-07 -7.0531e-07 -6.6344e-07 -6.2348e-07 -5.8540e-07 -5.4914e-07 -5.1465e-07 -4.8189e-07 -4.5081e-07 -4.2135e-07 -3.9346e-07 -3.6709e-07
-7.4224e-07 -1.4827e-06 -2.2197e-06 -2.9513e-06 2.5050e-03 -4.3919e-06 -5.0974e-06 -5.7910e-06 -6.4709e-06 -7.1358e-06 -7.7841e-06 -8.4144e-06 -9.0254e-06 -9.6158e-06 -1.0185e-05 -1.0730e-05 -1.1252e-05 -1.1749e-05 -1.2221e-05 -1.2666e-05 -1.3084e-05 -1.3475e-05 -1.3838e-05 -1.4172e-05 -1.4477e-05 -1.4754e-05 -1.5002e-05 -1.5221e-05 -1.5411e-05 -1.5573e-05 -1.5706e-05 -1.5811e-05 -1.5889e-05 -1.5940e-05 -1.5965e-05 -1.5964e-05 -1.5938e-05 -1.5887e-05 -1.5813e-05 -1.5717e-05 -1.5599e-05 -1.5461e-05 -1.5303e-05 -1.5126e-05 -1.4932e-05 -1.4721e-05 -1.4495e-05 -1.4254e-05 -1.4000e-05 -1.3734e-05 -1.3457e-05 -1.3170e-05 -1.2874e-05 -1.2571e-05 -1.2260e-05 -1.1944e-05 -1.1623e-05 -1.1298e-05 -1.0970e-05 -1.0640e-05 -1.0309e-05 -9.9780e-06 -9.6471e-06 -9.3174e-06 -8.9897e-06 -8.6645e-06 -8.3425e-06 -8.0244e-06 -7.7105e-06 -7.4015e-06 -7.0977e-06 -6.7997e-06 -6.5077e-06 -6.2222e-06 -5.9434e-06 -5.6715e-06 -5.4069e-06 -5.1496e-06 -4.8998e-06 -4.6577e-06 -4.4234e-06 -4.1969e-06 -3.9782e-06 -3.7673e-06 -3.5643e-06 -3.3691e-06 -3.1816e-06 -3.0018e-06 -2.8295e-06 -2.6646e-06 -2.5071e-06 -2.3567e-06 -2.2133e-06 -2.0767e-06 -1.9468e-06 -1.8233e-06 -1.7062e-06 -1.5951e-06 -1.4899e-06 -1.3904e-06 -2.4741e-07 -4.9424e-07 -7.3988e-07 -9.8375e-07 0.0000e+00 -1.4639e-06 -1.6991e-06 -1.9302e-06 -2.1568e-06 -2.3784e-06 -2.5944e-06 -2.8044e-06 -3.0080e-06 -3.2047e-06 -3.3942e-06 -3.5760e-06 -3.7498e-06 -3.9154e-06 -4.0724e-06 -4.2206e-06 -4.3598e-06 -4.4897e-06 -4.6104e-06 -4.7215e-06 -4.8231e-06 -4.9151e-06 -4.9974e-06 -5.0701e-06 -5.1332e-06 -5.1867e-06 -5.2309e-06 -5.2657e-06 -5.2913e-06 -5.3080e-06 -5.3158e-06 -5.3151e-06 -5.3061e-06 -5.2889e-06 -5.2640e-06 -5.2316e-06 -5.1920e-06 -5.1455e-06 -5.0925e-06 -5.0333e-06 -4.9682e-06 -4.8977e-06 -4.8220e-06 -4.7416e-06 -4.6568e-06 -4.5679e-06 -4.4754e-06 -4.3796e-06 -4.2808e-06 -4.1794e-06 -4.0758e-06 -3.9703e-06 -3.8632e-06 -3.7548e-06 -3.6455e-06 -3.5355e-06 -3.4251e-06 -3.3147e-06 -3.2044e-06 -3.0946e-06 -2.9854e-06 -2.8770e-06 -2.7698e-06 -2.6639e-06 -2.5594e-06 -2.4565e-06 -2.3554e-06 -2.2562e-06 -2.1590e-06 -2.0640e-06 -1.9713e-06 -1.8809e-06 -1.7929e-06 -1.7073e-06 -1.6243e-06 -1.5438e-06 -1.4659e-06 -1.3907e-06 -1.3180e-06 -1.2480e-06 -1.1805e-06 -1.1157e-06 -1.0535e-06 -9.9377e-07 -9.3659e-07 -8.8188e-07 -8.2960e-07 -7.7971e-07 -7.3214e-07 -6.8685e-07 -6.4378e-07 -6.0286e-07 -5.6402e-07 -5.2722e-07 -4.9237e-07 -4.5941e-07
-8.8678e-07 -1.7715e-06 -2.6519e-06 -3.5261e-06 -4.3919e-06 3.6071e-03 -6.0904e-06 -6.9191e-06 -7.7317e-06 -8.5262e-06 -9.3010e-06 -1.0054e-05 -1.0785e-05 -1.1491e-05 -1.2170e-05 -1.2823e-05 -1.3447e-05 -1.4042e-05 -1.4606e-05 -1.5139e-05 -1.5639e-05 -1.6107e-05 -1.6541e-05 -1.6941e-05 -1.7307e-05 -1.7639e-05 -1.7936e-05 -1.8199e-05 -1.8427e-05 -1.8621e-05 -1.8782e-05 -1.8909e-05 -1.9004e-05 -1.9066e-05 -1.9096e-05 -1.9096e-05 -1.9067e-05 -1.9008e-05 -1.8921e-05 -1.8807e-05 -1.8668e-05 -1.8503e-05 -1.8316e-05 -1.8106e-05 -1.7874e-05 -1.7624e-05 -1.7354e-05 -1.7068e-05 -1.6766e-05 -1.6449e-05 -1.6119e-05 -1.5777e-05 -1.5424e-05 -1.5061e-05 -1.4691e-05 -1.4314e-05 -1.3930e-05 -1.3542e-05 -1.3151e-05 -1.2757e-05 -1.2362e-05 -1.1966e-05 -1.1570e-05 -1.1176e-05 -1.0785e-05 -1.0396e-05 -1.0011e-05 -9.6302e-06 -9.2548e-06 -8.8850e-06 -8.5216e-06 -8.1649e-06 -7.8154e-06 -7.4736e-06 -7.1397e-06 -6.8141e-06 -6.4971e-06 -6.1888e-06 -5.8896e-06 -5.5995e-06 -5.3186e-06 -5.0470e-06 -4.7848e-06 -4.5319e-06 -4.2884e-06 -4.0542e-06 -3.8292e-06 -3.6134e-06 -3.4066e-06 -3.2086e-06 -3.0194e-06 -2.8388e-06 -2.6665e-06 -2.5024e-06 -2.3463e-06 -2.1979e-06 -2.0571e-06 -1.9235e-06 -1.7970e-06 -1.6774e-06 -2.9559e-07 -5.9048e-07 -8.8396e-07 -1.1753e-06 -1.4639e-06 0.0000e+00 -2.0300e-06 -2.3062e-06 -2.5770e-06 -2.8417e-06 -3.0999e-06 -3.3508e-06 -3.5941e-06 -3.8292e-06 -4.0556e-06 -4.2730e-06 -4.4808e-06 -4.6787e-06 -4.8664e-06 -5.0436e-06 -5.2101e-06 -5.3655e-06 -5.5098e-06 -5.6428e-06 -5.7644e-06 -5.8745e-06 -5.9731e-06 -6.0602e-06 -6.1358e-06 -6.2000e-06 -6.2530e-06 -6.2948e-06 -6.3257e-06 -6.3459e-06 -6.3555e-06 -6.3549e-06 -6.3444e-06 -6.3242e-06 -6.2947e-06 -6.2562e-06 -6.2092e-06 -6.1539e-06 -6.0908e-06 -6.0203e-06 -5.9428e-06 -5.8587e-06 -5.7685e-06 -5.6726e-06 -5.5714e-06 -5.4655e-06 -5.3551e-06 -5.2407e-06 -5.1228e-06 -5.0018e-06 -4.8781e-06 -4.7521e-06 -4.6242e-06 -4.4948e-06 -4.3642e-06 -4.2329e-06 -4.1010e-06 -3.9691e-06 -3.8373e-06 -3.7061e-06 -3.5755e-06 -3.4461e-06 -3.3179e-06 -3.1912e-06 -3.0663e-06 -2.9433e-06 -2.8224e-06 -2.7037e-06 -2.5875e-06 -2.4739e-06 -2.3629e-06 -2.2547e-06 -2.1494e-06 -2.0471e-06 -1.9477e-06 -1.8514e-06 -1.7581e-06 -1.6680e-06 -1.5810e-06 -1.4972e-06 -1.4164e-06 -1.3388e-06 -1.2642e-06 -1.1927e-06 -1.1242e-06 -1.0586e-06 -9.9596e-07 -9.3616e-07 -8.7915e-07 -8.2485e-07 -7.7321e-07 -7.2414e-07 -6.7757e-07 -6.3343e-07 -5.9163e-07 -5.5209e-07
-1.0292e-06 -2.0560e-06 -3.0779e-06 -4.0925e-06 -5.0974e-06 -6.0904e-06 4.9097e-03 -8.0310e-06 -8.9743e-06 -9.8968e-06 -1.0796e-05 -1.1671e-05 -1.2519e-05 -1.3339e-05 -1.4129e-05 -1.4887e-05 -1.5612e-05 -1.6303e-05 -1.6959e-05 -1.7578e-05 -1.8160e-05 -1.8704e-05 -1.9209e-05 -1.9675e-05 -2.0101e-05 -2.0488e-05 -2.0834e-05 -2.1141e-05 -2.1408e-05 -2.1635e-05 -2.1823e-05 -2.1972e-05 -2.2084e-05 -2.2158e-05 -2.2195e-05 -2.2197e-05 -2.2164e-05 -2.2097e-05 -2.1998e-05 -2.1868e-05 -2.1708e-05 -2.1519e-05 -2.1303e-05 -2.1060e-05 -2.0794e-05 -2.0504e-05 -2.0193e-05 -1.9862e-05 -1.9512e-05 -1.9146e-05 -1.8764e-05 -1.8368e-05 -1.7959e-05 -1.7539e-05 -1.7110e-05 -1.6673e-05 -1.6228e-05 -1.5778e-05 -1.5324e-05 -1.4867e-05 -1.4409e-05 -1.3949e-05 -1.3490e-05 -1.3033e-05 -1.2578e-05 -1.2126e-05 -1.1679e-05 -1.1236e-05 -1.0800e-05 -1.0370e-05 -9.9477e-06 -9.5328e-06 -9.1263e-06 -8.7286e-06 -8.3400e-06 -7.9611e-06 -7.5920e-06 -7.2331e-06 -6.8846e-06 -6.5466e-06 -6.2194e-06 -5.9029e-06 -5.5972e-06 -5.3024e-06 -5.0185e-06 -4.7453e-06 -4.4829e-06 -4.2310e-06 -3.9897e-06 -3.7586e-06 -3.5377e-06 -3.3268e-06 -3.1255e-06 -2.9338e-06 -2.7514e-06 -2.5779e-06 -2.4133e-06 -2.2571e-06 -2.1091e-06 -1.9691e-06 -3.4307e-07 -6.8532e-07 -1.0259e-06 -1.3641e-06 -1.6991e-06 -2.0300e-06 0.0000e+00 -2.6767e-06 -2.9910e-06 -3.2984e-06 -3.5980e-06 -3.8894e-06 -4.1719e-06 -4.4449e-06 -4.7078e-06 -4.9601e-06 -5.2015e-06 -5.4314e-06 -5.6495e-06 -5.8553e-06 -6.0488e-06 -6.2294e-06 -6.3972e-06 -6.5518e-06 -6.6932e-06 -6.8212e-06 -6.9360e-06 -7.0373e-06 -7.1254e-06 -7.2003e-06 -7.2621e-06 -7.3111e-06 -7.3473e-06 -7.3710e-06 -7.3826e-06 -7.3823e-06 -7.3704e-06 -7.3473e-06 -7.3134e-06 -7.2691e-06 -7.2148e-06 -7.1510e-06 -7.0781e-06 -6.9966e-06 -6.9070e-06 -6.8097e-06 -6.7053e-06 -6.5942e-06 -6.4771e-06 -6.3543e-06 -6.2264e-06 -6.0939e-06 -5.9572e-06 -5.8169e-06 -5.6735e-06 -5.5274e-06 -5.3790e-06 -5.2289e-06 -5.0774e-06 -4.9250e-06 -4.7720e-06 -4.6188e-06 -4.4659e-06 -4.3135e-06 -4.1620e-06 -4.0116e-06 -3.8628e-06 -3.7156e-06 -3.5705e-06 -3.4276e-06 -3.2871e-06 -3.1493e-06 -3.0142e-06 -2.8821e-06 -2.7531e-06 -2.6274e-06 -2.5049e-06 -2.3858e-06 -2.2703e-06 -2.1582e-06 -2.0498e-06 -1.9449e-06 -1.8437e-06 -1.7461e-06 -1.6521e-06 -1.5617e-06 -1.4749e-06 -1.3917e-06 -1.3119e-06 -1.2355e-06 -1.1626e-06 -1.0929e-06 -1.0265e-06 -9.6319e-07 -9.0300e-07 -8.4581e-07 -7.9152e-07 -7.4005e-07 -6.9131e-07 -6.4519e-07
-1.1692e-06 -2.3357e-06 -3.4966e-06 -4.6493e-06 -5.7910e-06 -6.9191e-06 -8.0310e-06 6.4127e-03 -1.0196e-05 -1.1244e-05 -1.2267e-05 -1.3261e-05 -1.4225e-05 -1.5157e-05 -1.6055e-05 -1.6918e-05 -1.7743e-05 -1.8529e-05 -1.9275e-05 -1.9980e-05 -2.0642e-05 -2.1262e-05 -2.1837e-05 -2.2368e-05 -2.2855e-05 -2.3296e-05 -2.3691e-05 -2.4042e-05 -2.4347e-05 -2.4607e-05 -2.4823e-05 -2.4995e-05 -2.5124e-05 -2.5210e-05 -2.5255e-05 -2.5260e-05 -2.5225e-05 -2.5151e-05 -2.5041e-05 -2.4896e-05 -2.4716e-05 -2.4503e-05 -2.4260e-05 -2.3987e-05 -2.3686e-05 -2.3359e-05 -2.3007e-05 -2.2633e-05 -2.2237e-05 -2.1822e-05 -2.1390e-05 -2.0941e-05 -2.0478e-05 -2.0002e-05 -1.9516e-05 -1.9019e-05 -1.8515e-05 -1.8005e-05 -1.7489e-05 -1.6970e-05 -1.6449e-05 -1.5927e-05 -1.5406e-05 -1.4886e-05 -1.4369e-05 -1.3855e-05 -1.3346e-05 -1.2843e-05 -1.2347e-05 -1.1857e-05 -1.1376e-05 -1.0904e-05 -1.0441e-05 -9.9878e-06 -9.5450e-06 -9.1131e-06 -8.6924e-06 -8.2831e-06 -7.8856e-06 -7.5001e-06 -7.1266e-06 -6.7654e-06 -6.4165e-06 -6.0799e-06 -5.7556e-06 -5.4435e-06 -5.1436e-06 -4.8557e-06 -4.5798e-06 -4.3156e-06 -4.0629e-06 -3.8215e-06 -3.5912e-06 -3.3717e-06 -3.1628e-06 -2.9642e-06 -2.7755e-06 -2.5965e-06 -2.4269e-06 -2.2664e-06 -3.8974e-07 -7.7854e-07 -1.1655e-06 -1.5497e-06 -1.9302e-06 -2.3062e-06 -2.6767e-06 0.0000e+00 -3.3981e-06 -3.7473e-06 -4.0878e-06 -4.4190e-06 -4.7400e-06 -5.0502e-06 -5.3491e-06 -5.6360e-06 -5.9104e-06 -6.1718e-06 -6.4198e-06 -6.6539e-06 -6.8739e-06 -7.0795e-06 -7.2704e-06 -7.4464e-06 -7.6074e-06 -7.7533e-06 -7.8840e-06 -7.9996e-06 -8.1001e-06 -8.1856e-06 -8.2563e-06 -8.3123e-06 -8.3539e-06 -8.3814e-06 -8.3950e-06 -8.3951e-06 -8.3821e-06 -8.3563e-06 -8.3183e-06 -8.2684e-06 -8.2072e-06 -8.1352e-06 -8.0528e-06 -7.9606e-06 -7.8591e-06 -7.7490e-06 -7.6308e-06 -7.5050e-06 -7.3722e-06 -7.2330e-06 -7.0880e-06 -6.9377e-06 -6.7827e-06 -6.6236e-06 -6.4608e-06 -6.2950e-06 -6.1266e-06 -5.9561e-06 -5.7841e-06 -5.6110e-06 -5.4372e-06 -5.2632e-06 -5.0894e-06 -4.9163e-06 -4.7441e-06 -4.5732e-06 -4.4039e-06 -4.2366e-06 -4.0716e-06 -3.9091e-06 -3.7493e-06 -3.5924e-06 -3.4388e-06 -3.2885e-06 -3.1417e-06 -2.9985e-06 -2.8591e-06 -2.7235e-06 -2.5919e-06 -2.4643e-06 -2.3408e-06 -2.2213e-06 -2.1060e-06 -1.9948e-06 -1.8877e-06 -1.7847e-06 -1.6857e-06 -1.5907e-06 -1.4997e-06 -1.4127e-06 -1.3294e-06 -1.2499e-06 -1.1741e-06 -1.1019e-06 -1.0332e-06 -9.6792e-07 -9.0593e-07 -8.4715e-07 -7.9148e-07 -7.3880e-07
-1.3064e-06 -2.6098e-06 -3.9070e-06 -5.1951e-06 -6.4709e-06 -7.7317e-06 -8.9743e-06 -1.0196e-05 8.1160e-03 -1.2566e-05 -1.3709e-05 -1.4821e-05 -1.5899e-05 -1.6942e-05 -1.7946e-05 -1.8911e-05 -1.9834e-05 -2.0714e-05 -2.1549e-05 -2.2339e-05 -2.3081e-05 -2.3775e-05 -2.4420e-05 -2.5016e-05 -2.5561e-05 -2.6056e-05 -2.6501e-05 -2.6895e-05 -2.7239e-05 -2.7533e-05 -2.7777e-05 -2.7972e-05 -2.8119e-05 -2.8218e-05 -2.8272e-05 -2.8280e-05 -2.8243e-05 -2.8165e-05 -2.8045e-05 -2.7885e-05 -2.7687e-05 -2.7452e-05 -2.7183e-05 -2.6880e-05 -2.6547e-05 -2.6184e-05 -2.5793e-05 -2.5377e-05 -2.4937e-05 -2.4475e-05 -2.3994e-05 -2.3494e-05 -2.2978e-05 -2.2448e-05 -2.1905e-05 -2.1352e-05 -2.0790e-05 -2.0220e-05 -1.9644e-05 -1.9065e-05 -1.8483e-05 -1.7900e-05 -1.7317e-05 -1.6735e-05 -1.6157e-05 -1.5582e-05 -1.5013e-05 -1.4450e-05 -1.3894e-05 -1.3346e-05 -1.2808e-05 -1.2278e-05 -1.1760e-05 -1.1252e-05 -1.0755e-05 -1.0271e-05 -9.7989e-06 -9.3396e-06 -8.8935e-06 -8.4606e-06 -8.0413e-06 -7.6355e-06 -7.2435e-06 -6.8651e-06 -6.5005e-06 -6.1496e-06 -5.8123e-06 -5.4884e-06 -5.1778e-06 -4.8804e-06 -4.5958e-06 -4.3239e-06 -4.0644e-06 -3.8171e-06 -3.5816e-06 -3.3576e-06 -3.1447e-06 -2.9428e-06 -2.7514e-06 -2.5701e-06 -4.3548e-07 -8.6993e-07 -1.3023e-06 -1.7316e-06 -2.1568e-06 -2.5770e-06 -2.9910e-06 -3.3981e-06 0.0000e+00 -4.1875e-06 -4.5682e-06 -4.9383e-06 -5.2972e-06 -5.6440e-06 -5.9782e-06 -6.2990e-06 -6.6058e-06 -6.8982e-06 -7.1756e-06 -7.4376e-06 -7.6838e-06 -7.9139e-06 -8.1276e-06 -8.3248e-06 -8.5051e-06 -8.6686e-06 -8.8152e-06 -8.9449e-06 -9.0577e-06 -9.1539e-06 -9.2334e-06 -9.2966e-06 -9.3437e-06 -9.3750e-06 -9.3908e-06 -9.3915e-06 -9.3776e-06 -9.3494e-06 -9.3075e-06 -9.2524e-06 -9.1845e-06 -9.1046e-06 -9.0130e-06 -8.9106e-06 -8.7977e-06 -8.6752e-06 -8.5435e-06 -8.4034e-06 -8.2554e-06 -8.1003e-06 -7.9386e-06 -7.7710e-06 -7.5981e-06 -7.4206e-06 -7.2389e-06 -7.0538e-06 -6.8658e-06 -6.6755e-06 -6.4834e-06 -6.2900e-06 -6.0959e-06 -5.9015e-06 -5.7072e-06 -5.5137e-06 -5.3212e-06 -5.1301e-06 -4.9408e-06 -4.7537e-06 -4.5691e-06 -4.3872e-06 -4.2084e-06 -4.0329e-06 -3.8609e-06 -3.6926e-06 -3.5283e-06 -3.3679e-06 -3.2118e-06 -3.0599e-06 -2.9125e-06 -2.7695e-06 -2.6311e-06 -2.4972e-06 -2.3679e-06 -2.2431e-06 -2.1230e-06 -2.0074e-06 -1.8964e-06 -1.7899e-06 -1.6878e-06 -1.5900e-06 -1.4966e-06 -1.4073e-06 -1.3222e-06 -1.2411e-06 -1.1639e-06 -1.0905e-06 -1.0209e-06 -9.5479e-07 -8.9220e-07 -8.3296e-07
-1.4406e-06 -2.8779e-06 -4.3084e-06 -5.7288e-06 -7.1358e-06 -8.5262e-06 -9.8968e-06 -1.1244e-05 -1.2566e-05 1.0020e-02 -1.5120e-05 -1.6347e-05 -1.7537e-05 -1.8688e-05 -1.9797e-05 -2.0862e-05 -2.1882e-05 -2.2854e-05 -2.3777e-05 -2.4649e-05 -2.5470e-05 -2.6238e-05 -2.6952e-05 -2.7612e-05 -2.8216e-05 -2.8765e-05 -2.9259e-05 -2.9697e-05 -3.0079e-05 -3.0406e-05 -3.0679e-05 -3.0898e-05 -3.1064e-05 -3.1177e-05 -3.1239e-05 -3.1252e-05 -3.1216e-05 -3.1133e-05 -3.1004e-05 -3.0831e-05 -3.0616e-05 -3.0361e-05 -3.0068e-05 -2.9738e-05 -2.9373e-05 -2.8975e-05 -2.8548e-05 -2.8092e-05 -2.7609e-05 -2.7102e-05 -2.6573e-05 -2.6025e-05 -2.5458e-05 -2.4875e-05 -2.4278e-05 -2.3669e-05 -2.3049e-05 -2.2422e-05 -2.1788e-05 -2.1150e-05 -2.0508e-05 -1.9865e-05 -1.9222e-05 -1.8581e-05 -1.7942e-05 -1.7308e-05 -1.6679e-05 -1.6057e-05 -1.5443e-05 -1.4838e-05 -1.4242e-05 -1.3657e-05 -1.3083e-05 -1.2521e-05 -1.1971e-05 -1.1435e-05 -1.0912e-05 -1.0403e-05 -9.9089e-06 -9.4290e-06 -8.9640e-06 -8.5140e-06 -8.0790e-06 -7.6591e-06 -7.2543e-06 -6.8646e-06 -6.4898e-06 -6.1299e-06 -5.7847e-06 -5.4539e-06 -5.1375e-06 -4.8349e-06 -4.5461e-06 -4.2708e-06 -4.0085e-06 -3.7589e-06 -3.5217e-06 -3.2966e-06 -3.0831e-06 -2.8809e-06 -4.8021e-07 -9.5927e-07 -1.4361e-06 -1.9095e-06 -2.3784e-06 -2.8417e-06 -3.2984e-06 -3.7473e-06 -4.1875e-06 0.0000e+00 -5.0379e-06 -5.4463e-06 -5.8422e-06 -6.2249e-06 -6.5936e-06 -6.9477e-06 -7.2864e-06 -7.6092e-06 -7.9155e-06 -8.2048e-06 -8.4767e-06 -8.7310e-06 -8.9671e-06 -9.1851e-06 -9.3845e-06 -9.5654e-06 -9.7277e-06 -9.8713e-06 -9.9965e-06 -1.0103e-05 -1.0192e-05 -1.0262e-05 -1.0315e-05 -1.0350e-05 -1.0368e-05 -1.0370e-05 -1.0355e-05 -1.0325e-05 -1.0279e-05 -1.0219e-05 -1.0145e-05 -1.0058e-05 -9.9573e-06 -9.8449e-06 -9.7211e-06 -9.5866e-06 -9.4420e-06 -9.2880e-06 -9.1254e-06 -8.9548e-06 -8.7769e-06 -8.5925e-06 -8.4022e-06 -8.2068e-06 -8.0068e-06 -7.8029e-06 -7.5958e-06 -7.3861e-06 -7.1744e-06 -6.9612e-06 -6.7472e-06 -6.5328e-06 -6.3186e-06 -6.1051e-06 -5.8927e-06 -5.6818e-06 -5.4729e-06 -5.2664e-06 -5.0626e-06 -4.8617e-06 -4.6643e-06 -4.4704e-06 -4.2803e-06 -4.0944e-06 -3.9127e-06 -3.7355e-06 -3.5628e-06 -3.3949e-06 -3.2318e-06 -3.0737e-06 -2.9205e-06 -2.7723e-06 -2.6292e-06 -2.4911e-06 -2.3581e-06 -2.2301e-06 -2.1071e-06 -1.9891e-06 -1.8759e-06 -1.7676e-06 -1.6640e-06 -1.5651e-06 -1.4707e-06 -1.3807e-06 -1.2951e-06 -1.2137e-06 -1.1364e-06 -1.0630e-06 -9.9353e-07 -9.2775e-07
-1.5714e-06 -3.1392e-06 -4.6996e-06 -6.2491e-06 -7.7841e-06 -9.3010e-06 -1.0796e-05 -1.2267e-05 -1.3709e-05 -1.5120e-05 1.2124e-02 -1.7836e-05 -1.9135e-05 -2.0392e-05 -2.1603e-05 -2.2767e-05 -2.3881e-05 -2.4944e-05 -2.5953e-05 -2.6908e-05 -2.7806e-05 -2.8646e-05 -2.9428e-05 -3.0151e-05 -3.0814e-05 -3.1416e-05 -3.1959e-05 -3.2440e-05 -3.2861e-05 -3.3223e-05 -3.3525e-05 -3.3768e-05 -3.3953e-05 -3.4081e-05 -3.4154e-05 -3.4172e-05 -3.4137e-05 -3.4051e-05 -3.3915e-05 -3.3731e-05 -3.3501e-05 -3.3227e-05 -3.2910e-05 -3.2554e-05 -3.2160e-05 -3.1731e-05 -3.1267e-05 -3.0773e-05 -3.0250e-05 -2.9700e-05 -2.9126e-05 -2.8530e-05 -2.7914e-05 -2.7280e-05 -2.6630e-05 -2.5968e-05 -2.5294e-05 -2.4610e-05 -2.3920e-05 -2.3224e-05 -2.2524e-05 -2.1823e-05 -2.1121e-05 -2.0421e-05 -1.9724e-05 -1.9031e-05 -1.8344e-05 -1.7665e-05 -1.6993e-05 -1.6331e-05 -1.5679e-05 -1.5039e-05 -1.4410e-05 -1.3795e-05 -1.3193e-05 -1.2606e-05 -1.2033e-05 -1.1475e-05 -1.0932e-05 -1.0406e-05 -9.8956e-06 -9.4015e-06 -8.9238e-06 -8.4625e-06 -8.0177e-06 -7.5892e-06 -7.1771e-06 -6.7812e-06 -6.4013e-06 -6.0372e-06 -5.6887e-06 -5.3554e-06 -5.0372e-06 -4.7336e-06 -4.4444e-06 -4.1691e-06 -3.9073e-06 -3.6588e-06 -3.4230e-06 -3.1996e-06 -5.2381e-07 -1.0464e-06 -1.5665e-06 -2.0829e-06 -2.5944e-06 -3.0999e-06 -3.5980e-06 -4.0878e-06 -4.5682e-06 -5.0379e-06 0.0000e+00 -5.9417e-06 -6.3738e-06 -6.7916e-06 -7.1941e-06 -7.5807e-06 -7.9505e-06 -8.3031e-06 -8.6377e-06 -8.9538e-06 -9.2510e-06 -9.5289e-06 -9.7871e-06 -1.0026e-05 -1.0244e-05 -1.0442e-05 -1.0620e-05 -1.0777e-05 -1.0914e-05 -1.1032e-05 -1.1129e-05 -1.1207e-05 -1.1265e-05 -1.1304e-05 -1.1325e-05 -1.1328e-05 -1.1312e-05 -1.1280e-05 -1.1232e-05 -1.1167e-05 -1.1087e-05 -1.0992e-05 -1.0884e-05 -1.0762e-05 -1.0628e-05 -1.0482e-05 -1.0325e-05 -1.0157e-05 -9.9806e-06 -9.7951e-06 -9.6017e-06 -9.4010e-06 -9.1939e-06 -8.9811e-06 -8.7633e-06 -8.5412e-06 -8.3155e-06 -8.0870e-06 -7.8562e-06 -7.6238e-06 -7.3904e-06 -7.1565e-06 -6.9229e-06 -6.6899e-06 -6.4580e-06 -6.2278e-06 -5.9998e-06 -5.7742e-06 -5.5515e-06 -5.3322e-06 -5.1164e-06 -4.9045e-06 -4.6967e-06 -4.4934e-06 -4.2947e-06 -4.1009e-06 -3.9120e-06 -3.7283e-06 -3.5498e-06 -3.3766e-06 -3.2089e-06 -3.0466e-06 -2.8899e-06 -2.7386e-06 -2.5929e-06 -2.4526e-06 -2.3178e-06 -2.1884e-06 -2.0643e-06 -1.9455e-06 -1.8318e-06 -1.7232e-06 -1.6196e-06 -1.5209e-06 -1.4268e-06 -1.3374e-06 -1.2525e-06 -1.1719e-06 -1.0955e-06 -1.0232e-06
-1.6986e-06 -3.3932e-06 -5.0800e-06 -6.7550e-06 -8.4144e-06 -1.0054e-05 -1.1671e-05 -1.3261e-05 -1.4821e-05 -1.6347e-05 -1.7836e-05 1.4428e-02 -2.0691e-05 -2.2051e-05 -2.3362e-05 -2.4622e-05 -2.5829e-05 -2.6980e-05 -2.8074e-05 -2.9109e-05 -3.0083e-05 -3.0995e-05 -3.1844e-05 -3.2629e-05 -3.3350e-05 -3.4005e-05 -3.4596e-05 -3.5121e-05 -3.5582e-05 -3.5977e-05 -3.6308e-05 -3.6576e-05 -3.6782e-05 -3.6926e-05 -3.7009e-05 -3.7034e-05 -3.7002e-05 -3.6914e-05 -3.6772e-05 -3.6579e-05 -3.6335e-05 -3.6044e-05 -3.5707e-05 -3.5327e-05 -3.4906e-05 -3.4446e-05 -3.3949e-05 -3.3419e-05 -3.2857e-05 -3.2266e-05 -3.1649e-05 -3.1007e-05 -3.0344e-05 -2.9661e-05 -2.8961e-05 -2.8247e-05 -2.7520e-05 -2.6783e-05 -2.6037e-05 -2.5285e-05 -2.4530e-05 -2.3771e-05 -2.3013e-05 -2.2256e-05 -2.1502e-05 -2.0752e-05 -2.0008e-05 -1.9272e-05 -1.8544e-05 -1.7827e-05 -1.7120e-05 -1.6425e-05 -1.5743e-05 -1.5075e-05 -1.4422e-05 -1.3783e-05 -1.3161e-05 -1.2555e-05 -1.1965e-05 -1.1392e-05 -1.0837e-05 -1.0299e-05 -9.7788e-06 -9.2763e-06 -8.7915e-06 -8.3245e-06 -7.8751e-06 -7.4431e-06 -7.0285e-06 -6.6310e-06 -6.2504e-06 -5.8863e-06 -5.5384e-06 -5.2065e-06 -4.8901e-06 -4.5889e-06 -4.3023e-06 -4.0302e-06 -3.7719e-06 -3.5270e-06 -5.6619e-07 -1.1311e-06 -1.6933e-06 -2.2515e-06 -2.8044e-06 -3.3508e-06 -3.8894e-06 -4.4190e-06 -4.9383e-06 -5.4463e-06 -5.9417e-06 0.0000e+00 -6.8910e-06 -7.3429e-06 -7.7784e-06 -8.1967e-06 -8.5969e-06 -8.9785e-06 -9.3407e-06 -9.6831e-06 -1.0005e-05 -1.0306e-05 -1.0586e-05 -1.0844e-05 -1.1081e-05 -1.1296e-05 -1.1489e-05 -1.1660e-05 -1.1810e-05 -1.1937e-05 -1.2044e-05 -1.2129e-05 -1.2193e-05 -1.2236e-05 -1.2260e-05 -1.2264e-05 -1.2248e-05 -1.2215e-05 -1.2163e-05 -1.2094e-05 -1.2009e-05 -1.1908e-05 -1.1791e-05 -1.1660e-05 -1.1516e-05 -1.1359e-05 -1.1190e-05 -1.1010e-05 -1.0820e-05 -1.0620e-05 -1.0412e-05 -1.0195e-05 -9.9720e-06 -9.7424e-06 -9.5074e-06 -9.2677e-06 -9.0241e-06 -8.7773e-06 -8.5280e-06 -8.2769e-06 -8.0247e-06 -7.7720e-06 -7.5193e-06 -7.2674e-06 -7.0166e-06 -6.7676e-06 -6.5208e-06 -6.2767e-06 -6.0356e-06 -5.7981e-06 -5.5644e-06 -5.3348e-06 -5.1098e-06 -4.8894e-06 -4.6741e-06 -4.4639e-06 -4.2591e-06 -4.0598e-06 -3.8662e-06 -3.6783e-06 -3.4963e-06 -3.3201e-06 -3.1499e-06 -2.9857e-06 -2.8273e-06 -2.6749e-06 -2.5284e-06 -2.3877e-06 -2.2528e-06 -2.1236e-06 -2.0000e-06 -1.8818e-06 -1.7691e-06 -1.6616e-06 -1.5592e-06 -1.4618e-06 -1.3693e-06 -1.2815e-06 -1.1983e-06 -1.1194e-06
-1.8218e-06 -3.6395e-06 -5.4487e-06 -7.2454e-06 -9.0254e-06 -1.0785e-05 -1.2519e-05 -1.4225e-05 -1.5899e-05 -1.7537e-05 -1.9135e-05 -2.0691e-05 1.6933e-02 -2.3661e-05 -2.5070e-05 -2.6424e-05 -2.7721e-05 -2.8959e-05 -3.0135e-05 -3.1248e-05 -3.2297e-05 -3.3279e-05 -3.4194e-05 -3.5041e-05 -3.5819e-05 -3.6527e-05 -3.7166e-05 -3.7735e-05 -3.8234e-05 -3.8664e-05 -3.9025e-05 -3.9319e-05 -3.9545e-05 -3.9706e-05 -3.9802e-05 -3.9835e-05 -3.9807e-05 -3.9719e-05 -3.9573e-05 -3.9371e-05 -3.9116e-05 -3.8810e-05 -3.8454e-05 -3.8052e-05 -3.7605e-05 -3.7117e-05 -3.6589e-05 -3.6025e-05 -3.5427e-05 -3.4798e-05 -3.4139e-05 -3.3455e-05 -3.2746e-05 -3.2017e-05 -3.1269e-05 -3.0505e-05 -2.9727e-05 -2.8938e-05 -2.8139e-05 -2.7334e-05 -2.6524e-05 -2.5711e-05 -2.4897e-05 -2.4084e-05 -2.3274e-05 -2.2469e-05 -2.1670e-05 -2.0879e-05 -2.0096e-05 -1.9324e-05 -1.8564e-05 -1.7816e-05 -1.7081e-05 -1.6362e-05 -1.5657e-05 -1.4969e-05 -1.4297e-05 -1.3643e-05 -1.3007e-05 -1.2388e-05 -1.1788e-05 -1.1207e-05 -1.0645e-05 -1.0101e-05 -9.5766e-06 -9.0710e-06 -8.5844e-06 -8.1165e-06 -7.6671e-06 -7.2362e-06 -6.8233e-06 -6.4283e-06 -6.0507e-06 -5.6902e-06 -5.3465e-06 -5.0191e-06 -4.7075e-06 -4.4115e-06 -4.1304e-06 -3.8638e-06 -6.0727e-07 -1.2131e-06 -1.8161e-06 -2.4149e-06 -3.0080e-06 -3.5941e-06 -4.1719e-06 -4.7400e-06 -5.2972e-06 -5.8422e-06 -6.3738e-06 -6.8910e-06 0.0000e+00 -7.8777e-06 -8.3453e-06 -8.7944e-06 -9.2242e-06 -9.6341e-06 -1.0023e-05 -1.0391e-05 -1.0737e-05 -1.1061e-05 -1.1362e-05 -1.1640e-05 -1.1895e-05 -1.2127e-05 -1.2335e-05 -1.2519e-05 -1.2681e-05 -1.2819e-05 -1.2934e-05 -1.3026e-05 -1.3096e-05 -1.3144e-05 -1.3171e-05 -1.3176e-05 -1.3161e-05 -1.3126e-05 -1.3072e-05 -1.2999e-05 -1.2909e-05 -1.2801e-05 -1.2678e-05 -1.2539e-05 -1.2385e-05 -1.2218e-05 -1.2037e-05 -1.1845e-05 -1.1642e-05 -1.1429e-05 -1.1206e-05 -1.0974e-05 -1.0735e-05 -1.0490e-05 -1.0238e-05 -9.9815e-06 -9.7206e-06 -9.4562e-06 -9.1890e-06 -8.9199e-06 -8.6494e-06 -8.3783e-06 -8.1073e-06 -7.8370e-06 -7.5678e-06 -7.3005e-06 -7.0355e-06 -6.7733e-06 -6.5144e-06 -6.2591e-06 -6.0079e-06 -5.7612e-06 -5.5191e-06 -5.2822e-06 -5.0505e-06 -4.8244e-06 -4.6039e-06 -4.3894e-06 -4.1809e-06 -3.9786e-06 -3.7825e-06 -3.5927e-06 -3.4092e-06 -3.2321e-06 -3.0614e-06 -2.8970e-06 -2.7390e-06 -2.5871e-06 -2.4415e-06 -2.3020e-06 -2.1685e-06 -2.0409e-06 -1.9190e-06 -1.8029e-06 -1.6922e-06 -1.5869e-06 -1.4868e-06 -1.3918e-06 -1.3018e-06 -1.2164e-06
-1.9409e-06 -3.8774e-06 -5.8049e-06 -7.7192e-06 -9.6158e-06 -1.1491e-05 -1.3339e-05 -1.5157e-05 -1.6942e-05 -1.8688e-05 -2.0392e-05 -2.2051e-05 -2.3661e-05 1.9638e-02 -2.6722e-05 -2.8168e-05 -2.9553e-05 -3.0875e-05 -3.2132e-05 -3.3322e-05 -3.4444e-05 -3.5495e-05 -3.6475e-05 -3.7383e-05 -3.8217e-05 -3.8978e-05 -3.9664e-05 -4.0276e-05 -4.0815e-05 -4.1280e-05 -4.1671e-05 -4.1991e-05 -4.2239e-05 -4.2418e-05 -4.2527e-05 -4.2570e-05 -4.2547e-05 -4.2460e-05 -4.2312e-05 -4.2104e-05 -4.1839e-05 -4.1520e-05 -4.1147e-05 -4.0725e-05 -4.0256e-05 -3.9742e-05 -3.9185e-05 -3.8590e-05 -3.7958e-05 -3.7292e-05 -3.6595e-05 -3.5869e-05 -3.5119e-05 -3.4345e-05 -3.3551e-05 -3.2740e-05 -3.1913e-05 -3.1074e-05 -3.0225e-05 -2.9368e-05 -2.8505e-05 -2.7639e-05 -2.6772e-05 -2.5906e-05 -2.5042e-05 -2.4183e-05 -2.3330e-05 -2.2485e-05 -2.1649e-05 -2.0824e-05 -2.0011e-05 -1.9211e-05 -1.8425e-05 -1.7654e-05 -1.6900e-05 -1.6162e-05 -1.5443e-05 -1.4741e-05 -1.4058e-05 -1.3395e-05 -1.2751e-05 -1.2126e-05 -1.1522e-05 -1.0938e-05 -1.0374e-05 -9.8297e-06 -9.3058e-06 -8.8020e-06 -8.3180e-06 -7.8535e-06 -7.4084e-06 -6.9822e-06 -6.5747e-06 -6.1856e-06 -5.8143e-06 -5.4605e-06 -5.1237e-06 -4.8035e-06 -4.4993e-06 -4.2108e-06 -6.4696e-07 -1.2924e-06 -1.9349e-06 -2.5728e-06 -3.2047e-06 -3.8292e-06 -4.4449e-06 -5.0502e-06 -5.6440e-06 -6.2249e-06 -6.7916e-06 -7.3429e-06 -7.8777e-06 0.0000e+00 -8.8936e-06 -9.3726e-06 -9.8312e-06 -1.0269e-05 -1.0684e-05 -1.1077e-05 -1.1446e-05 -1.1792e-05 -1.2114e-05 -1.2411e-05 -1.2684e-05 -1.2932e-05 -1.3155e-05 -1.3353e-05 -1.3526e-05 -1.3674e-05 -1.3798e-05 -1.3898e-05 -1.3974e-05 -1.4027e-05 -1.4056e-05 -1.4063e-05 -1.4049e-05 -1.4013e-05 -1.3957e-05 -1.3881e-05 -1.3786e-05 -1.3673e-05 -1.3542e-05 -1.3395e-05 -1.3233e-05 -1.3056e-05 -1.2865e-05 -1.2661e-05 -1.2446e-05 -1.2219e-05 -1.1983e-05 -1.1737e-05 -1.1483e-05 -1.1222e-05 -1.0955e-05 -1.0682e-05 -1.0404e-05 -1.0123e-05 -9.8383e-06 -9.5518e-06 -9.2637e-06 -8.9750e-06 -8.6862e-06 -8.3980e-06 -8.1111e-06 -7.8261e-06 -7.5434e-06 -7.2636e-06 -6.9873e-06 -6.7148e-06 -6.4466e-06 -6.1831e-06 -5.9246e-06 -5.6714e-06 -5.4238e-06 -5.1820e-06 -4.9463e-06 -4.7168e-06 -4.4938e-06 -4.2772e-06 -4.0673e-06 -3.8641e-06 -3.6676e-06 -3.4779e-06 -3.2950e-06 -3.1188e-06 -2.9494e-06 -2.7866e-06 -2.6304e-06 -2.4807e-06 -2.3374e-06 -2.2004e-06 -2.0696e-06 -1.9448e-06 -1.8259e-06 -1.7127e-06 -1.6051e-06 -1.5030e-06 -1.4061e-06 -1.3143e-06
-2.0556e-06 -4.1064e-06 -6.1480e-06 -8.1755e-06 -1.0185e-05 -1.2170e-05 -1.4129e-05 -1.6055e-05 -1.7946e-05 -1.9797e-05 -2.1603e-05 -2.3362e-05 -2.5070e-05 -2.6722e-05 2.2544e-02 -2.9851e-05 -3.1322e-05 -3.2726e-05 -3.4062e-05 -3.5327e-05 -3.6520e-05 -3.7639e-05 -3.8682e-05 -3.9650e-05 -4.0540e-05 -4.1352e-05 -4.2086e-05 -4.2741e-05 -4.3319e-05 -4.3819e-05 -4.4242e-05 -4.4588e-05 -4.4859e-05 -4.5056e-05 -4.5181e-05 -4.5234e-05 -4.5218e-05 -4.5134e-05 -4.4986e-05 -4.4774e-05 -4.4501e-05 -4.4170e-05 -4.3784e-05 -4.3344e-05 -4.2854e-05 -4.2316e-05 -4.1733e-05 -4.1109e-05 -4.0445e-05 -3.9746e-05 -3.9013e-05 -3.8249e-05 -3.7458e-05 -3.6643e-05 -3.5805e-05 -3.4949e-05 -3.4076e-05 -3.3190e-05 -3.2292e-05 -3.1385e-05 -3.0473e-05 -2.9556e-05 -2.8637e-05 -2.7719e-05 -2.6804e-05 -2.5892e-05 -2.4987e-05 -2.4090e-05 -2.3202e-05 -2.2325e-05 -2.1461e-05 -2.0610e-05 -1.9774e-05 -1.8953e-05 -1.8150e-05 -1.7364e-05 -1.6597e-05 -1.5849e-05 -1.5120e-05 -1.4412e-05 -1.3724e-05 -1.3057e-05 -1.2411e-05 -1.1787e-05 -1.1183e-05 -1.0601e-05 -1.0040e-05 -9.5005e-06 -8.9817e-06 -8.4837e-06 -8.0062e-06 -7.5489e-06 -7.1114e-06 -6.6933e-06 -6.2943e-06 -5.9139e-06 -5.5516e-06 -5.2069e-06 -4.8794e-06 -4.5685e-06 -6.8518e-07 -1.3688e-06 -2.0492e-06 -2.7248e-06 -3.3942e-06 -4.0556e-06 -4.7078e-06 -5.3491e-06 -5.9782e-06 -6.5936e-06 -7.1941e-06 -7.7784e-06 -8.3453e-06 -8.8936e-06 0.0000e+00 -9.9302e-06 -1.0417e-05 -1.0881e-05 -1.1321e-05 -1.1738e-05 -1.2131e-05 -1.2498e-05 -1.2840e-05 -1.3156e-05 -1.3446e-05 -1.3710e-05 -1.3947e-05 -1.4159e-05 -1.4343e-05 -1.4502e-05 -1.4635e-05 -1.4742e-05 -1.4824e-05 -1.4882e-05 -1.4915e-05 -1.4924e-05 -1.4910e-05 -1.4874e-05 -1.4816e-05 -1.4737e-05 -1.4638e-05 -1.4520e-05 -1.4383e-05 -1.4229e-05 -1.4058e-05 -1.3872e-05 -1.3671e-05 -1.3457e-05 -1.3229e-05 -1.2991e-05 -1.2741e-05 -1.2482e-05 -1.2214e-05 -1.1938e-05 -1.1656e-05 -1.1367e-05 -1.1074e-05 -1.0776e-05 -1.0475e-05 -1.0172e-05 -9.8670e-06 -9.5612e-06 -9.2553e-06 -8.9500e-06 -8.6459e-06 -8.3437e-06 -8.0440e-06 -7.7472e-06 -7.4540e-06 -7.1649e-06 -6.8801e-06 -6.6003e-06 -6.3257e-06 -6.0567e-06 -5.7936e-06 -5.5366e-06 -5.2859e-06 -5.0419e-06 -4.8046e-06 -4.5742e-06 -4.3507e-06 -4.1343e-06 -3.9251e-06 -3.7230e-06 -3.5281e-06 -3.3403e-06 -3.1596e-06 -2.9860e-06 -2.8193e-06 -2.6596e-06 -2.5066e-06 -2.3604e-06 -2.2206e-06 -2.0873e-06 -1.9602e-06 -1.8393e-06 -1.7242e-06 -1.6150e-06 -1.5113e-06 -1.4130e-06
-2.1656e-06 -4.3263e-06 -6.4772e-06 -8.6135e-06 -1.0730e-05 -1.2823e-05 -1.4887e-05 -1.6918e-05 -1.8911e-05 -2.0862e-05 -2.2767e-05 -2.4622e-05 -2.6424e-05 -2.8168e-05 -2.9851e-05 2.5650e-02 -3.3025e-05 -3.4508e-05 -3.5921e-05 -3.7259e-05 -3.8521e-05 -3.9706e-05 -4.0812e-05 -4.1838e-05 -4.2783e-05 -4.3646e-05 -4.4427e-05 -4.5126e-05 -4.5743e-05 -4.6278e-05 -4.6732e-05 -4.7106e-05 -4.7401e-05 -4.7618e-05 -4.7758e-05 -4.7824e-05 -4.7816e-05 -4.7737e-05 -4.7590e-05 -4.7376e-05 -4.7098e-05 -4.6758e-05 -4.6359e-05 -4.5904e-05 -4.5396e-05 -4.4837e-05 -4.4231e-05 -4.3580e-05 -4.2888e-05 -4.2157e-05 -4.1390e-05 -4.0591e-05 -3.9763e-05 -3.8908e-05 -3.8030e-05 -3.7131e-05 -3.6215e-05 -3.5283e-05 -3.4339e-05 -3.3386e-05 -3.2425e-05 -3.1460e-05 -3.0492e-05 -2.9524e-05 -2.8558e-05 -2.7597e-05 -2.6641e-05 -2.5693e-05 -2.4755e-05 -2.3828e-05 -2.2913e-05 -2.2013e-05 -2.1128e-05 -2.0259e-05 -1.9407e-05 -1.8574e-05 -1.7761e-05 -1.6967e-05 -1.6193e-05 -1.5441e-05 -1.4710e-05 -1.4000e-05 -1.3313e-05 -1.2648e-05 -1.2006e-05 -1.1386e-05 -1.0788e-05 -1.0213e-05 -9.6591e-06 -9.1276e-06 -8.6176e-06 -8.1290e-06 -7.6613e-06 -7.2142e-06 -6.7872e-06 -6.3800e-06 -5.9919e-06 -5.6225e-06 -5.2714e-06 -4.9379e-06 -7.2186e-07 -1.4420e-06 -2.1589e-06 -2.8707e-06 -3.5760e-06 -4.2730e-06 -4.9601e-06 -5.6360e-06 -6.2990e-06 -6.9477e-06 -7.5807e-06 -8.1967e-06 -8.7944e-06 -9.3726e-06 -9.9302e-06 0.0000e+00 -1.0979e-05 -1.1469e-05 -1.1934e-05 -1.2375e-05 -1.2789e-05 -1.3177e-05 -1.3539e-05 -1.3873e-05 -1.4180e-05 -1.4460e-05 -1.4712e-05 -1.4936e-05 -1.5132e-05 -1.5301e-05 -1.5443e-05 -1.5558e-05 -1.5646e-05 -1.5708e-05 -1.5745e-05 -1.5756e-05 -1.5743e-05 -1.5707e-05 -1.5648e-05 -1.5567e-05 -1.5464e-05 -1.5341e-05 -1.5199e-05 -1.5038e-05 -1.4860e-05 -1.4665e-05 -1.4455e-05 -1.4231e-05 -1.3993e-05 -1.3742e-05 -1.3480e-05 -1.3208e-05 -1.2927e-05 -1.2637e-05 -1.2340e-05 -1.2037e-05 -1.1729e-05 -1.1415e-05 -1.1099e-05 -1.0780e-05 -1.0459e-05 -1.0136e-05 -9.8141e-06 -9.4923e-06 -9.1717e-06 -8.8529e-06 -8.5367e-06 -8.2236e-06 -7.9141e-06 -7.6088e-06 -7.3081e-06 -7.0124e-06 -6.7223e-06 -6.4379e-06 -6.1597e-06 -5.8878e-06 -5.6227e-06 -5.3644e-06 -5.1132e-06 -4.8692e-06 -4.6325e-06 -4.4033e-06 -4.1815e-06 -3.9673e-06 -3.7606e-06 -3.5614e-06 -3.3696e-06 -3.1854e-06 -3.0084e-06 -2.8388e-06 -2.6763e-06 -2.5208e-06 -2.3723e-06 -2.2305e-06 -2.0953e-06 -1.9666e-06 -1.8442e-06 -1.7278e-06 -1.6174e-06 -1.5127e-06
