1.0099e-04 -5.1827e-04 -4.3107e-04 -3.3298e-04 -2.3880e-04 -1.5896e-04 -9.8176e-05 -5.6236e-05 -2.9864e-05 -1.4697e-05 -6.7006e-06 -2.8288e-06 -1.1055e-06 -3.9977e-07 -1.3374e-07 -4.1380e-08 -1.1838e-08 -3.1305e-09 -7.6515e-10 -1.7281e-10 -3.6062e-11 -6.9519e-12 -1.2379e-12 -2.0360e-13 -3.0925e-14 -4.3378e-15 -5.6186e-16 -6.7199e-17 -7.4207e-18 -7.5661e-19 -7.1223e-20 -6.1898e-21 -4.9664e-22 -3.6787e-23 -2.5156e-24 -1.5880e-25 -9.2545e-27 -4.9787e-28 -2.4726e-29 -1.1336e-30 -4.7975e-32 -1.8743e-33 -6.7596e-35 -2.2504e-36 -6.9160e-38 -1.9620e-39 -5.1382e-41 -1.2422e-42 -2.7720e-44 -5.7104e-46 -1.0859e-47 -1.9062e-49 -3.0889e-51 -4.6205e-53 -6.3802e-55 -8.1326e-57 -9.5693e-59 -1.0394e-60 -1.0422e-62 -9.6463e-65 -8.2420e-67 -6.5007e-69 -4.7330e-71 -3.1811e-73 -1.9737e-75 -1.1304e-77 -5.9762e-80 -2.9167e-82 -1.3140e-84 -5.4649e-87 -2.0980e-89 -7.4354e-92 -2.4325e-94 -7.3460e-97 -2.0479e-99 -5.2703e-102 -1.2520e-104 -2.7456e-107 -5.5582e-110 -1.0387e-112 -1.7918e-115 -2.8534e-118 -4.1945e-121 -5.6920e-124 -7.1303e-127 -8.2453e-130 -8.8017e-133 -8.6733e-136 -7.8897e-139 -6.6251e-142 -5.1355e-145 -3.6748e-148 -2.4274e-151 -1.4802e-154 -8.3320e-158 -4.3295e-161 -2.0768e-164 -9.1958e-168 -3.7589e-171 -1.4183e-174 0.0000e+00 5.1171e-04 4.1895e-04 3.1663e-04 2.2089e-04 1.4225e-04 8.4563e-05 4.6400e-05 2.3501e-05 1.0986e-05 4.7405e-06 1.8879e-06 6.9391e-07 2.3539e-07 7.3687e-08 2.1287e-08 5.6745e-09 1.3958e-09 3.1676e-10 6.6321e-11 1.2810e-11 2.2823e-12 3.7504e-13 5.6838e-14 7.9428e-15 1.0234e-15 1.2155e-16 1.3306e-17 1.3421e-18 1.2472e-19 1.0674e-20 8.4108e-22 6.0993e-23 4.0687e-24 2.4953e-25 1.4060e-26 7.2719e-28 3.4488e-29 1.4977e-30 5.9447e-32 2.1511e-33 7.0716e-35 2.1008e-36 5.5942e-38 1.3167e-39 2.6665e-41 4.3633e-43 4.6189e-45 -2.0814e-47 -2.8187e-48 -9.6167e-50 -2.3880e-51 -4.9320e-53 -8.8664e-55 -1.4169e-56 -2.0361e-58 -2.6494e-60 -3.1358e-62 -3.3866e-64 -3.3447e-66 -3.0260e-68 -2.5110e-70 -1.9129e-72 -1.3390e-74 -8.6172e-77 -5.1012e-79 -2.7791e-81 -1.3938e-83 -6.4370e-86 -2.7383e-88 -1.0732e-90 -3.8762e-93 -1.2903e-95 -3.9589e-98 -1.1199e-100 -2.9207e-103 -7.0240e-106 -1.5578e-108 -3.1862e-111 -6.0108e-114 -1.0459e-116 -1.6788e-119 -2.4859e-122 -3.3957e-125 -4.2794e-128 -4.9758e-131 -5.3379e-134 -5.2837e-137 -4.8257e-140 -4.0669e-143 -3.1627e-146 -2.2696e-149 -1.5030e-152 -9.1849e-156 -5.1799e-159 -2.6959e-162 -1.2949e-165 -5.7397e-169 -2.3481e-172 -8.8655e-176
-5.1827e-04 4.0387e-04 -4.1516e-04 -3.4021e-04 -2.6182e-04 -1.8864e-04 -1.2687e-04 -7.9443e-05 -4.6222e-05 -2.4946e-05 -1.2472e-05 -5.7712e-06 -2.4697e-06 -9.7690e-07 -3.5703e-07 -1.2053e-07 -3.7576e-08 -1.0817e-08 -2.8750e-09 -7.0546e-10 -1.5980e-10 -3.3417e-11 -6.4507e-12 -1.1495e-12 -1.8908e-13 -2.8709e-14 -4.0240e-15 -5.2064e-16 -6.2183e-17 -6.8557e-18 -6.9772e-19 -6.5549e-20 -5.6847e-21 -4.5510e-22 -3.3632e-23 -2.2944e-24 -1.4449e-25 -8.3997e-27 -4.5077e-28 -2.2331e-29 -1.0212e-30 -4.3113e-32 -1.6802e-33 -6.0445e-35 -2.0074e-36 -6.1543e-38 -1.7417e-39 -4.5505e-41 -1.0975e-42 -2.4435e-44 -5.0221e-46 -9.5287e-48 -1.6690e-49 -2.6985e-51 -4.0279e-53 -5.5501e-55 -7.0597e-57 -8.2897e-59 -8.9860e-61 -8.9920e-63 -8.3065e-65 -7.0836e-67 -5.5764e-69 -4.0525e-71 -2.7187e-73 -1.6837e-75 -9.6259e-78 -5.0802e-80 -2.4751e-82 -1.1132e-84 -4.6220e-87 -1.7715e-89 -6.2681e-92 -2.0473e-94 -6.1732e-97 -1.7183e-99 -4.4154e-102 -1.0474e-104 -2.2934e-107 -4.6361e-110 -8.6513e-113 -1.4903e-115 -2.3700e-118 -3.4792e-121 -4.7150e-124 -5.8987e-127 -6.8122e-130 -7.2626e-133 -7.1476e-136 -6.4938e-139 -5.4463e-142 -4.2167e-145 -3.0138e-148 -1.9884e-151 -1.2111e-154 -6.8095e-158 -3.5344e-161 -1.6935e-164 -7.4907e-168 -3.0586e-171 5.1171e-04 0.0000e+00 3.7152e-04 2.8071e-04 1.9572e-04 1.2590e-04 7.4699e-05 4.0868e-05 2.0608e-05 9.5735e-06 4.0946e-06 1.6111e-06 5.8265e-07 1.9343e-07 5.8854e-08 1.6377e-08 4.1559e-09 9.5770e-10 1.9916e-10 3.6995e-11 6.0293e-12 8.3070e-13 8.7669e-14 4.2743e-15 -9.3331e-16 -3.5966e-16 -7.7217e-17 -1.3035e-17 -1.8760e-18 -2.3771e-19 -2.6951e-20 -2.7591e-21 -2.5655e-22 -2.1747e-23 -1.6852e-24 -1.1961e-25 -7.7869e-27 -4.6550e-28 -2.5575e-29 -1.2923e-30 -6.0086e-32 -2.5720e-33 -1.0139e-34 -3.6823e-36 -1.2323e-37 -3.8010e-39 -1.0808e-40 -2.8335e-42 -6.8502e-44 -1.5273e-45 -3.1409e-47 -5.9582e-49 -1.0427e-50 -1.6834e-52 -2.5075e-54 -3.4463e-56 -4.3707e-58 -5.1148e-60 -5.5237e-62 -5.5049e-64 -5.0631e-66 -4.2977e-68 -3.3668e-70 -2.4343e-72 -1.6245e-74 -1.0006e-76 -5.6882e-79 -2.9848e-81 -1.4456e-83 -6.4629e-86 -2.6670e-88 -1.0159e-90 -3.5718e-93 -1.1592e-95 -3.4730e-98 -9.6045e-101 -2.4518e-103 -5.7777e-106 -1.2568e-108 -2.5237e-111 -4.6780e-114 -8.0047e-117 -1.2644e-119 -1.8437e-122 -2.4817e-125 -3.0837e-128 -3.5373e-131 -3.7456e-134 -3.6614e-137 -3.3040e-140 -2.7523e-143 -2.1166e-146 -1.5026e-149 -9.8470e-153 -5.9572e-156 -3.3271e-159 -1.7153e-162 -8.1641e-166 -3.5871e-169 -1.4549e-172
-4.3107e-04 -4.1516e-04 9.0844e-04 -3.4372e-04 -2.8950e-04 -2.2894e-04 -1.6897e-04 -1.1592e-04 -7.3717e-05 -4.3383e-05 -2.3602e-05 -1.1862e-05 -5.5059e-06 -2.3595e-06 -9.3344e-07 -3.4088e-07 -1.1491e-07 -3.5758e-08 -1.0271e-08 -2.7232e-09 -6.6651e-10 -1.5058e-10 -3.1405e-11 -6.0463e-12 -1.0746e-12 -1.7630e-13 -2.6701e-14 -3.7333e-15 -4.8186e-16 -5.7416e-17 -6.3156e-18 -6.4133e-19 -6.0121e-20 -5.2030e-21 -4.1568e-22 -3.0659e-23 -2.0875e-24 -1.3122e-25 -7.6143e-27 -4.0790e-28 -2.0173e-29 -9.2101e-31 -3.8819e-32 -1.5105e-33 -5.4258e-35 -1.7993e-36 -5.5082e-38 -1.5567e-39 -4.0616e-41 -9.7828e-43 -2.1753e-44 -4.4653e-46 -8.4618e-48 -1.4803e-49 -2.3908e-51 -3.5645e-53 -4.9061e-55 -6.2339e-57 -7.3125e-59 -7.9186e-61 -7.9160e-63 -7.3055e-65 -6.2240e-67 -4.8952e-69 -3.5542e-71 -2.3823e-73 -1.4741e-75 -8.4206e-78 -4.4405e-80 -2.1617e-82 -9.7148e-85 -4.0304e-87 -1.5436e-89 -5.4577e-92 -1.7814e-94 -5.3675e-97 -1.4930e-99 -3.8338e-102 -9.0880e-105 -1.9888e-107 -4.0177e-110 -7.4926e-113 -1.2899e-115 -2.0501e-118 -3.0079e-121 -4.0739e-124 -5.0937e-127 -5.8793e-130 -6.2646e-133 -6.1622e-136 -5.5956e-139 -4.6906e-142 -3.6298e-145 -2.5930e-148 -1.7100e-151 -1.0410e-154 -5.8505e-158 -3.0352e-161 -1.4537e-164 -6.4270e-168 4.1895e-04 3.7152e-04 0.0000e+00 2.2940e-04 1.5950e-04 1.0207e-04 6.0022e-05 3.2360e-05 1.5947e-05 7.1514e-06 2.8986e-06 1.0502e-06 3.3350e-07 8.9021e-08 1.7771e-08 1.2676e-09 -1.0177e-09 -6.8616e-10 -2.8436e-10 -9.4424e-11 -2.6938e-11 -6.7957e-12 -1.5384e-12 -3.1520e-13 -5.8761e-14 -1.0003e-14 -1.5586e-15 -2.2272e-16 -2.9223e-17 -3.5246e-18 -3.9104e-19 -3.9934e-20 -3.7556e-21 -3.2540e-22 -2.5983e-23 -1.9125e-24 -1.2980e-25 -8.1236e-27 -4.6895e-28 -2.4972e-29 -1.2268e-30 -5.5607e-32 -2.3257e-33 -8.9761e-35 -3.1970e-36 -1.0509e-37 -3.1881e-39 -8.9270e-41 -2.3071e-42 -5.5037e-44 -1.2119e-45 -2.4633e-47 -4.6217e-49 -8.0046e-51 -1.2798e-52 -1.8889e-54 -2.5736e-56 -3.2370e-58 -3.7586e-60 -4.0289e-62 -3.9869e-64 -3.6423e-66 -3.0718e-68 -2.3917e-70 -1.7192e-72 -1.1408e-74 -6.9890e-77 -3.9528e-79 -2.0639e-81 -9.9491e-84 -4.4276e-86 -1.8191e-88 -6.8998e-91 -2.4161e-93 -7.8110e-96 -2.3313e-98 -6.4235e-101 -1.6340e-103 -3.8375e-106 -8.3201e-109 -1.6654e-111 -3.0775e-114 -5.2502e-117 -8.2692e-120 -1.2024e-122 -1.6141e-125 -2.0003e-128 -2.2887e-131 -2.4175e-134 -2.3574e-137 -2.1223e-140 -1.7639e-143 -1.3534e-146 -9.5872e-150 -6.2697e-153 -3.7853e-156 -2.1098e-159 -1.0856e-162 -5.1573e-166 -2.2618e-169
-3.3298e-04 -3.4021e-04 -3.4372e-04 1.6143e-03 -3.1004e-04 -2.6851e-04 -2.1629e-04 -1.6144e-04 -1.1143e-04 -7.1047e-05 -4.1828e-05 -2.2732e-05 -1.1404e-05 -5.2806e-06 -2.2570e-06 -8.9050e-07 -3.2432e-07 -1.0904e-07 -3.3841e-08 -9.6958e-09 -2.5645e-09 -6.2621e-10 -1.4117e-10 -2.9379e-11 -5.6446e-12 -1.0012e-12 -1.6396e-13 -2.4789e-14 -3.4600e-15 -4.4586e-16 -5.3043e-17 -5.8259e-18 -5.9075e-19 -5.5304e-20 -4.7798e-21 -3.8139e-22 -2.8095e-23 -1.9107e-24 -1.1997e-25 -6.9540e-27 -3.7214e-28 -1.8386e-29 -8.3859e-31 -3.5312e-32 -1.3728e-33 -4.9268e-35 -1.6324e-36 -4.9934e-38 -1.4101e-39 -3.6762e-41 -8.8481e-43 -1.9660e-44 -4.0329e-46 -7.6374e-48 -1.3352e-49 -2.1551e-51 -3.2111e-53 -4.4171e-55 -5.6093e-57 -6.5760e-59 -7.1172e-61 -7.1112e-63 -6.5593e-65 -5.5855e-67 -4.3908e-69 -3.1865e-71 -2.1349e-73 -1.3204e-75 -7.5392e-78 -3.9740e-80 -1.9338e-82 -8.6870e-85 -3.6026e-87 -1.3792e-89 -4.8746e-92 -1.5904e-94 -4.7905e-97 -1.3320e-99 -3.4193e-102 -8.1027e-105 -1.7726e-107 -3.5797e-110 -6.6738e-113 -1.1486e-115 -1.8249e-118 -2.6767e-121 -3.6243e-124 -4.5303e-127 -5.2276e-130 -5.5687e-133 -5.4762e-136 -4.9713e-139 -4.1662e-142 -3.2232e-145 -2.3020e-148 -1.5177e-151 -9.2374e-155 -5.1902e-158 -2.6921e-161 -1.2890e-164 3.1663e-04 2.8071e-04 2.2940e-04 0.0000e+00 1.1898e-04 7.4958e-05 4.2827e-05 2.1937e-05 9.8653e-06 3.7258e-06 1.0398e-06 8.4529e-08 -1.4286e-07 -1.3221e-07 -7.8260e-08 -3.7483e-08 -1.5498e-08 -5.6843e-09 -1.8754e-09 -5.6109e-10 -1.5299e-10 -3.8149e-11 -8.7186e-12 -1.8293e-12 -3.5282e-13 -6.2607e-14 -1.0228e-14 -1.5393e-15 -2.1349e-16 -2.7296e-17 -3.2182e-18 -3.4996e-19 -3.5106e-20 -3.2492e-21 -2.7749e-22 -2.1870e-23 -1.5908e-24 -1.0680e-25 -6.6179e-27 -3.7855e-28 -1.9988e-29 -9.7427e-31 -4.3840e-32 -1.8212e-33 -6.9846e-35 -2.4730e-36 -8.0839e-38 -2.4397e-39 -6.7979e-41 -1.7488e-42 -4.1535e-44 -9.1081e-46 -1.8440e-47 -3.4471e-49 -5.9492e-51 -9.4798e-53 -1.3947e-54 -1.8945e-56 -2.3759e-58 -2.7511e-60 -2.9412e-62 -2.9031e-64 -2.6457e-66 -2.2261e-68 -1.7294e-70 -1.2404e-72 -8.2143e-75 -5.0223e-77 -2.8351e-79 -1.4776e-81 -7.1100e-84 -3.1587e-86 -1.2956e-88 -4.9065e-91 -1.7155e-93 -5.5375e-96 -1.6503e-98 -4.5410e-101 -1.1536e-103 -2.7056e-106 -5.8586e-109 -1.1712e-111 -2.1618e-114 -3.6837e-117 -5.7954e-120 -8.4176e-123 -1.1288e-125 -1.3974e-128 -1.5973e-131 -1.6855e-134 -1.6421e-137 -1.4769e-140 -1.2264e-143 -9.4018e-147 -6.6542e-150 -4.3480e-153 -2.6229e-156 -1.4608e-159 -7.5109e-163 -3.5653e-166
-2.3880e-04 -2.6182e-04 -2.8950e-04 -3.1004e-04 2.5212e-03 -2.9591e-04 -2.5878e-04 -2.0921e-04 -1.5620e-04 -1.0765e-04 -6.8479e-05 -4.0208e-05 -2.1791e-05 -1.0902e-05 -5.0350e-06 -2.1467e-06 -8.4498e-07 -3.0706e-07 -1.0302e-07 -3.1911e-08 -9.1261e-09 -2.4097e-09 -5.8745e-10 -1.3222e-10 -2.7478e-11 -5.2723e-12 -9.3398e-13 -1.5276e-13 -2.3069e-14 -3.2163e-15 -4.1403e-16 -4.9207e-17 -5.3995e-18 -5.4702e-19 -5.1166e-20 -4.4185e-21 -3.5229e-22 -2.5932e-23 -1.7623e-24 -1.1058e-25 -6.4054e-27 -3.4257e-28 -1.6914e-29 -7.7104e-31 -3.2450e-32 -1.2608e-33 -4.5227e-35 -1.4978e-36 -4.5793e-38 -1.2926e-39 -3.3683e-41 -8.1035e-43 -1.7998e-44 -3.6905e-46 -6.9863e-48 -1.2209e-49 -1.9699e-51 -2.9342e-53 -4.0348e-55 -5.1221e-57 -6.0029e-59 -6.4949e-61 -6.4874e-63 -5.9822e-65 -5.0926e-67 -4.0023e-69 -2.9038e-71 -1.9449e-73 -1.2026e-75 -6.8650e-78 -3.6177e-80 -1.7600e-82 -7.9046e-85 -3.2774e-87 -1.2545e-89 -4.4327e-92 -1.4460e-94 -4.3544e-97 -1.2106e-99 -3.1068e-102 -7.3609e-105 -1.6100e-107 -3.2508e-110 -6.0596e-113 -1.0427e-115 -1.6564e-118 -2.4291e-121 -3.2886e-124 -4.1100e-127 -4.7419e-130 -5.0505e-133 -4.9659e-136 -4.5074e-139 -3.7769e-142 -2.9216e-145 -2.0863e-148 -1.3753e-151 -8.3698e-155 -4.7021e-158 -2.4386e-161 2.2089e-04 1.9572e-04 1.5950e-04 1.1898e-04 0.0000e+00 4.8779e-05 2.5669e-05 1.0971e-05 2.9737e-06 -5.3138e-07 -1.5208e-06 -1.3941e-06 -9.5144e-07 -5.4628e-07 -2.7533e-07 -1.2423e-07 -5.0714e-08 -1.8850e-08 -6.4046e-09 -1.9946e-09 -5.7045e-10 -1.5001e-10 -3.6309e-11 -8.0948e-12 -1.6631e-12 -3.1503e-13 -5.5033e-14 -8.8688e-15 -1.3187e-15 -1.8095e-16 -2.2915e-17 -2.6787e-18 -2.8904e-19 -2.8792e-20 -2.6478e-21 -2.2481e-22 -1.7623e-23 -1.2755e-24 -8.5243e-26 -5.2600e-27 -2.9969e-28 -1.5767e-29 -7.6590e-31 -3.4354e-32 -1.4229e-33 -5.4416e-35 -1.9216e-36 -6.2660e-38 -1.8866e-39 -5.2451e-41 -1.3465e-42 -3.1917e-44 -6.9859e-46 -1.4118e-47 -2.6346e-49 -4.5397e-51 -7.2227e-53 -1.0610e-54 -1.4392e-56 -1.8026e-58 -2.0845e-60 -2.2258e-62 -2.1944e-64 -1.9975e-66 -1.6789e-68 -1.3029e-70 -9.3358e-73 -6.1764e-75 -3.7728e-77 -2.1278e-79 -1.1080e-81 -5.3271e-84 -2.3647e-86 -9.6918e-89 -3.6675e-91 -1.2813e-93 -4.1332e-96 -1.2310e-98 -3.3848e-101 -8.5932e-104 -2.0142e-106 -4.3588e-109 -8.7089e-112 -1.6065e-114 -2.7360e-117 -4.3021e-120 -6.2453e-123 -8.3705e-126 -1.0358e-128 -1.1833e-131 -1.2481e-134 -1.2154e-137 -1.0927e-140 -9.0692e-144 -6.9497e-147 -4.9167e-150 -3.2114e-153 -1.9365e-156 -1.0781e-159 -5.5411e-163
-1.5896e-04 -1.8864e-04 -2.2894e-04 -2.6851e-04 -2.9591e-04 3.6286e-03 -2.8670e-04 -2.5058e-04 -2.0215e-04 -1.5051e-04 -1.0344e-04 -6.5623e-05 -3.8433e-05 -2.0781e-05 -1.0374e-05 -4.7815e-06 -2.0349e-06 -7.9962e-07 -2.9013e-07 -9.7197e-08 -3.0067e-08 -8.5881e-09 -2.2650e-09 -5.5158e-10 -1.2403e-10 -2.5750e-11 -4.9363e-12 -8.7375e-13 -1.4280e-13 -2.1548e-14 -3.0023e-15 -3.8622e-16 -4.5874e-17 -5.0308e-18 -5.0938e-19 -4.7620e-20 -4.1103e-21 -3.2755e-22 -2.4100e-23 -1.6371e-24 -1.0268e-25 -5.9456e-27 -3.1786e-28 -1.5689e-29 -7.1492e-31 -3.0078e-32 -1.1683e-33 -4.1895e-35 -1.3870e-36 -4.2395e-38 -1.1963e-39 -3.1167e-41 -7.4963e-43 -1.6646e-44 -3.4124e-46 -6.4582e-48 -1.1284e-49 -1.8202e-51 -2.7107e-53 -3.7267e-55 -4.7301e-57 -5.5425e-59 -5.9957e-61 -5.9877e-63 -5.5205e-65 -4.6988e-67 -3.6922e-69 -2.6784e-71 -1.7937e-73 -1.1089e-75 -6.3293e-78 -3.3350e-80 -1.6222e-82 -7.2849e-85 -3.0201e-87 -1.1558e-89 -4.0837e-92 -1.3320e-94 -4.0107e-97 -1.1149e-99 -2.8609e-102 -6.7776e-105 -1.4822e-107 -2.9926e-110 -5.5777e-113 -9.5970e-116 -1.5244e-118 -2.2353e-121 -3.0259e-124 -3.7814e-127 -4.3624e-130 -4.6459e-133 -4.5677e-136 -4.1457e-139 -3.4735e-142 -2.6867e-145 -1.9184e-148 -1.2646e-151 -7.6951e-155 -4.3227e-158 1.4225e-04 1.2590e-04 1.0207e-04 7.4958e-05 4.8779e-05 0.0000e+00 1.0817e-05 9.3178e-07 -3.8791e-06 -5.2189e-06 -4.6682e-06 -3.4211e-06 -2.1806e-06 -1.2397e-06 -6.3682e-07 -2.9773e-07 -1.2727e-07 -4.9881e-08 -1.7962e-08 -5.9504e-09 -1.8153e-09 -5.1036e-10 -1.3229e-10 -3.1630e-11 -6.9776e-12 -1.4205e-12 -2.6692e-13 -4.6301e-14 -7.4148e-15 -1.0964e-15 -1.4968e-16 -1.8870e-17 -2.1968e-18 -2.3616e-19 -2.3444e-20 -2.1493e-21 -1.8196e-22 -1.4227e-23 -1.0272e-24 -6.8490e-26 -4.2174e-27 -2.3982e-28 -1.2594e-29 -6.1072e-31 -2.7350e-32 -1.1311e-33 -4.3195e-35 -1.5233e-36 -4.9611e-38 -1.4920e-39 -4.1433e-41 -1.0625e-42 -2.5160e-44 -5.5017e-46 -1.1109e-47 -2.0712e-49 -3.5659e-51 -5.6689e-53 -8.3217e-55 -1.1280e-56 -1.4118e-58 -1.6315e-60 -1.7410e-62 -1.7154e-64 -1.5606e-66 -1.3110e-68 -1.0168e-70 -7.2821e-73 -4.8153e-75 -2.9400e-77 -1.6574e-79 -8.6265e-82 -4.1457e-84 -1.8395e-86 -7.5364e-89 -2.8507e-91 -9.9562e-94 -3.2104e-96 -9.5581e-99 -2.6273e-101 -6.6679e-104 -1.5624e-106 -3.3801e-109 -6.7515e-112 -1.2451e-114 -2.1199e-117 -3.3323e-120 -4.8363e-123 -6.4804e-126 -8.0169e-129 -9.1565e-132 -9.6555e-135 -9.4002e-138 -8.4492e-141 -7.0114e-144 -5.3717e-147 -3.7995e-150 -2.4812e-153 -1.4959e-156 -8.3263e-160
-9.8176e-05 -1.2687e-04 -1.6897e-04 -2.1629e-04 -2.5878e-04 -2.8670e-04 4.9361e-03 -2.7701e-04 -2.4142e-04 -1.9421e-04 -1.4423e-04 -9.8891e-05 -6.2606e-05 -3.6597e-05 -1.9755e-05 -9.8467e-06 -4.5323e-06 -1.9264e-06 -7.5614e-07 -2.7407e-07 -9.1730e-08 -2.8351e-08 -8.0915e-09 -2.1325e-09 -5.1895e-10 -1.1661e-10 -2.4197e-11 -4.6361e-12 -8.2018e-13 -1.3398e-13 -2.0208e-14 -2.8144e-15 -3.6191e-16 -4.2971e-17 -4.7107e-18 -4.7682e-19 -4.4562e-20 -3.8452e-21 -3.0634e-22 -2.2533e-23 -1.5303e-24 -9.5956e-26 -5.5550e-27 -2.9691e-28 -1.4652e-29 -6.6754e-31 -2.8079e-32 -1.0904e-33 -3.9096e-35 -1.2942e-36 -3.9550e-38 -1.1159e-39 -2.9067e-41 -6.9902e-43 -1.5520e-44 -3.1811e-46 -6.0198e-48 -1.0517e-49 -1.6962e-51 -2.5257e-53 -3.4721e-55 -4.4064e-57 -5.1627e-59 -5.5843e-61 -5.5764e-63 -5.1407e-65 -4.3752e-67 -3.4376e-69 -2.4935e-71 -1.6697e-73 -1.0322e-75 -5.8909e-78 -3.1038e-80 -1.5097e-82 -6.7788e-85 -2.8101e-87 -1.0754e-89 -3.7992e-92 -1.2391e-94 -3.7308e-97 -1.0370e-99 -2.6610e-102 -6.3035e-105 -1.3785e-107 -2.7829e-110 -5.1866e-113 -8.9238e-116 -1.4174e-118 -2.0783e-121 -2.8132e-124 -3.5154e-127 -4.0554e-130 -4.3187e-133 -4.2458e-136 -3.8534e-139 -3.2285e-142 -2.4971e-145 -1.7829e-148 -1.1752e-151 -7.1511e-155 8.4563e-05 7.4699e-05 6.0022e-05 4.2827e-05 2.5669e-05 1.0817e-05 0.0000e+00 -6.9352e-06 -9.7573e-06 -9.7316e-06 -8.0916e-06 -5.8996e-06 -3.8556e-06 -2.2843e-06 -1.2348e-06 -6.1144e-07 -2.7805e-07 -1.1631e-07 -4.4809e-08 -1.5911e-08 -5.2106e-09 -1.5743e-09 -4.3900e-10 -1.1300e-10 -2.6855e-11 -5.8932e-12 -1.1942e-12 -2.2350e-13 -3.8629e-14 -6.1664e-15 -9.0915e-16 -1.2380e-16 -1.5571e-17 -1.8088e-18 -1.9408e-19 -1.9233e-20 -1.7603e-21 -1.4881e-22 -1.1619e-23 -8.3783e-25 -5.5799e-26 -3.4321e-27 -1.9497e-28 -1.0229e-29 -4.9560e-31 -2.2176e-32 -9.1639e-34 -3.4971e-35 -1.2325e-36 -4.0112e-38 -1.2056e-39 -3.3460e-41 -8.5760e-43 -2.0298e-44 -4.4362e-46 -8.9534e-48 -1.6686e-49 -2.8716e-51 -4.5633e-53 -6.6962e-55 -9.0731e-57 -1.1352e-58 -1.3115e-60 -1.3990e-62 -1.3780e-64 -1.2533e-66 -1.0526e-68 -8.1618e-71 -5.8437e-73 -3.8632e-75 -2.3581e-77 -1.3290e-79 -6.9161e-82 -3.3230e-84 -1.4742e-86 -6.0385e-89 -2.2837e-91 -7.9744e-94 -2.5710e-96 -7.6529e-99 -2.1033e-101 -5.3371e-104 -1.2504e-106 -2.7047e-109 -5.4016e-112 -9.9599e-115 -1.6956e-117 -2.6650e-120 -3.8673e-123 -5.1813e-126 -6.4091e-129 -7.3193e-132 -7.7173e-135 -7.5124e-138 -6.7517e-141 -5.6022e-144 -4.2916e-147 -3.0353e-150 -1.9819e-153 -1.1948e-156
-5.6236e-05 -7.9443e-05 -1.1592e-04 -1.6144e-04 -2.0921e-04 -2.5058e-04 -2.7701e-04 6.4434e-03 -2.6612e-04 -2.3135e-04 -1.8571e-04 -1.3766e-04 -9.4230e-05 -5.9569e-05 -3.4778e-05 -1.8752e-05 -9.3377e-06 -4.2943e-06 -1.8238e-06 -7.1535e-07 -2.5912e-07 -8.6677e-08 -2.6775e-08 -7.6381e-09 -2.0121e-09 -4.8945e-10 -1.0995e-10 -2.2806e-11 -4.3681e-12 -7.7254e-13 -1.2616e-13 -1.9025e-14 -2.6489e-15 -3.4056e-16 -4.0427e-17 -4.4310e-18 -4.4842e-19 -4.1901e-20 -3.6149e-21 -2.8796e-22 -2.1178e-23 -1.4381e-24 -9.0160e-26 -5.2189e-27 -2.7891e-28 -1.3762e-29 -6.2693e-31 -2.6368e-32 -1.0239e-33 -3.6708e-35 -1.2150e-36 -3.7128e-38 -1.0475e-39 -2.7282e-41 -6.5605e-43 -1.4565e-44 -2.9852e-46 -5.6486e-48 -9.8677e-50 -1.5914e-51 -2.3696e-53 -3.2572e-55 -4.1335e-57 -4.8427e-59 -5.2379e-61 -5.2302e-63 -4.8214e-65 -4.1032e-67 -3.2237e-69 -2.3383e-71 -1.5657e-73 -9.6788e-76 -5.5236e-78 -2.9101e-80 -1.4154e-82 -6.3554e-85 -2.6345e-87 -1.0081e-89 -3.5615e-92 -1.1616e-94 -3.4972e-97 -9.7205e-100 -2.4942e-102 -5.9083e-105 -1.2920e-107 -2.6083e-110 -4.8611e-113 -8.3635e-116 -1.3284e-118 -1.9477e-121 -2.6364e-124 -3.2944e-127 -3.8003e-130 -4.0470e-133 -3.9786e-136 -3.6108e-139 -3.0251e-142 -2.3397e-145 -1.6706e-148 -1.1011e-151 4.6400e-05 4.0868e-05 3.2360e-05 2.1937e-05 1.0971e-05 9.3178e-07 -6.9352e-06 0.0000e+00 -1.3873e-05 -1.3388e-05 -1.1313e-05 -8.5715e-06 -5.8921e-06 -3.6990e-06 -2.1291e-06 -1.1264e-06 -5.4861e-07 -2.4625e-07 -1.0194e-07 -3.8941e-08 -1.3731e-08 -4.4703e-09 -1.3440e-09 -3.7319e-10 -9.5713e-11 -2.2675e-11 -4.9623e-12 -1.0032e-12 -1.8734e-13 -3.2320e-14 -5.1506e-15 -7.5825e-16 -1.0312e-16 -1.2954e-17 -1.5031e-18 -1.6112e-19 -1.5952e-20 -1.4589e-21 -1.2323e-22 -9.6152e-24 -6.9292e-25 -4.6121e-26 -2.8353e-27 -1.6098e-28 -8.4419e-30 -4.0885e-31 -1.8287e-32 -7.5541e-34 -2.8818e-35 -1.0153e-36 -3.3034e-38 -9.9255e-40 -2.7541e-41 -7.0570e-43 -1.6699e-44 -3.6488e-46 -7.3627e-48 -1.3719e-49 -2.3605e-51 -3.7505e-53 -5.5025e-55 -7.4546e-57 -9.3255e-59 -1.0772e-60 -1.1490e-62 -1.1316e-64 -1.0291e-66 -8.6412e-69 -6.6998e-71 -4.7965e-73 -3.1706e-75 -1.9352e-77 -1.0906e-79 -5.6746e-82 -2.7263e-84 -1.2094e-86 -4.9534e-89 -1.8732e-91 -6.5404e-94 -2.1085e-96 -6.2760e-99 -1.7248e-101 -4.3763e-104 -1.0252e-106 -2.2175e-109 -4.4285e-112 -8.1651e-115 -1.3900e-117 -2.1846e-120 -3.1700e-123 -4.2469e-126 -5.2530e-129 -5.9988e-132 -6.3247e-135 -6.1566e-138 -5.5329e-141 -4.5908e-144 -3.5167e-147 -2.4871e-150 -1.6239e-153
-2.9864e-05 -4.6222e-05 -7.3717e-05 -1.1143e-04 -1.5620e-04 -2.0215e-04 -2.4142e-04 -2.6612e-04 8.1502e-03 -2.5450e-04 -2.2087e-04 -1.7704e-04 -1.3107e-04 -8.9629e-05 -5.6610e-05 -3.3025e-05 -1.7795e-05 -8.8561e-06 -4.0707e-06 -1.7281e-06 -6.7755e-07 -2.4534e-07 -8.2041e-08 -2.5336e-08 -7.2257e-09 -1.9030e-09 -4.6283e-10 -1.0395e-10 -2.1557e-11 -4.1284e-12 -7.3005e-13 -1.1921e-13 -1.7974e-14 -2.5023e-15 -3.2167e-16 -3.8182e-17 -4.1846e-18 -4.2345e-19 -3.9564e-20 -3.4131e-21 -2.7186e-22 -1.9993e-23 -1.3575e-24 -8.5106e-26 -4.9261e-27 -2.6325e-28 -1.2989e-29 -5.9168e-31 -2.4885e-32 -9.6627e-34 -3.4640e-35 -1.1465e-36 -3.5034e-38 -9.8835e-40 -2.5742e-41 -6.1900e-43 -1.3742e-44 -2.8164e-46 -5.3292e-48 -9.3096e-50 -1.5014e-51 -2.2355e-53 -3.0728e-55 -3.8994e-57 -4.5684e-59 -4.9411e-61 -4.9337e-63 -4.5480e-65 -3.8705e-67 -3.0409e-69 -2.2056e-71 -1.4769e-73 -9.1295e-76 -5.2100e-78 -2.7449e-80 -1.3350e-82 -5.9944e-85 -2.4848e-87 -9.5086e-90 -3.3591e-92 -1.0955e-94 -3.2984e-97 -9.1678e-100 -2.3524e-102 -5.5723e-105 -1.2185e-107 -2.4600e-110 -4.5845e-113 -7.8876e-116 -1.2528e-118 -1.8369e-121 -2.4863e-124 -3.1068e-127 -3.5839e-130 -3.8166e-133 -3.7520e-136 -3.4052e-139 -2.8529e-142 -2.2065e-145 -1.5754e-148 2.3501e-05 2.0608e-05 1.5947e-05 9.8653e-06 2.9737e-06 -3.8791e-06 -9.7573e-06 -1.3873e-05 0.0000e+00 -1.5623e-05 -1.3797e-05 -1.1044e-05 -8.0724e-06 -5.4114e-06 -3.3357e-06 -1.8938e-06 -9.9140e-07 -4.7888e-07 -2.1353e-07 -8.7925e-08 -3.3440e-08 -1.1748e-08 -3.8133e-09 -1.1435e-09 -3.1684e-10 -8.1110e-11 -1.9185e-11 -4.1927e-12 -8.4658e-13 -1.5793e-13 -2.7221e-14 -4.3346e-15 -6.3767e-16 -8.6663e-17 -1.0881e-17 -1.2620e-18 -1.3521e-19 -1.3381e-20 -1.2233e-21 -1.0331e-22 -8.0580e-24 -5.8055e-25 -3.8633e-26 -2.3745e-27 -1.3479e-28 -7.0673e-30 -3.4222e-31 -1.5305e-32 -6.3213e-34 -2.4113e-35 -8.4943e-37 -2.7634e-38 -8.3025e-40 -2.3035e-41 -5.9021e-43 -1.3965e-44 -3.0513e-46 -6.1567e-48 -1.1471e-49 -1.9737e-51 -3.1358e-53 -4.6005e-55 -6.2324e-57 -7.7963e-59 -9.0055e-61 -9.6052e-63 -9.4598e-65 -8.6026e-67 -7.2235e-69 -5.6006e-71 -4.0095e-73 -2.6503e-75 -1.6176e-77 -9.1160e-80 -4.7434e-82 -2.2789e-84 -1.0109e-86 -4.1405e-89 -1.5658e-91 -5.4671e-94 -1.7625e-96 -5.2461e-99 -1.4417e-101 -3.6582e-104 -8.5700e-107 -1.8537e-109 -3.7018e-112 -6.8254e-115 -1.1619e-117 -1.8261e-120 -2.6499e-123 -3.5501e-126 -4.3912e-129 -5.0147e-132 -5.2872e-135 -5.1467e-138 -4.6254e-141 -3.8378e-144 -2.9399e-147 -2.0792e-150
-1.4697e-05 -2.4946e-05 -4.3383e-05 -7.1047e-05 -1.0765e-04 -1.5051e-04 -1.9421e-04 -2.3135e-04 -2.5450e-04 1.0056e-02 -2.4268e-04 -2.1040e-04 -1.6850e-04 -1.2466e-04 -8.5198e-05 -5.3787e-05 -3.1366e-05 -1.6895e-05 -8.4059e-06 -3.8629e-06 -1.6396e-06 -6.4272e-07 -2.3269e-07 -7.7803e-08 -2.4025e-08 -6.8511e-09 -1.8042e-09 -4.3877e-10 -9.8537e-11 -2.0435e-11 -3.9132e-12 -6.9197e-13 -1.1299e-13 -1.7035e-14 -2.3716e-15 -3.0487e-16 -3.6186e-17 -3.9658e-18 -4.0131e-19 -3.7495e-20 -3.2346e-21 -2.5764e-22 -1.8947e-23 -1.2865e-24 -8.0654e-26 -4.6684e-27 -2.4948e-28 -1.2309e-29 -5.6073e-31 -2.3583e-32 -9.1573e-34 -3.2828e-35 -1.0865e-36 -3.3202e-38 -9.3668e-40 -2.4396e-41 -5.8664e-43 -1.3023e-44 -2.6692e-46 -5.0507e-48 -8.8231e-50 -1.4230e-51 -2.1187e-53 -2.9123e-55 -3.6957e-57 -4.3298e-59 -4.6831e-61 -4.6761e-63 -4.3106e-65 -3.6685e-67 -2.8822e-69 -2.0905e-71 -1.3998e-73 -8.6531e-76 -4.9382e-78 -2.6017e-80 -1.2654e-82 -5.6818e-85 -2.3552e-87 -9.0128e-90 -3.1840e-92 -1.0384e-94 -3.1265e-97 -8.6900e-100 -2.2298e-102 -5.2819e-105 -1.1551e-107 -2.3318e-110 -4.3457e-113 -7.4768e-116 -1.1875e-118 -1.7412e-121 -2.3569e-124 -2.9451e-127 -3.3974e-130 -3.6179e-133 -3.5568e-136 -3.2279e-139 -2.7044e-142 -2.0917e-145 1.0986e-05 9.5735e-06 7.1514e-06 3.7258e-06 -5.3138e-07 -5.2189e-06 -9.7316e-06 -1.3388e-05 -1.5623e-05 0.0000e+00 -1.5108e-05 -1.2880e-05 -1.0068e-05 -7.2375e-06 -4.7932e-06 -2.9279e-06 -1.6509e-06 -8.5962e-07 -4.1348e-07 -1.8375e-07 -7.5460e-08 -2.8636e-08 -1.0043e-08 -3.2549e-09 -9.7490e-10 -2.6984e-10 -6.9022e-11 -1.6314e-11 -3.5633e-12 -7.1913e-13 -1.3410e-13 -2.3106e-14 -3.6782e-15 -5.4098e-16 -7.3508e-17 -9.2275e-18 -1.0701e-18 -1.1464e-19 -1.1345e-20 -1.0371e-21 -8.7572e-23 -6.8305e-24 -4.9210e-25 -3.2746e-26 -2.0127e-27 -1.1426e-28 -5.9905e-30 -2.9009e-31 -1.2974e-32 -5.3586e-34 -2.0441e-35 -7.2011e-37 -2.3428e-38 -7.0391e-40 -1.9531e-41 -5.0044e-43 -1.1842e-44 -2.5875e-46 -5.2210e-48 -9.7284e-50 -1.6739e-51 -2.6596e-53 -3.9021e-55 -5.2865e-57 -6.6134e-59 -7.6396e-61 -8.1487e-63 -8.0258e-65 -7.2989e-67 -6.1291e-69 -4.7523e-71 -3.4023e-73 -2.2491e-75 -1.3728e-77 -7.7368e-80 -4.0259e-82 -1.9343e-84 -8.5809e-87 -3.5147e-89 -1.3292e-91 -4.6413e-94 -1.4963e-96 -4.4540e-99 -1.2241e-101 -3.1061e-104 -7.2771e-107 -1.5741e-109 -3.1436e-112 -5.7964e-115 -9.8677e-118 -1.5510e-120 -2.2507e-123 -3.0154e-126 -3.7300e-129 -4.2597e-132 -4.4914e-135 -4.3722e-138 -3.9295e-141 -3.2605e-144 -2.4978e-147
-6.7006e-06 -1.2472e-05 -2.3602e-05 -4.1828e-05 -6.8479e-05 -1.0344e-04 -1.4423e-04 -1.8571e-04 -2.2087e-04 -2.4268e-04 1.2162e-02 -2.3105e-04 -2.0021e-04 -1.6028e-04 -1.1854e-04 -8.0999e-05 -5.1127e-05 -2.9811e-05 -1.6056e-05 -7.9880e-06 -3.6707e-06 -1.5579e-06 -6.1072e-07 -2.2111e-07 -7.3931e-08 -2.2829e-08 -6.5104e-09 -1.7145e-09 -4.1698e-10 -9.3645e-11 -1.9421e-11 -3.7192e-12 -6.5769e-13 -1.0739e-13 -1.6193e-14 -2.2544e-15 -2.8981e-16 -3.4400e-17 -3.7702e-18 -3.8153e-19 -3.5649e-20 -3.0755e-21 -2.4497e-22 -1.8016e-23 -1.2234e-24 -7.6697e-26 -4.4395e-27 -2.3726e-28 -1.1707e-29 -5.3329e-31 -2.2430e-32 -8.7097e-34 -3.1225e-35 -1.0335e-36 -3.1582e-38 -8.9100e-40 -2.3208e-41 -5.5807e-43 -1.2390e-44 -2.5394e-46 -4.8051e-48 -8.3943e-50 -1.3538e-51 -2.0158e-53 -2.7709e-55 -3.5165e-57 -4.1198e-59 -4.4561e-61 -4.4496e-63 -4.1019e-65 -3.4909e-67 -2.7427e-69 -1.9894e-71 -1.3321e-73 -8.2349e-76 -4.6996e-78 -2.4760e-80 -1.2043e-82 -5.4076e-85 -2.2416e-87 -8.5782e-90 -3.0305e-92 -9.8838e-95 -2.9759e-97 -8.2715e-100 -2.1224e-102 -5.0277e-105 -1.0995e-107 -2.2197e-110 -4.1368e-113 -7.1173e-116 -1.1305e-118 -1.6576e-121 -2.2437e-124 -2.8037e-127 -3.2343e-130 -3.4443e-133 -3.3861e-136 -3.0731e-139 -2.5747e-142 4.7405e-06 4.0946e-06 2.8986e-06 1.0398e-06 -1.5208e-06 -4.6682e-06 -8.0916e-06 -1.1313e-05 -1.3797e-05 -1.5108e-05 0.0000e+00 -1.3730e-05 -1.1517e-05 -8.9003e-06 -6.3457e-06 -4.1774e-06 -2.5404e-06 -1.4276e-06 -7.4141e-07 -3.5591e-07 -1.5793e-07 -6.4777e-08 -2.4560e-08 -8.6071e-09 -2.7881e-09 -8.3473e-10 -2.3097e-10 -5.9066e-11 -1.3959e-11 -3.0486e-12 -6.1523e-13 -1.1472e-13 -1.9767e-14 -3.1469e-15 -4.6286e-16 -6.2898e-17 -7.8963e-18 -9.1581e-19 -9.8120e-20 -9.7112e-21 -8.8786e-22 -7.4981e-23 -5.8491e-24 -4.2145e-25 -2.8049e-26 -1.7242e-27 -9.7892e-29 -5.1332e-30 -2.4861e-31 -1.1120e-32 -4.5936e-34 -1.7525e-35 -6.1745e-37 -2.0091e-38 -6.0371e-40 -1.6753e-41 -4.2931e-43 -1.0160e-44 -2.2202e-46 -4.4805e-48 -8.3495e-50 -1.4368e-51 -2.2831e-53 -3.3501e-55 -4.5392e-57 -5.6791e-59 -6.5609e-61 -6.9989e-63 -6.8939e-65 -6.2702e-67 -5.2658e-69 -4.0833e-71 -2.9236e-73 -1.9328e-75 -1.1799e-77 -6.6499e-80 -3.4607e-82 -1.6629e-84 -7.3773e-87 -3.0220e-89 -1.1430e-91 -3.9912e-94 -1.2869e-96 -3.8308e-99 -1.0529e-101 -2.6719e-104 -6.2602e-107 -1.3542e-109 -2.7047e-112 -4.9874e-115 -8.4911e-118 -1.3347e-120 -1.9369e-123 -2.5952e-126 -3.2104e-129 -3.6666e-132 -3.8663e-135 -3.7639e-138 -3.3829e-141 -2.8072e-144
-2.8288e-06 -5.7712e-06 -1.1862e-05 -2.2732e-05 -4.0208e-05 -6.5623e-05 -9.8891e-05 -1.3766e-04 -1.7704e-04 -2.1040e-04 -2.3105e-04 1.4467e-02 -2.1985e-04 -1.9048e-04 -1.5248e-04 -1.1277e-04 -7.7058e-05 -4.8642e-05 -2.8364e-05 -1.5278e-05 -7.6016e-06 -3.4935e-06 -1.4829e-06 -5.8135e-07 -2.1050e-07 -7.0390e-08 -2.1739e-08 -6.1999e-09 -1.6329e-09 -3.9717e-10 -8.9206e-11 -1.8502e-11 -3.5435e-12 -6.2668e-13 -1.0234e-13 -1.5432e-14 -2.1487e-15 -2.7624e-16 -3.2792e-17 -3.5943e-18 -3.6375e-19 -3.3990e-20 -2.9325e-21 -2.3360e-22 -1.7181e-23 -1.1667e-24 -7.3152e-26 -4.2345e-27 -2.2632e-28 -1.1167e-29 -5.0876e-31 -2.1399e-32 -8.3099e-34 -2.9793e-35 -9.8616e-37 -3.0137e-38 -8.5027e-40 -2.2148e-41 -5.3260e-43 -1.1825e-44 -2.4237e-46 -4.5864e-48 -8.0125e-50 -1.2923e-51 -1.9243e-53 -2.6452e-55 -3.3570e-57 -3.9332e-59 -4.2544e-61 -4.2483e-63 -3.9164e-65 -3.3332e-67 -2.6189e-69 -1.8996e-71 -1.2721e-73 -7.8639e-76 -4.4880e-78 -2.3646e-80 -1.1501e-82 -5.1645e-85 -2.1409e-87 -8.1930e-90 -2.8945e-92 -9.4405e-95 -2.8425e-97 -7.9009e-100 -2.0274e-102 -4.8027e-105 -1.0503e-107 -2.1204e-110 -3.9519e-113 -6.7994e-116 -1.0800e-118 -1.5836e-121 -2.1436e-124 -2.6786e-127 -3.0901e-130 -3.2908e-133 -3.2353e-136 -2.9363e-139 1.8879e-06 1.6111e-06 1.0502e-06 8.4529e-08 -1.3941e-06 -3.4211e-06 -5.8996e-06 -8.5715e-06 -1.1044e-05 -1.2880e-05 -1.3730e-05 0.0000e+00 -1.2128e-05 -1.0094e-05 -7.7581e-06 -5.5100e-06 -3.6173e-06 -2.1954e-06 -1.2319e-06 -6.3917e-07 -3.0661e-07 -1.3599e-07 -5.5763e-08 -2.1139e-08 -7.4078e-09 -2.3996e-09 -7.1849e-10 -1.9884e-10 -5.0857e-11 -1.2021e-11 -2.6259e-12 -5.3005e-13 -9.8865e-14 -1.7039e-14 -2.7132e-15 -3.9917e-16 -5.4257e-17 -6.8133e-18 -7.9039e-19 -8.4704e-20 -8.3855e-21 -7.6683e-22 -6.4776e-23 -5.0542e-24 -3.6426e-25 -2.4248e-26 -1.4909e-27 -8.4664e-29 -4.4405e-30 -2.1510e-31 -9.6232e-33 -3.9761e-34 -1.5172e-35 -5.3466e-37 -1.7400e-38 -5.2294e-40 -1.4514e-41 -3.7201e-43 -8.8050e-45 -1.9245e-46 -3.8843e-48 -7.2397e-50 -1.2460e-51 -1.9803e-53 -2.9061e-55 -3.9381e-57 -4.9278e-59 -5.6938e-61 -6.0746e-63 -5.9843e-65 -5.4436e-67 -4.5722e-69 -3.5459e-71 -2.5391e-73 -1.6788e-75 -1.0249e-77 -5.7774e-80 -3.0069e-82 -1.4450e-84 -6.4114e-87 -2.6266e-89 -9.9351e-92 -3.4697e-94 -1.1188e-96 -3.3309e-99 -9.1558e-102 -2.3236e-104 -5.4447e-107 -1.1779e-109 -2.3528e-112 -4.3389e-115 -7.3876e-118 -1.1613e-120 -1.6855e-123 -2.2585e-126 -2.7941e-129 -3.1914e-132 -3.3654e-135 -3.2765e-138 -2.9451e-141
-1.1055e-06 -2.4697e-06 -5.5059e-06 -1.1404e-05 -2.1791e-05 -3.8433e-05 -6.2606e-05 -9.4230e-05 -1.3107e-04 -1.6850e-04 -2.0021e-04 -2.1985e-04 1.6971e-02 -2.0922e-04 -1.8129e-04 -1.4515e-04 -1.0737e-04 -7.3383e-05 -4.6331e-05 -2.7022e-05 -1.4558e-05 -7.2449e-06 -3.3302e-06 -1.4138e-06 -5.5438e-07 -2.0077e-07 -6.7148e-08 -2.0741e-08 -5.9163e-09 -1.5585e-09 -3.7911e-10 -8.5163e-11 -1.7666e-11 -3.3838e-12 -5.9851e-13 -9.7752e-14 -1.4742e-14 -2.0528e-15 -2.6395e-16 -3.1336e-17 -3.4350e-18 -3.4767e-19 -3.2490e-20 -2.8034e-21 -2.2334e-22 -1.6428e-23 -1.1156e-24 -6.9954e-26 -4.0497e-27 -2.1646e-28 -1.0682e-29 -4.8666e-31 -2.0471e-32 -7.9500e-34 -2.8505e-35 -9.4358e-37 -2.8837e-38 -8.1365e-40 -2.1195e-41 -5.0972e-43 -1.1317e-44 -2.3198e-46 -4.3901e-48 -7.6699e-50 -1.2371e-51 -1.8422e-53 -2.5325e-55 -3.2141e-57 -3.7659e-59 -4.0736e-61 -4.0679e-63 -3.7503e-65 -3.1919e-67 -2.5080e-69 -1.8193e-71 -1.2183e-73 -7.5318e-76 -4.2986e-78 -2.2649e-80 -1.1017e-82 -4.9471e-85 -2.0508e-87 -7.8486e-90 -2.7729e-92 -9.0441e-95 -2.7232e-97 -7.5696e-100 -1.9425e-102 -4.6016e-105 -1.0063e-107 -2.0317e-110 -3.7867e-113 -6.5154e-116 -1.0349e-118 -1.5175e-121 -2.0542e-124 -2.5670e-127 -2.9614e-130 -3.1538e-133 -3.1007e-136 6.9391e-07 5.8265e-07 3.3350e-07 -1.4286e-07 -9.5144e-07 -2.1806e-06 -3.8556e-06 -5.8921e-06 -8.0724e-06 -1.0068e-05 -1.1517e-05 -1.2128e-05 0.0000e+00 -1.0573e-05 -8.7690e-06 -6.7245e-06 -4.7688e-06 -3.1277e-06 -1.8972e-06 -1.0643e-06 -5.5216e-07 -2.6490e-07 -1.1751e-07 -4.8198e-08 -1.8277e-08 -6.4071e-09 -2.0763e-09 -6.2192e-10 -1.7218e-10 -4.4057e-11 -1.0418e-11 -2.2767e-12 -4.5975e-13 -8.5787e-14 -1.4791e-14 -2.3561e-15 -3.4677e-16 -4.7152e-17 -5.9231e-18 -6.8737e-19 -7.3689e-20 -7.2974e-21 -6.6755e-22 -5.6407e-23 -4.4026e-24 -3.1739e-25 -2.1134e-26 -1.2998e-27 -7.3832e-29 -3.8734e-30 -1.8768e-31 -8.3985e-33 -3.4709e-34 -1.3247e-35 -4.6694e-37 -1.5200e-38 -4.5692e-40 -1.2684e-41 -3.2517e-43 -7.6981e-45 -1.6829e-46 -3.3973e-48 -6.3332e-50 -1.0902e-51 -1.7329e-53 -2.5436e-55 -3.4474e-57 -4.3145e-59 -4.9859e-61 -5.3203e-63 -5.2420e-65 -4.7690e-67 -4.0062e-69 -3.1074e-71 -2.2255e-73 -1.4716e-75 -8.9855e-78 -5.0657e-80 -2.6368e-82 -1.2673e-84 -5.6237e-87 -2.3041e-89 -8.7165e-92 -3.0445e-94 -9.8180e-97 -2.9233e-99 -8.0363e-102 -2.0398e-104 -4.7800e-107 -1.0342e-109 -2.0660e-112 -3.8103e-115 -6.4882e-118 -1.0202e-120 -1.4807e-123 -1.9843e-126 -2.4550e-129 -2.8041e-132 -2.9573e-135 -2.8794e-138
-3.9977e-07 -9.7690e-07 -2.3595e-06 -5.2806e-06 -1.0902e-05 -2.0781e-05 -3.6597e-05 -5.9569e-05 -8.9629e-05 -1.2466e-04 -1.6028e-04 -1.9048e-04 -2.0922e-04 1.9675e-02 -1.9922e-04 -1.7269e-04 -1.3831e-04 -1.0235e-04 -6.9968e-05 -4.4189e-05 -2.5780e-05 -1.3893e-05 -6.9157e-06 -3.1797e-06 -1.3503e-06 -5.2959e-07 -1.9183e-07 -6.4173e-08 -1.9826e-08 -5.6564e-09 -1.4903e-09 -3.6260e-10 -8.1466e-11 -1.6902e-11 -3.2380e-12 -5.7281e-13 -9.3567e-14 -1.4113e-14 -1.9655e-15 -2.5275e-16 -3.0010e-17 -3.2901e-18 -3.3304e-19 -3.1127e-20 -2.6860e-21 -2.1401e-22 -1.5743e-23 -1.0693e-24 -6.7052e-26 -3.8821e-27 -2.0751e-28 -1.0241e-29 -4.6663e-31 -1.9630e-32 -7.6240e-34 -2.7338e-35 -9.0501e-37 -2.7660e-38 -7.8050e-40 -2.0333e-41 -4.8902e-43 -1.0858e-44 -2.2259e-46 -4.2125e-48 -7.3602e-50 -1.1872e-51 -1.7680e-53 -2.4306e-55 -3.0850e-57 -3.6148e-59 -3.9103e-61 -3.9051e-63 -3.6004e-65 -3.0644e-67 -2.4079e-69 -1.7468e-71 -1.1698e-73 -7.2322e-76 -4.1278e-78 -2.1750e-80 -1.0580e-82 -4.7511e-85 -1.9696e-87 -7.5381e-90 -2.6633e-92 -8.6870e-95 -2.6158e-97 -7.2712e-100 -1.8659e-102 -4.4205e-105 -9.6676e-108 -1.9519e-110 -3.6380e-113 -6.2597e-116 -9.9430e-119 -1.4580e-121 -1.9737e-124 -2.4665e-127 -2.8455e-130 -3.0305e-133 2.3539e-07 1.9343e-07 8.9021e-08 -1.3221e-07 -5.4628e-07 -1.2397e-06 -2.2843e-06 -3.6990e-06 -5.4114e-06 -7.2375e-06 -8.9003e-06 -1.0094e-05 -1.0573e-05 0.0000e+00 -9.1692e-06 -7.5963e-06 -5.8221e-06 -4.1282e-06 -2.7078e-06 -1.6430e-06 -9.2210e-07 -4.7862e-07 -2.2974e-07 -1.0198e-07 -4.1851e-08 -1.5880e-08 -5.5703e-09 -1.8062e-09 -5.4134e-10 -1.4996e-10 -3.8393e-11 -9.0840e-12 -1.9862e-12 -4.0129e-13 -7.4917e-14 -1.2923e-14 -2.0596e-15 -3.0327e-16 -4.1255e-17 -5.1846e-18 -6.0192e-19 -6.4554e-20 -6.3953e-21 -5.8525e-22 -4.9471e-23 -3.8625e-24 -2.7855e-25 -1.8554e-26 -1.1415e-27 -6.4860e-29 -3.4038e-30 -1.6497e-31 -7.3844e-33 -3.0526e-34 -1.1654e-35 -4.1089e-37 -1.3379e-38 -4.0227e-40 -1.1170e-41 -2.8642e-43 -6.7820e-45 -1.4830e-46 -2.9944e-48 -5.5831e-50 -9.6128e-52 -1.5283e-53 -2.2437e-55 -3.0415e-57 -3.8072e-59 -4.4004e-61 -4.6963e-63 -4.6280e-65 -4.2111e-67 -3.5381e-69 -2.7447e-71 -1.9660e-73 -1.3003e-75 -7.9404e-78 -4.4771e-80 -2.3308e-82 -1.1204e-84 -4.9724e-87 -2.0376e-89 -7.7090e-92 -2.6929e-94 -8.6853e-97 -2.5864e-99 -7.1118e-102 -1.8052e-104 -4.2308e-107 -9.1543e-110 -1.8289e-112 -3.3734e-115 -5.7448e-118 -9.0326e-121 -1.3112e-123 -1.7573e-126 -2.1744e-129 -2.4841e-132 -2.6200e-135
-1.3374e-07 -3.5703e-07 -9.3344e-07 -2.2570e-06 -5.0350e-06 -1.0374e-05 -1.9755e-05 -3.4778e-05 -5.6610e-05 -8.5198e-05 -1.1854e-04 -1.5248e-04 -1.8129e-04 -1.9922e-04 2.2578e-02 -1.8989e-04 -1.6467e-04 -1.3194e-04 -9.7675e-05 -6.6801e-05 -4.2204e-05 -2.4631e-05 -1.3278e-05 -6.6118e-06 -3.0409e-06 -1.2917e-06 -5.0675e-07 -1.8361e-07 -6.1437e-08 -1.8985e-08 -5.4177e-09 -1.4277e-09 -3.4744e-10 -7.8075e-11 -1.6201e-11 -3.1044e-12 -5.4926e-13 -8.9735e-14 -1.3537e-14 -1.8856e-15 -2.4251e-16 -2.8798e-17 -3.1576e-18 -3.1967e-19 -2.9881e-20 -2.5788e-21 -2.0549e-22 -1.5118e-23 -1.0269e-24 -6.4403e-26 -3.7291e-27 -1.9936e-28 -9.8395e-30 -4.4837e-31 -1.8863e-32 -7.3269e-34 -2.6275e-35 -8.6989e-37 -2.6589e-38 -7.5032e-40 -1.9548e-41 -4.7018e-43 -1.0441e-44 -2.1404e-46 -4.0510e-48 -7.0784e-50 -1.1418e-51 -1.7005e-53 -2.3380e-55 -2.9676e-57 -3.4774e-59 -3.7619e-61 -3.7571e-63 -3.4641e-65 -2.9486e-67 -2.3170e-69 -1.6809e-71 -1.1257e-73 -6.9601e-76 -3.9727e-78 -2.0934e-80 -1.0183e-82 -4.5731e-85 -1.8959e-87 -7.2564e-90 -2.5639e-92 -8.3629e-95 -2.5183e-97 -7.0005e-100 -1.7965e-102 -4.2562e-105 -9.3086e-108 -1.8795e-110 -3.5031e-113 -6.0278e-116 -9.5751e-119 -1.4041e-121 -1.9008e-124 -2.3755e-127 -2.7406e-130 7.3687e-08 5.8854e-08 1.7771e-08 -7.8260e-08 -2.7533e-07 -6.3682e-07 -1.2348e-06 -2.1291e-06 -3.3357e-06 -4.7932e-06 -6.3457e-06 -7.7581e-06 -8.7690e-06 -9.1692e-06 0.0000e+00 -7.9439e-06 -6.5827e-06 -5.0476e-06 -3.5813e-06 -2.3509e-06 -1.4276e-06 -8.0185e-07 -4.1656e-07 -2.0012e-07 -8.8901e-08 -3.6515e-08 -1.3866e-08 -4.8677e-09 -1.5795e-09 -4.7376e-10 -1.3133e-10 -3.3646e-11 -7.9660e-12 -1.7428e-12 -3.5233e-13 -6.5815e-14 -1.1359e-14 -1.8113e-15 -2.6685e-16 -3.6319e-17 -4.5665e-18 -5.3040e-19 -5.6909e-20 -5.6403e-21 -5.1637e-22 -4.3666e-23 -3.4106e-24 -2.4605e-25 -1.6395e-26 -1.0090e-27 -5.7352e-29 -3.0108e-30 -1.4597e-31 -6.5358e-33 -2.7027e-34 -1.0321e-35 -3.6399e-37 -1.1855e-38 -3.5654e-40 -9.9026e-42 -2.5398e-43 -6.0155e-45 -1.3157e-46 -2.6572e-48 -4.9555e-50 -8.5340e-52 -1.3571e-53 -1.9927e-55 -2.7018e-57 -3.3827e-59 -3.9105e-61 -4.1742e-63 -4.1142e-65 -3.7443e-67 -3.1464e-69 -2.4413e-71 -1.7490e-73 -1.1569e-75 -7.0659e-78 -3.9847e-80 -2.0747e-82 -9.9755e-85 -4.4278e-87 -1.8146e-89 -6.8659e-92 -2.3987e-94 -7.7375e-97 -2.3044e-99 -6.3365e-102 -1.6087e-104 -3.7707e-107 -8.1603e-110 -1.6305e-112 -3.0078e-115 -5.1228e-118 -8.0554e-121 -1.1695e-123 -1.5675e-126 -1.9398e-129 -2.2162e-132
-4.1380e-08 -1.2053e-07 -3.4088e-07 -8.9050e-07 -2.1467e-06 -4.7815e-06 -9.8467e-06 -1.8752e-05 -3.3025e-05 -5.3787e-05 -8.0999e-05 -1.1277e-04 -1.4515e-04 -1.7269e-04 -1.8989e-04 2.5680e-02 -1.8119e-04 -1.5721e-04 -1.2603e-04 -9.3342e-05 -6.3866e-05 -4.0366e-05 -2.3568e-05 -1.2710e-05 -6.3309e-06 -2.9126e-06 -1.2376e-06 -4.8567e-07 -1.7602e-07 -5.8914e-08 -1.8210e-08 -5.1977e-09 -1.3701e-09 -3.3348e-10 -7.4955e-11 -1.5557e-11 -2.9814e-12 -5.2761e-13 -8.6212e-14 -1.3008e-14 -1.8121e-15 -2.3310e-16 -2.7685e-17 -3.0360e-18 -3.0740e-19 -2.8737e-20 -2.4805e-21 -1.9768e-22 -1.4545e-23 -9.8810e-25 -6.1975e-26 -3.5889e-27 -1.9188e-28 -9.4714e-30 -4.3164e-31 -1.8161e-32 -7.0548e-34 -2.5301e-35 -8.3772e-37 -2.5608e-38 -7.2270e-40 -1.8830e-41 -4.5294e-43 -1.0059e-44 -2.0622e-46 -3.9033e-48 -6.8208e-50 -1.1004e-51 -1.6388e-53 -2.2533e-55 -2.8603e-57 -3.3519e-59 -3.6263e-61 -3.6219e-63 -3.3396e-65 -2.8428e-67 -2.2340e-69 -1.6207e-71 -1.0855e-73 -6.7116e-76 -3.8310e-78 -2.0188e-80 -9.8210e-83 -4.4106e-85 -1.8287e-87 -6.9991e-90 -2.4731e-92 -8.0672e-95 -2.4293e-97 -6.7534e-100 -1.7332e-102 -4.1063e-105 -8.9811e-108 -1.8134e-110 -3.3801e-113 -5.8163e-116 -9.2394e-119 -1.3549e-121 -1.8343e-124 -2.2924e-127 2.1287e-08 1.6377e-08 1.2676e-09 -3.7483e-08 -1.2423e-07 -2.9773e-07 -6.1144e-07 -1.1264e-06 -1.8938e-06 -2.9279e-06 -4.1774e-06 -5.5100e-06 -6.7245e-06 -7.5963e-06 -7.9439e-06 0.0000e+00 -6.8919e-06 -5.7165e-06 -4.3881e-06 -3.1168e-06 -2.0482e-06 -1.2452e-06 -7.0016e-07 -3.6411e-07 -1.7510e-07 -7.7865e-08 -3.2012e-08 -1.2167e-08 -4.2750e-09 -1.3884e-09 -4.1676e-10 -1.1562e-10 -2.9642e-11 -7.0230e-12 -1.5375e-12 -3.1104e-13 -5.8137e-14 -1.0040e-14 -1.6019e-15 -2.3612e-16 -3.2153e-17 -4.0448e-18 -4.7003e-19 -5.0456e-20 -5.0030e-21 -4.5823e-22 -3.8765e-23 -3.0291e-24 -2.1861e-25 -1.4572e-26 -8.9716e-28 -5.1012e-29 -2.6788e-30 -1.2992e-31 -5.8191e-33 -2.4070e-34 -9.1948e-36 -3.2437e-37 -1.0567e-38 -3.1790e-40 -8.8319e-42 -2.2658e-43 -5.3678e-45 -1.1743e-46 -2.3722e-48 -4.4251e-50 -7.6223e-52 -1.2124e-53 -1.7806e-55 -2.4147e-57 -3.0238e-59 -3.4963e-61 -3.7329e-63 -3.6799e-65 -3.3496e-67 -2.8153e-69 -2.1850e-71 -1.5656e-73 -1.0357e-75 -6.3265e-78 -3.5683e-80 -1.8582e-82 -8.9347e-85 -3.9665e-87 -1.6258e-89 -6.1529e-92 -2.1499e-94 -6.9360e-97 -2.0660e-99 -5.6816e-102 -1.4426e-104 -3.3818e-107 -7.3196e-110 -1.4627e-112 -2.6986e-115 -4.5966e-118 -7.2289e-121 -1.0496e-123 -1.4070e-126 -1.7413e-129
