1.0040e-04 -4.9975e-04 -4.9950e-04 -4.9915e-04 -4.9870e-04 -4.9815e-04 -4.9751e-04 -4.9676e-04 -4.9592e-04 -4.9498e-04 -4.9394e-04 -4.9280e-04 -4.9157e-04 -4.9025e-04 -4.8883e-04 -4.8732e-04 -4.8571e-04 -4.8401e-04 -4.8223e-04 -4.8035e-04 -4.7838e-04 -4.7633e-04 -4.7419e-04 -4.7197e-04 -4.6966e-04 -4.6728e-04 -4.6481e-04 -4.6226e-04 -4.5963e-04 -4.5693e-04 -4.5415e-04 -4.5130e-04 -4.4837e-04 -4.4538e-04 -4.4232e-04 -4.3919e-04 -4.3599e-04 -4.3274e-04 -4.2942e-04 -4.2604e-04 -4.2260e-04 -4.1911e-04 -4.1556e-04 -4.1196e-04 -4.0831e-04 -4.0462e-04 -4.0087e-04 -3.9708e-04 -3.9325e-04 -3.8938e-04 -3.8546e-04 -3.8151e-04 -3.7753e-04 -3.7351e-04 -3.6946e-04 -3.6539e-04 -3.6128e-04 -3.5715e-04 -3.5300e-04 -3.4882e-04 -3.4463e-04 -3.4042e-04 -3.3619e-04 -3.3195e-04 -3.2769e-04 -3.2343e-04 -3.1915e-04 -3.1488e-04 -3.1059e-04 -3.0631e-04 -3.0202e-04 -2.9773e-04 -2.9344e-04 -2.8916e-04 -2.8489e-04 -2.8062e-04 -2.7636e-04 -2.7211e-04 -2.6787e-04 -2.6365e-04 -2.5944e-04 -2.5524e-04 -2.5106e-04 -2.4691e-04 -2.4277e-04 -2.3866e-04 -2.3456e-04 -2.3049e-04 -2.2645e-04 -2.2243e-04 -2.1844e-04 -2.1448e-04 -2.1055e-04 -2.0665e-04 -2.0278e-04 -1.9895e-04 -1.9515e-04 -1.9138e-04 -1.8765e-04 -1.8395e-04 0.0000e+00 -4.9975e-04 -4.9950e-04 -4.9915e-04 -4.9870e-04 -4.9815e-04 -4.9751e-04 -4.9676e-04 -4.9592e-04 -4.9498e-04 -4.9394e-04 -4.9280e-04 -4.9157e-04 -4.9025e-04 -4.8883e-04 -4.8731e-04 -4.8571e-04 -4.8401e-04 -4.8222e-04 -4.8035e-04 -4.7838e-04 -4.7633e-04 -4.7419e-04 -4.7197e-04 -4.6966e-04 -4.6727e-04 -4.6480e-04 -4.6225e-04 -4.5963e-04 -4.5692e-04 -4.5414e-04 -4.5129e-04 -4.4837e-04 -4.4537e-04 -4.4231e-04 -4.3918e-04 -4.3599e-04 -4.3273e-04 -4.2941e-04 -4.2603e-04 -4.2260e-04 -4.1910e-04 -4.1556e-04 -4.1196e-04 -4.0831e-04 -4.0461e-04 -4.0086e-04 -3.9707e-04 -3.9324e-04 -3.8937e-04 -3.8545e-04 -3.8150e-04 -3.7752e-04 -3.7350e-04 -3.6945e-04 -3.6537e-04 -3.6127e-04 -3.5714e-04 -3.5298e-04 -3.4881e-04 -3.4461e-04 -3.4040e-04 -3.3617e-04 -3.3193e-04 -3.2768e-04 -3.2341e-04 -3.1914e-04 -3.1486e-04 -3.1058e-04 -3.0629e-04 -3.0200e-04 -2.9771e-04 -2.9343e-04 -2.8915e-04 -2.8487e-04 -2.8060e-04 -2.7634e-04 -2.7209e-04 -2.6785e-04 -2.6363e-04 -2.5942e-04 -2.5522e-04 -2.5105e-04 -2.4689e-04 -2.4275e-04 -2.3864e-04 -2.3454e-04 -2.3048e-04 -2.2643e-04 -2.2242e-04 -2.1843e-04 -2.1447e-04 -2.1053e-04 -2.0663e-04 -2.0277e-04 -1.9893e-04 -1.9513e-04 -1.9136e-04 -1.8763e-04 -1.8393e-04
-4.9975e-04 4.0159e-04 -4.9935e-04 -4.9900e-04 -4.9855e-04 -4.9801e-04 -4.9736e-04 -4.9661e-04 -4.9577e-04 -4.9483e-04 -4.9379e-04 -4.9266e-04 -4.9143e-04 -4.9011e-04 -4.8869e-04 -4.8718e-04 -4.8557e-04 -4.8388e-04 -4.8209e-04 -4.8021e-04 -4.7825e-04 -4.7620e-04 -4.7406e-04 -4.7184e-04 -4.6954e-04 -4.6715e-04 -4.6468e-04 -4.6213e-04 -4.5951e-04 -4.5681e-04 -4.5403e-04 -4.5118e-04 -4.4826e-04 -4.4527e-04 -4.4221e-04 -4.3908e-04 -4.3589e-04 -4.3264e-04 -4.2932e-04 -4.2594e-04 -4.2251e-04 -4.1902e-04 -4.1547e-04 -4.1188e-04 -4.0823e-04 -4.0453e-04 -4.0079e-04 -3.9700e-04 -3.9317e-04 -3.8930e-04 -3.8539e-04 -3.8145e-04 -3.7746e-04 -3.7345e-04 -3.6940e-04 -3.6533e-04 -3.6123e-04 -3.5710e-04 -3.5295e-04 -3.4877e-04 -3.4458e-04 -3.4037e-04 -3.3615e-04 -3.3191e-04 -3.2766e-04 -3.2339e-04 -3.1912e-04 -3.1485e-04 -3.1057e-04 -3.0628e-04 -3.0200e-04 -2.9771e-04 -2.9343e-04 -2.8915e-04 -2.8487e-04 -2.8061e-04 -2.7635e-04 -2.7210e-04 -2.6786e-04 -2.6364e-04 -2.5943e-04 -2.5524e-04 -2.5107e-04 -2.4691e-04 -2.4278e-04 -2.3866e-04 -2.3457e-04 -2.3051e-04 -2.2646e-04 -2.2245e-04 -2.1846e-04 -2.1450e-04 -2.1057e-04 -2.0667e-04 -2.0281e-04 -1.9897e-04 -1.9517e-04 -1.9140e-04 -1.8767e-04 -1.8398e-04 -4.9975e-04 0.0000e+00 -4.9935e-04 -4.9900e-04 -4.9855e-04 -4.9800e-04 -4.9736e-04 -4.9661e-04 -4.9577e-04 -4.9483e-04 -4.9379e-04 -4.9266e-04 -4.9143e-04 -4.9010e-04 -4.8868e-04 -4.8717e-04 -4.8557e-04 -4.8387e-04 -4.8208e-04 -4.8021e-04 -4.7824e-04 -4.7619e-04 -4.7405e-04 -4.7183e-04 -4.6952e-04 -4.6714e-04 -4.6467e-04 -4.6212e-04 -4.5949e-04 -4.5679e-04 -4.5401e-04 -4.5116e-04 -4.4824e-04 -4.4525e-04 -4.4219e-04 -4.3906e-04 -4.3587e-04 -4.3261e-04 -4.2929e-04 -4.2592e-04 -4.2248e-04 -4.1899e-04 -4.1544e-04 -4.1184e-04 -4.0820e-04 -4.0450e-04 -4.0076e-04 -3.9697e-04 -3.9314e-04 -3.8926e-04 -3.8535e-04 -3.8141e-04 -3.7742e-04 -3.7341e-04 -3.6936e-04 -3.6528e-04 -3.6118e-04 -3.5705e-04 -3.5290e-04 -3.4872e-04 -3.4453e-04 -3.4032e-04 -3.3609e-04 -3.3185e-04 -3.2760e-04 -3.2334e-04 -3.1907e-04 -3.1479e-04 -3.1051e-04 -3.0622e-04 -3.0193e-04 -2.9765e-04 -2.9336e-04 -2.8908e-04 -2.8481e-04 -2.8054e-04 -2.7628e-04 -2.7203e-04 -2.6780e-04 -2.6357e-04 -2.5937e-04 -2.5517e-04 -2.5100e-04 -2.4684e-04 -2.4271e-04 -2.3859e-04 -2.3450e-04 -2.3043e-04 -2.2639e-04 -2.2238e-04 -2.1839e-04 -2.1443e-04 -2.1050e-04 -2.0660e-04 -2.0273e-04 -1.9890e-04 -1.9510e-04 -1.9133e-04 -1.8760e-04 -1.8390e-04
-4.9950e-04 -4.9935e-04 9.0358e-04 -4.9875e-04 -4.9830e-04 -4.9776e-04 -4.9711e-04 -4.9637e-04 -4.9553e-04 -4.9459e-04 -4.9355e-04 -4.9242e-04 -4.9119e-04 -4.8987e-04 -4.8845e-04 -4.8694e-04 -4.8534e-04 -4.8365e-04 -4.8186e-04 -4.7999e-04 -4.7803e-04 -4.7598e-04 -4.7384e-04 -4.7163e-04 -4.6932e-04 -4.6694e-04 -4.6447e-04 -4.6193e-04 -4.5931e-04 -4.5661e-04 -4.5384e-04 -4.5099e-04 -4.4807e-04 -4.4508e-04 -4.4203e-04 -4.3891e-04 -4.3572e-04 -4.3247e-04 -4.2915e-04 -4.2578e-04 -4.2235e-04 -4.1886e-04 -4.1532e-04 -4.1173e-04 -4.0809e-04 -4.0440e-04 -4.0066e-04 -3.9687e-04 -3.9305e-04 -3.8918e-04 -3.8528e-04 -3.8133e-04 -3.7736e-04 -3.7334e-04 -3.6930e-04 -3.6523e-04 -3.6113e-04 -3.5701e-04 -3.5286e-04 -3.4869e-04 -3.4451e-04 -3.4030e-04 -3.3608e-04 -3.3184e-04 -3.2760e-04 -3.2334e-04 -3.1907e-04 -3.1480e-04 -3.1052e-04 -3.0624e-04 -3.0196e-04 -2.9768e-04 -2.9340e-04 -2.8912e-04 -2.8485e-04 -2.8059e-04 -2.7633e-04 -2.7209e-04 -2.6786e-04 -2.6364e-04 -2.5943e-04 -2.5524e-04 -2.5107e-04 -2.4692e-04 -2.4279e-04 -2.3868e-04 -2.3459e-04 -2.3052e-04 -2.2648e-04 -2.2247e-04 -2.1849e-04 -2.1453e-04 -2.1060e-04 -2.0671e-04 -2.0284e-04 -1.9901e-04 -1.9521e-04 -1.9145e-04 -1.8772e-04 -1.8402e-04 -4.9950e-04 -4.9935e-04 0.0000e+00 -4.9875e-04 -4.9830e-04 -4.9776e-04 -4.9711e-04 -4.9636e-04 -4.9552e-04 -4.9458e-04 -4.9354e-04 -4.9241e-04 -4.9118e-04 -4.8986e-04 -4.8844e-04 -4.8693e-04 -4.8533e-04 -4.8363e-04 -4.8185e-04 -4.7997e-04 -4.7801e-04 -4.7596e-04 -4.7382e-04 -4.7160e-04 -4.6930e-04 -4.6691e-04 -4.6444e-04 -4.6190e-04 -4.5927e-04 -4.5657e-04 -4.5380e-04 -4.5095e-04 -4.4803e-04 -4.4504e-04 -4.4198e-04 -4.3885e-04 -4.3566e-04 -4.3241e-04 -4.2909e-04 -4.2572e-04 -4.2229e-04 -4.1880e-04 -4.1525e-04 -4.1166e-04 -4.0801e-04 -4.0432e-04 -4.0058e-04 -3.9679e-04 -3.9296e-04 -3.8909e-04 -3.8519e-04 -3.8124e-04 -3.7726e-04 -3.7325e-04 -3.6920e-04 -3.6513e-04 -3.6103e-04 -3.5690e-04 -3.5275e-04 -3.4858e-04 -3.4439e-04 -3.4018e-04 -3.3596e-04 -3.3172e-04 -3.2747e-04 -3.2321e-04 -3.1894e-04 -3.1467e-04 -3.1039e-04 -3.0611e-04 -3.0182e-04 -2.9754e-04 -2.9326e-04 -2.8898e-04 -2.8471e-04 -2.8044e-04 -2.7619e-04 -2.7194e-04 -2.6771e-04 -2.6348e-04 -2.5928e-04 -2.5509e-04 -2.5092e-04 -2.4676e-04 -2.4263e-04 -2.3852e-04 -2.3443e-04 -2.3036e-04 -2.2632e-04 -2.2231e-04 -2.1832e-04 -2.1437e-04 -2.1044e-04 -2.0654e-04 -2.0268e-04 -1.9884e-04 -1.9505e-04 -1.9128e-04 -1.8755e-04 -1.8386e-04
-4.9915e-04 -4.9900e-04 -4.9875e-04 1.6064e-03 -4.9796e-04 -4.9741e-04 -4.9677e-04 -4.9602e-04 -4.9518e-04 -4.9425e-04 -4.9321e-04 -4.9208e-04 -4.9085e-04 -4.8953e-04 -4.8812e-04 -4.8661e-04 -4.8501e-04 -4.8332e-04 -4.8154e-04 -4.7967e-04 -4.7771e-04 -4.7567e-04 -4.7354e-04 -4.7132e-04 -4.6903e-04 -4.6665e-04 -4.6418e-04 -4.6165e-04 -4.5903e-04 -4.5633e-04 -4.5357e-04 -4.5072e-04 -4.4781e-04 -4.4483e-04 -4.4178e-04 -4.3866e-04 -4.3547e-04 -4.3223e-04 -4.2892e-04 -4.2555e-04 -4.2213e-04 -4.1865e-04 -4.1511e-04 -4.1153e-04 -4.0789e-04 -4.0420e-04 -4.0047e-04 -3.9669e-04 -3.9287e-04 -3.8901e-04 -3.8511e-04 -3.8117e-04 -3.7720e-04 -3.7320e-04 -3.6916e-04 -3.6510e-04 -3.6100e-04 -3.5689e-04 -3.5274e-04 -3.4858e-04 -3.4440e-04 -3.4020e-04 -3.3598e-04 -3.3175e-04 -3.2751e-04 -3.2326e-04 -3.1900e-04 -3.1473e-04 -3.1046e-04 -3.0618e-04 -3.0191e-04 -2.9763e-04 -2.9336e-04 -2.8909e-04 -2.8482e-04 -2.8056e-04 -2.7631e-04 -2.7207e-04 -2.6784e-04 -2.6363e-04 -2.5943e-04 -2.5524e-04 -2.5108e-04 -2.4693e-04 -2.4280e-04 -2.3869e-04 -2.3461e-04 -2.3055e-04 -2.2651e-04 -2.2251e-04 -2.1852e-04 -2.1457e-04 -2.1065e-04 -2.0675e-04 -2.0289e-04 -1.9906e-04 -1.9527e-04 -1.9150e-04 -1.8778e-04 -1.8409e-04 -4.9915e-04 -4.9900e-04 -4.9875e-04 0.0000e+00 -4.9796e-04 -4.9741e-04 -4.9676e-04 -4.9602e-04 -4.9518e-04 -4.9424e-04 -4.9320e-04 -4.9207e-04 -4.9084e-04 -4.8952e-04 -4.8810e-04 -4.8659e-04 -4.8499e-04 -4.8330e-04 -4.8151e-04 -4.7964e-04 -4.7768e-04 -4.7563e-04 -4.7350e-04 -4.7128e-04 -4.6898e-04 -4.6660e-04 -4.6413e-04 -4.6159e-04 -4.5897e-04 -4.5627e-04 -4.5350e-04 -4.5065e-04 -4.4773e-04 -4.4474e-04 -4.4169e-04 -4.3857e-04 -4.3538e-04 -4.3213e-04 -4.2882e-04 -4.2545e-04 -4.2202e-04 -4.1853e-04 -4.1499e-04 -4.1140e-04 -4.0776e-04 -4.0407e-04 -4.0033e-04 -3.9655e-04 -3.9272e-04 -3.8886e-04 -3.8495e-04 -3.8101e-04 -3.7703e-04 -3.7302e-04 -3.6898e-04 -3.6491e-04 -3.6082e-04 -3.5669e-04 -3.5255e-04 -3.4838e-04 -3.4419e-04 -3.3999e-04 -3.3577e-04 -3.3154e-04 -3.2729e-04 -3.2303e-04 -3.1877e-04 -3.1450e-04 -3.1022e-04 -3.0594e-04 -3.0166e-04 -2.9738e-04 -2.9311e-04 -2.8883e-04 -2.8456e-04 -2.8030e-04 -2.7605e-04 -2.7181e-04 -2.6758e-04 -2.6336e-04 -2.5916e-04 -2.5497e-04 -2.5080e-04 -2.4665e-04 -2.4252e-04 -2.3841e-04 -2.3433e-04 -2.3026e-04 -2.2623e-04 -2.2222e-04 -2.1823e-04 -2.1428e-04 -2.1036e-04 -2.0646e-04 -2.0260e-04 -1.9877e-04 -1.9497e-04 -1.9121e-04 -1.8748e-04 -1.8379e-04
-4.9870e-04 -4.9855e-04 -4.9830e-04 -4.9796e-04 2.5099e-03 -4.9697e-04 -4.9632e-04 -4.9558e-04 -4.9474e-04 -4.9381e-04 -4.9278e-04 -4.9165e-04 -4.9042e-04 -4.8911e-04 -4.8770e-04 -4.8619e-04 -4.8460e-04 -4.8291e-04 -4.8113e-04 -4.7927e-04 -4.7731e-04 -4.7527e-04 -4.7315e-04 -4.7094e-04 -4.6864e-04 -4.6627e-04 -4.6381e-04 -4.6128e-04 -4.5867e-04 -4.5598e-04 -4.5322e-04 -4.5038e-04 -4.4747e-04 -4.4450e-04 -4.4145e-04 -4.3834e-04 -4.3516e-04 -4.3192e-04 -4.2862e-04 -4.2526e-04 -4.2185e-04 -4.1837e-04 -4.1484e-04 -4.1126e-04 -4.0763e-04 -4.0395e-04 -4.0023e-04 -3.9646e-04 -3.9265e-04 -3.8879e-04 -3.8490e-04 -3.8097e-04 -3.7701e-04 -3.7301e-04 -3.6898e-04 -3.6492e-04 -3.6084e-04 -3.5673e-04 -3.5259e-04 -3.4844e-04 -3.4426e-04 -3.4007e-04 -3.3586e-04 -3.3164e-04 -3.2740e-04 -3.2316e-04 -3.1890e-04 -3.1464e-04 -3.1038e-04 -3.0611e-04 -3.0184e-04 -2.9757e-04 -2.9330e-04 -2.8904e-04 -2.8478e-04 -2.8053e-04 -2.7628e-04 -2.7205e-04 -2.6783e-04 -2.6362e-04 -2.5942e-04 -2.5525e-04 -2.5108e-04 -2.4694e-04 -2.4282e-04 -2.3872e-04 -2.3464e-04 -2.3058e-04 -2.2655e-04 -2.2255e-04 -2.1857e-04 -2.1462e-04 -2.1070e-04 -2.0681e-04 -2.0296e-04 -1.9913e-04 -1.9534e-04 -1.9158e-04 -1.8786e-04 -1.8417e-04 -4.9870e-04 -4.9855e-04 -4.9830e-04 -4.9796e-04 0.0000e+00 -4.9696e-04 -4.9632e-04 -4.9557e-04 -4.9473e-04 -4.9380e-04 -4.9276e-04 -4.9163e-04 -4.9040e-04 -4.8908e-04 -4.8767e-04 -4.8616e-04 -4.8456e-04 -4.8287e-04 -4.8109e-04 -4.7922e-04 -4.7726e-04 -4.7522e-04 -4.7308e-04 -4.7087e-04 -4.6857e-04 -4.6619e-04 -4.6373e-04 -4.6119e-04 -4.5857e-04 -4.5588e-04 -4.5311e-04 -4.5026e-04 -4.4735e-04 -4.4437e-04 -4.4132e-04 -4.3820e-04 -4.3501e-04 -4.3177e-04 -4.2846e-04 -4.2509e-04 -4.2167e-04 -4.1819e-04 -4.1465e-04 -4.1106e-04 -4.0743e-04 -4.0374e-04 -4.0001e-04 -3.9623e-04 -3.9241e-04 -3.8855e-04 -3.8465e-04 -3.8071e-04 -3.7674e-04 -3.7274e-04 -3.6870e-04 -3.6464e-04 -3.6054e-04 -3.5643e-04 -3.5229e-04 -3.4812e-04 -3.4394e-04 -3.3974e-04 -3.3553e-04 -3.3130e-04 -3.2706e-04 -3.2281e-04 -3.1855e-04 -3.1428e-04 -3.1001e-04 -3.0574e-04 -3.0146e-04 -2.9719e-04 -2.9291e-04 -2.8864e-04 -2.8438e-04 -2.8012e-04 -2.7588e-04 -2.7164e-04 -2.6741e-04 -2.6320e-04 -2.5900e-04 -2.5482e-04 -2.5065e-04 -2.4651e-04 -2.4238e-04 -2.3828e-04 -2.3419e-04 -2.3014e-04 -2.2610e-04 -2.2210e-04 -2.1812e-04 -2.1417e-04 -2.1025e-04 -2.0636e-04 -2.0250e-04 -1.9867e-04 -1.9488e-04 -1.9112e-04 -1.8740e-04 -1.8371e-04
-4.9815e-04 -4.9801e-04 -4.9776e-04 -4.9741e-04 -4.9697e-04 3.6143e-03 -4.9578e-04 -4.9504e-04 -4.9421e-04 -4.9327e-04 -4.9224e-04 -4.9112e-04 -4.8990e-04 -4.8859e-04 -4.8718e-04 -4.8568e-04 -4.8409e-04 -4.8240e-04 -4.8063e-04 -4.7877e-04 -4.7682e-04 -4.7479e-04 -4.7267e-04 -4.7046e-04 -4.6818e-04 -4.6581e-04 -4.6336e-04 -4.6083e-04 -4.5823e-04 -4.5554e-04 -4.5279e-04 -4.4996e-04 -4.4706e-04 -4.4409e-04 -4.4105e-04 -4.3795e-04 -4.3478e-04 -4.3155e-04 -4.2826e-04 -4.2491e-04 -4.2150e-04 -4.1803e-04 -4.1451e-04 -4.1094e-04 -4.0732e-04 -4.0365e-04 -3.9993e-04 -3.9617e-04 -3.9237e-04 -3.8853e-04 -3.8464e-04 -3.8072e-04 -3.7677e-04 -3.7278e-04 -3.6876e-04 -3.6471e-04 -3.6063e-04 -3.5653e-04 -3.5241e-04 -3.4826e-04 -3.4409e-04 -3.3991e-04 -3.3571e-04 -3.3150e-04 -3.2727e-04 -3.2303e-04 -3.1879e-04 -3.1454e-04 -3.1028e-04 -3.0602e-04 -3.0176e-04 -2.9750e-04 -2.9324e-04 -2.8898e-04 -2.8473e-04 -2.8049e-04 -2.7625e-04 -2.7202e-04 -2.6781e-04 -2.6361e-04 -2.5942e-04 -2.5525e-04 -2.5109e-04 -2.4696e-04 -2.4284e-04 -2.3875e-04 -2.3467e-04 -2.3062e-04 -2.2660e-04 -2.2260e-04 -2.1863e-04 -2.1469e-04 -2.1077e-04 -2.0689e-04 -2.0303e-04 -1.9921e-04 -1.9543e-04 -1.9167e-04 -1.8795e-04 -1.8427e-04 -4.9815e-04 -4.9800e-04 -4.9776e-04 -4.9741e-04 -4.9696e-04 0.0000e+00 -4.9577e-04 -4.9503e-04 -4.9419e-04 -4.9325e-04 -4.9222e-04 -4.9109e-04 -4.8987e-04 -4.8855e-04 -4.8714e-04 -4.8563e-04 -4.8404e-04 -4.8235e-04 -4.8057e-04 -4.7870e-04 -4.7675e-04 -4.7471e-04 -4.7258e-04 -4.7037e-04 -4.6807e-04 -4.6569e-04 -4.6324e-04 -4.6070e-04 -4.5809e-04 -4.5540e-04 -4.5263e-04 -4.4980e-04 -4.4689e-04 -4.4391e-04 -4.4086e-04 -4.3775e-04 -4.3457e-04 -4.3133e-04 -4.2803e-04 -4.2466e-04 -4.2124e-04 -4.1777e-04 -4.1424e-04 -4.1066e-04 -4.0702e-04 -4.0334e-04 -3.9962e-04 -3.9585e-04 -3.9203e-04 -3.8818e-04 -3.8428e-04 -3.8035e-04 -3.7639e-04 -3.7239e-04 -3.6836e-04 -3.6430e-04 -3.6021e-04 -3.5610e-04 -3.5197e-04 -3.4781e-04 -3.4363e-04 -3.3944e-04 -3.3523e-04 -3.3101e-04 -3.2677e-04 -3.2253e-04 -3.1828e-04 -3.1401e-04 -3.0975e-04 -3.0548e-04 -3.0121e-04 -2.9694e-04 -2.9268e-04 -2.8841e-04 -2.8416e-04 -2.7990e-04 -2.7566e-04 -2.7143e-04 -2.6721e-04 -2.6300e-04 -2.5881e-04 -2.5463e-04 -2.5047e-04 -2.4633e-04 -2.4221e-04 -2.3811e-04 -2.3403e-04 -2.2998e-04 -2.2595e-04 -2.2195e-04 -2.1798e-04 -2.1403e-04 -2.1012e-04 -2.0623e-04 -2.0238e-04 -1.9856e-04 -1.9477e-04 -1.9101e-04 -1.8729e-04 -1.8361e-04
-4.9751e-04 -4.9736e-04 -4.9711e-04 -4.9677e-04 -4.9632e-04 -4.9578e-04 4.9195e-03 -4.9441e-04 -4.9357e-04 -4.9264e-04 -4.9162e-04 -4.9049e-04 -4.8928e-04 -4.8797e-04 -4.8657e-04 -4.8507e-04 -4.8349e-04 -4.8181e-04 -4.8004e-04 -4.7819e-04 -4.7624e-04 -4.7422e-04 -4.7210e-04 -4.6991e-04 -4.6763e-04 -4.6526e-04 -4.6282e-04 -4.6030e-04 -4.5771e-04 -4.5503e-04 -4.5229e-04 -4.4947e-04 -4.4658e-04 -4.4362e-04 -4.4059e-04 -4.3749e-04 -4.3433e-04 -4.3111e-04 -4.2783e-04 -4.2449e-04 -4.2109e-04 -4.1763e-04 -4.1412e-04 -4.1056e-04 -4.0695e-04 -4.0329e-04 -3.9959e-04 -3.9584e-04 -3.9204e-04 -3.8821e-04 -3.8434e-04 -3.8043e-04 -3.7648e-04 -3.7250e-04 -3.6850e-04 -3.6446e-04 -3.6039e-04 -3.5630e-04 -3.5219e-04 -3.4805e-04 -3.4390e-04 -3.3972e-04 -3.3553e-04 -3.3133e-04 -3.2711e-04 -3.2289e-04 -3.1865e-04 -3.1441e-04 -3.1016e-04 -3.0591e-04 -3.0166e-04 -2.9741e-04 -2.9316e-04 -2.8891e-04 -2.8467e-04 -2.8044e-04 -2.7621e-04 -2.7199e-04 -2.6779e-04 -2.6359e-04 -2.5941e-04 -2.5525e-04 -2.5110e-04 -2.4697e-04 -2.4287e-04 -2.3878e-04 -2.3471e-04 -2.3067e-04 -2.2665e-04 -2.2266e-04 -2.1870e-04 -2.1476e-04 -2.1085e-04 -2.0697e-04 -2.0313e-04 -1.9931e-04 -1.9553e-04 -1.9178e-04 -1.8807e-04 -1.8439e-04 -4.9751e-04 -4.9736e-04 -4.9711e-04 -4.9676e-04 -4.9632e-04 -4.9577e-04 0.0000e+00 -4.9439e-04 -4.9355e-04 -4.9262e-04 -4.9159e-04 -4.9046e-04 -4.8924e-04 -4.8792e-04 -4.8651e-04 -4.8501e-04 -4.8342e-04 -4.8173e-04 -4.7996e-04 -4.7809e-04 -4.7614e-04 -4.7410e-04 -4.7198e-04 -4.6977e-04 -4.6748e-04 -4.6511e-04 -4.6266e-04 -4.6013e-04 -4.5752e-04 -4.5483e-04 -4.5207e-04 -4.4924e-04 -4.4634e-04 -4.4336e-04 -4.4032e-04 -4.3722e-04 -4.3404e-04 -4.3081e-04 -4.2751e-04 -4.2416e-04 -4.2074e-04 -4.1727e-04 -4.1375e-04 -4.1017e-04 -4.0655e-04 -4.0288e-04 -3.9915e-04 -3.9539e-04 -3.9158e-04 -3.8773e-04 -3.8385e-04 -3.7992e-04 -3.7597e-04 -3.7197e-04 -3.6795e-04 -3.6390e-04 -3.5982e-04 -3.5572e-04 -3.5159e-04 -3.4744e-04 -3.4327e-04 -3.3908e-04 -3.3488e-04 -3.3067e-04 -3.2644e-04 -3.2220e-04 -3.1795e-04 -3.1370e-04 -3.0944e-04 -3.0518e-04 -3.0092e-04 -2.9666e-04 -2.9240e-04 -2.8814e-04 -2.8389e-04 -2.7965e-04 -2.7541e-04 -2.7118e-04 -2.6697e-04 -2.6277e-04 -2.5858e-04 -2.5441e-04 -2.5026e-04 -2.4612e-04 -2.4201e-04 -2.3792e-04 -2.3385e-04 -2.2980e-04 -2.2578e-04 -2.2178e-04 -2.1781e-04 -2.1387e-04 -2.0996e-04 -2.0608e-04 -2.0223e-04 -1.9842e-04 -1.9463e-04 -1.9088e-04 -1.8717e-04 -1.8349e-04
-4.9676e-04 -4.9661e-04 -4.9637e-04 -4.9602e-04 -4.9558e-04 -4.9504e-04 -4.9441e-04 6.4254e-03 -4.9284e-04 -4.9191e-04 -4.9089e-04 -4.8978e-04 -4.8856e-04 -4.8726e-04 -4.8586e-04 -4.8437e-04 -4.8279e-04 -4.8112e-04 -4.7936e-04 -4.7751e-04 -4.7558e-04 -4.7356e-04 -4.7145e-04 -4.6926e-04 -4.6699e-04 -4.6464e-04 -4.6220e-04 -4.5969e-04 -4.5711e-04 -4.5444e-04 -4.5171e-04 -4.4890e-04 -4.4602e-04 -4.4307e-04 -4.4005e-04 -4.3696e-04 -4.3382e-04 -4.3061e-04 -4.2733e-04 -4.2400e-04 -4.2062e-04 -4.1717e-04 -4.1368e-04 -4.1013e-04 -4.0653e-04 -4.0288e-04 -3.9919e-04 -3.9545e-04 -3.9167e-04 -3.8785e-04 -3.8398e-04 -3.8009e-04 -3.7616e-04 -3.7219e-04 -3.6819e-04 -3.6417e-04 -3.6012e-04 -3.5604e-04 -3.5193e-04 -3.4781e-04 -3.4367e-04 -3.3951e-04 -3.3533e-04 -3.3114e-04 -3.2693e-04 -3.2272e-04 -3.1850e-04 -3.1427e-04 -3.1003e-04 -3.0579e-04 -3.0155e-04 -2.9731e-04 -2.9307e-04 -2.8884e-04 -2.8460e-04 -2.8038e-04 -2.7616e-04 -2.7196e-04 -2.6776e-04 -2.6358e-04 -2.5941e-04 -2.5525e-04 -2.5111e-04 -2.4699e-04 -2.4289e-04 -2.3882e-04 -2.3476e-04 -2.3072e-04 -2.2672e-04 -2.2273e-04 -2.1877e-04 -2.1484e-04 -2.1094e-04 -2.0707e-04 -2.0323e-04 -1.9942e-04 -1.9565e-04 -1.9191e-04 -1.8820e-04 -1.8452e-04 -4.9676e-04 -4.9661e-04 -4.9636e-04 -4.9602e-04 -4.9557e-04 -4.9503e-04 -4.9439e-04 0.0000e+00 -4.9282e-04 -4.9188e-04 -4.9085e-04 -4.8973e-04 -4.8851e-04 -4.8720e-04 -4.8579e-04 -4.8429e-04 -4.8270e-04 -4.8102e-04 -4.7925e-04 -4.7739e-04 -4.7544e-04 -4.7341e-04 -4.7129e-04 -4.6909e-04 -4.6680e-04 -4.6444e-04 -4.6199e-04 -4.5946e-04 -4.5686e-04 -4.5418e-04 -4.5143e-04 -4.4860e-04 -4.4570e-04 -4.4274e-04 -4.3970e-04 -4.3660e-04 -4.3344e-04 -4.3021e-04 -4.2692e-04 -4.2357e-04 -4.2016e-04 -4.1670e-04 -4.1319e-04 -4.0962e-04 -4.0600e-04 -4.0234e-04 -3.9862e-04 -3.9487e-04 -3.9107e-04 -3.8723e-04 -3.8335e-04 -3.7943e-04 -3.7548e-04 -3.7150e-04 -3.6748e-04 -3.6344e-04 -3.5937e-04 -3.5527e-04 -3.5115e-04 -3.4701e-04 -3.4285e-04 -3.3867e-04 -3.3448e-04 -3.3027e-04 -3.2605e-04 -3.2182e-04 -3.1758e-04 -3.1334e-04 -3.0909e-04 -3.0484e-04 -3.0058e-04 -2.9633e-04 -2.9208e-04 -2.8783e-04 -2.8358e-04 -2.7935e-04 -2.7512e-04 -2.7090e-04 -2.6669e-04 -2.6250e-04 -2.5832e-04 -2.5416e-04 -2.5001e-04 -2.4589e-04 -2.4178e-04 -2.3769e-04 -2.3363e-04 -2.2959e-04 -2.2557e-04 -2.2158e-04 -2.1762e-04 -2.1369e-04 -2.0978e-04 -2.0591e-04 -2.0207e-04 -1.9826e-04 -1.9448e-04 -1.9073e-04 -1.8703e-04 -1.8335e-04
-4.9592e-04 -4.9577e-04 -4.9553e-04 -4.9518e-04 -4.9474e-04 -4.9421e-04 -4.9357e-04 -4.9284e-04 8.1322e-03 -4.9109e-04 -4.9007e-04 -4.8896e-04 -4.8776e-04 -4.8646e-04 -4.8506e-04 -4.8358e-04 -4.8201e-04 -4.8034e-04 -4.7859e-04 -4.7675e-04 -4.7482e-04 -4.7281e-04 -4.7071e-04 -4.6853e-04 -4.6627e-04 -4.6393e-04 -4.6151e-04 -4.5900e-04 -4.5643e-04 -4.5377e-04 -4.5105e-04 -4.4825e-04 -4.4538e-04 -4.4244e-04 -4.3944e-04 -4.3637e-04 -4.3323e-04 -4.3003e-04 -4.2677e-04 -4.2346e-04 -4.2008e-04 -4.1665e-04 -4.1317e-04 -4.0963e-04 -4.0605e-04 -4.0241e-04 -3.9873e-04 -3.9501e-04 -3.9124e-04 -3.8743e-04 -3.8359e-04 -3.7970e-04 -3.7579e-04 -3.7183e-04 -3.6785e-04 -3.6384e-04 -3.5980e-04 -3.5574e-04 -3.5165e-04 -3.4754e-04 -3.4341e-04 -3.3926e-04 -3.3510e-04 -3.3092e-04 -3.2673e-04 -3.2253e-04 -3.1832e-04 -3.1410e-04 -3.0988e-04 -3.0565e-04 -3.0142e-04 -2.9720e-04 -2.9297e-04 -2.8875e-04 -2.8453e-04 -2.8031e-04 -2.7611e-04 -2.7191e-04 -2.6773e-04 -2.6356e-04 -2.5940e-04 -2.5525e-04 -2.5113e-04 -2.4702e-04 -2.4293e-04 -2.3886e-04 -2.3481e-04 -2.3079e-04 -2.2679e-04 -2.2281e-04 -2.1886e-04 -2.1494e-04 -2.1105e-04 -2.0718e-04 -2.0335e-04 -1.9955e-04 -1.9578e-04 -1.9205e-04 -1.8834e-04 -1.8468e-04 -4.9592e-04 -4.9577e-04 -4.9552e-04 -4.9518e-04 -4.9473e-04 -4.9419e-04 -4.9355e-04 -4.9282e-04 0.0000e+00 -4.9105e-04 -4.9003e-04 -4.8890e-04 -4.8769e-04 -4.8638e-04 -4.8498e-04 -4.8348e-04 -4.8189e-04 -4.8022e-04 -4.7845e-04 -4.7660e-04 -4.7465e-04 -4.7263e-04 -4.7051e-04 -4.6832e-04 -4.6604e-04 -4.6367e-04 -4.6123e-04 -4.5871e-04 -4.5612e-04 -4.5344e-04 -4.5070e-04 -4.4788e-04 -4.4499e-04 -4.4203e-04 -4.3900e-04 -4.3591e-04 -4.3275e-04 -4.2953e-04 -4.2625e-04 -4.2291e-04 -4.1951e-04 -4.1606e-04 -4.1255e-04 -4.0899e-04 -4.0538e-04 -4.0172e-04 -3.9802e-04 -3.9427e-04 -3.9048e-04 -3.8665e-04 -3.8278e-04 -3.7887e-04 -3.7493e-04 -3.7096e-04 -3.6695e-04 -3.6292e-04 -3.5886e-04 -3.5477e-04 -3.5066e-04 -3.4653e-04 -3.4238e-04 -3.3821e-04 -3.3402e-04 -3.2983e-04 -3.2562e-04 -3.2140e-04 -3.1717e-04 -3.1293e-04 -3.0869e-04 -3.0445e-04 -3.0020e-04 -2.9595e-04 -2.9171e-04 -2.8747e-04 -2.8324e-04 -2.7901e-04 -2.7479e-04 -2.7058e-04 -2.6638e-04 -2.6220e-04 -2.5803e-04 -2.5387e-04 -2.4973e-04 -2.4561e-04 -2.4152e-04 -2.3744e-04 -2.3338e-04 -2.2935e-04 -2.2534e-04 -2.2136e-04 -2.1740e-04 -2.1348e-04 -2.0958e-04 -2.0571e-04 -2.0188e-04 -1.9807e-04 -1.9430e-04 -1.9057e-04 -1.8686e-04 -1.8320e-04
-4.9498e-04 -4.9483e-04 -4.9459e-04 -4.9425e-04 -4.9381e-04 -4.9327e-04 -4.9264e-04 -4.9191e-04 -4.9109e-04 1.0040e-02 -4.8916e-04 -4.8805e-04 -4.8685e-04 -4.8556e-04 -4.8417e-04 -4.8270e-04 -4.8113e-04 -4.7948e-04 -4.7773e-04 -4.7590e-04 -4.7398e-04 -4.7198e-04 -4.6989e-04 -4.6772e-04 -4.6547e-04 -4.6314e-04 -4.6072e-04 -4.5824e-04 -4.5567e-04 -4.5303e-04 -4.5032e-04 -4.4753e-04 -4.4467e-04 -4.4175e-04 -4.3876e-04 -4.3570e-04 -4.3258e-04 -4.2939e-04 -4.2615e-04 -4.2285e-04 -4.1948e-04 -4.1607e-04 -4.1260e-04 -4.0908e-04 -4.0551e-04 -4.0189e-04 -3.9823e-04 -3.9452e-04 -3.9076e-04 -3.8697e-04 -3.8314e-04 -3.7927e-04 -3.7537e-04 -3.7144e-04 -3.6747e-04 -3.6347e-04 -3.5945e-04 -3.5540e-04 -3.5133e-04 -3.4723e-04 -3.4312e-04 -3.3899e-04 -3.3484e-04 -3.3068e-04 -3.2650e-04 -3.2231e-04 -3.1812e-04 -3.1392e-04 -3.0971e-04 -3.0550e-04 -3.0128e-04 -2.9707e-04 -2.9286e-04 -2.8865e-04 -2.8444e-04 -2.8024e-04 -2.7605e-04 -2.7187e-04 -2.6769e-04 -2.6353e-04 -2.5939e-04 -2.5525e-04 -2.5114e-04 -2.4704e-04 -2.4296e-04 -2.3890e-04 -2.3487e-04 -2.3085e-04 -2.2686e-04 -2.2290e-04 -2.1896e-04 -2.1505e-04 -2.1116e-04 -2.0731e-04 -2.0348e-04 -1.9969e-04 -1.9593e-04 -1.9220e-04 -1.8851e-04 -1.8485e-04 -4.9498e-04 -4.9483e-04 -4.9458e-04 -4.9424e-04 -4.9380e-04 -4.9325e-04 -4.9262e-04 -4.9188e-04 -4.9105e-04 0.0000e+00 -4.8910e-04 -4.8798e-04 -4.8677e-04 -4.8546e-04 -4.8407e-04 -4.8257e-04 -4.8099e-04 -4.7932e-04 -4.7756e-04 -4.7571e-04 -4.7377e-04 -4.7175e-04 -4.6964e-04 -4.6745e-04 -4.6518e-04 -4.6282e-04 -4.6039e-04 -4.5788e-04 -4.5529e-04 -4.5262e-04 -4.4988e-04 -4.4707e-04 -4.4419e-04 -4.4124e-04 -4.3822e-04 -4.3513e-04 -4.3199e-04 -4.2877e-04 -4.2550e-04 -4.2217e-04 -4.1878e-04 -4.1534e-04 -4.1184e-04 -4.0829e-04 -4.0469e-04 -4.0104e-04 -3.9735e-04 -3.9361e-04 -3.8983e-04 -3.8601e-04 -3.8215e-04 -3.7825e-04 -3.7432e-04 -3.7036e-04 -3.6636e-04 -3.6234e-04 -3.5829e-04 -3.5421e-04 -3.5011e-04 -3.4599e-04 -3.4185e-04 -3.3769e-04 -3.3352e-04 -3.2933e-04 -3.2513e-04 -3.2092e-04 -3.1670e-04 -3.1247e-04 -3.0824e-04 -3.0401e-04 -2.9977e-04 -2.9554e-04 -2.9131e-04 -2.8708e-04 -2.8285e-04 -2.7863e-04 -2.7442e-04 -2.7022e-04 -2.6603e-04 -2.6186e-04 -2.5770e-04 -2.5355e-04 -2.4942e-04 -2.4531e-04 -2.4122e-04 -2.3715e-04 -2.3311e-04 -2.2908e-04 -2.2508e-04 -2.2111e-04 -2.1716e-04 -2.1324e-04 -2.0935e-04 -2.0550e-04 -2.0167e-04 -1.9787e-04 -1.9411e-04 -1.9038e-04 -1.8668e-04 -1.8302e-04
-4.9394e-04 -4.9379e-04 -4.9355e-04 -4.9321e-04 -4.9278e-04 -4.9224e-04 -4.9162e-04 -4.9089e-04 -4.9007e-04 -4.8916e-04 1.2148e-02 -4.8705e-04 -4.8586e-04 -4.8457e-04 -4.8319e-04 -4.8172e-04 -4.8017e-04 -4.7852e-04 -4.7678e-04 -4.7496e-04 -4.7305e-04 -4.7106e-04 -4.6898e-04 -4.6682e-04 -4.6458e-04 -4.6226e-04 -4.5986e-04 -4.5739e-04 -4.5483e-04 -4.5221e-04 -4.4951e-04 -4.4673e-04 -4.4389e-04 -4.4098e-04 -4.3800e-04 -4.3496e-04 -4.3186e-04 -4.2869e-04 -4.2546e-04 -4.2217e-04 -4.1883e-04 -4.1543e-04 -4.1197e-04 -4.0847e-04 -4.0492e-04 -4.0131e-04 -3.9767e-04 -3.9397e-04 -3.9024e-04 -3.8646e-04 -3.8265e-04 -3.7880e-04 -3.7491e-04 -3.7100e-04 -3.6705e-04 -3.6307e-04 -3.5906e-04 -3.5503e-04 -3.5097e-04 -3.4690e-04 -3.4280e-04 -3.3868e-04 -3.3455e-04 -3.3041e-04 -3.2625e-04 -3.2208e-04 -3.1790e-04 -3.1371e-04 -3.0952e-04 -3.0533e-04 -3.0113e-04 -2.9693e-04 -2.9273e-04 -2.8853e-04 -2.8434e-04 -2.8016e-04 -2.7598e-04 -2.7181e-04 -2.6765e-04 -2.6351e-04 -2.5937e-04 -2.5526e-04 -2.5115e-04 -2.4707e-04 -2.4300e-04 -2.3896e-04 -2.3493e-04 -2.3093e-04 -2.2695e-04 -2.2299e-04 -2.1906e-04 -2.1516e-04 -2.1129e-04 -2.0744e-04 -2.0363e-04 -1.9985e-04 -1.9609e-04 -1.9237e-04 -1.8869e-04 -1.8504e-04 -4.9394e-04 -4.9379e-04 -4.9354e-04 -4.9320e-04 -4.9276e-04 -4.9222e-04 -4.9159e-04 -4.9085e-04 -4.9003e-04 -4.8910e-04 0.0000e+00 -4.8697e-04 -4.8576e-04 -4.8446e-04 -4.8306e-04 -4.8158e-04 -4.8000e-04 -4.7833e-04 -4.7658e-04 -4.7473e-04 -4.7280e-04 -4.7078e-04 -4.6868e-04 -4.6650e-04 -4.6423e-04 -4.6189e-04 -4.5946e-04 -4.5695e-04 -4.5437e-04 -4.5172e-04 -4.4898e-04 -4.4618e-04 -4.4331e-04 -4.4037e-04 -4.3736e-04 -4.3428e-04 -4.3114e-04 -4.2794e-04 -4.2468e-04 -4.2136e-04 -4.1798e-04 -4.1454e-04 -4.1105e-04 -4.0752e-04 -4.0393e-04 -4.0029e-04 -3.9661e-04 -3.9288e-04 -3.8911e-04 -3.8530e-04 -3.8145e-04 -3.7757e-04 -3.7365e-04 -3.6969e-04 -3.6571e-04 -3.6170e-04 -3.5766e-04 -3.5359e-04 -3.4950e-04 -3.4539e-04 -3.4126e-04 -3.3712e-04 -3.3296e-04 -3.2878e-04 -3.2459e-04 -3.2039e-04 -3.1618e-04 -3.1197e-04 -3.0775e-04 -3.0353e-04 -2.9930e-04 -2.9508e-04 -2.9086e-04 -2.8664e-04 -2.8242e-04 -2.7822e-04 -2.7402e-04 -2.6983e-04 -2.6565e-04 -2.6149e-04 -2.5733e-04 -2.5320e-04 -2.4908e-04 -2.4498e-04 -2.4090e-04 -2.3684e-04 -2.3280e-04 -2.2879e-04 -2.2480e-04 -2.2083e-04 -2.1690e-04 -2.1299e-04 -2.0910e-04 -2.0525e-04 -2.0143e-04 -1.9765e-04 -1.9389e-04 -1.9017e-04 -1.8648e-04 -1.8283e-04
-4.9280e-04 -4.9266e-04 -4.9242e-04 -4.9208e-04 -4.9165e-04 -4.9112e-04 -4.9049e-04 -4.8978e-04 -4.8896e-04 -4.8805e-04 -4.8705e-04 1.4457e-02 -4.8477e-04 -4.8349e-04 -4.8212e-04 -4.8066e-04 -4.7911e-04 -4.7747e-04 -4.7575e-04 -4.7394e-04 -4.7204e-04 -4.7006e-04 -4.6799e-04 -4.6584e-04 -4.6362e-04 -4.6131e-04 -4.5892e-04 -4.5646e-04 -4.5392e-04 -4.5131e-04 -4.4862e-04 -4.4587e-04 -4.4304e-04 -4.4014e-04 -4.3718e-04 -4.3416e-04 -4.3107e-04 -4.2791e-04 -4.2470e-04 -4.2143e-04 -4.1811e-04 -4.1472e-04 -4.1129e-04 -4.0780e-04 -4.0427e-04 -4.0068e-04 -3.9705e-04 -3.9338e-04 -3.8966e-04 -3.8591e-04 -3.8211e-04 -3.7828e-04 -3.7441e-04 -3.7052e-04 -3.6658e-04 -3.6262e-04 -3.5864e-04 -3.5462e-04 -3.5059e-04 -3.4653e-04 -3.4245e-04 -3.3835e-04 -3.3424e-04 -3.3011e-04 -3.2597e-04 -3.2182e-04 -3.1766e-04 -3.1349e-04 -3.0931e-04 -3.0514e-04 -3.0095e-04 -2.9677e-04 -2.9259e-04 -2.8841e-04 -2.8424e-04 -2.8007e-04 -2.7591e-04 -2.7175e-04 -2.6761e-04 -2.6348e-04 -2.5936e-04 -2.5526e-04 -2.5117e-04 -2.4710e-04 -2.4304e-04 -2.3901e-04 -2.3500e-04 -2.3101e-04 -2.2704e-04 -2.2310e-04 -2.1918e-04 -2.1529e-04 -2.1143e-04 -2.0759e-04 -2.0379e-04 -2.0001e-04 -1.9627e-04 -1.9256e-04 -1.8889e-04 -1.8524e-04 -4.9280e-04 -4.9266e-04 -4.9241e-04 -4.9207e-04 -4.9163e-04 -4.9109e-04 -4.9046e-04 -4.8973e-04 -4.8890e-04 -4.8798e-04 -4.8697e-04 0.0000e+00 -4.8465e-04 -4.8335e-04 -4.8196e-04 -4.8048e-04 -4.7891e-04 -4.7725e-04 -4.7550e-04 -4.7366e-04 -4.7174e-04 -4.6973e-04 -4.6764e-04 -4.6546e-04 -4.6320e-04 -4.6086e-04 -4.5844e-04 -4.5595e-04 -4.5337e-04 -4.5072e-04 -4.4800e-04 -4.4521e-04 -4.4235e-04 -4.3941e-04 -4.3641e-04 -4.3335e-04 -4.3022e-04 -4.2703e-04 -4.2378e-04 -4.2046e-04 -4.1710e-04 -4.1367e-04 -4.1020e-04 -4.0667e-04 -4.0309e-04 -3.9947e-04 -3.9580e-04 -3.9208e-04 -3.8832e-04 -3.8452e-04 -3.8069e-04 -3.7681e-04 -3.7291e-04 -3.6897e-04 -3.6500e-04 -3.6100e-04 -3.5697e-04 -3.5292e-04 -3.4884e-04 -3.4474e-04 -3.4063e-04 -3.3649e-04 -3.3234e-04 -3.2818e-04 -3.2400e-04 -3.1982e-04 -3.1562e-04 -3.1142e-04 -3.0721e-04 -3.0300e-04 -2.9879e-04 -2.9458e-04 -2.9037e-04 -2.8616e-04 -2.8196e-04 -2.7776e-04 -2.7357e-04 -2.6940e-04 -2.6523e-04 -2.6108e-04 -2.5694e-04 -2.5281e-04 -2.4870e-04 -2.4461e-04 -2.4054e-04 -2.3650e-04 -2.3247e-04 -2.2846e-04 -2.2448e-04 -2.2053e-04 -2.1660e-04 -2.1270e-04 -2.0883e-04 -2.0499e-04 -2.0118e-04 -1.9740e-04 -1.9365e-04 -1.8994e-04 -1.8626e-04 -1.8262e-04
-4.9157e-04 -4.9143e-04 -4.9119e-04 -4.9085e-04 -4.9042e-04 -4.8990e-04 -4.8928e-04 -4.8856e-04 -4.8776e-04 -4.8685e-04 -4.8586e-04 -4.8477e-04 1.6967e-02 -4.8232e-04 -4.8096e-04 -4.7951e-04 -4.7797e-04 -4.7634e-04 -4.7462e-04 -4.7282e-04 -4.7094e-04 -4.6897e-04 -4.6692e-04 -4.6478e-04 -4.6257e-04 -4.6027e-04 -4.5790e-04 -4.5545e-04 -4.5293e-04 -4.5033e-04 -4.4766e-04 -4.4492e-04 -4.4211e-04 -4.3924e-04 -4.3629e-04 -4.3328e-04 -4.3021e-04 -4.2708e-04 -4.2388e-04 -4.2063e-04 -4.1732e-04 -4.1396e-04 -4.1055e-04 -4.0708e-04 -4.0356e-04 -4.0000e-04 -3.9639e-04 -3.9274e-04 -3.8904e-04 -3.8530e-04 -3.8153e-04 -3.7772e-04 -3.7387e-04 -3.6999e-04 -3.6608e-04 -3.6214e-04 -3.5818e-04 -3.5418e-04 -3.5017e-04 -3.4613e-04 -3.4207e-04 -3.3799e-04 -3.3390e-04 -3.2979e-04 -3.2567e-04 -3.2154e-04 -3.1740e-04 -3.1325e-04 -3.0909e-04 -3.0493e-04 -3.0077e-04 -2.9660e-04 -2.9244e-04 -2.8828e-04 -2.8412e-04 -2.7997e-04 -2.7583e-04 -2.7169e-04 -2.6756e-04 -2.6345e-04 -2.5934e-04 -2.5525e-04 -2.5118e-04 -2.4713e-04 -2.4309e-04 -2.3907e-04 -2.3507e-04 -2.3109e-04 -2.2714e-04 -2.2321e-04 -2.1930e-04 -2.1543e-04 -2.1158e-04 -2.0775e-04 -2.0396e-04 -2.0020e-04 -1.9646e-04 -1.9276e-04 -1.8910e-04 -1.8546e-04 -4.9157e-04 -4.9143e-04 -4.9118e-04 -4.9084e-04 -4.9040e-04 -4.8987e-04 -4.8924e-04 -4.8851e-04 -4.8769e-04 -4.8677e-04 -4.8576e-04 -4.8465e-04 0.0000e+00 -4.8216e-04 -4.8077e-04 -4.7930e-04 -4.7773e-04 -4.7608e-04 -4.7433e-04 -4.7250e-04 -4.7059e-04 -4.6858e-04 -4.6650e-04 -4.6433e-04 -4.6208e-04 -4.5975e-04 -4.5734e-04 -4.5485e-04 -4.5229e-04 -4.4965e-04 -4.4694e-04 -4.4415e-04 -4.4130e-04 -4.3838e-04 -4.3539e-04 -4.3234e-04 -4.2922e-04 -4.2604e-04 -4.2280e-04 -4.1950e-04 -4.1614e-04 -4.1273e-04 -4.0927e-04 -4.0575e-04 -4.0219e-04 -3.9857e-04 -3.9492e-04 -3.9121e-04 -3.8747e-04 -3.8368e-04 -3.7986e-04 -3.7600e-04 -3.7211e-04 -3.6818e-04 -3.6422e-04 -3.6024e-04 -3.5622e-04 -3.5218e-04 -3.4812e-04 -3.4404e-04 -3.3993e-04 -3.3581e-04 -3.3168e-04 -3.2753e-04 -3.2336e-04 -3.1919e-04 -3.1501e-04 -3.1082e-04 -3.0663e-04 -3.0243e-04 -2.9823e-04 -2.9403e-04 -2.8983e-04 -2.8564e-04 -2.8145e-04 -2.7727e-04 -2.7309e-04 -2.6893e-04 -2.6477e-04 -2.6063e-04 -2.5650e-04 -2.5239e-04 -2.4830e-04 -2.4422e-04 -2.4016e-04 -2.3612e-04 -2.3211e-04 -2.2811e-04 -2.2415e-04 -2.2020e-04 -2.1629e-04 -2.1240e-04 -2.0854e-04 -2.0470e-04 -2.0090e-04 -1.9713e-04 -1.9340e-04 -1.8969e-04 -1.8602e-04 -1.8239e-04
-4.9025e-04 -4.9011e-04 -4.8987e-04 -4.8953e-04 -4.8911e-04 -4.8859e-04 -4.8797e-04 -4.8726e-04 -4.8646e-04 -4.8556e-04 -4.8457e-04 -4.8349e-04 -4.8232e-04 1.9678e-02 -4.7970e-04 -4.7826e-04 -4.7673e-04 -4.7512e-04 -4.7341e-04 -4.7162e-04 -4.6975e-04 -4.6780e-04 -4.6576e-04 -4.6364e-04 -4.6144e-04 -4.5916e-04 -4.5680e-04 -4.5437e-04 -4.5186e-04 -4.4928e-04 -4.4663e-04 -4.4391e-04 -4.4112e-04 -4.3826e-04 -4.3533e-04 -4.3234e-04 -4.2929e-04 -4.2617e-04 -4.2300e-04 -4.1977e-04 -4.1648e-04 -4.1314e-04 -4.0974e-04 -4.0630e-04 -4.0280e-04 -3.9926e-04 -3.9567e-04 -3.9204e-04 -3.8837e-04 -3.8465e-04 -3.8090e-04 -3.7711e-04 -3.7329e-04 -3.6943e-04 -3.6554e-04 -3.6162e-04 -3.5768e-04 -3.5371e-04 -3.4971e-04 -3.4570e-04 -3.4166e-04 -3.3760e-04 -3.3353e-04 -3.2944e-04 -3.2534e-04 -3.2123e-04 -3.1711e-04 -3.1298e-04 -3.0885e-04 -3.0471e-04 -3.0056e-04 -2.9642e-04 -2.9228e-04 -2.8813e-04 -2.8400e-04 -2.7986e-04 -2.7574e-04 -2.7162e-04 -2.6751e-04 -2.6341e-04 -2.5932e-04 -2.5525e-04 -2.5120e-04 -2.4716e-04 -2.4313e-04 -2.3913e-04 -2.3515e-04 -2.3118e-04 -2.2724e-04 -2.2333e-04 -2.1944e-04 -2.1557e-04 -2.1173e-04 -2.0792e-04 -2.0414e-04 -2.0039e-04 -1.9667e-04 -1.9298e-04 -1.8933e-04 -1.8570e-04 -4.9025e-04 -4.9010e-04 -4.8986e-04 -4.8952e-04 -4.8908e-04 -4.8855e-04 -4.8792e-04 -4.8720e-04 -4.8638e-04 -4.8546e-04 -4.8446e-04 -4.8335e-04 -4.8216e-04 0.0000e+00 -4.7949e-04 -4.7802e-04 -4.7646e-04 -4.7482e-04 -4.7308e-04 -4.7126e-04 -4.6935e-04 -4.6735e-04 -4.6527e-04 -4.6311e-04 -4.6087e-04 -4.5855e-04 -4.5615e-04 -4.5367e-04 -4.5112e-04 -4.4849e-04 -4.4579e-04 -4.4302e-04 -4.4018e-04 -4.3727e-04 -4.3429e-04 -4.3125e-04 -4.2814e-04 -4.2497e-04 -4.2174e-04 -4.1846e-04 -4.1511e-04 -4.1172e-04 -4.0827e-04 -4.0476e-04 -4.0121e-04 -3.9761e-04 -3.9397e-04 -3.9028e-04 -3.8655e-04 -3.8278e-04 -3.7897e-04 -3.7512e-04 -3.7124e-04 -3.6733e-04 -3.6339e-04 -3.5942e-04 -3.5542e-04 -3.5139e-04 -3.4734e-04 -3.4328e-04 -3.3919e-04 -3.3508e-04 -3.3096e-04 -3.2682e-04 -3.2268e-04 -3.1852e-04 -3.1435e-04 -3.1017e-04 -3.0600e-04 -3.0181e-04 -2.9763e-04 -2.9344e-04 -2.8926e-04 -2.8508e-04 -2.8090e-04 -2.7674e-04 -2.7257e-04 -2.6842e-04 -2.6428e-04 -2.6015e-04 -2.5604e-04 -2.5194e-04 -2.4786e-04 -2.4379e-04 -2.3975e-04 -2.3572e-04 -2.3172e-04 -2.2774e-04 -2.2378e-04 -2.1985e-04 -2.1594e-04 -2.1206e-04 -2.0822e-04 -2.0440e-04 -2.0061e-04 -1.9685e-04 -1.9312e-04 -1.8943e-04 -1.8577e-04 -1.8214e-04
-4.8883e-04 -4.8869e-04 -4.8845e-04 -4.8812e-04 -4.8770e-04 -4.8718e-04 -4.8657e-04 -4.8586e-04 -4.8506e-04 -4.8417e-04 -4.8319e-04 -4.8212e-04 -4.8096e-04 -4.7970e-04 2.2589e-02 -4.7693e-04 -4.7541e-04 -4.7381e-04 -4.7212e-04 -4.7034e-04 -4.6848e-04 -4.6654e-04 -4.6451e-04 -4.6241e-04 -4.6023e-04 -4.5796e-04 -4.5562e-04 -4.5321e-04 -4.5072e-04 -4.4816e-04 -4.4552e-04 -4.4282e-04 -4.4005e-04 -4.3721e-04 -4.3430e-04 -4.3133e-04 -4.2830e-04 -4.2521e-04 -4.2205e-04 -4.1884e-04 -4.1558e-04 -4.1226e-04 -4.0889e-04 -4.0546e-04 -4.0199e-04 -3.9847e-04 -3.9491e-04 -3.9130e-04 -3.8765e-04 -3.8395e-04 -3.8022e-04 -3.7646e-04 -3.7266e-04 -3.6882e-04 -3.6496e-04 -3.6106e-04 -3.5714e-04 -3.5320e-04 -3.4922e-04 -3.4523e-04 -3.4122e-04 -3.3718e-04 -3.3313e-04 -3.2907e-04 -3.2499e-04 -3.2090e-04 -3.1681e-04 -3.1270e-04 -3.0858e-04 -3.0447e-04 -3.0034e-04 -2.9622e-04 -2.9210e-04 -2.8798e-04 -2.8386e-04 -2.7975e-04 -2.7564e-04 -2.7154e-04 -2.6745e-04 -2.6337e-04 -2.5930e-04 -2.5525e-04 -2.5121e-04 -2.4719e-04 -2.4318e-04 -2.3919e-04 -2.3523e-04 -2.3128e-04 -2.2736e-04 -2.2346e-04 -2.1958e-04 -2.1573e-04 -2.1190e-04 -2.0811e-04 -2.0434e-04 -2.0060e-04 -1.9689e-04 -1.9321e-04 -1.8957e-04 -1.8596e-04 -4.8883e-04 -4.8868e-04 -4.8844e-04 -4.8810e-04 -4.8767e-04 -4.8714e-04 -4.8651e-04 -4.8579e-04 -4.8498e-04 -4.8407e-04 -4.8306e-04 -4.8196e-04 -4.8077e-04 -4.7949e-04 0.0000e+00 -4.7666e-04 -4.7510e-04 -4.7346e-04 -4.7173e-04 -4.6992e-04 -4.6802e-04 -4.6603e-04 -4.6396e-04 -4.6181e-04 -4.5958e-04 -4.5727e-04 -4.5488e-04 -4.5241e-04 -4.4987e-04 -4.4725e-04 -4.4456e-04 -4.4180e-04 -4.3897e-04 -4.3607e-04 -4.3311e-04 -4.3008e-04 -4.2698e-04 -4.2383e-04 -4.2062e-04 -4.1734e-04 -4.1401e-04 -4.1063e-04 -4.0719e-04 -4.0371e-04 -4.0017e-04 -3.9658e-04 -3.9295e-04 -3.8928e-04 -3.8556e-04 -3.8181e-04 -3.7801e-04 -3.7418e-04 -3.7032e-04 -3.6642e-04 -3.6249e-04 -3.5854e-04 -3.5455e-04 -3.5055e-04 -3.4651e-04 -3.4246e-04 -3.3839e-04 -3.3430e-04 -3.3019e-04 -3.2607e-04 -3.2194e-04 -3.1779e-04 -3.1364e-04 -3.0948e-04 -3.0532e-04 -3.0115e-04 -2.9698e-04 -2.9281e-04 -2.8864e-04 -2.8448e-04 -2.8032e-04 -2.7617e-04 -2.7202e-04 -2.6788e-04 -2.6376e-04 -2.5964e-04 -2.5554e-04 -2.5145e-04 -2.4739e-04 -2.4333e-04 -2.3930e-04 -2.3529e-04 -2.3130e-04 -2.2733e-04 -2.2339e-04 -2.1947e-04 -2.1558e-04 -2.1171e-04 -2.0787e-04 -2.0406e-04 -2.0029e-04 -1.9654e-04 -1.9282e-04 -1.8914e-04 -1.8549e-04 -1.8188e-04
-4.8732e-04 -4.8718e-04 -4.8694e-04 -4.8661e-04 -4.8619e-04 -4.8568e-04 -4.8507e-04 -4.8437e-04 -4.8358e-04 -4.8270e-04 -4.8172e-04 -4.8066e-04 -4.7951e-04 -4.7826e-04 -4.7693e-04 2.5701e-02 -4.7400e-04 -4.7241e-04 -4.7073e-04 -4.6897e-04 -4.6713e-04 -4.6520e-04 -4.6319e-04 -4.6110e-04 -4.5893e-04 -4.5669e-04 -4.5437e-04 -4.5197e-04 -4.4950e-04 -4.4696e-04 -4.4434e-04 -4.4166e-04 -4.3891e-04 -4.3609e-04 -4.3320e-04 -4.3025e-04 -4.2724e-04 -4.2417e-04 -4.2104e-04 -4.1786e-04 -4.1461e-04 -4.1132e-04 -4.0797e-04 -4.0457e-04 -4.0112e-04 -3.9763e-04 -3.9409e-04 -3.9050e-04 -3.8687e-04 -3.8321e-04 -3.7950e-04 -3.7576e-04 -3.7199e-04 -3.6818e-04 -3.6434e-04 -3.6047e-04 -3.5657e-04 -3.5265e-04 -3.4870e-04 -3.4473e-04 -3.4074e-04 -3.3674e-04 -3.3271e-04 -3.2867e-04 -3.2462e-04 -3.2055e-04 -3.1648e-04 -3.1239e-04 -3.0830e-04 -3.0421e-04 -3.0011e-04 -2.9601e-04 -2.9191e-04 -2.8781e-04 -2.8371e-04 -2.7962e-04 -2.7553e-04 -2.7146e-04 -2.6739e-04 -2.6333e-04 -2.5928e-04 -2.5524e-04 -2.5122e-04 -2.4722e-04 -2.4323e-04 -2.3926e-04 -2.3531e-04 -2.3138e-04 -2.2747e-04 -2.2359e-04 -2.1973e-04 -2.1589e-04 -2.1208e-04 -2.0830e-04 -2.0455e-04 -2.0082e-04 -1.9712e-04 -1.9346e-04 -1.8983e-04 -1.8622e-04 -4.8731e-04 -4.8717e-04 -4.8693e-04 -4.8659e-04 -4.8616e-04 -4.8563e-04 -4.8501e-04 -4.8429e-04 -4.8348e-04 -4.8257e-04 -4.8158e-04 -4.8048e-04 -4.7930e-04 -4.7802e-04 -4.7666e-04 0.0000e+00 -4.7365e-04 -4.7202e-04 -4.7030e-04 -4.6849e-04 -4.6660e-04 -4.6462e-04 -4.6256e-04 -4.6042e-04 -4.5820e-04 -4.5590e-04 -4.5352e-04 -4.5106e-04 -4.4853e-04 -4.4593e-04 -4.4325e-04 -4.4050e-04 -4.3769e-04 -4.3480e-04 -4.3185e-04 -4.2883e-04 -4.2575e-04 -4.2261e-04 -4.1941e-04 -4.1615e-04 -4.1284e-04 -4.0947e-04 -4.0605e-04 -4.0258e-04 -3.9905e-04 -3.9549e-04 -3.9187e-04 -3.8821e-04 -3.8451e-04 -3.8077e-04 -3.7700e-04 -3.7318e-04 -3.6933e-04 -3.6545e-04 -3.6154e-04 -3.5760e-04 -3.5363e-04 -3.4964e-04 -3.4563e-04 -3.4159e-04 -3.3753e-04 -3.3346e-04 -3.2937e-04 -3.2527e-04 -3.2115e-04 -3.1702e-04 -3.1289e-04 -3.0875e-04 -3.0460e-04 -3.0045e-04 -2.9629e-04 -2.9214e-04 -2.8799e-04 -2.8384e-04 -2.7969e-04 -2.7556e-04 -2.7143e-04 -2.6730e-04 -2.6319e-04 -2.5909e-04 -2.5501e-04 -2.5094e-04 -2.4688e-04 -2.4285e-04 -2.3883e-04 -2.3483e-04 -2.3085e-04 -2.2690e-04 -2.2297e-04 -2.1906e-04 -2.1518e-04 -2.1133e-04 -2.0751e-04 -2.0371e-04 -1.9994e-04 -1.9621e-04 -1.9251e-04 -1.8884e-04 -1.8520e-04 -1.8160e-04
