1.0020e-04 -2.4649e-05 -3.0406e-05 -3.0831e-05 -2.7102e-05 -2.1150e-05 -1.4838e-05 -9.4290e-06 -5.4539e-06 -2.8809e-06 -1.3930e-06 -6.1758e-07 -2.5139e-07 -9.4047e-08 -3.2361e-08 -1.0248e-08 -2.9884e-09 -8.0272e-10 -1.9870e-10 -4.5335e-11 -9.5364e-12 -1.8498e-12 -3.3094e-13 -5.4612e-14 -8.3140e-15 -1.1678e-15 -1.5134e-16 -1.8099e-17 -1.9973e-18 -2.0342e-19 -1.9120e-20 -1.6587e-21 -1.3281e-22 -9.8154e-24 -6.6956e-25 -4.2159e-26 -2.4503e-27 -1.3146e-28 -6.5104e-30 -2.9762e-31 -1.2560e-32 -4.8926e-34 -1.7594e-35 -5.8404e-37 -1.7897e-38 -5.0629e-40 -1.3221e-41 -3.1873e-43 -7.0931e-45 -1.4572e-46 -2.7636e-48 -4.8383e-50 -7.8197e-52 -1.1667e-53 -1.6069e-55 -2.0432e-57 -2.3983e-59 -2.5987e-61 -2.5995e-63 -2.4004e-65 -2.0463e-67 -1.6103e-69 -1.1699e-71 -7.8458e-74 -4.8574e-76 -2.7762e-78 -1.4647e-80 -7.1342e-83 -3.2078e-85 -1.3315e-87 -5.1019e-90 -1.8047e-92 -5.8932e-95 -1.7765e-97 -4.9437e-100 -1.2700e-102 -3.0119e-105 -6.5938e-108 -1.3326e-110 -2.4862e-113 -4.2821e-116 -6.8082e-119 -9.9927e-122 -1.3539e-124 -1.6935e-127 -1.9554e-130 -2.0843e-133 -2.0510e-136 -1.8631e-139 -1.5623e-142 -1.2094e-145 -8.6422e-149 -5.7012e-152 -3.4719e-155 -1.9518e-158 -1.0129e-161 -4.8527e-165 -2.1461e-168 -8.7619e-172 -3.3022e-175 0.0000e+00 -8.2048e-06 -1.0103e-05 -1.0219e-05 -8.9548e-06 -6.9612e-06 -4.8617e-06 -3.0737e-06 -1.7676e-06 -9.2775e-07 -4.4546e-07 -1.9601e-07 -7.9145e-08 -2.9355e-08 -1.0009e-08 -3.1395e-09 -9.0636e-10 -2.4094e-10 -5.8998e-11 -1.3311e-11 -2.7681e-12 -5.3064e-13 -9.3791e-14 -1.5288e-14 -2.2982e-15 -3.1870e-16 -4.0770e-17 -4.8119e-18 -5.2402e-19 -5.2657e-20 -4.8829e-21 -4.1787e-22 -3.3003e-23 -2.4058e-24 -1.6186e-25 -1.0052e-26 -5.7617e-28 -3.0486e-29 -1.4890e-30 -6.7134e-32 -2.7941e-33 -1.0736e-34 -3.8079e-36 -1.2469e-37 -3.7691e-39 -1.0518e-40 -2.7099e-42 -6.4455e-44 -1.4153e-45 -2.8693e-47 -5.3702e-49 -9.2793e-51 -1.4803e-52 -2.1802e-54 -2.9645e-56 -3.7215e-58 -4.3133e-60 -4.6154e-62 -4.5596e-64 -4.1587e-66 -3.5019e-68 -2.7225e-70 -1.9541e-72 -1.2949e-74 -7.9224e-77 -4.4749e-79 -2.3336e-81 -1.1235e-83 -4.9942e-86 -2.0495e-88 -7.7654e-91 -2.7163e-93 -8.7723e-96 -2.6155e-98 -7.1997e-101 -1.8297e-103 -4.2930e-106 -9.2994e-109 -1.8598e-111 -3.4337e-114 -5.8531e-117 -9.2111e-120 -1.3383e-122 -1.7951e-125 -2.2230e-128 -2.5415e-131 -2.6826e-134 -2.6141e-137 -2.3518e-140 -1.9533e-143 -1.4978e-146 -1.0603e-149 -6.9294e-153 -4.1810e-156 -2.3289e-159 -1.1977e-162 -5.6862e-166 -2.4923e-169 -1.0085e-172 -3.7675e-176
-2.4649e-05 4.0077e-04 -5.5236e-05 -5.7042e-05 -5.1321e-05 -4.1184e-05 -2.9846e-05 -1.9675e-05 -1.1852e-05 -6.5441e-06 -3.3187e-06 -1.5480e-06 -6.6486e-07 -2.6311e-07 -9.5991e-08 -3.2299e-08 -1.0026e-08 -2.8718e-09 -7.5913e-10 -1.8522e-10 -4.1715e-11 -8.6727e-12 -1.6646e-12 -2.9494e-13 -4.8249e-14 -7.2870e-15 -1.0161e-15 -1.3080e-16 -1.5547e-17 -1.7060e-18 -1.7284e-19 -1.6167e-20 -1.3961e-21 -1.1132e-22 -8.1942e-24 -5.5689e-25 -3.4942e-26 -2.0241e-27 -1.0826e-28 -5.3453e-30 -2.4367e-31 -1.0255e-32 -3.9846e-34 -1.4294e-35 -4.7337e-37 -1.4473e-38 -4.0854e-40 -1.0646e-41 -2.5614e-43 -5.6890e-45 -1.1665e-46 -2.2083e-48 -3.8595e-50 -6.2270e-52 -9.2753e-54 -1.2755e-55 -1.6192e-57 -1.8977e-59 -2.0533e-61 -2.0510e-63 -1.8913e-65 -1.6100e-67 -1.2654e-69 -9.1806e-72 -6.1492e-74 -3.8023e-76 -2.1705e-78 -1.1439e-80 -5.5649e-83 -2.4993e-85 -1.0363e-87 -3.9665e-90 -1.4016e-92 -4.5722e-95 -1.3769e-97 -3.8279e-100 -9.8242e-103 -2.3276e-105 -5.0911e-108 -1.0280e-110 -1.9162e-113 -3.2974e-116 -5.2381e-119 -7.6817e-122 -1.0400e-124 -1.2997e-127 -1.4996e-130 -1.5972e-133 -1.5704e-136 -1.4255e-139 -1.1944e-142 -9.2396e-146 -6.5980e-149 -4.3495e-152 -2.6470e-155 -1.4871e-158 -7.7122e-162 -3.6924e-165 -1.6319e-168 -6.6584e-172 -8.2048e-06 0.0000e+00 -1.8181e-05 -1.8595e-05 -1.6527e-05 -1.3071e-05 -9.3157e-06 -6.0274e-06 -3.5574e-06 -1.9215e-06 -9.5200e-07 -4.3334e-07 -1.8145e-07 -6.9953e-08 -2.4848e-08 -8.1368e-09 -2.4574e-09 -6.8468e-10 -1.7604e-10 -4.1779e-11 -9.1533e-12 -1.8515e-12 -3.4582e-13 -5.9645e-14 -9.5004e-15 -1.3975e-15 -1.8987e-16 -2.3825e-17 -2.7612e-18 -2.9556e-19 -2.9221e-20 -2.6683e-21 -2.2505e-22 -1.7531e-23 -1.2613e-24 -8.3819e-26 -5.1445e-27 -2.9162e-28 -1.5268e-29 -7.3823e-31 -3.2967e-32 -1.3597e-33 -5.1789e-35 -1.8218e-36 -5.9184e-38 -1.7756e-39 -4.9198e-41 -1.2588e-42 -2.9745e-44 -6.4906e-46 -1.3079e-47 -2.4338e-49 -4.1822e-51 -6.6363e-53 -9.7242e-55 -1.3158e-56 -1.6440e-58 -1.8968e-60 -2.0208e-62 -1.9880e-64 -1.8059e-66 -1.5148e-68 -1.1732e-70 -8.3904e-73 -5.5406e-75 -3.3783e-77 -1.9020e-79 -9.8874e-82 -4.7458e-84 -2.1033e-86 -8.6068e-89 -3.2519e-91 -1.1345e-93 -3.6542e-96 -1.0868e-98 -2.9842e-101 -7.5658e-104 -1.7710e-106 -3.8277e-109 -7.6382e-112 -1.4073e-114 -2.3939e-117 -3.7597e-120 -5.4518e-123 -7.2988e-126 -9.0219e-129 -1.0296e-131 -1.0848e-134 -1.0553e-137 -9.4781e-141 -7.8593e-144 -6.0168e-147 -4.2527e-150 -2.7751e-153 -1.6719e-156 -9.2998e-160 -4.7757e-163 -2.2642e-166 -9.9108e-170 -4.0051e-173
-3.0406e-05 -5.5236e-05 9.0169e-04 -7.5043e-05 -7.0049e-05 -5.8704e-05 -4.4683e-05 -3.1093e-05 -1.9856e-05 -1.1664e-05 -6.3117e-06 -3.1493e-06 -1.4497e-06 -6.1591e-07 -2.4156e-07 -8.7468e-08 -2.9245e-08 -9.0289e-09 -2.5741e-09 -6.7766e-10 -1.6474e-10 -3.6983e-11 -7.6665e-12 -1.4675e-12 -2.5940e-13 -4.2339e-14 -6.3811e-15 -8.8802e-16 -1.1411e-16 -1.3539e-17 -1.4833e-18 -1.5004e-19 -1.4014e-20 -1.2086e-21 -9.6230e-23 -7.0746e-24 -4.8022e-25 -3.0096e-26 -1.7415e-27 -9.3037e-29 -4.5891e-30 -2.0899e-31 -8.7872e-33 -3.4111e-34 -1.2225e-35 -4.0453e-37 -1.2358e-38 -3.4856e-40 -9.0763e-42 -2.1820e-43 -4.8429e-45 -9.9236e-47 -1.8773e-48 -3.2788e-50 -5.2868e-52 -7.8700e-54 -1.0816e-55 -1.3723e-57 -1.6074e-59 -1.7382e-61 -1.7353e-63 -1.5994e-65 -1.3609e-67 -1.0690e-69 -7.7524e-72 -5.1901e-74 -3.2079e-76 -1.8304e-78 -9.6419e-81 -4.6888e-83 -2.1050e-85 -8.7245e-88 -3.3382e-90 -1.1791e-92 -3.8450e-95 -1.1575e-97 -3.2168e-100 -8.2531e-103 -1.9547e-105 -4.2741e-108 -8.6273e-111 -1.6077e-113 -2.7656e-116 -4.3921e-119 -6.4391e-122 -8.7149e-125 -1.0889e-127 -1.2559e-130 -1.3373e-133 -1.3146e-136 -1.1929e-139 -9.9935e-143 -7.7285e-146 -5.5176e-149 -3.6365e-152 -2.2125e-155 -1.2427e-158 -6.4435e-162 -3.0843e-165 -1.3629e-168 -1.0103e-05 -1.8181e-05 0.0000e+00 -2.3818e-05 -2.1666e-05 -1.7620e-05 -1.2970e-05 -8.7039e-06 -5.3490e-06 -3.0193e-06 -1.5684e-06 -7.5084e-07 -3.3156e-07 -1.3515e-07 -5.0870e-08 -1.7688e-08 -5.6829e-09 -1.6872e-09 -4.6295e-10 -1.1740e-10 -2.7518e-11 -5.9613e-12 -1.1936e-12 -2.2088e-13 -3.7778e-14 -5.9712e-15 -8.7222e-16 -1.1774e-16 -1.4686e-17 -1.6928e-18 -1.8029e-19 -1.7741e-20 -1.6130e-21 -1.3550e-22 -1.0516e-23 -7.5396e-25 -4.9939e-26 -3.0557e-27 -1.7272e-28 -9.0182e-30 -4.3495e-31 -1.9377e-32 -7.9738e-34 -3.0307e-35 -1.0640e-36 -3.4499e-38 -1.0332e-39 -2.8576e-41 -7.2999e-43 -1.7222e-44 -3.7524e-46 -7.5506e-48 -1.4031e-49 -2.4080e-51 -3.8163e-53 -5.5854e-55 -7.5490e-57 -9.4219e-59 -1.0859e-60 -1.1558e-62 -1.1359e-64 -1.0309e-66 -8.6391e-69 -6.6853e-71 -4.7771e-73 -3.1520e-75 -1.9204e-77 -1.0804e-79 -5.6122e-82 -2.6919e-84 -1.1922e-86 -4.8754e-89 -1.8409e-91 -6.4181e-94 -2.0661e-96 -6.1410e-99 -1.6853e-101 -4.2705e-104 -9.9913e-107 -2.1583e-109 -4.3047e-112 -7.9272e-115 -1.3478e-117 -2.1159e-120 -3.0668e-123 -4.1040e-126 -5.0706e-129 -5.7843e-132 -6.0921e-135 -5.9240e-138 -5.3185e-141 -4.4085e-144 -3.3738e-147 -2.3837e-150 -1.5550e-153 -9.3652e-157 -5.2074e-160 -2.6733e-163 -1.2670e-166 -5.5443e-170
-3.0831e-05 -5.7042e-05 -7.5043e-05 1.6029e-03 -8.1334e-05 -7.2023e-05 -5.8254e-05 -4.3262e-05 -2.9582e-05 -1.8653e-05 -1.0855e-05 -5.8329e-06 -2.8945e-06 -1.3267e-06 -5.6165e-07 -2.1963e-07 -7.9329e-08 -2.6465e-08 -8.1549e-09 -2.3208e-09 -6.1002e-10 -1.4808e-10 -3.3198e-11 -6.8734e-12 -1.3142e-12 -2.3205e-13 -3.7836e-14 -5.6969e-15 -7.9208e-16 -1.0170e-16 -1.2056e-17 -1.3198e-18 -1.3341e-19 -1.2452e-20 -1.0731e-21 -8.5394e-23 -6.2742e-24 -4.2564e-25 -2.6661e-26 -1.5419e-27 -8.2336e-29 -4.0593e-30 -1.8478e-31 -7.7658e-33 -3.0134e-34 -1.0796e-35 -3.5708e-37 -1.0904e-38 -3.0745e-40 -8.0030e-42 -1.9233e-43 -4.2674e-45 -8.7416e-47 -1.6532e-48 -2.8866e-50 -4.6531e-52 -6.9247e-54 -9.5142e-56 -1.2068e-57 -1.4133e-59 -1.5279e-61 -1.5250e-63 -1.4052e-65 -1.1954e-67 -9.3884e-70 -6.8070e-72 -4.5563e-74 -2.8156e-76 -1.6063e-78 -8.4597e-81 -4.1132e-83 -1.8463e-85 -7.6508e-88 -2.9269e-90 -1.0337e-92 -3.3702e-95 -1.0144e-97 -2.8187e-100 -7.2307e-103 -1.7123e-105 -3.7436e-108 -7.5555e-111 -1.4077e-113 -2.4214e-116 -3.8449e-119 -5.6363e-122 -7.6274e-125 -9.5288e-128 -1.0990e-130 -1.1701e-133 -1.1500e-136 -1.0435e-139 -8.7406e-143 -6.7589e-146 -4.8249e-149 -3.1796e-152 -1.9344e-155 -1.0864e-158 -5.6324e-162 -2.6957e-165 -1.0219e-05 -1.8595e-05 -2.3818e-05 0.0000e+00 -2.3882e-05 -2.0161e-05 -1.5488e-05 -1.0899e-05 -7.0529e-06 -4.2076e-06 -2.3175e-06 -1.1796e-06 -5.5513e-07 -2.4164e-07 -9.7305e-08 -3.6249e-08 -1.2493e-08 -3.9834e-09 -1.1749e-09 -3.2053e-10 -8.0879e-11 -1.8874e-11 -4.0730e-12 -8.1271e-13 -1.4994e-13 -2.5573e-14 -4.0322e-15 -5.8769e-16 -7.9170e-17 -9.8575e-18 -1.1343e-18 -1.2062e-19 -1.1853e-20 -1.0763e-21 -9.0308e-23 -7.0010e-24 -5.0145e-25 -3.3182e-26 -2.0286e-27 -1.1457e-28 -5.9775e-30 -2.8809e-31 -1.2826e-32 -5.2746e-34 -2.0036e-35 -7.0300e-37 -2.2783e-38 -6.8195e-40 -1.8853e-41 -4.8139e-43 -1.1352e-44 -2.4725e-46 -4.9733e-48 -9.2385e-50 -1.5849e-51 -2.5110e-53 -3.6739e-55 -4.9639e-57 -6.1937e-59 -7.1366e-61 -7.5936e-63 -7.4612e-65 -6.7697e-67 -5.6719e-69 -4.3882e-71 -3.1350e-73 -2.0681e-75 -1.2598e-77 -7.0858e-80 -3.6801e-82 -1.7649e-84 -7.8150e-87 -3.1953e-89 -1.2063e-91 -4.2051e-94 -1.3535e-96 -4.0223e-99 -1.1037e-101 -2.7964e-104 -6.5416e-107 -1.4129e-109 -2.8177e-112 -5.1882e-115 -8.8203e-118 -1.3845e-120 -2.0065e-123 -2.6848e-126 -3.3168e-129 -3.7832e-132 -3.9842e-135 -3.8739e-138 -3.4776e-141 -2.8823e-144 -2.2056e-147 -1.5582e-150 -1.0164e-153 -6.1209e-157 -3.4032e-160 -1.7469e-163 -8.2792e-167
-2.7102e-05 -5.1321e-05 -7.0049e-05 -8.1334e-05 2.5042e-03 -7.9559e-05 -6.8878e-05 -5.4928e-05 -4.0421e-05 -2.7470e-05 -1.7247e-05 -1.0005e-05 -5.3631e-06 -2.6562e-06 -1.2154e-06 -5.1385e-07 -2.0069e-07 -7.2409e-08 -2.4133e-08 -7.4296e-09 -2.1127e-09 -5.5490e-10 -1.3461e-10 -3.0159e-11 -6.2403e-12 -1.1925e-12 -2.1045e-13 -3.4297e-14 -5.1618e-15 -7.1738e-16 -9.2068e-17 -1.0911e-17 -1.1940e-18 -1.2065e-19 -1.1258e-20 -9.6991e-22 -7.7159e-23 -5.6676e-24 -3.8439e-25 -2.4072e-26 -1.3918e-27 -7.4305e-29 -3.6626e-30 -1.6669e-31 -7.0041e-33 -2.7173e-34 -9.7332e-36 -3.2188e-37 -9.8282e-39 -2.7706e-40 -7.2108e-42 -1.7327e-43 -3.8439e-45 -7.8731e-47 -1.4888e-48 -2.5991e-50 -4.1892e-52 -6.2337e-54 -8.5638e-56 -1.0862e-57 -1.2718e-59 -1.3748e-61 -1.3721e-63 -1.2642e-65 -1.0754e-67 -8.4448e-70 -6.1223e-72 -4.0977e-74 -2.5320e-76 -1.4443e-78 -7.6063e-81 -3.6980e-83 -1.6598e-85 -6.8775e-88 -2.6309e-90 -9.2908e-93 -3.0290e-95 -9.1164e-98 -2.5330e-100 -6.4974e-103 -1.5386e-105 -3.3635e-108 -6.7881e-111 -1.2647e-113 -2.1752e-116 -3.4538e-119 -5.0627e-122 -6.8509e-125 -8.5584e-128 -9.8699e-131 -1.0508e-133 -1.0328e-136 -9.3704e-140 -7.8487e-143 -6.0689e-146 -4.3321e-149 -2.8548e-152 -1.7367e-155 -9.7530e-159 -5.0564e-162 -8.9548e-06 -1.6527e-05 -2.1666e-05 -2.3882e-05 0.0000e+00 -2.0595e-05 -1.6651e-05 -1.2390e-05 -8.5124e-06 -5.4090e-06 -3.1818e-06 -1.7334e-06 -8.7473e-07 -4.0887e-07 -1.7701e-07 -7.0967e-08 -2.6344e-08 -9.0531e-09 -2.8796e-09 -8.4764e-10 -2.3087e-10 -5.8175e-11 -1.3560e-11 -2.9233e-12 -5.8282e-13 -1.0745e-13 -1.8315e-14 -2.8863e-15 -4.2047e-16 -5.6622e-17 -7.0475e-18 -8.1072e-19 -8.6190e-20 -8.4679e-21 -7.6877e-22 -6.4491e-23 -4.9988e-24 -3.5799e-25 -2.3687e-26 -1.4479e-27 -8.1769e-29 -4.2659e-30 -2.0558e-31 -9.1522e-33 -3.7636e-34 -1.4296e-35 -5.0158e-37 -1.6254e-38 -4.8653e-40 -1.3450e-41 -3.4343e-43 -8.0988e-45 -1.7639e-46 -3.5479e-48 -6.5907e-50 -1.1307e-51 -1.7913e-53 -2.6209e-55 -3.5413e-57 -4.4186e-59 -5.0913e-61 -5.4173e-63 -5.3229e-65 -4.8297e-67 -4.0465e-69 -3.1307e-71 -2.2367e-73 -1.4755e-75 -8.9880e-78 -5.0555e-80 -2.6257e-82 -1.2592e-84 -5.5761e-87 -2.2799e-89 -8.6075e-92 -3.0005e-94 -9.6578e-97 -2.8702e-99 -7.8760e-102 -1.9955e-104 -4.6681e-107 -1.0083e-109 -2.0108e-112 -3.7025e-115 -6.2946e-118 -9.8805e-121 -1.4320e-123 -1.9161e-126 -2.3672e-129 -2.7001e-132 -2.8436e-135 -2.7649e-138 -2.4821e-141 -2.0573e-144 -1.5743e-147 -1.1122e-150 -7.2549e-154 -4.3691e-157 -2.4292e-160 -1.2470e-163
-2.1150e-05 -4.1184e-05 -5.8704e-05 -7.2023e-05 -7.9559e-05 3.6057e-03 -7.4839e-05 -6.4298e-05 -5.1043e-05 -3.7455e-05 -2.5405e-05 -1.5928e-05 -9.2299e-06 -4.9430e-06 -2.4463e-06 -1.1187e-06 -4.7267e-07 -1.8452e-07 -6.6544e-08 -2.2169e-08 -6.8226e-09 -1.9395e-09 -5.0925e-10 -1.2350e-10 -2.7663e-11 -5.7227e-12 -1.0933e-12 -1.9291e-13 -3.1434e-14 -4.7301e-15 -6.5728e-16 -8.4343e-17 -9.9941e-18 -1.0935e-18 -1.1049e-19 -1.0308e-20 -8.8801e-22 -7.0636e-23 -5.1881e-24 -3.5184e-25 -2.2031e-26 -1.2738e-27 -6.7996e-29 -3.3514e-30 -1.5251e-31 -6.4082e-33 -2.4860e-34 -8.9041e-36 -2.9445e-37 -8.9900e-39 -2.5342e-40 -6.5952e-42 -1.5847e-43 -3.5155e-45 -7.2001e-47 -1.3615e-48 -2.3767e-50 -3.8306e-52 -5.6999e-54 -7.8303e-56 -9.9309e-58 -1.1628e-59 -1.2570e-61 -1.2544e-63 -1.1558e-65 -9.8309e-68 -7.7199e-70 -5.5967e-72 -3.7458e-74 -2.3145e-76 -1.3202e-78 -6.9526e-81 -3.3801e-83 -1.5171e-85 -6.2861e-88 -2.4046e-90 -8.4914e-93 -2.7683e-95 -8.3318e-98 -2.3150e-100 -5.9380e-103 -1.4061e-105 -3.0738e-108 -6.2033e-111 -1.1557e-113 -1.9878e-116 -3.1562e-119 -4.6263e-122 -6.2603e-125 -7.8205e-128 -9.0188e-131 -9.6017e-134 -9.4368e-137 -8.5621e-140 -7.1715e-143 -5.5453e-146 -3.9583e-149 -2.6084e-152 -1.5868e-155 -8.9111e-159 -6.9612e-06 -1.3071e-05 -1.7620e-05 -2.0161e-05 -2.0595e-05 0.0000e+00 -1.6422e-05 -1.3003e-05 -9.5384e-06 -6.4889e-06 -4.0951e-06 -2.3974e-06 -1.3017e-06 -6.5537e-07 -3.0585e-07 -1.3227e-07 -5.2995e-08 -1.9664e-08 -6.7563e-09 -2.1489e-09 -6.3259e-10 -1.7232e-10 -4.3429e-11 -1.0125e-11 -2.1834e-12 -4.3543e-13 -8.0297e-14 -1.3691e-14 -2.1582e-15 -3.1451e-16 -4.2365e-17 -5.2746e-18 -6.0695e-19 -6.4546e-20 -6.3432e-21 -5.7603e-22 -4.8336e-23 -3.7476e-24 -2.6845e-25 -1.7767e-26 -1.0863e-27 -6.1363e-29 -3.2020e-30 -1.5435e-31 -6.8729e-33 -2.8269e-34 -1.0740e-35 -3.7689e-37 -1.2216e-38 -3.6572e-40 -1.0112e-41 -2.5825e-43 -6.0911e-45 -1.3268e-46 -2.6693e-48 -4.9593e-50 -8.5093e-52 -1.3484e-53 -1.9731e-55 -2.6663e-57 -3.3274e-59 -3.8345e-61 -4.0805e-63 -4.0100e-65 -3.6388e-67 -3.0492e-69 -2.3594e-71 -1.6858e-73 -1.1122e-75 -6.7759e-78 -3.8117e-80 -1.9799e-82 -9.4961e-85 -4.2055e-87 -1.7197e-89 -6.4931e-92 -2.2637e-94 -7.2867e-97 -2.1657e-99 -5.9434e-102 -1.5060e-104 -3.5233e-107 -7.6107e-110 -1.5179e-112 -2.7952e-115 -4.7524e-118 -7.4604e-121 -1.0813e-123 -1.4470e-126 -1.7878e-129 -2.0394e-132 -2.1479e-135 -2.0886e-138 -1.8751e-141 -1.5542e-144 -1.1894e-147 -8.4038e-151 -5.4821e-154 -3.3016e-157 -1.8358e-160
-1.4838e-05 -2.9846e-05 -4.4683e-05 -5.8254e-05 -6.8878e-05 -7.4839e-05 4.9072e-03 -6.9594e-05 -5.9672e-05 -4.7318e-05 -3.4697e-05 -2.3523e-05 -1.4743e-05 -8.5411e-06 -4.5732e-06 -2.2629e-06 -1.0347e-06 -4.3714e-07 -1.7063e-07 -6.1532e-08 -2.0499e-08 -6.3082e-09 -1.7932e-09 -4.7082e-10 -1.1418e-10 -2.5575e-11 -5.2907e-12 -1.0108e-12 -1.7835e-13 -2.9061e-14 -4.3730e-15 -6.0767e-16 -7.7977e-17 -9.2399e-18 -1.0110e-18 -1.0215e-19 -9.5305e-21 -8.2103e-22 -6.5309e-23 -4.7968e-24 -3.2531e-25 -2.0370e-26 -1.1778e-27 -6.2872e-29 -3.0989e-30 -1.4103e-31 -5.9255e-33 -2.2987e-34 -8.2336e-36 -2.7228e-37 -8.3133e-39 -2.3434e-40 -6.0989e-42 -1.4655e-43 -3.2510e-45 -6.6585e-47 -1.2591e-48 -2.1980e-50 -3.5426e-52 -5.2714e-54 -7.2417e-56 -9.1845e-58 -1.0754e-59 -1.1625e-61 -1.1602e-63 -1.0689e-65 -9.0925e-68 -7.1402e-70 -5.1764e-72 -3.4645e-74 -2.1407e-76 -1.2211e-78 -6.4307e-81 -3.1265e-83 -1.4032e-85 -5.8144e-88 -2.2242e-90 -7.8545e-93 -2.5607e-95 -7.7069e-98 -2.1414e-100 -5.4927e-103 -1.3007e-105 -2.8434e-108 -5.7383e-111 -1.0691e-113 -1.8388e-116 -2.9197e-119 -4.2797e-122 -5.7912e-125 -7.2345e-128 -8.3432e-131 -8.8824e-134 -8.7299e-137 -7.9208e-140 -6.6344e-143 -5.1300e-146 -3.6619e-149 -2.4131e-152 -1.4680e-155 -4.8617e-06 -9.3157e-06 -1.2970e-05 -1.5488e-05 -1.6651e-05 -1.6422e-05 0.0000e+00 -1.2676e-05 -9.9674e-06 -7.2837e-06 -4.9455e-06 -3.1188e-06 -1.8259e-06 -9.9187e-07 -4.9975e-07 -2.3344e-07 -1.0106e-07 -4.0531e-08 -1.5055e-08 -5.1782e-09 -1.6487e-09 -4.8581e-10 -1.3246e-10 -3.3415e-11 -7.7972e-12 -1.6828e-12 -3.3586e-13 -6.1984e-14 -1.0576e-14 -1.6684e-15 -2.4329e-16 -3.2793e-17 -4.0853e-18 -4.7037e-19 -5.0049e-20 -4.9212e-21 -4.4713e-22 -3.7537e-23 -2.9117e-24 -2.0867e-25 -1.3816e-26 -8.4513e-28 -4.7757e-29 -2.4930e-30 -1.2022e-31 -5.3549e-33 -2.2033e-34 -8.3736e-36 -2.9394e-37 -9.5305e-39 -2.8540e-40 -7.8939e-42 -2.0165e-43 -4.7574e-45 -1.0366e-46 -2.0859e-48 -3.8763e-50 -6.6527e-52 -1.0544e-53 -1.5433e-55 -2.0860e-57 -2.6037e-59 -3.0011e-61 -3.1943e-63 -3.1397e-65 -2.8496e-67 -2.3883e-69 -1.8483e-71 -1.3209e-73 -8.7160e-76 -5.3108e-78 -2.9880e-80 -1.5523e-82 -7.4464e-85 -3.2982e-87 -1.3489e-89 -5.0938e-92 -1.7761e-94 -5.7179e-97 -1.6997e-99 -4.6650e-102 -1.1822e-104 -2.7661e-107 -5.9759e-110 -1.1920e-112 -2.1953e-115 -3.7329e-118 -5.8605e-121 -8.4950e-124 -1.1369e-126 -1.4048e-129 -1.6027e-132 -1.6881e-135 -1.6417e-138 -1.4740e-141 -1.2219e-144 -9.3519e-148 -6.6082e-151 -4.3111e-154 -2.5966e-157
-9.4290e-06 -1.9675e-05 -3.1093e-05 -4.3262e-05 -5.4928e-05 -6.4298e-05 -6.9594e-05 6.4087e-03 -6.4591e-05 -5.5377e-05 -4.3915e-05 -3.2206e-05 -2.1838e-05 -1.3690e-05 -7.9324e-06 -4.2481e-06 -2.1025e-06 -9.6150e-07 -4.0629e-07 -1.5862e-07 -5.7210e-08 -1.9062e-08 -5.8670e-09 -1.6680e-09 -4.3802e-10 -1.0624e-10 -2.3800e-11 -4.9240e-12 -9.4086e-13 -1.6603e-13 -2.7056e-14 -4.0718e-15 -5.6587e-16 -7.2620e-17 -8.6059e-18 -9.4174e-19 -9.5160e-20 -8.8789e-21 -7.6496e-22 -6.0853e-23 -4.4699e-24 -3.0316e-25 -1.8985e-26 -1.0977e-27 -5.8603e-29 -2.8887e-30 -1.3147e-31 -5.5242e-33 -2.1432e-34 -7.6768e-36 -2.5388e-37 -7.7519e-39 -2.1853e-40 -5.6876e-42 -1.3667e-43 -3.0320e-45 -6.2103e-47 -1.1744e-48 -2.0502e-50 -3.3046e-52 -4.9174e-54 -6.7556e-56 -8.5684e-58 -1.0033e-59 -1.0846e-61 -1.0825e-63 -9.9737e-66 -8.4840e-68 -6.6625e-70 -4.8303e-72 -3.2330e-74 -1.9977e-76 -1.1396e-78 -6.0014e-81 -2.9178e-83 -1.3096e-85 -5.4267e-88 -2.0759e-90 -7.3311e-93 -2.3901e-95 -7.1937e-98 -1.9988e-100 -5.1272e-103 -1.2141e-105 -2.6543e-108 -5.3568e-111 -9.9804e-114 -1.7166e-116 -2.7257e-119 -3.9955e-122 -5.4067e-125 -6.7543e-128 -7.7895e-131 -8.2931e-134 -8.1509e-137 -7.3956e-140 -6.1946e-143 -4.7900e-146 -3.4193e-149 -2.2532e-152 -3.0737e-06 -6.0274e-06 -8.7039e-06 -1.0899e-05 -1.2390e-05 -1.3003e-05 -1.2676e-05 0.0000e+00 -9.7218e-06 -7.6481e-06 -5.5972e-06 -3.8080e-06 -2.4068e-06 -1.4122e-06 -7.6890e-07 -3.8825e-07 -1.8173e-07 -7.8828e-08 -3.1674e-08 -1.1786e-08 -4.0602e-09 -1.2947e-09 -3.8206e-10 -1.0431e-10 -2.6347e-11 -6.1554e-12 -1.3300e-12 -2.6572e-13 -4.9089e-14 -8.3840e-15 -1.3237e-15 -1.9319e-16 -2.6061e-17 -3.2492e-18 -3.7437e-19 -3.9862e-20 -3.9221e-21 -3.5658e-22 -2.9953e-23 -2.3248e-24 -1.6670e-25 -1.1043e-26 -6.7584e-28 -3.8209e-29 -1.9955e-30 -9.6270e-32 -4.2900e-33 -1.7659e-34 -6.7138e-36 -2.3577e-37 -7.6472e-39 -2.2909e-40 -6.3384e-42 -1.6197e-43 -3.8224e-45 -8.3312e-47 -1.6770e-48 -3.1173e-50 -5.3516e-52 -8.4841e-54 -1.2421e-55 -1.6793e-57 -2.0966e-59 -2.4172e-61 -2.5735e-63 -2.5300e-65 -2.2968e-67 -1.9254e-69 -1.4904e-71 -1.0653e-73 -7.0309e-76 -4.2849e-78 -2.4112e-80 -1.2529e-82 -6.0112e-85 -2.6630e-87 -1.0893e-89 -4.1141e-92 -1.4347e-94 -4.6197e-97 -1.3734e-99 -3.7702e-102 -9.5556e-105 -2.2362e-107 -4.8316e-110 -9.6389e-113 -1.7754e-115 -3.0193e-118 -4.7409e-121 -6.8729e-124 -9.1994e-127 -1.1369e-129 -1.2971e-132 -1.3664e-135 -1.3290e-138 -1.1934e-141 -9.8939e-145 -7.5731e-148 -5.3518e-151 -3.4918e-154
-5.4539e-06 -1.1852e-05 -1.9856e-05 -2.9582e-05 -4.0421e-05 -5.1043e-05 -5.9672e-05 -6.4591e-05 8.1100e-03 -6.0014e-05 -5.1485e-05 -4.0853e-05 -2.9977e-05 -2.0338e-05 -1.2756e-05 -7.3946e-06 -3.9618e-06 -1.9615e-06 -8.9740e-07 -3.7934e-07 -1.4815e-07 -5.3449e-08 -1.7814e-08 -5.4844e-09 -1.5596e-09 -4.0966e-10 -9.9386e-11 -2.2269e-11 -4.6083e-12 -8.8071e-13 -1.5544e-13 -2.5336e-14 -3.8135e-15 -5.3006e-16 -6.8035e-17 -8.0638e-18 -8.8254e-19 -8.9190e-20 -8.3229e-21 -7.1714e-22 -5.7057e-23 -4.1915e-24 -2.8431e-25 -1.7806e-26 -1.0297e-27 -5.4975e-29 -2.7101e-30 -1.2335e-31 -5.1836e-33 -2.0112e-34 -7.2047e-36 -2.3829e-37 -7.2763e-39 -2.0514e-40 -5.3395e-42 -1.2831e-43 -2.8468e-45 -5.8313e-47 -1.1028e-48 -1.9253e-50 -3.1035e-52 -4.6184e-54 -6.3452e-56 -8.0482e-58 -9.4246e-60 -1.0189e-61 -1.0169e-63 -9.3702e-66 -7.9709e-68 -6.2599e-70 -4.5386e-72 -3.0379e-74 -1.8772e-76 -1.0709e-78 -5.6400e-81 -2.7422e-83 -1.2309e-85 -5.1004e-88 -1.9512e-90 -6.8908e-93 -2.2466e-95 -6.7621e-98 -1.8790e-100 -4.8199e-103 -1.1414e-105 -2.4954e-108 -5.0362e-111 -9.3834e-114 -1.6140e-116 -2.5628e-119 -3.7568e-122 -5.0839e-125 -6.3513e-128 -7.3249e-131 -7.7986e-134 -7.6651e-137 -6.9549e-140 -5.8257e-143 -4.5048e-146 -3.2158e-149 -1.7676e-06 -3.5574e-06 -5.3490e-06 -7.0529e-06 -8.5124e-06 -9.5384e-06 -9.9674e-06 -9.7218e-06 0.0000e+00 -7.5034e-06 -5.9260e-06 -4.3538e-06 -2.9732e-06 -1.8857e-06 -1.1101e-06 -6.0624e-07 -3.0697e-07 -1.4406e-07 -6.2635e-08 -2.5223e-08 -9.4046e-09 -3.2460e-09 -1.0369e-09 -3.0648e-10 -8.3806e-11 -2.1198e-11 -4.9590e-12 -1.0728e-12 -2.1460e-13 -3.9688e-14 -6.7855e-15 -1.0724e-15 -1.5666e-16 -2.1152e-17 -2.6393e-18 -3.0435e-19 -3.2431e-20 -3.1932e-21 -2.9051e-22 -2.4420e-23 -1.8965e-24 -1.3607e-25 -9.0192e-27 -5.5228e-28 -3.1240e-29 -1.6324e-30 -7.8789e-32 -3.5127e-33 -1.4465e-34 -5.5021e-36 -1.9330e-37 -6.2721e-39 -1.8797e-40 -5.2026e-42 -1.3299e-43 -3.1397e-45 -6.8455e-47 -1.3784e-48 -2.5631e-50 -4.4014e-52 -6.9798e-54 -1.0222e-55 -1.3823e-57 -1.7263e-59 -1.9908e-61 -2.1200e-63 -2.0847e-65 -1.8930e-67 -1.5872e-69 -1.2289e-71 -8.7859e-74 -5.8000e-76 -3.5355e-78 -1.9899e-80 -1.0342e-82 -4.9628e-85 -2.1990e-87 -8.9964e-90 -3.3984e-92 -1.1853e-94 -3.8174e-97 -1.1351e-99 -3.1164e-102 -7.9000e-105 -1.8490e-107 -3.9957e-110 -7.9725e-113 -1.4687e-115 -2.4981e-118 -3.9229e-121 -5.6879e-124 -7.6142e-127 -9.4109e-130 -1.0739e-132 -1.1314e-135 -1.1006e-138 -9.8837e-142 -8.1951e-145 -6.2735e-148 -4.4339e-151
-2.8809e-06 -6.5441e-06 -1.1664e-05 -1.8653e-05 -2.7470e-05 -3.7455e-05 -4.7318e-05 -5.5377e-05 -6.0014e-05 1.0011e-02 -5.5884e-05 -4.7988e-05 -3.8112e-05 -2.7989e-05 -1.9003e-05 -1.1926e-05 -6.9181e-06 -3.7087e-06 -1.8372e-06 -8.4093e-07 -3.5563e-07 -1.3895e-07 -5.0150e-08 -1.6721e-08 -5.1496e-09 -1.4649e-09 -3.8490e-10 -9.3404e-11 -2.0934e-11 -4.3332e-12 -8.2835e-13 -1.4623e-13 -2.3840e-14 -3.5891e-15 -4.9897e-16 -6.4056e-17 -7.5936e-18 -8.3122e-19 -8.4017e-20 -7.8414e-21 -6.7576e-22 -5.3772e-23 -3.9507e-24 -2.6801e-25 -1.6788e-26 -9.7089e-28 -5.1843e-29 -2.5560e-30 -1.1635e-31 -4.8899e-33 -1.8974e-34 -6.7978e-36 -2.2485e-37 -6.8666e-39 -1.9360e-40 -5.0397e-42 -1.2112e-43 -2.6874e-45 -5.5052e-47 -1.0412e-48 -1.8180e-50 -2.9306e-52 -4.3614e-54 -5.9925e-56 -7.6014e-58 -8.9019e-60 -9.6243e-62 -9.6064e-64 -8.8521e-66 -7.5306e-68 -5.9144e-70 -4.2884e-72 -2.8705e-74 -1.7739e-76 -1.0120e-78 -5.3301e-81 -2.5916e-83 -1.1633e-85 -4.8208e-88 -1.8443e-90 -6.5136e-93 -2.1238e-95 -6.3925e-98 -1.7763e-100 -4.5568e-103 -1.0792e-105 -2.3593e-108 -4.7619e-111 -8.8726e-114 -1.5262e-116 -2.4235e-119 -3.5526e-122 -4.8078e-125 -6.0065e-128 -6.9274e-131 -7.3757e-134 -7.2496e-137 -6.5782e-140 -5.5102e-143 -4.2610e-146 -9.2775e-07 -1.9215e-06 -3.0193e-06 -4.2076e-06 -5.4090e-06 -6.4889e-06 -7.2837e-06 -7.6481e-06 -7.5034e-06 0.0000e+00 -5.8588e-06 -4.6516e-06 -3.4340e-06 -2.3554e-06 -1.4999e-06 -8.8616e-07 -4.8554e-07 -2.4659e-07 -1.1604e-07 -5.0583e-08 -2.0417e-08 -7.6290e-09 -2.6384e-09 -8.4435e-10 -2.5000e-10 -6.8470e-11 -1.7345e-11 -4.0633e-12 -8.8017e-13 -1.7628e-13 -3.2639e-14 -5.5865e-15 -8.8382e-16 -1.2924e-16 -1.7465e-17 -2.1812e-18 -2.5173e-19 -2.6845e-20 -2.6452e-21 -2.4083e-22 -2.0257e-23 -1.5742e-24 -1.1302e-25 -7.4959e-27 -4.5926e-28 -2.5993e-29 -1.3589e-30 -6.5622e-32 -2.9271e-33 -1.2059e-34 -4.5891e-36 -1.6129e-37 -5.2357e-39 -1.5697e-40 -4.3464e-42 -1.1115e-43 -2.6249e-45 -5.7251e-47 -1.1532e-48 -2.1450e-50 -3.6846e-52 -5.8450e-54 -8.5623e-56 -1.1583e-57 -1.4469e-59 -1.6690e-61 -1.7778e-63 -1.7487e-65 -1.5883e-67 -1.3321e-69 -1.0316e-71 -7.3768e-74 -4.8709e-76 -2.9697e-78 -1.6719e-80 -8.6906e-83 -4.1712e-85 -1.8486e-87 -7.5644e-90 -2.8580e-92 -9.9704e-95 -3.2115e-97 -9.5512e-100 -2.6227e-102 -6.6496e-105 -1.5566e-107 -3.3644e-110 -6.7138e-113 -1.2370e-115 -2.1043e-118 -3.3050e-121 -4.7927e-124 -6.4167e-127 -7.9319e-130 -9.0525e-133 -9.5386e-136 -9.2796e-139 -8.3348e-142 -6.9117e-145 -5.2916e-148
-1.3930e-06 -3.3187e-06 -6.3117e-06 -1.0855e-05 -1.7247e-05 -2.5405e-05 -3.4697e-05 -4.3915e-05 -5.1485e-05 -5.5884e-05 1.2112e-02 -5.2178e-05 -4.4857e-05 -3.5662e-05 -2.6214e-05 -1.7813e-05 -1.1188e-05 -6.4946e-06 -3.4839e-06 -1.7269e-06 -7.9088e-07 -3.3464e-07 -1.3081e-07 -4.7233e-08 -1.5755e-08 -4.8540e-09 -1.3813e-09 -3.6306e-10 -8.8134e-11 -1.9759e-11 -4.0911e-12 -7.8228e-13 -1.3814e-13 -2.2525e-14 -3.3920e-15 -4.7167e-16 -6.0564e-17 -7.1810e-18 -7.8621e-19 -7.9482e-20 -7.4194e-21 -6.3950e-22 -5.0895e-23 -3.7399e-24 -2.5375e-25 -1.5896e-26 -9.1947e-28 -4.9104e-29 -2.4212e-30 -1.1023e-31 -4.6332e-33 -1.7980e-34 -6.4423e-36 -2.1312e-37 -6.5089e-39 -1.8354e-40 -4.7781e-42 -1.1484e-43 -2.5484e-45 -5.2208e-47 -9.8747e-49 -1.7243e-50 -2.7799e-52 -4.1374e-54 -5.6852e-56 -7.2121e-58 -8.4465e-60 -9.1326e-62 -9.1161e-64 -8.4009e-66 -7.1472e-68 -5.6137e-70 -4.0705e-72 -2.7249e-74 -1.6840e-76 -9.6076e-79 -5.0604e-81 -2.4607e-83 -1.1046e-85 -4.5776e-88 -1.7513e-90 -6.1857e-93 -2.0169e-95 -6.0712e-98 -1.6871e-100 -4.3282e-103 -1.0250e-105 -2.2411e-108 -4.5235e-111 -8.4287e-114 -1.4499e-116 -2.3024e-119 -3.3753e-122 -4.5679e-125 -5.7070e-128 -6.5823e-131 -7.0085e-134 -6.8889e-137 -6.2511e-140 -5.2364e-143 -4.4546e-07 -9.5200e-07 -1.5684e-06 -2.3175e-06 -3.1818e-06 -4.0951e-06 -4.9455e-06 -5.5972e-06 -5.9260e-06 -5.8588e-06 0.0000e+00 -4.6359e-06 -3.7015e-06 -2.7464e-06 -1.8923e-06 -1.2099e-06 -7.1747e-07 -3.9442e-07 -2.0093e-07 -9.4818e-08 -4.1435e-08 -1.6764e-08 -6.2775e-09 -2.1753e-09 -6.9744e-10 -2.0685e-10 -5.6745e-11 -1.4396e-11 -3.3772e-12 -7.3253e-13 -1.4689e-13 -2.7229e-14 -4.6657e-15 -7.3891e-16 -1.0815e-16 -1.4629e-17 -1.8287e-18 -2.1122e-19 -2.2543e-20 -2.2230e-21 -2.0253e-22 -1.7048e-23 -1.3257e-24 -9.5237e-26 -6.3203e-27 -3.8746e-28 -2.1941e-29 -1.1477e-30 -5.5451e-32 -2.4746e-33 -1.0200e-34 -3.8833e-36 -1.3654e-37 -4.4343e-39 -1.3300e-40 -3.6841e-42 -9.4246e-44 -2.2266e-45 -4.8581e-47 -9.7885e-49 -1.8214e-50 -3.1297e-52 -4.9663e-54 -7.2773e-56 -9.8473e-58 -1.2305e-59 -1.4198e-61 -1.5127e-63 -1.4883e-65 -1.3521e-67 -1.1343e-69 -8.7864e-72 -6.2846e-74 -4.1506e-76 -2.5312e-78 -1.4253e-80 -7.4104e-83 -3.5575e-85 -1.5769e-87 -6.4540e-90 -2.4390e-92 -8.5101e-95 -2.7416e-97 -8.1552e-100 -2.2398e-102 -5.6796e-105 -1.3298e-107 -2.8745e-110 -5.7372e-113 -1.0572e-115 -1.7988e-118 -2.8256e-121 -4.0980e-124 -5.4875e-127 -6.7842e-130 -7.7437e-133 -8.1606e-136 -7.9400e-139 -7.1325e-142 -5.9154e-145
-6.1758e-07 -1.5480e-06 -3.1493e-06 -5.8329e-06 -1.0005e-05 -1.5928e-05 -2.3523e-05 -3.2206e-05 -4.0853e-05 -4.7988e-05 -5.2178e-05 1.4413e-02 -4.8858e-05 -4.2055e-05 -3.3471e-05 -2.4628e-05 -1.6750e-05 -1.0529e-05 -6.1166e-06 -3.2834e-06 -1.6285e-06 -7.4627e-07 -3.1593e-07 -1.2356e-07 -4.4637e-08 -1.4895e-08 -4.5911e-09 -1.3070e-09 -3.4365e-10 -8.3451e-11 -1.8715e-11 -3.8762e-12 -7.4138e-13 -1.3095e-13 -2.1359e-14 -3.2172e-15 -4.4746e-16 -5.7469e-17 -6.8154e-18 -7.4633e-19 -7.5465e-20 -7.0458e-21 -6.0740e-22 -4.8348e-23 -3.5534e-24 -2.4113e-25 -1.5108e-26 -8.7399e-28 -4.6682e-29 -2.3021e-30 -1.0482e-31 -4.4063e-33 -1.7102e-34 -6.1283e-36 -2.0275e-37 -6.1930e-39 -1.7465e-40 -4.5471e-42 -1.0930e-43 -2.4257e-45 -4.9699e-47 -9.4009e-49 -1.6417e-50 -2.6469e-52 -3.9399e-54 -5.4141e-56 -6.8687e-58 -8.0450e-60 -8.6991e-62 -8.6841e-64 -8.0033e-66 -6.8094e-68 -5.3486e-70 -3.8786e-72 -2.5966e-74 -1.6048e-76 -9.1563e-79 -4.8230e-81 -2.3453e-83 -1.0529e-85 -4.3636e-88 -1.6695e-90 -5.8970e-93 -1.9229e-95 -5.7884e-98 -1.6086e-100 -4.1269e-103 -9.7743e-106 -2.1371e-108 -4.3137e-111 -8.0382e-114 -1.3828e-116 -2.1959e-119 -3.2193e-122 -4.3570e-125 -5.4437e-128 -6.2789e-131 -6.6857e-134 -6.5718e-137 -5.9635e-140 -1.9601e-07 -4.3334e-07 -7.5084e-07 -1.1796e-06 -1.7334e-06 -2.3974e-06 -3.1188e-06 -3.8080e-06 -4.3538e-06 -4.6516e-06 -4.6359e-06 0.0000e+00 -3.7175e-06 -2.9847e-06 -2.2255e-06 -1.5402e-06 -9.8866e-07 -5.8839e-07 -3.2451e-07 -1.6581e-07 -7.8455e-08 -3.4370e-08 -1.3937e-08 -5.2300e-09 -1.8159e-09 -5.8325e-10 -1.7328e-10 -4.7610e-11 -1.2096e-11 -2.8416e-12 -6.1715e-13 -1.2391e-13 -2.2995e-14 -3.9444e-15 -6.2532e-16 -9.1615e-17 -1.2404e-17 -1.5518e-18 -1.7939e-19 -1.9161e-20 -1.8909e-21 -1.7240e-22 -1.4522e-23 -1.1300e-24 -8.1230e-26 -5.3940e-27 -3.3086e-28 -1.8747e-29 -9.8111e-31 -4.7427e-32 -2.1176e-33 -8.7326e-35 -3.3261e-36 -1.1700e-37 -3.8014e-39 -1.1406e-40 -3.1607e-42 -8.0889e-44 -1.9117e-45 -4.1726e-47 -8.4103e-49 -1.5655e-50 -2.6908e-52 -4.2712e-54 -6.2607e-56 -8.4741e-58 -1.0592e-59 -1.2225e-61 -1.3029e-63 -1.2822e-65 -1.1652e-67 -9.7769e-70 -7.5752e-72 -5.4195e-74 -3.5801e-76 -2.1838e-78 -1.2299e-80 -6.3961e-83 -3.0712e-85 -1.3616e-87 -5.5740e-90 -2.1068e-92 -7.3525e-95 -2.3691e-97 -7.0484e-100 -1.9362e-102 -4.9105e-105 -1.1499e-107 -2.4861e-110 -4.9628e-113 -9.1466e-116 -1.5564e-118 -2.4453e-121 -3.5470e-124 -4.7503e-127 -5.8736e-130 -6.7053e-133 -7.0673e-136 -6.8772e-139 -6.1786e-142
-2.5139e-07 -6.6486e-07 -1.4497e-06 -2.8945e-06 -5.3631e-06 -9.2299e-06 -1.4743e-05 -2.1838e-05 -2.9977e-05 -3.8112e-05 -4.4857e-05 -4.8858e-05 1.6914e-02 -4.5884e-05 -3.9543e-05 -3.1506e-05 -2.3205e-05 -1.5797e-05 -9.9384e-06 -5.7778e-06 -3.1037e-06 -1.5404e-06 -7.0631e-07 -2.9918e-07 -1.1706e-07 -4.2311e-08 -1.4126e-08 -4.3557e-09 -1.2405e-09 -3.2628e-10 -7.9259e-11 -1.7781e-11 -3.6838e-12 -7.0481e-13 -1.2452e-13 -2.0316e-14 -3.0608e-15 -4.2582e-16 -5.4702e-17 -6.4887e-18 -7.1070e-19 -7.1877e-20 -6.7120e-21 -5.7873e-22 -4.6074e-23 -3.3868e-24 -2.2986e-25 -1.4404e-26 -8.3341e-28 -4.4521e-29 -2.1958e-30 -9.9992e-32 -4.2040e-33 -1.6319e-34 -5.8484e-36 -1.9351e-37 -5.9114e-39 -1.6672e-40 -4.3413e-42 -1.0436e-43 -2.3163e-45 -4.7462e-47 -8.9787e-49 -1.5681e-50 -2.5285e-52 -3.7639e-54 -5.1727e-56 -6.5630e-58 -7.6875e-60 -8.3132e-62 -8.2994e-64 -7.6493e-66 -6.5087e-68 -5.1128e-70 -3.7078e-72 -2.4824e-74 -1.5343e-76 -8.7547e-79 -4.6117e-81 -2.2427e-83 -1.0069e-85 -4.1731e-88 -1.5967e-90 -5.6402e-93 -1.8392e-95 -5.5369e-98 -1.5388e-100 -3.9480e-103 -9.3511e-106 -2.0447e-108 -4.1273e-111 -7.6912e-114 -1.3231e-116 -2.1013e-119 -3.0807e-122 -4.1696e-125 -5.2098e-128 -6.0092e-131 -6.3988e-134 -6.2901e-137 -7.9145e-08 -1.8145e-07 -3.3156e-07 -5.5513e-07 -8.7473e-07 -1.3017e-06 -1.8259e-06 -2.4068e-06 -2.9732e-06 -3.4340e-06 -3.7015e-06 -3.7175e-06 0.0000e+00 -3.0191e-06 -2.4367e-06 -1.8254e-06 -1.2686e-06 -8.1742e-07 -4.8814e-07 -2.7006e-07 -1.3837e-07 -6.5645e-08 -2.8827e-08 -1.1715e-08 -4.4051e-09 -1.5324e-09 -4.9305e-10 -1.4672e-10 -4.0374e-11 -1.0273e-11 -2.4164e-12 -5.2548e-13 -1.0563e-13 -1.9625e-14 -3.3698e-15 -5.3477e-16 -7.8423e-17 -1.0627e-17 -1.3307e-18 -1.5396e-19 -1.6457e-20 -1.6253e-21 -1.4829e-22 -1.2499e-23 -9.7325e-25 -7.0004e-26 -4.6513e-27 -2.8547e-28 -1.6184e-29 -8.4742e-31 -4.0985e-32 -1.8308e-33 -7.5537e-35 -2.8784e-36 -1.0130e-37 -3.2925e-39 -9.8833e-41 -2.7398e-42 -7.0143e-44 -1.6584e-45 -3.6209e-47 -7.3008e-49 -1.3594e-50 -2.3374e-52 -3.7114e-54 -5.4417e-56 -7.3678e-58 -9.2117e-60 -1.0635e-61 -1.1337e-63 -1.1160e-65 -1.0144e-67 -8.5142e-70 -6.5984e-72 -4.7218e-74 -3.1200e-76 -1.9035e-78 -1.0723e-80 -5.5776e-83 -2.6787e-85 -1.1879e-87 -4.8637e-90 -1.8387e-92 -6.4180e-95 -2.0684e-97 -6.1548e-100 -1.6910e-102 -4.2894e-105 -1.0046e-107 -2.1724e-110 -4.3372e-113 -7.9950e-116 -1.3607e-118 -2.1381e-121 -3.1018e-124 -4.1547e-127 -5.1385e-130 -5.8668e-133 -6.1842e-136 -6.0185e-139
-9.4047e-08 -2.6311e-07 -6.1591e-07 -1.3267e-06 -2.6562e-06 -4.9430e-06 -8.5411e-06 -1.3690e-05 -2.0338e-05 -2.7989e-05 -3.5662e-05 -4.2055e-05 -4.5884e-05 1.9615e-02 -4.3213e-05 -3.7286e-05 -2.9740e-05 -2.1926e-05 -1.4940e-05 -9.4067e-06 -5.4728e-06 -2.9419e-06 -1.4610e-06 -6.7031e-07 -2.8409e-07 -1.1122e-07 -4.0217e-08 -1.3432e-08 -4.1436e-09 -1.1805e-09 -3.1063e-10 -7.5485e-11 -1.6940e-11 -3.5106e-12 -6.7187e-13 -1.1874e-13 -1.9378e-14 -2.9201e-15 -4.0634e-16 -5.2212e-17 -6.1947e-18 -6.7864e-19 -6.8648e-20 -6.4117e-21 -5.5294e-22 -4.4029e-23 -3.2370e-24 -2.1973e-25 -1.3772e-26 -7.9691e-28 -4.2577e-29 -2.1003e-30 -9.5653e-32 -4.0221e-33 -1.5615e-34 -5.5967e-36 -1.8520e-37 -5.6583e-39 -1.5960e-40 -4.1563e-42 -9.9927e-44 -2.2180e-45 -4.5453e-47 -8.5995e-49 -1.5020e-50 -2.4221e-52 -3.6059e-54 -4.9560e-56 -6.2885e-58 -7.3665e-60 -7.9667e-62 -7.9541e-64 -7.3315e-66 -6.2387e-68 -4.9011e-70 -3.5545e-72 -2.3799e-74 -1.4710e-76 -8.3943e-79 -4.4222e-81 -2.1507e-83 -9.6560e-86 -4.0023e-88 -1.5315e-90 -5.4099e-93 -1.7642e-95 -5.3114e-98 -1.4762e-100 -3.7876e-103 -8.9715e-106 -1.9618e-108 -3.9601e-111 -7.3800e-114 -1.2696e-116 -2.0164e-119 -2.9564e-122 -4.0016e-125 -5.0000e-128 -5.7676e-131 -6.1417e-134 -2.9355e-08 -6.9953e-08 -1.3515e-07 -2.4164e-07 -4.0887e-07 -6.5537e-07 -9.9187e-07 -1.4122e-06 -1.8857e-06 -2.3554e-06 -2.7464e-06 -2.9847e-06 -3.0191e-06 0.0000e+00 -2.4809e-06 -2.0121e-06 -1.5140e-06 -1.0563e-06 -6.8304e-07 -4.0921e-07 -2.2706e-07 -1.1665e-07 -5.5477e-08 -2.4417e-08 -9.9437e-09 -3.7463e-09 -1.3056e-09 -4.2079e-10 -1.2541e-10 -3.4562e-11 -8.8059e-12 -2.0741e-12 -4.5158e-13 -9.0877e-14 -1.6903e-14 -2.9054e-15 -4.6152e-16 -6.7744e-17 -9.1883e-18 -1.1515e-18 -1.3333e-19 -1.4263e-20 -1.4096e-21 -1.2870e-22 -1.0855e-23 -8.4577e-25 -6.0873e-26 -4.0469e-27 -2.4852e-28 -1.4096e-29 -7.3850e-31 -3.5735e-32 -1.5971e-33 -6.5923e-35 -2.5132e-36 -8.8484e-38 -2.8772e-39 -8.6400e-41 -2.3961e-42 -6.1367e-44 -1.4514e-45 -3.1701e-47 -6.3941e-49 -1.1910e-50 -2.0484e-52 -3.2535e-54 -4.7719e-56 -6.4628e-58 -8.0824e-60 -9.3337e-62 -9.9529e-64 -9.8000e-66 -8.9101e-68 -7.4802e-70 -5.7985e-72 -4.1504e-74 -2.7430e-76 -1.6739e-78 -9.4317e-81 -4.9069e-83 -2.3571e-85 -1.0455e-87 -4.2814e-90 -1.6189e-92 -5.6518e-95 -1.8218e-97 -5.4220e-100 -1.4899e-102 -3.7801e-105 -8.8558e-108 -1.9153e-110 -3.8244e-113 -7.0505e-116 -1.2001e-118 -1.8860e-121 -2.7365e-124 -3.6659e-127 -4.5340e-130 -5.1775e-133 -5.4585e-136
-3.2361e-08 -9.5991e-08 -2.4156e-07 -5.6165e-07 -1.2154e-06 -2.4463e-06 -4.5732e-06 -7.9324e-06 -1.2756e-05 -1.9003e-05 -2.6214e-05 -3.3471e-05 -3.9543e-05 -4.3213e-05 2.2516e-02 -4.0808e-05 -3.5252e-05 -2.8148e-05 -2.0772e-05 -1.4165e-05 -8.9263e-06 -5.1971e-06 -2.7956e-06 -1.3892e-06 -6.3773e-07 -2.7043e-07 -1.0592e-07 -3.8320e-08 -1.2804e-08 -3.9516e-09 -1.1263e-09 -2.9646e-10 -7.2065e-11 -1.6178e-11 -3.3537e-12 -6.4203e-13 -1.1350e-13 -1.8527e-14 -2.7926e-15 -3.8870e-16 -4.9956e-17 -5.9283e-18 -6.4959e-19 -6.5723e-20 -6.1397e-21 -5.2958e-22 -4.2176e-23 -3.1013e-24 -2.1055e-25 -1.3198e-26 -7.6386e-28 -4.0817e-29 -2.0137e-30 -9.1725e-32 -3.8574e-33 -1.4977e-34 -5.3688e-36 -1.7768e-37 -5.4292e-39 -1.5316e-40 -3.9889e-42 -9.5912e-44 -2.1291e-45 -4.3636e-47 -8.2563e-49 -1.4422e-50 -2.3259e-52 -3.4629e-54 -4.7599e-56 -6.0402e-58 -7.0762e-60 -7.6533e-62 -7.6417e-64 -7.0442e-66 -5.9946e-68 -4.7096e-70 -3.4159e-72 -2.2872e-74 -1.4139e-76 -8.0685e-79 -4.2508e-81 -2.0674e-83 -9.2829e-86 -3.8479e-88 -1.4725e-90 -5.2017e-93 -1.6964e-95 -5.1076e-98 -1.4196e-100 -3.6426e-103 -8.6285e-106 -1.8868e-108 -3.8091e-111 -7.0988e-114 -1.2213e-116 -1.9398e-119 -2.8442e-122 -3.8498e-125 -4.8106e-128 -5.5492e-131 -1.0009e-08 -2.4848e-08 -5.0870e-08 -9.7305e-08 -1.7701e-07 -3.0585e-07 -4.9975e-07 -7.6890e-07 -1.1101e-06 -1.4999e-06 -1.8923e-06 -2.2255e-06 -2.4367e-06 -2.4809e-06 0.0000e+00 -2.0607e-06 -1.6789e-06 -1.2684e-06 -8.8822e-07 -5.7626e-07 -3.4628e-07 -1.9267e-07 -9.9238e-08 -4.7305e-08 -2.0865e-08 -8.5141e-09 -3.2137e-09 -1.1219e-09 -3.6216e-10 -1.0810e-10 -2.9834e-11 -7.6112e-12 -1.7950e-12 -3.9127e-13 -7.8827e-14 -1.4677e-14 -2.5253e-15 -4.0152e-16 -5.8990e-17 -8.0078e-18 -1.0044e-18 -1.1638e-19 -1.2459e-20 -1.2322e-21 -1.1258e-22 -9.5018e-24 -7.4079e-25 -5.3348e-26 -3.5487e-27 -2.1804e-28 -1.2374e-29 -6.4861e-31 -3.1401e-32 -1.4040e-33 -5.7981e-35 -2.2113e-36 -7.7891e-38 -2.5337e-39 -7.6117e-41 -2.1117e-42 -5.4104e-44 -1.2801e-45 -2.7969e-47 -5.6432e-49 -1.0514e-50 -1.8090e-52 -2.8742e-54 -4.2167e-56 -5.7126e-58 -7.1462e-60 -8.2548e-62 -8.8048e-64 -8.6718e-66 -7.8863e-68 -6.6224e-70 -5.1347e-72 -3.6761e-74 -2.4301e-76 -1.4833e-78 -8.3595e-81 -4.3500e-83 -2.0900e-85 -9.2719e-88 -3.7983e-90 -1.4364e-92 -5.0156e-95 -1.6169e-97 -4.8131e-100 -1.3228e-102 -3.3567e-105 -7.8643e-108 -1.7011e-110 -3.3974e-113 -6.2646e-116 -1.0665e-118 -1.6763e-121 -2.4327e-124 -3.2593e-127 -4.0318e-130 -4.6046e-133
-1.0248e-08 -3.2299e-08 -8.7468e-08 -2.1963e-07 -5.1385e-07 -1.1187e-06 -2.2629e-06 -4.2481e-06 -7.3946e-06 -1.1926e-05 -1.7813e-05 -2.4628e-05 -3.1506e-05 -3.7286e-05 -4.0808e-05 2.5616e-02 -3.8637e-05 -3.3413e-05 -2.6706e-05 -1.9726e-05 -1.3463e-05 -8.4904e-06 -4.9468e-06 -2.6627e-06 -1.3240e-06 -6.0812e-07 -2.5801e-07 -1.0111e-07 -3.6595e-08 -1.2233e-08 -3.7768e-09 -1.0769e-09 -2.8356e-10 -6.8952e-11 -1.5484e-11 -3.2109e-12 -6.1485e-13 -1.0872e-13 -1.7752e-14 -2.6765e-15 -3.7263e-16 -4.7901e-17 -5.6857e-18 -6.2314e-19 -6.3058e-20 -5.8919e-21 -5.0830e-22 -4.0488e-23 -2.9777e-24 -2.0219e-25 -1.2676e-26 -7.3376e-28 -3.9214e-29 -1.9349e-30 -8.8147e-32 -3.7074e-33 -1.4397e-34 -5.1614e-36 -1.7084e-37 -5.2206e-39 -1.4729e-40 -3.8364e-42 -9.2256e-44 -2.0482e-45 -4.1981e-47 -7.9439e-49 -1.3878e-50 -2.2383e-52 -3.3328e-54 -4.5814e-56 -5.8141e-58 -6.8119e-60 -7.3681e-62 -7.3575e-64 -6.7826e-66 -5.7725e-68 -4.5354e-70 -3.2897e-72 -2.2029e-74 -1.3618e-76 -7.7721e-79 -4.0949e-81 -1.9917e-83 -8.9434e-86 -3.7074e-88 -1.4188e-90 -5.0124e-93 -1.6348e-95 -4.9221e-98 -1.3681e-100 -3.5107e-103 -8.3165e-106 -1.8187e-108 -3.6717e-111 -6.8431e-114 -1.1774e-116 -1.8701e-119 -2.7421e-122 -3.7118e-125 -4.6383e-128 -3.1395e-09 -8.1368e-09 -1.7688e-08 -3.6249e-08 -7.0967e-08 -1.3227e-07 -2.3344e-07 -3.8825e-07 -6.0624e-07 -8.8616e-07 -1.2099e-06 -1.5402e-06 -1.8254e-06 -2.0121e-06 -2.0607e-06 0.0000e+00 -1.7287e-06 -1.4143e-06 -1.0725e-06 -7.5359e-07 -4.9043e-07 -2.9554e-07 -1.6486e-07 -8.5116e-08 -4.0662e-08 -1.7972e-08 -7.3473e-09 -2.7781e-09 -9.7141e-10 -3.1407e-10 -9.3884e-11 -2.5944e-11 -6.6274e-12 -1.5648e-12 -3.4148e-13 -6.8871e-14 -1.2836e-14 -2.2107e-15 -3.5182e-16 -5.1733e-17 -7.0285e-18 -8.8223e-19 -1.0231e-19 -1.0960e-20 -1.0847e-21 -9.9170e-23 -8.3751e-24 -6.5334e-25 -4.7078e-26 -3.1334e-27 -1.9262e-28 -1.0937e-29 -5.7358e-31 -2.7782e-32 -1.2428e-33 -5.1345e-35 -1.9591e-36 -6.9034e-38 -2.2465e-39 -6.7515e-41 -1.8738e-42 -4.8025e-44 -1.1367e-45 -2.4844e-47 -5.0143e-49 -9.3455e-51 -1.6084e-52 -2.5562e-54 -3.7514e-56 -5.0836e-58 -6.3611e-60 -7.3499e-62 -7.8417e-64 -7.7252e-66 -7.0272e-68 -5.9024e-70 -4.5776e-72 -3.2780e-74 -2.1677e-76 -1.3233e-78 -7.4594e-81 -3.8822e-83 -1.8656e-85 -8.2781e-88 -3.3914e-90 -1.2828e-92 -4.4802e-95 -1.4447e-97 -4.3012e-100 -1.1823e-102 -3.0007e-105 -7.0314e-108 -1.5212e-110 -3.0386e-113 -5.6038e-116 -9.5415e-119 -1.5000e-121 -2.1770e-124 -2.9172e-127 -3.6091e-130
