1.1976e-04 -2.0665e-02 -1.7121e-02 -1.3155e-02 -9.3725e-03 -6.1906e-03 -3.7900e-03 -2.1503e-03 -1.1303e-03 -5.5030e-04 -2.4811e-04 -1.0357e-04 -4.0014e-05 -1.4306e-05 -4.7319e-06 -1.4478e-06 -4.0964e-07 -1.0717e-07 -2.5921e-08 -5.7952e-09 -1.1974e-09 -2.2865e-10 -4.0341e-11 -6.5758e-12 -9.9026e-13 -1.3775e-13 -1.7700e-14 -2.1006e-15 -2.3025e-16 -2.3308e-17 -2.1788e-18 -1.8809e-19 -1.4994e-20 -1.1037e-21 -7.5014e-23 -4.7077e-24 -2.7279e-25 -1.4595e-26 -7.2096e-28 -3.2881e-29 -1.3846e-30 -5.3828e-32 -1.9320e-33 -6.4023e-35 -1.9587e-36 -5.5324e-38 -1.4426e-39 -3.4730e-41 -7.7187e-43 -1.5837e-44 -3.0000e-46 -5.2463e-48 -8.4698e-50 -1.2624e-51 -1.7370e-53 -2.2064e-55 -2.5874e-57 -2.8011e-59 -2.7994e-61 -2.5829e-63 -2.2000e-65 -1.7299e-67 -1.2558e-69 -8.4153e-72 -5.2061e-74 -2.9733e-76 -1.5676e-78 -7.6301e-81 -3.4284e-83 -1.4221e-85 -5.4457e-88 -1.9251e-90 -6.2823e-93 -1.8927e-95 -5.2638e-98 -1.3514e-100 -3.2031e-103 -7.0086e-106 -1.4156e-108 -2.6397e-111 -4.5439e-114 -7.2208e-117 -1.0593e-119 -1.4345e-122 -1.7934e-125 -2.0697e-128 -2.2051e-131 -2.1688e-134 -1.9691e-137 -1.6505e-140 -1.2771e-143 -9.1219e-147 -6.0149e-150 -3.6614e-153 -2.0575e-156 -1.0673e-159 -5.1111e-163 -2.2595e-166 -9.2210e-170 -3.4739e-173 0.0000e+00 -2.0534e-02 -1.6879e-02 -1.2828e-02 -9.0143e-03 -5.8564e-03 -3.5178e-03 -1.9535e-03 -1.0030e-03 -4.7608e-04 -2.0891e-04 -8.4750e-05 -3.1782e-05 -1.1018e-05 -3.5308e-06 -1.0459e-06 -2.8638e-07 -7.2477e-08 -1.6954e-08 -3.6654e-09 -7.3241e-10 -1.3525e-10 -2.3083e-11 -3.6406e-12 -5.3061e-13 -7.1464e-14 -8.8940e-15 -1.0228e-15 -1.0868e-16 -1.0670e-17 -9.6787e-19 -8.1117e-20 -6.2809e-21 -4.4931e-22 -2.9694e-23 -1.8129e-24 -1.0225e-25 -5.3272e-27 -2.5639e-28 -1.1399e-29 -4.6810e-31 -1.7756e-32 -6.2214e-34 -2.0134e-35 -6.0185e-37 -1.6616e-38 -4.2370e-40 -9.9787e-42 -2.1705e-43 -4.3603e-45 -8.0897e-47 -1.3861e-48 -2.1934e-50 -3.2054e-52 -4.3259e-54 -5.3914e-56 -6.2052e-58 -6.5953e-60 -6.4734e-62 -5.8673e-64 -4.9108e-66 -3.7955e-68 -2.7089e-70 -1.7853e-72 -1.0865e-74 -6.1054e-77 -3.1681e-79 -1.5180e-81 -6.7159e-84 -2.7436e-86 -1.0349e-88 -3.6047e-91 -1.1593e-93 -3.4427e-96 -9.4394e-99 -2.3898e-101 -5.5863e-104 -1.2057e-106 -2.4028e-109 -4.4213e-112 -7.5114e-115 -1.1783e-117 -1.7065e-120 -2.2819e-123 -2.8174e-126 -3.2116e-129 -3.3802e-132 -3.2847e-135 -2.9470e-138 -2.4411e-141 -1.8670e-144 -1.3183e-147 -8.5942e-151 -5.1729e-154 -2.8746e-157 -1.4749e-160 -6.9862e-164 -3.0553e-167 -1.2336e-170 -4.5987e-174
-2.0665e-02 4.7750e-04 -1.6168e-02 -1.3008e-02 -9.8032e-03 -6.9065e-03 -4.5399e-03 -2.7795e-03 -1.5824e-03 -8.3654e-04 -4.1021e-04 -1.8640e-04 -7.8429e-05 -3.0538e-05 -1.0998e-05 -3.6625e-06 -1.1273e-06 -3.2068e-07 -8.4280e-08 -2.0463e-08 -4.5894e-09 -9.5071e-10 -1.8189e-10 -3.2138e-11 -5.2439e-12 -7.9014e-13 -1.0994e-13 -1.4125e-14 -1.6757e-15 -1.8357e-16 -1.8567e-17 -1.7340e-18 -1.4953e-19 -1.1905e-20 -8.7520e-22 -5.9403e-23 -3.7227e-24 -2.1539e-25 -1.1506e-26 -5.6752e-28 -2.5843e-29 -1.0865e-30 -4.2175e-32 -1.5115e-33 -5.0009e-35 -1.5276e-36 -4.3083e-38 -1.1218e-39 -2.6966e-41 -5.9847e-43 -1.2262e-44 -2.3196e-46 -4.0509e-48 -6.5313e-50 -9.7218e-52 -1.3360e-53 -1.6949e-55 -1.9852e-57 -2.1466e-59 -2.1429e-61 -1.9749e-63 -1.6802e-65 -1.3198e-67 -9.5703e-70 -6.4068e-72 -3.9596e-74 -2.2592e-76 -1.1900e-78 -5.7864e-81 -2.5976e-83 -1.0765e-85 -4.1188e-88 -1.4548e-90 -4.7436e-93 -1.4279e-95 -3.9681e-98 -1.0180e-100 -2.4110e-103 -5.2713e-106 -1.0640e-108 -1.9825e-111 -3.4103e-114 -5.4156e-117 -7.9393e-120 -1.0745e-122 -1.3424e-125 -1.5483e-128 -1.6486e-131 -1.6204e-134 -1.4704e-137 -1.2317e-140 -9.5253e-144 -6.8000e-147 -4.4815e-150 -2.7265e-153 -1.5313e-156 -7.9396e-160 -3.8002e-163 -1.6792e-166 -6.8493e-170 -2.0534e-02 0.0000e+00 -1.5295e-02 -1.1818e-02 -8.4811e-03 -5.6516e-03 -3.4966e-03 -2.0080e-03 -1.0701e-03 -5.2910e-04 -2.4265e-04 -1.0320e-04 -4.0688e-05 -1.4869e-05 -5.0349e-06 -1.5795e-06 -4.5895e-07 -1.2349e-07 -3.0762e-08 -7.0937e-09 -1.5139e-09 -2.9898e-10 -5.4630e-11 -9.2341e-12 -1.4437e-12 -2.0876e-13 -2.7915e-14 -3.4515e-15 -3.9457e-16 -4.1699e-17 -4.0738e-18 -3.6787e-19 -3.0704e-20 -2.3685e-21 -1.6885e-22 -1.1123e-23 -6.7713e-25 -3.8088e-26 -1.9795e-27 -9.5055e-29 -4.2170e-30 -1.7284e-31 -6.5444e-33 -2.2891e-34 -7.3966e-36 -2.2077e-37 -6.0869e-39 -1.5502e-40 -3.6464e-42 -7.9226e-44 -1.5899e-45 -2.9468e-47 -5.0444e-49 -7.9753e-51 -1.1645e-52 -1.5704e-54 -1.9557e-56 -2.2494e-58 -2.3892e-60 -2.3435e-62 -2.1228e-64 -1.7757e-66 -1.3717e-68 -9.7848e-71 -6.4454e-73 -3.9206e-75 -2.2022e-77 -1.1422e-79 -5.4705e-82 -2.4193e-84 -9.8798e-87 -3.7255e-89 -1.2971e-91 -4.1703e-94 -1.2380e-96 -3.3933e-99 -8.5883e-102 -2.0070e-104 -4.3306e-107 -8.6278e-110 -1.5871e-112 -2.6957e-115 -4.2275e-118 -6.1212e-121 -8.1835e-124 -1.0101e-126 -1.1512e-129 -1.2114e-132 -1.1769e-135 -1.0557e-138 -8.7434e-142 -6.6856e-145 -4.7199e-148 -3.0765e-151 -1.8514e-154 -1.0287e-157 -5.2769e-161 -2.4992e-164 -1.0928e-167 -4.4118e-171
-1.7121e-02 -1.6168e-02 1.0688e-03 -1.2584e-02 -1.0243e-02 -7.8376e-03 -5.6107e-03 -3.7439e-03 -2.3223e-03 -1.3364e-03 -7.1256e-04 -3.5166e-04 -1.6054e-04 -6.7762e-05 -2.6436e-05 -9.5308e-06 -3.1747e-06 -9.7693e-07 -2.7770e-07 -7.2916e-08 -1.7684e-08 -3.9609e-09 -8.1938e-10 -1.5654e-10 -2.7620e-11 -4.5002e-12 -6.7714e-13 -9.4087e-14 -1.2072e-14 -1.4304e-15 -1.5649e-16 -1.5810e-17 -1.4748e-18 -1.2704e-19 -1.0104e-20 -7.4203e-22 -5.0316e-23 -3.1503e-24 -1.8212e-25 -9.7206e-27 -4.7905e-28 -2.1798e-29 -9.1577e-31 -3.5522e-32 -1.2721e-33 -4.2064e-35 -1.2841e-36 -3.6194e-38 -9.4185e-40 -2.2628e-41 -5.0193e-43 -1.0279e-44 -1.9434e-46 -3.3923e-48 -5.4669e-50 -8.1339e-52 -1.1173e-53 -1.4169e-55 -1.6589e-57 -1.7930e-59 -1.7892e-61 -1.6484e-63 -1.4020e-65 -1.1008e-67 -7.9799e-70 -5.3404e-72 -3.2995e-74 -1.8820e-76 -9.9099e-79 -4.8175e-81 -2.1620e-83 -8.9578e-86 -3.4263e-88 -1.2099e-90 -3.9440e-93 -1.1869e-95 -3.2977e-98 -8.4581e-101 -2.0027e-103 -4.3778e-106 -8.8343e-109 -1.6458e-111 -2.8305e-114 -4.4940e-117 -6.5869e-120 -8.9127e-123 -1.1133e-125 -1.2838e-128 -1.3667e-131 -1.3432e-134 -1.2186e-137 -1.0207e-140 -7.8916e-144 -5.6329e-147 -3.7117e-150 -2.2578e-153 -1.2679e-156 -6.5729e-160 -3.1456e-163 -1.3897e-166 -1.6879e-02 -1.5295e-02 0.0000e+00 -1.0298e-02 -7.6429e-03 -5.3003e-03 -3.4318e-03 -2.0728e-03 -1.1669e-03 -6.1180e-04 -2.9849e-04 -1.3542e-04 -5.7092e-05 -2.2353e-05 -8.1230e-06 -2.7385e-06 -8.5607e-07 -2.4806e-07 -6.6601e-08 -1.6564e-08 -3.8147e-09 -8.1334e-10 -1.6051e-10 -2.9313e-11 -4.9530e-12 -7.7421e-13 -1.1193e-13 -1.4967e-14 -1.8505e-15 -2.1156e-16 -2.2360e-17 -2.1847e-18 -1.9731e-19 -1.6471e-20 -1.2708e-21 -9.0609e-23 -5.9702e-24 -3.6351e-25 -2.0451e-26 -1.0631e-27 -5.1057e-29 -2.2656e-30 -9.2874e-32 -3.5172e-33 -1.2305e-34 -3.9767e-36 -1.1872e-37 -3.2737e-39 -8.3387e-41 -1.9618e-42 -4.2632e-44 -8.5566e-46 -1.5862e-47 -2.7157e-49 -4.2943e-51 -6.2712e-53 -8.4581e-55 -1.0535e-56 -1.2119e-58 -1.2874e-60 -1.2629e-62 -1.1441e-64 -9.5719e-67 -7.3949e-69 -5.2757e-71 -3.4756e-73 -2.1144e-75 -1.1878e-77 -6.1613e-80 -2.9512e-82 -1.3053e-84 -5.3310e-87 -2.0104e-89 -7.0006e-92 -2.2509e-94 -6.6826e-97 -1.8319e-99 -4.6368e-102 -1.0837e-104 -2.3385e-107 -4.6594e-110 -8.5718e-113 -1.4560e-115 -2.2836e-118 -3.3068e-121 -4.4212e-124 -5.4578e-127 -6.2206e-130 -6.5462e-133 -6.3603e-136 -5.7057e-139 -4.7257e-142 -3.6138e-145 -2.5514e-148 -1.6632e-151 -1.0009e-154 -5.5618e-158 -2.8532e-161 -1.3514e-164 -5.9096e-168
-1.3155e-02 -1.3008e-02 -1.2584e-02 1.8869e-03 -1.0397e-02 -8.6723e-03 -6.7614e-03 -4.9057e-03 -3.3033e-03 -2.0608e-03 -1.1900e-03 -6.3557e-04 -3.1386e-04 -1.4326e-04 -6.0434e-05 -2.3557e-05 -8.4843e-06 -2.8230e-06 -8.6777e-07 -2.4641e-07 -6.4632e-08 -1.5659e-08 -3.5041e-09 -7.2424e-10 -1.3825e-10 -2.4373e-11 -3.9684e-12 -5.9671e-13 -8.2859e-14 -1.0625e-14 -1.2582e-15 -1.3758e-16 -1.3893e-17 -1.2954e-18 -1.1153e-19 -8.8672e-21 -6.5094e-22 -4.4123e-23 -2.7616e-24 -1.5959e-25 -8.5156e-27 -4.1954e-28 -1.9085e-29 -8.0157e-31 -3.1084e-32 -1.1129e-33 -3.6791e-35 -1.1229e-36 -3.1643e-38 -8.2325e-40 -1.9775e-41 -4.3855e-43 -8.9794e-45 -1.6974e-46 -2.9625e-48 -4.7734e-50 -7.1009e-52 -9.7524e-54 -1.2366e-55 -1.4476e-57 -1.5644e-59 -1.5609e-61 -1.4378e-63 -1.2228e-65 -9.6000e-68 -6.9582e-70 -4.6562e-72 -2.8764e-74 -1.6405e-76 -8.6375e-79 -4.1986e-81 -1.8841e-83 -7.8054e-86 -2.9853e-88 -1.0540e-90 -3.4358e-93 -1.0339e-95 -2.8723e-98 -7.3664e-101 -1.7441e-103 -3.8122e-106 -7.6924e-109 -1.4330e-111 -2.4643e-114 -3.9122e-117 -5.7339e-120 -7.7580e-123 -9.6903e-126 -1.1174e-128 -1.1895e-131 -1.1689e-134 -1.0604e-137 -8.8811e-141 -6.8664e-144 -4.9009e-147 -3.2292e-150 -1.9642e-153 -1.1030e-156 -5.7176e-160 -2.7362e-163 -1.2828e-02 -1.1818e-02 -1.0298e-02 0.0000e+00 -6.5760e-03 -4.8013e-03 -3.2920e-03 -2.1156e-03 -1.2721e-03 -7.1441e-04 -3.7423e-04 -1.8262e-04 -8.2924e-05 -3.5007e-05 -1.3728e-05 -4.9976e-06 -1.6879e-06 -5.2862e-07 -1.5345e-07 -4.1271e-08 -1.0281e-08 -2.3715e-09 -5.0641e-10 -1.0008e-10 -1.8302e-11 -3.0964e-12 -4.8458e-13 -7.0140e-14 -9.3885e-15 -1.1620e-15 -1.3297e-16 -1.4067e-17 -1.3756e-18 -1.2434e-19 -1.0388e-20 -8.0204e-22 -5.7227e-23 -3.7732e-24 -2.2989e-25 -1.2941e-26 -6.7312e-28 -3.2347e-29 -1.4361e-30 -5.8901e-32 -2.2318e-33 -7.8115e-35 -2.5257e-36 -7.5433e-38 -2.0810e-39 -5.3027e-41 -1.2481e-42 -2.7131e-44 -5.4475e-46 -1.0102e-47 -1.7301e-49 -2.7367e-51 -3.9979e-53 -5.3936e-55 -6.7201e-57 -7.7324e-59 -8.2164e-61 -8.0626e-63 -7.3062e-65 -6.1140e-67 -4.7246e-69 -3.3715e-71 -2.2216e-73 -1.3518e-75 -7.5956e-78 -3.9409e-80 -1.8881e-82 -8.3526e-85 -3.4120e-87 -1.2869e-89 -4.4822e-92 -1.4414e-94 -4.2801e-97 -1.1735e-99 -2.9709e-102 -6.9444e-105 -1.4988e-107 -2.9868e-110 -5.4956e-113 -9.3363e-116 -1.4645e-118 -2.1210e-121 -2.8362e-124 -3.5016e-127 -3.9916e-130 -4.2010e-133 -4.0823e-136 -3.6626e-139 -3.0339e-142 -2.3203e-145 -1.6384e-148 -1.0681e-151 -6.4290e-155 -3.5727e-158 -1.8330e-161 -8.6829e-165
-9.3725e-03 -9.8032e-03 -1.0243e-02 -1.0397e-02 2.9239e-03 -9.1157e-03 -7.7167e-03 -6.0685e-03 -4.4237e-03 -2.9856e-03 -1.8643e-03 -1.0766e-03 -5.7482e-04 -2.8370e-04 -1.2941e-04 -5.4557e-05 -2.1253e-05 -7.6496e-06 -2.5439e-06 -7.8158e-07 -2.2183e-07 -5.8161e-08 -1.4086e-08 -3.1510e-09 -6.5106e-10 -1.2424e-10 -2.1899e-11 -3.5646e-12 -5.3587e-13 -7.4396e-14 -9.5382e-15 -1.1293e-15 -1.2347e-16 -1.2466e-17 -1.1622e-18 -1.0005e-19 -7.9533e-21 -5.8379e-22 -3.9567e-23 -2.4762e-24 -1.4309e-25 -7.6343e-27 -3.7610e-28 -1.7107e-29 -7.1845e-31 -2.7859e-32 -9.9740e-34 -3.2970e-35 -1.0062e-36 -2.8353e-38 -7.3763e-40 -1.7717e-41 -3.9290e-43 -8.0444e-45 -1.5206e-46 -2.6538e-48 -4.2758e-50 -6.3605e-52 -8.7352e-54 -1.1076e-55 -1.2965e-57 -1.4011e-59 -1.3979e-61 -1.2877e-63 -1.0950e-65 -8.5969e-68 -6.2310e-70 -4.1694e-72 -2.5757e-74 -1.4689e-76 -7.7341e-79 -3.7593e-81 -1.6870e-83 -6.9886e-86 -2.6728e-88 -9.4371e-91 -3.0761e-93 -9.2565e-96 -2.5715e-98 -6.5948e-101 -1.5614e-103 -3.4128e-106 -6.8863e-109 -1.2828e-111 -2.2060e-114 -3.5022e-117 -5.1328e-120 -6.9447e-123 -8.6742e-126 -1.0002e-128 -1.0647e-131 -1.0463e-134 -9.4920e-138 -7.9495e-141 -6.1461e-144 -4.3867e-147 -2.8904e-150 -1.7581e-153 -9.8722e-157 -5.1175e-160 -9.0143e-03 -8.4811e-03 -7.6429e-03 -6.5760e-03 0.0000e+00 -4.1731e-03 -3.0546e-03 -2.1037e-03 -1.3593e-03 -8.2198e-04 -4.6430e-04 -2.4456e-04 -1.1996e-04 -5.4733e-05 -2.3208e-05 -9.1377e-06 -3.3387e-06 -1.1314e-06 -3.5543e-07 -1.0347e-07 -2.7900e-08 -6.9667e-09 -1.6105e-09 -3.4460e-10 -6.8232e-11 -1.2499e-11 -2.1182e-12 -3.3200e-13 -4.8123e-14 -6.4500e-15 -7.9932e-16 -9.1576e-17 -9.6985e-18 -9.4942e-19 -8.5903e-20 -7.1834e-21 -5.5512e-22 -3.9642e-23 -2.6159e-24 -1.5950e-25 -8.9854e-27 -4.6768e-28 -2.2489e-29 -9.9909e-31 -4.1003e-32 -1.5545e-33 -5.4440e-35 -1.7611e-36 -5.2626e-38 -1.4525e-39 -3.7031e-41 -8.7196e-43 -1.8964e-44 -3.8092e-46 -7.0668e-48 -1.2108e-49 -1.9159e-51 -2.7999e-53 -3.7788e-55 -4.7098e-57 -5.4210e-59 -5.7622e-61 -5.6561e-63 -5.1270e-65 -4.2917e-67 -3.3174e-69 -2.3679e-71 -1.5608e-73 -9.4994e-76 -5.3389e-78 -2.7707e-80 -1.3278e-82 -5.8752e-85 -2.4005e-87 -9.0564e-90 -3.1549e-92 -1.0148e-94 -3.0139e-97 -8.2651e-100 -2.0928e-102 -4.8928e-105 -1.0562e-107 -2.1052e-110 -3.8741e-113 -6.5828e-116 -1.0327e-118 -1.4960e-121 -2.0007e-124 -2.4705e-127 -2.8167e-130 -2.9649e-133 -2.8815e-136 -2.5856e-139 -2.1421e-142 -1.6385e-145 -1.1571e-148 -7.5447e-152 -4.5417e-155 -2.5242e-158 -1.2953e-161
-6.1906e-03 -6.9065e-03 -7.8376e-03 -8.6723e-03 -9.1157e-03 4.1713e-03 -8.2338e-03 -7.0060e-03 -5.5229e-03 -4.0302e-03 -2.7209e-03 -1.6990e-03 -9.8105e-04 -5.2372e-04 -2.5844e-04 -1.1787e-04 -4.9686e-05 -1.9353e-05 -6.9655e-06 -2.3163e-06 -7.1161e-07 -2.0197e-07 -5.2952e-08 -1.2824e-08 -2.8688e-09 -5.9276e-10 -1.1312e-10 -1.9938e-11 -3.2456e-12 -4.8792e-13 -6.7741e-14 -8.6853e-15 -1.0283e-15 -1.1243e-16 -1.1352e-17 -1.0584e-18 -9.1117e-20 -7.2434e-21 -5.3170e-22 -3.6038e-23 -2.2554e-24 -1.3033e-25 -6.9539e-27 -3.4259e-28 -1.5583e-29 -6.5448e-31 -2.5379e-32 -9.0864e-34 -3.0036e-35 -9.1672e-37 -2.5832e-38 -6.7205e-40 -1.6143e-41 -3.5799e-43 -7.3298e-45 -1.3856e-46 -2.4181e-48 -3.8963e-50 -5.7960e-52 -7.9601e-54 -1.0093e-55 -1.1815e-57 -1.2769e-59 -1.2740e-61 -1.1735e-63 -9.9797e-66 -7.8351e-68 -5.6790e-70 -3.8001e-72 -2.3476e-74 -1.3389e-76 -7.0494e-79 -3.4266e-81 -1.5377e-83 -6.3702e-86 -2.4364e-88 -8.6023e-91 -2.8040e-93 -8.4379e-96 -2.3441e-98 -6.0118e-101 -1.4234e-103 -3.1112e-106 -6.2778e-109 -1.1694e-111 -2.0111e-114 -3.1928e-117 -4.6795e-120 -6.3314e-123 -7.9083e-126 -9.1191e-129 -9.7073e-132 -9.5394e-135 -8.6543e-138 -7.2479e-141 -5.6038e-144 -3.9996e-147 -2.6354e-150 -1.6030e-153 -9.0015e-157 -5.8564e-03 -5.6516e-03 -5.3003e-03 -4.8013e-03 -4.1731e-03 0.0000e+00 -2.7161e-03 -2.0130e-03 -1.4024e-03 -9.1549e-04 -5.5871e-04 -3.1815e-04 -1.6878e-04 -8.3310e-05 -3.8224e-05 -1.6289e-05 -6.4420e-06 -2.3632e-06 -8.0373e-07 -2.5332e-07 -7.3961e-08 -1.9998e-08 -5.0061e-09 -1.1600e-09 -2.4872e-10 -4.9344e-11 -9.0559e-12 -1.5372e-12 -2.4132e-13 -3.5032e-14 -4.7019e-15 -5.8345e-16 -6.6926e-17 -7.0961e-18 -6.9543e-19 -6.2987e-20 -5.2722e-21 -4.0781e-22 -2.9148e-23 -1.9250e-24 -1.1747e-25 -6.6226e-27 -3.4495e-28 -1.6599e-29 -7.3791e-31 -3.0303e-32 -1.1495e-33 -4.0282e-35 -1.3038e-36 -3.8982e-38 -1.0765e-39 -2.7458e-41 -6.4686e-43 -1.4075e-44 -2.8284e-46 -5.2494e-48 -8.9979e-50 -1.4244e-51 -2.0824e-53 -2.8114e-55 -3.5053e-57 -4.0361e-59 -4.2916e-61 -4.2140e-63 -3.8210e-65 -3.1994e-67 -2.4738e-69 -1.7663e-71 -1.1646e-73 -7.0899e-76 -3.9858e-78 -2.0690e-80 -9.9175e-83 -4.3895e-85 -1.7939e-87 -6.7694e-90 -2.3587e-92 -7.5886e-95 -2.2543e-97 -6.1833e-100 -1.5660e-102 -3.6619e-105 -7.9064e-108 -1.5762e-110 -2.9012e-113 -4.9305e-116 -7.7366e-119 -1.1209e-121 -1.4993e-124 -1.8517e-127 -2.1114e-130 -2.2229e-133 -2.1608e-136 -1.9392e-139 -1.6068e-142 -1.2292e-145 -8.6820e-149 -5.6616e-152 -3.4087e-155 -1.8947e-158
-3.7900e-03 -4.5399e-03 -5.6107e-03 -6.7614e-03 -7.7167e-03 -8.2338e-03 5.6213e-03 -7.5152e-03 -6.4053e-03 -5.0539e-03 -3.6900e-03 -2.4923e-03 -1.5568e-03 -8.9922e-04 -4.8018e-04 -2.3702e-04 -1.0814e-04 -4.5594e-05 -1.7764e-05 -6.3952e-06 -2.1271e-06 -6.5366e-07 -1.8556e-07 -4.8661e-08 -1.1787e-08 -2.6374e-09 -5.4504e-10 -1.0403e-10 -1.8340e-11 -2.9858e-12 -4.4894e-13 -6.2339e-14 -7.9937e-15 -9.4659e-16 -1.0351e-16 -1.0452e-17 -9.7460e-19 -8.3914e-20 -6.6715e-21 -4.8977e-22 -3.3199e-23 -2.0780e-24 -1.2009e-25 -6.4081e-27 -3.1572e-28 -1.4362e-29 -6.0325e-31 -2.3394e-32 -8.3765e-34 -2.7692e-35 -8.4522e-37 -2.3819e-38 -6.1972e-40 -1.4887e-41 -3.3016e-43 -6.7603e-45 -1.2780e-46 -2.2305e-48 -3.5942e-50 -5.3469e-52 -7.3437e-54 -9.3119e-56 -1.0901e-57 -1.1782e-59 -1.1756e-61 -1.0829e-63 -9.2095e-66 -7.2307e-68 -5.2412e-70 -3.5073e-72 -2.1668e-74 -1.2358e-76 -6.5069e-79 -3.1630e-81 -1.4194e-83 -5.8807e-86 -2.2492e-88 -7.9417e-91 -2.5888e-93 -7.7904e-96 -2.1643e-98 -5.5509e-101 -1.3143e-103 -2.8728e-106 -5.7970e-109 -1.0799e-111 -1.8572e-114 -2.9485e-117 -4.3215e-120 -5.8472e-123 -7.3037e-126 -8.4221e-129 -8.9656e-132 -8.8108e-135 -7.9934e-138 -6.6947e-141 -5.1761e-144 -3.6945e-147 -2.4344e-150 -1.4808e-153 -3.5178e-03 -3.4966e-03 -3.4318e-03 -3.2920e-03 -3.0546e-03 -2.7161e-03 0.0000e+00 -1.8364e-03 -1.3817e-03 -9.7503e-04 -6.4354e-04 -3.9646e-04 -2.2759e-04 -1.2159e-04 -6.0392e-05 -2.7861e-05 -1.1930e-05 -4.7388e-06 -1.7452e-06 -5.9563e-07 -1.8833e-07 -5.5146e-08 -1.4951e-08 -3.7518e-09 -8.7127e-10 -1.8721e-10 -3.7213e-11 -6.8418e-12 -1.1633e-12 -1.8291e-13 -2.6592e-14 -3.5740e-15 -4.4406e-16 -5.0999e-17 -5.4136e-18 -5.3112e-19 -4.8154e-20 -4.0346e-21 -3.1237e-22 -2.2346e-23 -1.4770e-24 -9.0202e-26 -5.0893e-27 -2.6528e-28 -1.2774e-29 -5.6825e-31 -2.3350e-32 -8.8634e-34 -3.1077e-35 -1.0065e-36 -3.0107e-38 -8.3186e-40 -2.1228e-41 -5.0035e-43 -1.0892e-44 -2.1898e-46 -4.0659e-48 -6.9721e-50 -1.1041e-51 -1.6148e-53 -2.1810e-55 -2.7203e-57 -3.1333e-59 -3.3328e-61 -3.2736e-63 -2.9693e-65 -2.4870e-67 -1.9236e-69 -1.3738e-71 -9.0605e-74 -5.5176e-76 -3.1027e-78 -1.6111e-80 -7.7242e-83 -3.4196e-85 -1.3979e-87 -5.2762e-90 -1.8388e-92 -5.9174e-95 -1.7582e-97 -4.8237e-100 -1.2219e-102 -2.8579e-105 -6.1716e-108 -1.2306e-110 -2.2655e-113 -3.8508e-116 -6.0435e-119 -8.7573e-122 -1.1716e-124 -1.4472e-127 -1.6505e-130 -1.7379e-133 -1.6896e-136 -1.5166e-139 -1.2568e-142 -9.6162e-146 -6.7930e-149 -4.4304e-152 -2.6677e-155
-2.1503e-03 -2.7795e-03 -3.7439e-03 -4.9057e-03 -6.0685e-03 -7.0060e-03 -7.5152e-03 7.2673e-03 -6.8899e-03 -5.8796e-03 -4.6438e-03 -3.3935e-03 -2.2938e-03 -1.4339e-03 -8.2878e-04 -4.4284e-04 -2.1872e-04 -9.9841e-05 -4.2117e-05 -1.6417e-05 -5.9128e-06 -1.9675e-06 -6.0484e-07 -1.7176e-07 -4.5058e-08 -1.0918e-08 -2.4436e-09 -5.0513e-10 -9.6442e-11 -1.7006e-11 -2.7693e-12 -4.1648e-13 -5.7844e-14 -7.4189e-15 -8.7868e-16 -9.6103e-17 -9.7059e-18 -9.0517e-19 -7.7948e-20 -6.1982e-21 -4.5509e-22 -3.0853e-23 -1.9314e-24 -1.1163e-25 -5.9575e-27 -2.9356e-28 -1.3356e-29 -5.6103e-31 -2.1759e-32 -7.7919e-34 -2.5762e-35 -7.8638e-37 -2.2163e-38 -5.7669e-40 -1.3854e-41 -3.0728e-43 -6.2924e-45 -1.1896e-46 -2.0765e-48 -3.3462e-50 -4.9783e-52 -6.8380e-54 -8.6713e-56 -1.0152e-57 -1.0972e-59 -1.0949e-61 -1.0087e-63 -8.5786e-66 -6.7357e-68 -4.8826e-70 -3.2675e-72 -2.0188e-74 -1.1514e-76 -6.0631e-79 -2.9474e-81 -1.3227e-83 -5.4803e-86 -2.0962e-88 -7.4017e-91 -2.4129e-93 -7.2613e-96 -2.0174e-98 -5.1743e-101 -1.2252e-103 -2.6781e-106 -5.4043e-109 -1.0068e-111 -1.7315e-114 -2.7491e-117 -4.0294e-120 -5.4521e-123 -6.8105e-126 -7.8536e-129 -8.3606e-132 -8.2166e-135 -7.4545e-138 -6.2435e-141 -4.8274e-144 -3.4457e-147 -2.2705e-150 -1.9535e-03 -2.0080e-03 -2.0728e-03 -2.1156e-03 -2.1037e-03 -2.0130e-03 -1.8364e-03 0.0000e+00 -1.2902e-03 -9.8477e-04 -7.0330e-04 -4.6893e-04 -2.9141e-04 -1.6855e-04 -9.0639e-05 -4.5277e-05 -2.0994e-05 -9.0307e-06 -3.6017e-06 -1.3313e-06 -4.5588e-07 -1.4458e-07 -4.2453e-08 -1.1538e-08 -2.9023e-09 -6.7545e-10 -1.4543e-10 -2.8961e-11 -5.3338e-12 -9.0839e-13 -1.4304e-13 -2.0825e-14 -2.8027e-15 -3.4866e-16 -4.0090e-17 -4.2604e-18 -4.1842e-19 -3.7975e-20 -3.1847e-21 -2.4679e-22 -1.7670e-23 -1.1689e-24 -7.1441e-26 -4.0338e-27 -2.1041e-28 -1.0139e-29 -4.5132e-31 -1.8557e-32 -7.0482e-34 -2.4727e-35 -8.0125e-37 -2.3981e-38 -6.6293e-40 -1.6926e-41 -3.9913e-43 -8.6924e-45 -1.7484e-46 -3.2477e-48 -5.5714e-50 -8.8266e-52 -1.2914e-53 -1.7448e-55 -2.1771e-57 -2.5085e-59 -2.6691e-61 -2.6226e-63 -2.3795e-65 -1.9937e-67 -1.5425e-69 -1.1020e-71 -7.2695e-74 -4.4282e-76 -2.4908e-78 -1.2936e-80 -6.2040e-83 -2.7473e-85 -1.1233e-87 -4.2409e-90 -1.4783e-92 -4.7584e-95 -1.4142e-97 -3.8805e-100 -9.8319e-103 -2.3000e-105 -4.9680e-108 -9.9077e-111 -1.8243e-113 -3.1016e-116 -4.8685e-119 -7.0559e-122 -9.4415e-125 -1.1664e-127 -1.3305e-130 -1.4012e-133 -1.3625e-136 -1.2231e-139 -1.0138e-142 -7.7578e-146 -5.4810e-149 -3.5752e-152
-1.1303e-03 -1.5824e-03 -2.3223e-03 -3.3033e-03 -4.4237e-03 -5.5229e-03 -6.4053e-03 -6.8899e-03 9.1044e-03 -6.3402e-03 -5.4183e-03 -4.2849e-03 -3.1349e-03 -2.1213e-03 -1.3273e-03 -7.6784e-04 -4.1061e-04 -2.0295e-04 -9.2703e-05 -3.9130e-05 -1.5262e-05 -5.4996e-06 -1.8309e-06 -5.6311e-07 -1.5998e-07 -4.1984e-08 -1.0177e-08 -2.2786e-09 -4.7118e-10 -8.9987e-11 -1.5872e-11 -2.5855e-12 -3.8894e-13 -5.4031e-14 -6.9315e-15 -8.2115e-16 -8.9830e-17 -9.0742e-18 -8.4643e-19 -7.2904e-20 -5.7981e-21 -4.2579e-22 -2.8871e-23 -1.8076e-24 -1.0449e-25 -5.5773e-27 -2.7486e-28 -1.2507e-29 -5.2544e-31 -2.0382e-32 -7.2994e-34 -2.4136e-35 -7.3684e-37 -2.0769e-38 -5.4047e-40 -1.2985e-41 -2.8804e-43 -5.8990e-45 -1.1153e-46 -1.9470e-48 -3.1378e-50 -4.6687e-52 -6.4132e-54 -8.1332e-56 -9.5225e-58 -1.0293e-59 -1.0272e-61 -9.4634e-64 -8.0491e-66 -6.3204e-68 -4.5819e-70 -3.0665e-72 -1.8946e-74 -1.0807e-76 -5.6910e-79 -2.7667e-81 -1.2417e-83 -5.1448e-86 -1.9679e-88 -6.9493e-91 -2.2655e-93 -6.8182e-96 -1.8944e-98 -4.8589e-101 -1.1506e-103 -2.5151e-106 -5.0756e-109 -9.4560e-112 -1.6263e-114 -2.5822e-117 -3.7849e-120 -5.1216e-123 -6.3978e-126 -7.3780e-129 -7.8546e-132 -7.7195e-135 -7.0038e-138 -5.8662e-141 -4.5358e-144 -3.2377e-147 -1.0030e-03 -1.0701e-03 -1.1669e-03 -1.2721e-03 -1.3593e-03 -1.4024e-03 -1.3817e-03 -1.2902e-03 0.0000e+00 -9.3774e-04 -7.2489e-04 -5.2323e-04 -3.5204e-04 -2.2047e-04 -1.2839e-04 -6.9451e-05 -3.4876e-05 -1.6247e-05 -7.0178e-06 -2.8095e-06 -1.0420e-06 -3.5792e-07 -1.1383e-07 -3.3512e-08 -9.1303e-09 -2.3016e-09 -5.3675e-10 -1.1578e-10 -2.3098e-11 -4.2611e-12 -7.2683e-13 -1.1462e-13 -1.6709e-14 -2.2517e-15 -2.8045e-16 -3.2284e-17 -3.4346e-18 -3.3766e-19 -3.0674e-20 -2.5749e-21 -1.9971e-22 -1.4311e-23 -9.4744e-25 -5.7949e-26 -3.2744e-27 -1.7092e-28 -8.2414e-30 -3.6708e-31 -1.5103e-32 -5.7395e-34 -2.0147e-35 -6.5320e-37 -1.9560e-38 -5.4100e-40 -1.3819e-41 -3.2602e-43 -7.1035e-45 -1.4294e-46 -2.6563e-48 -4.5587e-50 -7.2251e-52 -1.0575e-53 -1.4293e-55 -1.7840e-57 -2.0563e-59 -2.1887e-61 -2.1513e-63 -1.9525e-65 -1.6364e-67 -1.2664e-69 -9.0502e-72 -5.9720e-74 -3.6388e-76 -2.0473e-78 -1.0636e-80 -5.1020e-83 -2.2598e-85 -9.2421e-88 -3.4901e-90 -1.2169e-92 -3.9177e-95 -1.1646e-97 -3.1963e-100 -8.1001e-103 -1.8953e-105 -4.0945e-108 -8.1673e-111 -1.5042e-113 -2.5577e-116 -4.0155e-119 -5.8206e-122 -7.7900e-125 -9.6257e-128 -1.0981e-130 -1.1567e-133 -1.1249e-136 -1.0100e-139 -8.3725e-143 -6.4079e-146 -4.5279e-149
-5.5030e-04 -8.3654e-04 -1.3364e-03 -2.0608e-03 -2.9856e-03 -4.0302e-03 -5.0539e-03 -5.8796e-03 -6.3402e-03 1.1129e-02 -5.8574e-03 -5.0139e-03 -3.9709e-03 -2.9089e-03 -1.9707e-03 -1.2344e-03 -7.1477e-04 -3.8256e-04 -1.8924e-04 -8.6505e-05 -3.6539e-05 -1.4260e-05 -5.1416e-06 -1.7126e-06 -5.2699e-07 -1.4979e-07 -3.9327e-08 -9.5368e-09 -2.1360e-09 -4.4186e-10 -8.4417e-11 -1.4895e-11 -2.4269e-12 -3.6519e-13 -5.0747e-14 -6.5119e-15 -7.7162e-16 -8.4431e-17 -8.5308e-18 -7.9590e-19 -6.8566e-20 -5.4541e-21 -4.0060e-22 -2.7168e-23 -1.7012e-24 -9.8362e-26 -5.2509e-27 -2.5882e-28 -1.1778e-29 -4.9491e-31 -1.9200e-32 -6.8770e-34 -2.2742e-35 -6.9437e-37 -1.9574e-38 -5.0944e-40 -1.2241e-41 -2.7156e-43 -5.5620e-45 -1.0517e-46 -1.8361e-48 -2.9594e-50 -4.4036e-52 -6.0496e-54 -7.6727e-56 -8.9842e-58 -9.7120e-60 -9.6926e-62 -8.9304e-64 -7.5963e-66 -5.9653e-68 -4.3248e-70 -2.8946e-72 -1.7886e-74 -1.0203e-76 -5.3730e-79 -2.6122e-81 -1.1725e-83 -4.8582e-86 -1.8584e-88 -6.5629e-91 -2.1396e-93 -6.4397e-96 -1.7893e-98 -4.5897e-101 -1.0869e-103 -2.3760e-106 -4.7951e-109 -8.9338e-112 -1.5366e-114 -2.4398e-117 -3.5763e-120 -4.8395e-123 -6.0457e-126 -6.9723e-129 -7.4230e-132 -7.2956e-135 -6.6194e-138 -5.5445e-141 -4.2872e-144 -4.7608e-04 -5.2910e-04 -6.1180e-04 -7.1441e-04 -8.2198e-04 -9.1549e-04 -9.7503e-04 -9.8477e-04 -9.3774e-04 0.0000e+00 -7.0162e-04 -5.4833e-04 -3.9948e-04 -2.7093e-04 -1.7086e-04 -1.0010e-04 -5.4439e-05 -2.7467e-05 -1.2850e-05 -5.5719e-06 -2.2384e-06 -8.3281e-07 -2.8689e-07 -9.1484e-08 -2.6998e-08 -7.3720e-09 -1.8622e-09 -4.3512e-10 -9.4028e-11 -1.8790e-11 -3.4717e-12 -5.9305e-13 -9.3651e-14 -1.3670e-14 -1.8444e-15 -2.2999e-16 -2.6504e-17 -2.8226e-18 -2.7776e-19 -2.5257e-20 -2.1220e-21 -1.6472e-22 -1.1813e-23 -7.8270e-25 -4.7908e-26 -2.7089e-27 -1.4150e-28 -6.8271e-30 -3.0427e-31 -1.2526e-32 -4.7631e-34 -1.6729e-35 -5.4266e-37 -1.6258e-38 -4.4989e-40 -1.1497e-41 -2.7137e-43 -5.9153e-45 -1.1908e-46 -2.2138e-48 -3.8008e-50 -6.0263e-52 -8.8235e-54 -1.1930e-55 -1.4896e-57 -1.7176e-59 -1.8288e-61 -1.7980e-63 -1.6324e-65 -1.3685e-67 -1.0594e-69 -7.5731e-72 -4.9987e-74 -3.0466e-76 -1.7145e-78 -8.9095e-81 -4.2749e-83 -1.8939e-85 -7.7476e-88 -2.9264e-90 -1.0206e-92 -3.2864e-95 -9.7711e-98 -2.6824e-100 -6.7990e-103 -1.5912e-105 -3.4382e-108 -6.8594e-111 -1.2635e-113 -2.1489e-116 -3.3743e-119 -4.8921e-122 -6.5483e-125 -8.0928e-128 -9.2342e-131 -9.7280e-134 -9.4619e-137 -8.4968e-140 -7.0446e-143 -5.3924e-146
-2.4811e-04 -4.1021e-04 -7.1256e-04 -1.1900e-03 -1.8643e-03 -2.7209e-03 -3.6900e-03 -4.6438e-03 -5.4183e-03 -5.8574e-03 1.3340e-02 -5.4336e-03 -4.6589e-03 -3.6954e-03 -2.7107e-03 -1.8386e-03 -1.1529e-03 -6.6826e-04 -3.5799e-04 -1.7723e-04 -8.1076e-05 -3.4270e-05 -1.3383e-05 -4.8282e-06 -1.6092e-06 -4.9540e-07 -1.4088e-07 -3.7004e-08 -8.9773e-09 -2.0115e-09 -4.1626e-10 -7.9553e-11 -1.4041e-11 -2.2886e-12 -3.4447e-13 -4.7881e-14 -6.1457e-15 -7.2842e-16 -7.9723e-17 -8.0570e-18 -7.5186e-19 -6.4785e-20 -5.1544e-21 -3.7866e-22 -2.5685e-23 -1.6087e-24 -9.3024e-26 -4.9668e-27 -2.4485e-28 -1.1144e-29 -4.6833e-31 -1.8171e-32 -6.5095e-34 -2.1530e-35 -6.5744e-37 -1.8535e-38 -4.8245e-40 -1.1594e-41 -2.5723e-43 -5.2691e-45 -9.9645e-47 -1.7398e-48 -2.8044e-50 -4.1733e-52 -5.7338e-54 -7.2728e-56 -8.5166e-58 -9.2073e-60 -9.1897e-62 -8.4677e-64 -7.2033e-66 -5.6571e-68 -4.1016e-70 -2.7454e-72 -1.6965e-74 -9.6781e-77 -5.0971e-79 -2.4782e-81 -1.1124e-83 -4.6096e-86 -1.7634e-88 -6.2278e-91 -2.0305e-93 -6.1116e-96 -1.6982e-98 -4.3563e-101 -1.0316e-103 -2.2554e-106 -4.5519e-109 -8.4810e-112 -1.4588e-114 -2.3164e-117 -3.3956e-120 -4.5951e-123 -5.7406e-126 -6.6207e-129 -7.0490e-132 -6.9283e-135 -6.2864e-138 -5.2658e-141 -2.0891e-04 -2.4265e-04 -2.9849e-04 -3.7423e-04 -4.6430e-04 -5.5871e-04 -6.4354e-04 -7.0330e-04 -7.2489e-04 -7.0162e-04 0.0000e+00 -5.3801e-04 -4.2446e-04 -3.1176e-04 -2.1293e-04 -1.3511e-04 -7.9584e-05 -4.3492e-05 -2.2039e-05 -1.0351e-05 -4.5039e-06 -1.8151e-06 -6.7729e-07 -2.3394e-07 -7.4782e-08 -2.2119e-08 -6.0524e-09 -1.5319e-09 -3.5858e-10 -7.7620e-11 -1.5535e-11 -2.8747e-12 -4.9174e-13 -7.7755e-14 -1.1364e-14 -1.5350e-15 -1.9162e-16 -2.2106e-17 -2.3565e-18 -2.3212e-19 -2.1125e-20 -1.7764e-21 -1.3800e-22 -9.9048e-24 -6.5674e-25 -4.0227e-26 -2.2761e-27 -1.1897e-28 -5.7437e-30 -2.5614e-31 -1.0551e-32 -4.0141e-34 -1.4106e-35 -4.5781e-37 -1.3723e-38 -3.7991e-40 -9.7136e-42 -2.2937e-43 -5.0019e-45 -1.0073e-46 -1.8735e-48 -3.2178e-50 -5.1038e-52 -7.4755e-54 -1.0111e-55 -1.2629e-57 -1.4567e-59 -1.5514e-61 -1.5259e-63 -1.3857e-65 -1.1621e-67 -8.9986e-70 -6.4342e-72 -4.2481e-74 -2.5898e-76 -1.4579e-78 -7.5775e-81 -3.6367e-83 -1.6116e-85 -6.5940e-88 -2.4912e-90 -8.6901e-93 -2.7989e-95 -8.3235e-98 -2.2855e-100 -5.7941e-103 -1.3562e-105 -2.9311e-108 -5.8489e-111 -1.0776e-113 -1.8330e-116 -2.8788e-119 -4.1743e-122 -5.5885e-125 -6.9077e-128 -7.8832e-131 -8.3061e-134 -8.0802e-137 -7.2571e-140 -6.0177e-143
-1.0357e-04 -1.8640e-04 -3.5166e-04 -6.3557e-04 -1.0766e-03 -1.6990e-03 -2.4923e-03 -3.3935e-03 -4.2849e-03 -5.0139e-03 -5.4336e-03 1.5737e-02 -5.0608e-03 -4.3465e-03 -3.4526e-03 -2.5360e-03 -1.7222e-03 -1.0811e-03 -6.2723e-04 -3.3631e-04 -1.6663e-04 -7.6285e-05 -3.2267e-05 -1.2609e-05 -4.5517e-06 -1.5178e-06 -4.6752e-07 -1.3301e-07 -3.4954e-08 -8.4834e-09 -1.9016e-09 -3.9366e-10 -7.5261e-11 -1.3288e-11 -2.1665e-12 -3.2620e-13 -4.5353e-14 -5.8229e-15 -6.9033e-16 -7.5573e-17 -7.6393e-18 -7.1304e-19 -6.1453e-20 -4.8903e-21 -3.5933e-22 -2.4378e-23 -1.5271e-24 -8.8321e-26 -4.7165e-27 -2.3254e-28 -1.0586e-29 -4.4493e-31 -1.7266e-32 -6.1860e-34 -2.0462e-35 -6.2492e-37 -1.7621e-38 -4.5870e-40 -1.1024e-41 -2.4463e-43 -5.0114e-45 -9.4782e-47 -1.6550e-48 -2.6680e-50 -3.9708e-52 -5.4560e-54 -6.9211e-56 -8.1054e-58 -8.7635e-60 -8.7475e-62 -8.0609e-64 -6.8577e-66 -5.3861e-68 -3.9054e-70 -2.6143e-72 -1.6156e-74 -9.2171e-77 -4.8546e-79 -2.3605e-81 -1.0596e-83 -4.3912e-86 -1.6800e-88 -5.9334e-91 -1.9346e-93 -5.8233e-96 -1.6182e-98 -4.1513e-101 -9.8313e-104 -2.1494e-106 -4.3383e-109 -8.0836e-112 -1.3905e-114 -2.2080e-117 -3.2369e-120 -4.3806e-123 -5.4729e-126 -6.3121e-129 -6.7207e-132 -6.6059e-135 -5.9942e-138 -8.4750e-05 -1.0320e-04 -1.3542e-04 -1.8262e-04 -2.4456e-04 -3.1815e-04 -3.9646e-04 -4.6893e-04 -5.2323e-04 -5.4833e-04 -5.3801e-04 0.0000e+00 -4.2128e-04 -3.3511e-04 -2.4789e-04 -1.7036e-04 -1.0869e-04 -6.4338e-05 -3.5313e-05 -1.7965e-05 -8.4672e-06 -3.6962e-06 -1.4940e-06 -5.5897e-07 -1.9355e-07 -6.2013e-08 -1.8381e-08 -5.0395e-09 -1.2778e-09 -2.9963e-10 -6.4961e-11 -1.3021e-11 -2.4128e-12 -4.1328e-13 -6.5430e-14 -9.5740e-15 -1.2947e-15 -1.6179e-16 -1.8683e-17 -1.9935e-18 -1.9653e-19 -1.7902e-20 -1.5066e-21 -1.1714e-22 -8.4134e-24 -5.5825e-25 -3.4217e-26 -1.9374e-27 -1.0132e-28 -4.8949e-30 -2.1841e-31 -9.0017e-33 -3.4266e-34 -1.2047e-35 -3.9120e-37 -1.1732e-38 -3.2494e-40 -8.3118e-42 -1.9635e-43 -4.2837e-45 -8.6304e-47 -1.6058e-48 -2.7590e-50 -4.3776e-52 -6.4142e-54 -8.6788e-56 -1.0844e-57 -1.2511e-59 -1.3329e-61 -1.3114e-63 -1.1913e-65 -9.9930e-68 -7.7403e-70 -5.5360e-72 -3.6560e-74 -2.2294e-76 -1.2553e-78 -6.5264e-81 -3.1330e-83 -1.3887e-85 -5.6832e-88 -2.1476e-90 -7.4931e-93 -2.4139e-95 -7.1800e-98 -1.9719e-100 -5.0000e-103 -1.1706e-105 -2.5304e-108 -5.0502e-111 -9.3060e-114 -1.5833e-116 -2.4870e-119 -3.6068e-122 -4.8295e-125 -5.9706e-128 -6.8148e-131 -7.1815e-134 -6.9872e-137 -6.2764e-140
-4.0014e-05 -7.8429e-05 -1.6054e-04 -3.1386e-04 -5.7482e-04 -9.8105e-04 -1.5568e-03 -2.2938e-03 -3.1349e-03 -3.9709e-03 -4.6589e-03 -5.0608e-03 1.8321e-02 -4.7316e-03 -4.0703e-03 -3.2378e-03 -2.3813e-03 -1.6190e-03 -1.0173e-03 -5.9080e-04 -3.1705e-04 -1.5722e-04 -7.2027e-05 -3.0486e-05 -1.1920e-05 -4.3056e-06 -1.4366e-06 -4.4271e-07 -1.2602e-07 -3.3129e-08 -8.0440e-09 -1.8038e-09 -3.7355e-10 -7.1441e-11 -1.2617e-11 -2.0578e-12 -3.0993e-13 -4.3104e-14 -5.5355e-15 -6.5643e-16 -7.1879e-17 -7.2676e-18 -6.7849e-19 -5.8488e-20 -4.6553e-21 -3.4213e-22 -2.3215e-23 -1.4545e-24 -8.4138e-26 -4.4938e-27 -2.2160e-28 -1.0089e-29 -4.2413e-31 -1.6461e-32 -5.8983e-34 -1.9513e-35 -5.9602e-37 -1.6808e-38 -4.3759e-40 -1.0518e-41 -2.3342e-43 -4.7823e-45 -9.0459e-47 -1.5797e-48 -2.5468e-50 -3.7908e-52 -5.2092e-54 -6.6086e-56 -7.7401e-58 -8.3693e-60 -8.3546e-62 -7.6995e-64 -6.5508e-66 -5.1455e-68 -3.7312e-70 -2.4978e-72 -1.5437e-74 -8.8078e-77 -4.6394e-79 -2.2560e-81 -1.0128e-83 -4.1972e-86 -1.6059e-88 -5.6720e-91 -1.8495e-93 -5.5675e-96 -1.5472e-98 -3.9693e-101 -9.4009e-104 -2.0554e-106 -4.1488e-109 -7.7308e-112 -1.3299e-114 -2.1119e-117 -3.0961e-120 -4.1902e-123 -5.2353e-126 -6.0384e-129 -6.4295e-132 -6.3200e-135 -3.1782e-05 -4.0688e-05 -5.7092e-05 -8.2924e-05 -1.1996e-04 -1.6878e-04 -2.2759e-04 -2.9141e-04 -3.5204e-04 -3.9948e-04 -4.2446e-04 -4.2128e-04 0.0000e+00 -3.3587e-04 -2.6910e-04 -2.0031e-04 -1.3843e-04 -8.8753e-05 -5.2766e-05 -2.9076e-05 -1.4845e-05 -7.0194e-06 -3.0733e-06 -1.2456e-06 -4.6719e-07 -1.6214e-07 -5.2061e-08 -1.5461e-08 -4.2468e-09 -1.0787e-09 -2.5334e-10 -5.5008e-11 -1.1042e-11 -2.0487e-12 -3.5136e-13 -5.5692e-14 -8.1582e-15 -1.1044e-15 -1.3815e-16 -1.5968e-17 -1.7054e-18 -1.6827e-19 -1.5341e-20 -1.2920e-21 -1.0053e-22 -7.2258e-24 -4.7978e-25 -2.9427e-26 -1.6672e-27 -8.7246e-29 -4.2172e-30 -1.8828e-31 -7.7640e-33 -2.9570e-34 -1.0401e-35 -3.3791e-37 -1.0139e-38 -2.8094e-40 -7.1894e-42 -1.6991e-43 -3.7082e-45 -7.4740e-47 -1.3911e-48 -2.3911e-50 -3.7953e-52 -5.5628e-54 -7.5293e-56 -9.4106e-58 -1.0861e-59 -1.1575e-61 -1.1391e-63 -1.0351e-65 -8.6852e-68 -6.7292e-70 -4.8141e-72 -3.1801e-74 -1.9397e-76 -1.0924e-78 -5.6810e-81 -2.7278e-83 -1.2093e-85 -4.9505e-88 -1.8711e-90 -6.5298e-93 -2.1040e-95 -6.2595e-98 -1.7194e-100 -4.3607e-103 -1.0211e-105 -2.2077e-108 -4.4069e-111 -8.1220e-114 -1.3821e-116 -2.1713e-119 -3.1495e-122 -4.2179e-125 -5.2153e-128 -5.9543e-131 -6.2756e-134 -6.1065e-137
-1.4306e-05 -3.0538e-05 -6.7762e-05 -1.4326e-04 -2.8370e-04 -5.2372e-04 -8.9922e-04 -1.4339e-03 -2.1213e-03 -2.9089e-03 -3.6954e-03 -4.3465e-03 -4.7316e-03 2.1092e-02 -4.4398e-03 -3.8250e-03 -3.0468e-03 -2.2435e-03 -1.5269e-03 -9.6045e-04 -5.5828e-04 -2.9985e-04 -1.4880e-04 -6.8218e-05 -2.8893e-05 -1.1304e-05 -4.0853e-06 -1.3638e-06 -4.2049e-07 -1.1974e-07 -3.1494e-08 -7.6500e-09 -1.7161e-09 -3.5552e-10 -6.8016e-11 -1.2016e-11 -1.9604e-12 -2.9534e-13 -4.1086e-14 -5.2778e-15 -6.2602e-16 -6.8566e-17 -6.9341e-18 -6.4751e-19 -5.5829e-20 -4.4445e-21 -3.2670e-22 -2.2173e-23 -1.3894e-24 -8.0387e-26 -4.2941e-27 -2.1179e-28 -9.6442e-30 -4.0546e-31 -1.5739e-32 -5.6404e-34 -1.8662e-35 -5.7010e-37 -1.6079e-38 -4.1866e-40 -1.0064e-41 -2.2337e-43 -4.5770e-45 -8.6584e-47 -1.5122e-48 -2.4382e-50 -3.6295e-52 -4.9880e-54 -6.3285e-56 -7.4128e-58 -8.0160e-60 -8.0026e-62 -7.3757e-64 -6.2758e-66 -4.9298e-68 -3.5751e-70 -2.3935e-72 -1.4793e-74 -8.4411e-77 -4.4465e-79 -2.1624e-81 -9.7078e-84 -4.0235e-86 -1.5395e-88 -5.4379e-91 -1.7733e-93 -5.3383e-96 -1.4836e-98 -3.8063e-101 -9.0154e-104 -1.9713e-106 -3.9791e-109 -7.4150e-112 -1.2756e-114 -2.0258e-117 -2.9700e-120 -4.0198e-123 -5.0225e-126 -5.7933e-129 -6.1688e-132 -1.1018e-05 -1.4869e-05 -2.2353e-05 -3.5007e-05 -5.4733e-05 -8.3310e-05 -1.2159e-04 -1.6855e-04 -2.2047e-04 -2.7093e-04 -3.1176e-04 -3.3511e-04 -3.3587e-04 0.0000e+00 -2.7199e-04 -2.1930e-04 -1.6415e-04 -1.1400e-04 -7.3415e-05 -4.3821e-05 -2.4234e-05 -1.2413e-05 -5.8871e-06 -2.5845e-06 -1.0501e-06 -3.9479e-07 -1.3731e-07 -4.4174e-08 -1.3144e-08 -3.6164e-09 -9.2004e-10 -2.1640e-10 -4.7055e-11 -9.4578e-12 -1.7571e-12 -3.0169e-13 -4.7874e-14 -7.0204e-15 -9.5131e-16 -1.1911e-16 -1.3780e-17 -1.4730e-18 -1.4547e-19 -1.3272e-20 -1.1186e-21 -8.7101e-23 -6.2649e-24 -4.1625e-25 -2.5547e-26 -1.4482e-27 -7.5833e-29 -3.6676e-30 -1.6383e-31 -6.7593e-33 -2.5756e-34 -9.0643e-36 -2.9461e-37 -8.8434e-39 -2.4515e-40 -6.2762e-42 -1.4839e-43 -3.2398e-45 -6.5324e-47 -1.2163e-48 -2.0914e-50 -3.3207e-52 -4.8689e-54 -6.5922e-56 -8.2419e-58 -9.5151e-60 -1.0144e-61 -9.9852e-64 -9.0761e-66 -7.6177e-68 -5.9036e-70 -4.2246e-72 -2.7914e-74 -1.7031e-76 -9.5939e-79 -4.9902e-81 -2.3966e-83 -1.0628e-85 -4.3514e-88 -1.6450e-90 -5.7420e-93 -1.8506e-95 -5.5066e-98 -1.5129e-100 -3.8377e-103 -8.9881e-106 -1.9438e-108 -3.8808e-111 -7.1534e-114 -1.2174e-116 -1.9129e-119 -2.7751e-122 -3.7171e-125 -4.5967e-128 -5.2483e-131 -5.5324e-134
-4.7319e-06 -1.0998e-05 -2.6436e-05 -6.0434e-05 -1.2941e-04 -2.5844e-04 -4.8018e-04 -8.2878e-04 -1.3273e-03 -1.9707e-03 -2.7107e-03 -3.4526e-03 -4.0703e-03 -4.4398e-03 2.4052e-02 -4.1799e-03 -3.6061e-03 -2.8760e-03 -2.1201e-03 -1.4445e-03 -9.0943e-04 -5.2907e-04 -2.8438e-04 -1.4123e-04 -6.4790e-05 -2.7458e-05 -1.0749e-05 -3.8869e-06 -1.2982e-06 -4.0045e-07 -1.1409e-07 -3.0019e-08 -7.2946e-09 -1.6370e-09 -3.3924e-10 -6.4924e-11 -1.1474e-11 -1.8724e-12 -2.8217e-13 -3.9264e-14 -5.0450e-15 -5.9856e-16 -6.5573e-17 -6.6330e-18 -6.1952e-19 -5.3426e-20 -4.2541e-21 -3.1276e-22 -2.1231e-23 -1.3306e-24 -7.6998e-26 -4.1138e-27 -2.0292e-28 -9.2419e-30 -3.8861e-31 -1.5086e-32 -5.4073e-34 -1.7894e-35 -5.4669e-37 -1.5420e-38 -4.0156e-40 -9.6545e-42 -2.1430e-43 -4.3915e-45 -8.3084e-47 -1.4512e-48 -2.3401e-50 -3.4838e-52 -4.7882e-54 -6.0756e-56 -7.1171e-58 -7.6969e-60 -7.6847e-62 -7.0833e-64 -6.0275e-66 -4.7351e-68 -3.4341e-70 -2.2993e-72 -1.4212e-74 -8.1100e-77 -4.2724e-79 -2.0778e-81 -9.3289e-84 -3.8667e-86 -1.4796e-88 -5.2266e-91 -1.7045e-93 -5.1315e-96 -1.4262e-98 -3.6593e-101 -8.6675e-104 -1.8953e-106 -3.8260e-109 -7.1299e-112 -1.2266e-114 -1.9481e-117 -2.8563e-120 -3.8660e-123 -4.8306e-126 -5.5721e-129 -3.5308e-06 -5.0349e-06 -8.1230e-06 -1.3728e-05 -2.3208e-05 -3.8224e-05 -6.0392e-05 -9.0639e-05 -1.2839e-04 -1.7086e-04 -2.1293e-04 -2.4789e-04 -2.6910e-04 -2.7199e-04 0.0000e+00 -2.2328e-04 -1.8103e-04 -1.3619e-04 -9.5000e-05 -6.1424e-05 -3.6796e-05 -2.0416e-05 -1.0488e-05 -4.9879e-06 -2.1953e-06 -8.9404e-07 -3.3684e-07 -1.1739e-07 -3.7835e-08 -1.1277e-08 -3.1078e-09 -7.9185e-10 -1.8652e-10 -4.0610e-11 -8.1728e-12 -1.5201e-12 -2.6131e-13 -4.1510e-14 -6.0932e-15 -8.2647e-16 -1.0358e-16 -1.1993e-17 -1.2830e-18 -1.2681e-19 -1.1578e-20 -9.7659e-22 -7.6093e-23 -5.4768e-24 -3.6412e-25 -2.2361e-26 -1.2684e-27 -6.6452e-29 -3.2156e-30 -1.4372e-31 -5.9324e-33 -2.2616e-34 -7.9630e-36 -2.5893e-37 -7.7759e-39 -2.1565e-40 -5.5232e-42 -1.3063e-43 -2.8533e-45 -5.7552e-47 -1.0720e-48 -1.8438e-50 -2.9286e-52 -4.2955e-54 -5.8176e-56 -7.2758e-58 -8.4023e-60 -8.9599e-62 -8.8224e-64 -8.0214e-66 -6.7343e-68 -5.2204e-70 -3.7366e-72 -2.4696e-74 -1.5071e-76 -8.4918e-79 -4.4180e-81 -2.1223e-83 -9.4133e-86 -3.8550e-88 -1.4578e-90 -5.0895e-93 -1.6405e-95 -4.8823e-98 -1.3416e-100 -3.4039e-103 -7.9735e-106 -1.7245e-108 -3.4436e-111 -6.3488e-114 -1.0807e-116 -1.6984e-119 -2.4643e-122 -3.3013e-125 -4.0832e-128 -4.6627e-131
-1.4478e-06 -3.6625e-06 -9.5308e-06 -2.3557e-05 -5.4557e-05 -1.1787e-04 -2.3702e-04 -4.4284e-04 -7.6784e-04 -1.2344e-03 -1.8386e-03 -2.5360e-03 -3.2378e-03 -3.8250e-03 -4.1799e-03 2.7203e-02 -3.9472e-03 -3.4098e-03 -2.7226e-03 -2.0092e-03 -1.3702e-03 -8.6343e-04 -5.0272e-04 -2.7042e-04 -1.3438e-04 -6.1691e-05 -2.6160e-05 -1.0247e-05 -3.7071e-06 -1.2387e-06 -3.8228e-07 -1.0896e-07 -2.8681e-08 -6.9721e-09 -1.5652e-09 -3.2447e-10 -6.2117e-11 -1.0981e-11 -1.7926e-12 -2.7020e-13 -3.7609e-14 -4.8336e-15 -5.7361e-16 -6.2855e-17 -6.3594e-18 -5.9409e-19 -5.1243e-20 -4.0811e-21 -3.0009e-22 -2.0374e-23 -1.2772e-24 -7.3917e-26 -3.9498e-27 -1.9487e-28 -8.8762e-30 -3.7328e-31 -1.4494e-32 -5.1955e-34 -1.7195e-35 -5.2540e-37 -1.4822e-38 -3.8602e-40 -9.2819e-42 -2.0605e-43 -4.2229e-45 -7.9903e-47 -1.3958e-48 -2.2510e-50 -3.3514e-52 -4.6066e-54 -5.8457e-56 -6.8484e-58 -7.4069e-60 -7.3958e-62 -6.8175e-64 -5.8018e-66 -4.5581e-68 -3.3060e-70 -2.2137e-72 -1.3684e-74 -7.8091e-77 -4.1141e-79 -2.0010e-81 -8.9845e-84 -3.7242e-86 -1.4251e-88 -5.0346e-91 -1.6419e-93 -4.9435e-96 -1.3740e-98 -3.5256e-101 -8.3514e-104 -1.8263e-106 -3.6868e-109 -6.8709e-112 -1.1821e-114 -1.8775e-117 -2.7529e-120 -3.7263e-123 -4.6562e-126 -1.0459e-06 -1.5795e-06 -2.7385e-06 -4.9976e-06 -9.1377e-06 -1.6289e-05 -2.7861e-05 -4.5277e-05 -6.9451e-05 -1.0010e-04 -1.3511e-04 -1.7036e-04 -2.0031e-04 -2.1930e-04 -2.2328e-04 0.0000e+00 -1.8551e-04 -1.5116e-04 -1.1422e-04 -7.9998e-05 -5.1912e-05 -3.1200e-05 -1.7363e-05 -8.9447e-06 -4.2645e-06 -1.8813e-06 -7.6781e-07 -2.8986e-07 -1.0120e-07 -3.2675e-08 -9.7547e-09 -2.6924e-09 -6.8699e-10 -1.6203e-10 -3.5324e-11 -7.1175e-12 -1.3254e-12 -2.2807e-13 -3.6266e-14 -5.3287e-15 -7.2343e-16 -9.0742e-17 -1.0516e-17 -1.1259e-18 -1.1136e-19 -1.0175e-20 -8.5883e-22 -6.6962e-23 -4.8226e-24 -3.2083e-25 -1.9714e-26 -1.1188e-27 -5.8650e-29 -2.8396e-30 -1.2697e-31 -5.2438e-33 -2.0001e-34 -7.0452e-36 -2.2919e-37 -6.8856e-39 -1.9104e-40 -4.8947e-42 -1.1581e-43 -2.5306e-45 -5.1060e-47 -9.5140e-49 -1.6370e-50 -2.6009e-52 -3.8160e-54 -5.1699e-56 -6.4676e-58 -7.4712e-60 -7.9693e-62 -7.8492e-64 -7.1385e-66 -5.9945e-68 -4.6481e-70 -3.3279e-72 -2.2000e-74 -1.3430e-76 -7.5688e-79 -3.9386e-81 -1.8923e-83 -8.3949e-86 -3.4387e-88 -1.3005e-90 -4.5413e-93 -1.4641e-95 -4.3585e-98 -1.1979e-100 -3.0398e-103 -7.1219e-106 -1.5406e-108 -3.0769e-111 -5.6736e-114 -9.6592e-117 -1.5183e-119 -2.2033e-122 -2.9521e-125 -3.6519e-128
