1.1976e-04 -1.0365e-02 -8.6214e-03 -6.6595e-03 -4.7761e-03 -3.1792e-03 -1.9635e-03 -1.1247e-03 -5.9729e-04 -2.9395e-04 -1.3401e-04 -5.6575e-05 -2.2109e-05 -7.9954e-06 -2.6748e-06 -8.2760e-07 -2.3676e-07 -6.2611e-08 -1.5303e-08 -3.4563e-09 -7.2124e-10 -1.3904e-10 -2.4758e-11 -4.0720e-12 -6.1850e-13 -8.6756e-14 -1.1237e-14 -1.3440e-15 -1.4841e-16 -1.5132e-17 -1.4245e-18 -1.2380e-19 -9.9327e-21 -7.3574e-22 -5.0311e-23 -3.1760e-24 -1.8509e-25 -9.9575e-27 -4.9452e-28 -2.2672e-29 -9.5950e-31 -3.7486e-32 -1.3519e-33 -4.5008e-35 -1.3832e-36 -3.9241e-38 -1.0276e-39 -2.4843e-41 -5.5440e-43 -1.1421e-44 -2.1718e-46 -3.8124e-48 -6.1778e-50 -9.2410e-52 -1.2760e-53 -1.6265e-55 -1.9139e-57 -2.0788e-59 -2.0844e-61 -1.9293e-63 -1.6484e-65 -1.3001e-67 -9.4661e-70 -6.3622e-72 -3.9473e-74 -2.2607e-76 -1.1952e-78 -5.8334e-81 -2.6281e-83 -1.0930e-85 -4.1961e-88 -1.4871e-90 -4.8650e-93 -1.4692e-95 -4.0958e-98 -1.0541e-100 -2.5040e-103 -5.4913e-106 -1.1116e-108 -2.0774e-111 -3.5836e-114 -5.7067e-117 -8.3891e-120 -1.1384e-122 -1.4261e-125 -1.6491e-128 -1.7603e-131 -1.7347e-134 -1.5779e-137 -1.3250e-140 -1.0271e-143 -7.3497e-147 -4.8549e-150 -2.9604e-153 -1.6664e-156 -8.6590e-160 -4.1535e-163 -1.8392e-166 -7.5177e-170 -2.8367e-173 0.0000e+00 1.0234e-02 8.3789e-03 6.3325e-03 4.4179e-03 2.8451e-03 1.6913e-03 9.2801e-04 4.7002e-04 2.1973e-04 9.4810e-05 3.7758e-05 1.3878e-05 4.7077e-06 1.4737e-06 4.2574e-07 1.1349e-07 2.7915e-08 6.3352e-09 1.3264e-09 2.5620e-10 4.5646e-11 7.5009e-12 1.1368e-12 1.5886e-13 2.0467e-14 2.4310e-15 2.6611e-16 2.6843e-17 2.4944e-18 2.1348e-19 1.6822e-20 1.2199e-21 8.1374e-23 4.9906e-24 2.8119e-25 1.4544e-26 6.8976e-28 2.9954e-29 1.1889e-30 4.3023e-32 1.4143e-33 4.2017e-35 1.1188e-36 2.6333e-38 5.3330e-40 8.7266e-42 9.2379e-44 -4.1628e-46 -5.6375e-47 -1.9233e-48 -4.7760e-50 -9.8641e-52 -1.7733e-53 -2.8338e-55 -4.0722e-57 -5.2987e-59 -6.2715e-61 -6.7731e-63 -6.6895e-65 -6.0521e-67 -5.0220e-69 -3.8259e-71 -2.6780e-73 -1.7234e-75 -1.0202e-77 -5.5581e-80 -2.7875e-82 -1.2874e-84 -5.4767e-87 -2.1465e-89 -7.7524e-92 -2.5805e-94 -7.9179e-97 -2.2397e-99 -5.8414e-102 -1.4048e-104 -3.1156e-107 -6.3724e-110 -1.2022e-112 -2.0918e-115 -3.3577e-118 -4.9717e-121 -6.7914e-124 -8.5589e-127 -9.9516e-130 -1.0676e-132 -1.0567e-135 -9.6515e-139 -8.1339e-142 -6.3255e-145 -4.5392e-148 -3.0060e-151 -1.8370e-154 -1.0360e-157 -5.3918e-161 -2.5897e-164 -1.1479e-167 -4.6962e-171 -1.7731e-174
-1.0365e-02 4.7750e-04 -8.3031e-03 -6.8042e-03 -5.2365e-03 -3.7728e-03 -2.5373e-03 -1.5889e-03 -9.2443e-04 -4.9891e-04 -2.4944e-04 -1.1542e-04 -4.9394e-05 -1.9538e-05 -7.1406e-06 -2.4106e-06 -7.5152e-07 -2.1634e-07 -5.7500e-08 -1.4109e-08 -3.1961e-09 -6.6834e-10 -1.2901e-10 -2.2989e-11 -3.7815e-12 -5.7419e-13 -8.0480e-14 -1.0413e-14 -1.2437e-15 -1.3711e-16 -1.3954e-17 -1.3110e-18 -1.1369e-19 -9.1019e-21 -6.7264e-22 -4.5888e-23 -2.8898e-24 -1.6799e-25 -9.0154e-27 -4.4662e-28 -2.0425e-29 -8.6226e-31 -3.3603e-32 -1.2089e-33 -4.0148e-35 -1.2309e-36 -3.4835e-38 -9.1010e-40 -2.1950e-41 -4.8870e-43 -1.0044e-44 -1.9057e-46 -3.3379e-48 -5.3971e-50 -8.0558e-52 -1.1100e-53 -1.4119e-55 -1.6579e-57 -1.7972e-59 -1.7984e-61 -1.6613e-63 -1.4167e-65 -1.1153e-67 -8.1050e-70 -5.4374e-72 -3.3674e-74 -1.9252e-76 -1.0160e-78 -4.9503e-81 -2.2264e-83 -9.2440e-86 -3.5431e-88 -1.2536e-90 -4.0947e-93 -1.2346e-95 -3.4367e-98 -8.8307e-101 -2.0947e-103 -4.5869e-106 -9.2722e-109 -1.7303e-111 -2.9807e-114 -4.7400e-117 -6.9585e-120 -9.4301e-123 -1.1797e-125 -1.3624e-128 -1.4525e-131 -1.4295e-134 -1.2988e-137 -1.0893e-140 -8.4334e-144 -6.0275e-147 -3.9769e-150 -2.4222e-153 -1.3619e-156 -7.0689e-160 -3.3870e-163 -1.4981e-166 -6.1172e-170 1.0234e-02 0.0000e+00 7.4305e-03 5.6141e-03 3.9143e-03 2.5180e-03 1.4940e-03 8.1736e-04 4.1216e-04 1.9147e-04 8.1892e-05 3.2222e-05 1.1653e-05 3.8686e-06 1.1771e-06 3.2755e-07 8.3119e-08 1.9154e-08 3.9831e-09 7.3991e-10 1.2059e-10 1.6614e-11 1.7534e-12 8.5485e-14 -1.8666e-14 -7.1932e-15 -1.5443e-15 -2.6070e-16 -3.7520e-17 -4.7542e-18 -5.3901e-19 -5.5183e-20 -5.1309e-21 -4.3495e-22 -3.3705e-23 -2.3922e-24 -1.5574e-25 -9.3100e-27 -5.1150e-28 -2.5846e-29 -1.2017e-30 -5.1440e-32 -2.0279e-33 -7.3645e-35 -2.4646e-36 -7.6019e-38 -2.1616e-39 -5.6670e-41 -1.3700e-42 -3.0547e-44 -6.2818e-46 -1.1916e-47 -2.0853e-49 -3.3668e-51 -5.0150e-53 -6.8927e-55 -8.7413e-57 -1.0230e-58 -1.1047e-60 -1.1010e-62 -1.0126e-64 -8.5953e-67 -6.7335e-69 -4.8685e-71 -3.2489e-73 -2.0011e-75 -1.1376e-77 -5.9695e-80 -2.8913e-82 -1.2926e-84 -5.3339e-87 -2.0317e-89 -7.1436e-92 -2.3185e-94 -6.9460e-97 -1.9209e-99 -4.9037e-102 -1.1555e-104 -2.5136e-107 -5.0474e-110 -9.3561e-113 -1.6009e-115 -2.5288e-118 -3.6874e-121 -4.9634e-124 -6.1675e-127 -7.0745e-130 -7.4913e-133 -7.3228e-136 -6.6080e-139 -5.5047e-142 -4.2331e-145 -3.0051e-148 -1.9694e-151 -1.1914e-154 -6.6541e-158 -3.4307e-161 -1.6328e-164 -7.1741e-168 -2.9099e-171
-8.6214e-03 -8.3031e-03 1.0688e-03 -6.8745e-03 -5.7900e-03 -4.5787e-03 -3.3794e-03 -2.3184e-03 -1.4743e-03 -8.6766e-04 -4.7204e-04 -2.3725e-04 -1.1012e-04 -4.7189e-05 -1.8669e-05 -6.8177e-06 -2.2983e-06 -7.1515e-07 -2.0542e-07 -5.4464e-08 -1.3330e-08 -3.0117e-09 -6.2811e-10 -1.2093e-10 -2.1491e-11 -3.5260e-12 -5.3403e-13 -7.4666e-14 -9.6372e-15 -1.1483e-15 -1.2631e-16 -1.2827e-17 -1.2024e-18 -1.0406e-19 -8.3136e-21 -6.1317e-22 -4.1750e-23 -2.6243e-24 -1.5229e-25 -8.1581e-27 -4.0346e-28 -1.8420e-29 -7.7639e-31 -3.0209e-32 -1.0852e-33 -3.5985e-35 -1.1016e-36 -3.1135e-38 -8.1232e-40 -1.9566e-41 -4.3506e-43 -8.9305e-45 -1.6924e-46 -2.9607e-48 -4.7816e-50 -7.1290e-52 -9.8123e-54 -1.2468e-55 -1.4625e-57 -1.5837e-59 -1.5832e-61 -1.4611e-63 -1.2448e-65 -9.7903e-68 -7.1085e-70 -4.7646e-72 -2.9482e-74 -1.6841e-76 -8.8810e-79 -4.3234e-81 -1.9430e-83 -8.0608e-86 -3.0873e-88 -1.0915e-90 -3.5627e-93 -1.0735e-95 -2.9860e-98 -7.6676e-101 -1.8176e-103 -3.9775e-106 -8.0353e-109 -1.4985e-111 -2.5799e-114 -4.1002e-117 -6.0157e-120 -8.1478e-123 -1.0187e-125 -1.1759e-128 -1.2529e-131 -1.2324e-134 -1.1191e-137 -9.3812e-141 -7.2595e-144 -5.1860e-147 -3.4200e-150 -2.0820e-153 -1.1701e-156 -6.0705e-160 -2.9073e-163 -1.2854e-166 8.3789e-03 7.4305e-03 0.0000e+00 4.5880e-03 3.1901e-03 2.0414e-03 1.2004e-03 6.4721e-04 3.1894e-04 1.4303e-04 5.7972e-05 2.1005e-05 6.6701e-06 1.7804e-06 3.5541e-07 2.5351e-08 -2.0353e-08 -1.3723e-08 -5.6872e-09 -1.8885e-09 -5.3876e-10 -1.3591e-10 -3.0769e-11 -6.3041e-12 -1.1752e-12 -2.0005e-13 -3.1173e-14 -4.4544e-15 -5.8447e-16 -7.0491e-17 -7.8208e-18 -7.9868e-19 -7.5113e-20 -6.5080e-21 -5.1966e-22 -3.8250e-23 -2.5959e-24 -1.6247e-25 -9.3790e-27 -4.9944e-28 -2.4536e-29 -1.1121e-30 -4.6514e-32 -1.7952e-33 -6.3941e-35 -2.1018e-36 -6.3763e-38 -1.7854e-39 -4.6143e-41 -1.1007e-42 -2.4238e-44 -4.9265e-46 -9.2433e-48 -1.6009e-49 -2.5596e-51 -3.7777e-53 -5.1471e-55 -6.4740e-57 -7.5172e-59 -8.0578e-61 -7.9738e-63 -7.2845e-65 -6.1437e-67 -4.7834e-69 -3.4383e-71 -2.2817e-73 -1.3978e-75 -7.9057e-78 -4.1279e-80 -1.9898e-82 -8.8552e-85 -3.6382e-87 -1.3800e-89 -4.8323e-92 -1.5622e-94 -4.6625e-97 -1.2847e-99 -3.2681e-102 -7.6749e-105 -1.6640e-107 -3.3307e-110 -6.1550e-113 -1.0500e-115 -1.6538e-118 -2.4048e-121 -3.2282e-124 -4.0007e-127 -4.5773e-130 -4.8349e-133 -4.7148e-136 -4.2446e-139 -3.5278e-142 -2.7068e-145 -1.9174e-148 -1.2539e-151 -7.5706e-155 -4.2196e-158 -2.1713e-161 -1.0315e-164 -4.5235e-168
-6.6595e-03 -6.8042e-03 -6.8745e-03 1.8869e-03 -6.2008e-03 -5.3702e-03 -4.3258e-03 -3.2288e-03 -2.2285e-03 -1.4209e-03 -8.3655e-04 -4.5465e-04 -2.2808e-04 -1.0561e-04 -4.5141e-05 -1.7810e-05 -6.4864e-06 -2.1807e-06 -6.7682e-07 -1.9392e-07 -5.1291e-08 -1.2524e-08 -2.8233e-09 -5.8758e-10 -1.1289e-10 -2.0025e-11 -3.2793e-12 -4.9578e-13 -6.9200e-14 -8.9173e-15 -1.0609e-15 -1.1652e-16 -1.1815e-17 -1.1061e-18 -9.5595e-20 -7.6277e-21 -5.6190e-22 -3.8214e-23 -2.3993e-24 -1.3908e-25 -7.4428e-27 -3.6771e-28 -1.6772e-29 -7.0624e-31 -2.7455e-32 -9.8536e-34 -3.2648e-35 -9.9867e-37 -2.8202e-38 -7.3525e-40 -1.7696e-41 -3.9320e-43 -8.0659e-45 -1.5275e-46 -2.6705e-48 -4.3101e-50 -6.4222e-52 -8.8342e-54 -1.1219e-55 -1.3152e-57 -1.4234e-59 -1.4222e-61 -1.3119e-63 -1.1171e-65 -8.7816e-68 -6.3730e-70 -4.2697e-72 -2.6408e-74 -1.5078e-76 -7.9479e-79 -3.8675e-81 -1.7374e-83 -7.2051e-86 -2.7584e-88 -9.7492e-91 -3.1809e-93 -9.5810e-96 -2.6641e-98 -6.8386e-101 -1.6205e-103 -3.5451e-106 -7.1594e-109 -1.3348e-111 -2.2972e-114 -3.6499e-117 -5.3534e-120 -7.2487e-123 -9.0606e-126 -1.0455e-128 -1.1137e-131 -1.0952e-134 -9.9427e-138 -8.3325e-141 -6.4464e-144 -4.6040e-147 -3.0354e-150 -1.8475e-153 -1.0380e-156 -5.3841e-160 -2.5780e-163 6.3325e-03 5.6141e-03 4.5880e-03 0.0000e+00 2.3797e-03 1.4992e-03 8.5653e-04 4.3873e-04 1.9731e-04 7.4516e-05 2.0796e-05 1.6906e-06 -2.8573e-06 -2.6441e-06 -1.5652e-06 -7.4966e-07 -3.0996e-07 -1.1369e-07 -3.7508e-08 -1.1222e-08 -3.0599e-09 -7.6297e-10 -1.7437e-10 -3.6587e-11 -7.0565e-12 -1.2521e-12 -2.0456e-13 -3.0786e-14 -4.2697e-15 -5.4591e-16 -6.4364e-17 -6.9991e-18 -7.0212e-19 -6.4984e-20 -5.5499e-21 -4.3741e-22 -3.1816e-23 -2.1359e-24 -1.3236e-25 -7.5709e-27 -3.9976e-28 -1.9485e-29 -8.7681e-31 -3.6424e-32 -1.3969e-33 -4.9460e-35 -1.6168e-36 -4.8794e-38 -1.3596e-39 -3.4975e-41 -8.3070e-43 -1.8216e-44 -3.6881e-46 -6.8941e-48 -1.1898e-49 -1.8960e-51 -2.7894e-53 -3.7889e-55 -4.7518e-57 -5.5022e-59 -5.8823e-61 -5.8062e-63 -5.2914e-65 -4.4523e-67 -3.4588e-69 -2.4808e-71 -1.6429e-73 -1.0045e-75 -5.6702e-78 -2.9552e-80 -1.4220e-82 -6.3174e-85 -2.5912e-87 -9.8129e-90 -3.4309e-92 -1.1075e-94 -3.3007e-97 -9.0820e-100 -2.3072e-102 -5.4112e-105 -1.1717e-107 -2.3425e-110 -4.3235e-113 -7.3675e-116 -1.1591e-118 -1.6835e-121 -2.2575e-124 -2.7949e-127 -3.1945e-130 -3.3710e-133 -3.2841e-136 -2.9538e-139 -2.4528e-142 -1.8804e-145 -1.3308e-148 -8.6960e-152 -5.2459e-155 -2.9216e-158 -1.5022e-161 -7.1306e-165
-4.7761e-03 -5.2365e-03 -5.7900e-03 -6.2008e-03 2.9239e-03 -5.9183e-03 -5.1755e-03 -4.1842e-03 -3.1239e-03 -2.1530e-03 -1.3696e-03 -8.0415e-04 -4.3583e-04 -2.1804e-04 -1.0070e-04 -4.2934e-05 -1.6900e-05 -6.1412e-06 -2.0604e-06 -6.3822e-07 -1.8252e-07 -4.8194e-08 -1.1749e-08 -2.6445e-09 -5.4956e-10 -1.0545e-10 -1.8680e-11 -3.0552e-12 -4.6137e-13 -6.4327e-14 -8.2806e-15 -9.8415e-16 -1.0799e-16 -1.0940e-17 -1.0233e-18 -8.8371e-20 -7.0457e-21 -5.1864e-22 -3.5247e-23 -2.2115e-24 -1.2811e-25 -6.8513e-27 -3.3829e-28 -1.5421e-29 -6.4899e-31 -2.5216e-32 -9.0453e-34 -2.9955e-35 -9.1586e-37 -2.5852e-38 -6.7367e-40 -1.6207e-41 -3.5997e-43 -7.3811e-45 -1.3973e-46 -2.4419e-48 -3.9398e-50 -5.8683e-52 -8.0695e-54 -1.0244e-55 -1.2006e-57 -1.2990e-59 -1.2975e-61 -1.1964e-63 -1.0185e-65 -8.0046e-68 -5.8075e-70 -3.8898e-72 -2.4052e-74 -1.3730e-76 -7.2354e-79 -3.5200e-81 -1.5809e-83 -6.5547e-86 -2.5089e-88 -8.8654e-91 -2.8919e-93 -8.7089e-96 -2.4211e-98 -6.2137e-101 -1.4722e-103 -3.2200e-106 -6.5017e-109 -1.2119e-111 -2.0854e-114 -3.3129e-117 -4.8583e-120 -6.5772e-123 -8.2200e-126 -9.4838e-129 -1.0101e-131 -9.9318e-135 -9.0149e-138 -7.5539e-141 -5.8432e-144 -4.1726e-147 -2.7507e-150 -1.6740e-153 -9.4042e-157 -4.8772e-160 4.4179e-03 3.9143e-03 3.1901e-03 2.3797e-03 0.0000e+00 9.7558e-04 5.1338e-04 2.1943e-04 5.9473e-05 -1.0628e-05 -3.0415e-05 -2.7883e-05 -1.9029e-05 -1.0926e-05 -5.5066e-06 -2.4846e-06 -1.0143e-06 -3.7699e-07 -1.2809e-07 -3.9893e-08 -1.1409e-08 -3.0002e-09 -7.2619e-10 -1.6190e-10 -3.3262e-11 -6.3005e-12 -1.1007e-12 -1.7738e-13 -2.6374e-14 -3.6190e-15 -4.5831e-16 -5.3573e-17 -5.7808e-18 -5.7584e-19 -5.2956e-20 -4.4962e-21 -3.5247e-22 -2.5511e-23 -1.7049e-24 -1.0520e-25 -5.9938e-27 -3.1533e-28 -1.5318e-29 -6.8708e-31 -2.8457e-32 -1.0883e-33 -3.8432e-35 -1.2532e-36 -3.7732e-38 -1.0490e-39 -2.6930e-41 -6.3835e-43 -1.3972e-44 -2.8237e-46 -5.2693e-48 -9.0794e-50 -1.4445e-51 -2.1221e-53 -2.8785e-55 -3.6051e-57 -4.1690e-59 -4.4515e-61 -4.3888e-63 -3.9951e-65 -3.3578e-67 -2.6058e-69 -1.8672e-71 -1.2353e-73 -7.5455e-76 -4.2556e-78 -2.2160e-80 -1.0654e-82 -4.7294e-85 -1.9384e-87 -7.3349e-90 -2.5627e-92 -8.2665e-95 -2.4619e-97 -6.7697e-100 -1.7186e-102 -4.0284e-105 -8.7176e-108 -1.7418e-110 -3.2130e-113 -5.4720e-116 -8.6041e-119 -1.2491e-121 -1.6741e-124 -2.0716e-127 -2.3666e-130 -2.4962e-133 -2.4307e-136 -2.1853e-139 -1.8138e-142 -1.3899e-145 -9.8334e-149 -6.4228e-152 -3.8730e-155 -2.1562e-158 -1.1082e-161
-3.1792e-03 -3.7728e-03 -4.5787e-03 -5.3702e-03 -5.9183e-03 4.1713e-03 -5.7340e-03 -5.0116e-03 -4.0430e-03 -3.0103e-03 -2.0688e-03 -1.3125e-03 -7.6866e-04 -4.1561e-04 -2.0748e-04 -9.5631e-05 -4.0698e-05 -1.5992e-05 -5.8025e-06 -1.9439e-06 -6.0134e-07 -1.7176e-07 -4.5300e-08 -1.1032e-08 -2.4805e-09 -5.1500e-10 -9.8726e-11 -1.7475e-11 -2.8560e-12 -4.3097e-13 -6.0046e-14 -7.7244e-15 -9.1748e-16 -1.0062e-16 -1.0188e-17 -9.5240e-19 -8.2205e-20 -6.5510e-21 -4.8200e-22 -3.2743e-23 -2.0536e-24 -1.1891e-25 -6.3571e-27 -3.1377e-28 -1.4298e-29 -6.0155e-31 -2.3365e-32 -8.3789e-34 -2.7740e-35 -8.4790e-37 -2.3927e-38 -6.2334e-40 -1.4993e-41 -3.3291e-43 -6.8247e-45 -1.2916e-46 -2.2568e-48 -3.6404e-50 -5.4213e-52 -7.4534e-54 -9.4602e-56 -1.1085e-57 -1.1991e-59 -1.1975e-61 -1.1041e-63 -9.3976e-66 -7.3844e-68 -5.3567e-70 -3.5874e-72 -2.2179e-74 -1.2659e-76 -6.6700e-79 -3.2445e-81 -1.4570e-83 -6.0401e-86 -2.3116e-88 -8.1673e-91 -2.6639e-93 -8.0213e-96 -2.2297e-98 -5.7219e-101 -1.3555e-103 -2.9645e-106 -5.9852e-109 -1.1155e-111 -1.9194e-114 -3.0488e-117 -4.4706e-120 -6.0518e-123 -7.5628e-126 -8.7248e-129 -9.2919e-132 -9.1354e-135 -8.2914e-138 -6.9470e-141 -5.3734e-144 -3.8368e-147 -2.5291e-150 -1.5390e-153 -8.6455e-157 2.8451e-03 2.5180e-03 2.0414e-03 1.4992e-03 9.7558e-04 0.0000e+00 2.1634e-04 1.8636e-05 -7.7581e-05 -1.0438e-04 -9.3364e-05 -6.8421e-05 -4.3611e-05 -2.4794e-05 -1.2736e-05 -5.9547e-06 -2.5453e-06 -9.9762e-07 -3.5924e-07 -1.1901e-07 -3.6306e-08 -1.0207e-08 -2.6458e-09 -6.3260e-10 -1.3955e-10 -2.8410e-11 -5.3384e-12 -9.2602e-13 -1.4830e-13 -2.1927e-14 -2.9937e-15 -3.7741e-16 -4.3935e-17 -4.7231e-18 -4.6888e-19 -4.2986e-20 -3.6393e-21 -2.8453e-22 -2.0544e-23 -1.3698e-24 -8.4347e-26 -4.7963e-27 -2.5187e-28 -1.2214e-29 -5.4699e-31 -2.2621e-32 -8.6390e-34 -3.0467e-35 -9.9221e-37 -2.9839e-38 -8.2865e-40 -2.1250e-41 -5.0320e-43 -1.1003e-44 -2.2218e-46 -4.1424e-48 -7.1319e-50 -1.1338e-51 -1.6643e-53 -2.2559e-55 -2.8235e-57 -3.2630e-59 -3.4820e-61 -3.4308e-63 -3.1212e-65 -2.6219e-67 -2.0337e-69 -1.4564e-71 -9.6307e-74 -5.8800e-76 -3.3147e-78 -1.7253e-80 -8.2914e-83 -3.6791e-85 -1.5073e-87 -5.7015e-90 -1.9912e-92 -6.4209e-95 -1.9116e-97 -5.2547e-100 -1.3336e-102 -3.1248e-105 -6.7603e-108 -1.3503e-110 -2.4901e-113 -4.2397e-116 -6.6647e-119 -9.6726e-122 -1.2961e-124 -1.6034e-127 -1.8313e-130 -1.9311e-133 -1.8800e-136 -1.6898e-139 -1.4023e-142 -1.0743e-145 -7.5990e-149 -4.9624e-152 -2.9918e-155 -1.6653e-158
-1.9635e-03 -2.5373e-03 -3.3794e-03 -4.3258e-03 -5.1755e-03 -5.7340e-03 5.6213e-03 -5.5401e-03 -4.8284e-03 -3.8842e-03 -2.8846e-03 -1.9778e-03 -1.2521e-03 -7.3194e-04 -3.9509e-04 -1.9693e-04 -9.0646e-05 -3.8529e-05 -1.5123e-05 -5.4813e-06 -1.8346e-06 -5.6703e-07 -1.6183e-07 -4.2649e-08 -1.0379e-08 -2.3323e-09 -4.8394e-10 -9.2721e-11 -1.6404e-11 -2.6796e-12 -4.0417e-13 -5.6289e-14 -7.2382e-15 -8.5941e-16 -9.4215e-17 -9.5364e-18 -8.9124e-19 -7.6903e-20 -6.1268e-21 -4.5067e-22 -3.0606e-23 -1.9191e-24 -1.1110e-25 -5.9382e-27 -2.9304e-28 -1.3351e-29 -5.6158e-31 -2.1809e-32 -7.8193e-34 -2.5883e-35 -7.9100e-37 -2.2318e-38 -5.8134e-40 -1.3980e-41 -3.1039e-43 -6.3622e-45 -1.2040e-46 -2.1034e-48 -3.3925e-50 -5.0515e-52 -6.9442e-54 -8.8129e-56 -1.0325e-57 -1.1169e-59 -1.1153e-61 -1.0281e-63 -8.7503e-66 -6.8752e-68 -4.9869e-70 -3.3394e-72 -2.0644e-74 -1.1782e-76 -6.2075e-79 -3.0193e-81 -1.3558e-83 -5.6201e-86 -2.1508e-88 -7.5984e-91 -2.4782e-93 -7.4616e-96 -2.0740e-98 -5.3219e-101 -1.2607e-103 -2.7570e-106 -5.5659e-109 -1.0373e-111 -1.7848e-114 -2.8348e-117 -4.1566e-120 -5.6264e-123 -7.0308e-126 -8.1107e-129 -8.6375e-132 -8.4916e-135 -7.7067e-138 -6.4569e-141 -4.9941e-144 -3.5659e-147 -2.3504e-150 -1.4302e-153 1.6913e-03 1.4940e-03 1.2004e-03 8.5653e-04 5.1338e-04 2.1634e-04 0.0000e+00 -1.3870e-04 -1.9515e-04 -1.9463e-04 -1.6183e-04 -1.1799e-04 -7.7112e-05 -4.5685e-05 -2.4696e-05 -1.2229e-05 -5.5609e-06 -2.3262e-06 -8.9618e-07 -3.1822e-07 -1.0421e-07 -3.1487e-08 -8.7800e-09 -2.2600e-09 -5.3711e-10 -1.1786e-10 -2.3885e-11 -4.4699e-12 -7.7258e-13 -1.2333e-13 -1.8183e-14 -2.4760e-15 -3.1142e-16 -3.6177e-17 -3.8815e-18 -3.8465e-19 -3.5207e-20 -2.9762e-21 -2.3237e-22 -1.6757e-23 -1.1160e-24 -6.8643e-26 -3.8994e-27 -2.0457e-28 -9.9119e-30 -4.4352e-31 -1.8328e-32 -6.9943e-34 -2.4650e-35 -8.0224e-37 -2.4111e-38 -6.6921e-40 -1.7152e-41 -4.0595e-43 -8.8725e-45 -1.7907e-46 -3.3372e-48 -5.7432e-50 -9.1266e-52 -1.3392e-53 -1.8146e-55 -2.2704e-57 -2.6229e-59 -2.7980e-61 -2.7561e-63 -2.5067e-65 -2.1051e-67 -1.6324e-69 -1.1687e-71 -7.7264e-74 -4.7162e-76 -2.6581e-78 -1.3832e-80 -6.6461e-83 -2.9484e-85 -1.2077e-87 -4.5674e-90 -1.5949e-92 -5.1419e-95 -1.5306e-97 -4.2066e-100 -1.0674e-102 -2.5008e-105 -5.4094e-108 -1.0803e-110 -1.9920e-113 -3.3911e-116 -5.3300e-119 -7.7346e-122 -1.0363e-124 -1.2818e-127 -1.4639e-130 -1.5435e-133 -1.5025e-136 -1.3503e-139 -1.1204e-142 -8.5832e-146 -6.0705e-149 -3.9638e-152 -2.3895e-155
-1.1247e-03 -1.5889e-03 -2.3184e-03 -3.2288e-03 -4.1842e-03 -5.0116e-03 -5.5401e-03 7.2673e-03 -5.3223e-03 -4.6270e-03 -3.7142e-03 -2.7531e-03 -1.8846e-03 -1.1914e-03 -6.9556e-04 -3.7504e-04 -1.8675e-04 -8.5885e-05 -3.6477e-05 -1.4307e-05 -5.1823e-06 -1.7335e-06 -5.3551e-07 -1.5276e-07 -4.0242e-08 -9.7891e-09 -2.1989e-09 -4.5611e-10 -8.7361e-11 -1.5451e-11 -2.5233e-12 -3.8049e-13 -5.2979e-14 -6.8111e-15 -8.0853e-16 -8.8620e-17 -8.9684e-18 -8.3802e-19 -7.2299e-20 -5.7591e-21 -4.2356e-22 -2.8762e-23 -1.8032e-24 -1.0438e-25 -5.5782e-27 -2.7524e-28 -1.2539e-29 -5.2737e-31 -2.0478e-32 -7.3416e-34 -2.4300e-35 -7.4255e-37 -2.0949e-38 -5.4565e-40 -1.3121e-41 -2.9129e-43 -5.9703e-45 -1.1297e-46 -1.9735e-48 -3.1829e-50 -4.7391e-52 -6.5144e-54 -8.2670e-56 -9.6855e-58 -1.0476e-59 -1.0460e-61 -9.6428e-64 -8.2064e-66 -6.4475e-68 -4.6765e-70 -3.1314e-72 -1.9358e-74 -1.1047e-76 -5.8202e-79 -2.8308e-81 -1.2711e-83 -5.2689e-86 -2.0163e-88 -7.1231e-91 -2.3231e-93 -6.9944e-96 -1.9441e-98 -4.9884e-101 -1.1817e-103 -2.5841e-106 -5.2167e-109 -9.7222e-112 -1.6727e-114 -2.6567e-117 -3.8954e-120 -5.2728e-123 -6.5888e-126 -7.6005e-129 -8.0940e-132 -7.9572e-135 -7.2215e-138 -6.0503e-141 -4.6795e-144 -3.3412e-147 -2.2023e-150 9.2801e-04 8.1736e-04 6.4721e-04 4.3873e-04 2.1943e-04 1.8636e-05 -1.3870e-04 0.0000e+00 -2.7746e-04 -2.6776e-04 -2.2627e-04 -1.7143e-04 -1.1784e-04 -7.3980e-05 -4.2582e-05 -2.2528e-05 -1.0972e-05 -4.9250e-06 -2.0388e-06 -7.7882e-07 -2.7462e-07 -8.9406e-08 -2.6880e-08 -7.4637e-09 -1.9143e-09 -4.5350e-10 -9.9246e-11 -2.0064e-11 -3.7469e-12 -6.4639e-13 -1.0301e-13 -1.5165e-14 -2.0623e-15 -2.5907e-16 -3.0063e-17 -3.2224e-18 -3.1904e-19 -2.9178e-20 -2.4647e-21 -1.9230e-22 -1.3858e-23 -9.2242e-25 -5.6706e-26 -3.2197e-27 -1.6884e-28 -8.1770e-30 -3.6574e-31 -1.5108e-32 -5.7636e-34 -2.0306e-35 -6.6068e-37 -1.9851e-38 -5.5082e-40 -1.4114e-41 -3.3397e-43 -7.2977e-45 -1.4725e-46 -2.7438e-48 -4.7210e-50 -7.5010e-52 -1.1005e-53 -1.4909e-55 -1.8651e-57 -2.1544e-59 -2.2979e-61 -2.2632e-63 -2.0582e-65 -1.7282e-67 -1.3400e-69 -9.5929e-72 -6.3412e-74 -3.8703e-76 -2.1811e-78 -1.1349e-80 -5.4526e-83 -2.4188e-85 -9.9067e-88 -3.7464e-90 -1.3081e-92 -4.2170e-95 -1.2552e-97 -3.4495e-100 -8.7526e-103 -2.0505e-105 -4.4351e-108 -8.8569e-111 -1.6330e-113 -2.7799e-116 -4.3691e-119 -6.3399e-122 -8.4937e-125 -1.0506e-127 -1.1998e-130 -1.2649e-133 -1.2313e-136 -1.1066e-139 -9.1816e-143 -7.0334e-146 -4.9742e-149 -3.2479e-152
-5.9729e-04 -9.2443e-04 -1.4743e-03 -2.2285e-03 -3.1239e-03 -4.0430e-03 -4.8284e-03 -5.3223e-03 9.1044e-03 -5.0900e-03 -4.4174e-03 -3.5408e-03 -2.6214e-03 -1.7926e-03 -1.1322e-03 -6.6051e-04 -3.5590e-04 -1.7712e-04 -8.1414e-05 -3.4562e-05 -1.3551e-05 -4.9067e-06 -1.6408e-06 -5.0672e-07 -1.4451e-07 -3.8060e-08 -9.2566e-09 -2.0789e-09 -4.3115e-10 -8.2567e-11 -1.4601e-11 -2.3842e-12 -3.5947e-13 -5.0046e-14 -6.4335e-15 -7.6363e-16 -8.3691e-17 -8.4690e-18 -7.9128e-19 -6.8263e-20 -5.4372e-21 -3.9986e-22 -2.7151e-23 -1.7021e-24 -9.8522e-26 -5.2650e-27 -2.5978e-28 -1.1834e-29 -4.9769e-31 -1.9325e-32 -6.9280e-34 -2.2930e-35 -7.0068e-37 -1.9767e-38 -5.1485e-40 -1.2380e-41 -2.7484e-43 -5.6329e-45 -1.0658e-46 -1.8619e-48 -3.0028e-50 -4.4709e-52 -6.1456e-54 -7.7988e-56 -9.1368e-58 -9.8822e-60 -9.8675e-62 -9.0961e-64 -7.7410e-66 -6.0818e-68 -4.4112e-70 -2.9537e-72 -1.8259e-74 -1.0420e-76 -5.4897e-79 -2.6701e-81 -1.1989e-83 -4.9696e-86 -1.9017e-88 -6.7183e-91 -2.1911e-93 -6.5968e-96 -1.8336e-98 -4.7048e-101 -1.1145e-103 -2.4371e-106 -4.9199e-109 -9.1691e-112 -1.5775e-114 -2.5055e-117 -3.6737e-120 -4.9727e-123 -6.2137e-126 -7.1679e-129 -7.6332e-132 -7.5041e-135 -6.8103e-138 -5.7057e-141 -4.4130e-144 -3.1508e-147 4.7002e-04 4.1216e-04 3.1894e-04 1.9731e-04 5.9473e-05 -7.7581e-05 -1.9515e-04 -2.7746e-04 0.0000e+00 -3.1246e-04 -2.7595e-04 -2.2088e-04 -1.6145e-04 -1.0823e-04 -6.6713e-05 -3.7876e-05 -1.9828e-05 -9.5775e-06 -4.2707e-06 -1.7585e-06 -6.6880e-07 -2.3497e-07 -7.6266e-08 -2.2871e-08 -6.3367e-09 -1.6222e-09 -3.8370e-10 -8.3854e-11 -1.6932e-11 -3.1587e-12 -5.4442e-13 -8.6692e-14 -1.2753e-14 -1.7333e-15 -2.1761e-16 -2.5239e-17 -2.7041e-18 -2.6763e-19 -2.4467e-20 -2.0661e-21 -1.6116e-22 -1.1611e-23 -7.7265e-25 -4.7490e-26 -2.6959e-27 -1.4135e-28 -6.8444e-30 -3.0610e-31 -1.2643e-32 -4.8225e-34 -1.6989e-35 -5.5269e-37 -1.6605e-38 -4.6071e-40 -1.1804e-41 -2.7930e-43 -6.1027e-45 -1.2313e-46 -2.2943e-48 -3.9474e-50 -6.2716e-52 -9.2010e-54 -1.2465e-55 -1.5593e-57 -1.8011e-59 -1.9210e-61 -1.8920e-63 -1.7205e-65 -1.4447e-67 -1.1201e-69 -8.0190e-72 -5.3007e-74 -3.2352e-76 -1.8232e-78 -9.4868e-81 -4.5578e-83 -2.0218e-85 -8.2810e-88 -3.1316e-90 -1.0934e-92 -3.5250e-95 -1.0492e-97 -2.8834e-100 -7.3163e-103 -1.7140e-105 -3.7073e-108 -7.4036e-111 -1.3651e-113 -2.3238e-116 -3.6523e-119 -5.2998e-122 -7.1003e-125 -8.7824e-128 -1.0029e-130 -1.0574e-133 -1.0293e-136 -9.2508e-140 -7.6756e-143 -5.8798e-146 -4.1584e-149
-2.9395e-04 -4.9891e-04 -8.6766e-04 -1.4209e-03 -2.1530e-03 -3.0103e-03 -3.8842e-03 -4.6270e-03 -5.0900e-03 1.1129e-02 -4.8536e-03 -4.2079e-03 -3.3700e-03 -2.4933e-03 -1.7040e-03 -1.0757e-03 -6.2731e-04 -3.3790e-04 -1.6812e-04 -7.7258e-05 -3.2791e-05 -1.2854e-05 -4.6538e-06 -1.5561e-06 -4.8049e-07 -1.3702e-07 -3.6084e-08 -8.7754e-09 -1.9707e-09 -4.0869e-10 -7.8264e-11 -1.3839e-11 -2.2597e-12 -3.4070e-13 -4.7432e-14 -6.0973e-15 -7.2372e-16 -7.9316e-17 -8.0261e-18 -7.4990e-19 -6.4692e-20 -5.1528e-21 -3.7895e-22 -2.5731e-23 -1.6131e-24 -9.3368e-26 -4.9896e-27 -2.4619e-28 -1.1215e-29 -4.7166e-31 -1.8315e-32 -6.5657e-34 -2.1731e-35 -6.6404e-37 -1.8734e-38 -4.8793e-40 -1.1733e-41 -2.6047e-43 -5.3385e-45 -1.0101e-46 -1.7646e-48 -2.8459e-50 -4.2373e-52 -5.8246e-54 -7.3915e-56 -8.6596e-58 -9.3661e-60 -9.3523e-62 -8.6212e-64 -7.3369e-66 -5.7643e-68 -4.1810e-70 -2.7996e-72 -1.7306e-74 -9.8764e-77 -5.2034e-79 -2.5308e-81 -1.1364e-83 -4.7104e-86 -1.8026e-88 -6.3680e-91 -2.0768e-93 -6.2529e-96 -1.7380e-98 -4.4596e-101 -1.0564e-103 -2.3101e-106 -4.6636e-109 -8.6915e-112 -1.4954e-114 -2.3750e-117 -3.4824e-120 -4.7137e-123 -5.8902e-126 -6.7947e-129 -7.2358e-132 -7.1135e-135 -6.4559e-138 -5.4088e-141 -4.1834e-144 2.1973e-04 1.9147e-04 1.4303e-04 7.4516e-05 -1.0628e-05 -1.0438e-04 -1.9463e-04 -2.6776e-04 -3.1246e-04 0.0000e+00 -3.0215e-04 -2.5761e-04 -2.0137e-04 -1.4475e-04 -9.5863e-05 -5.8558e-05 -3.3018e-05 -1.7192e-05 -8.2695e-06 -3.6751e-06 -1.5092e-06 -5.7273e-07 -2.0086e-07 -6.5098e-08 -1.9498e-08 -5.3969e-09 -1.3804e-09 -3.2629e-10 -7.1265e-11 -1.4383e-11 -2.6820e-12 -4.6211e-13 -7.3564e-14 -1.0820e-14 -1.4702e-15 -1.8455e-16 -2.1402e-17 -2.2927e-18 -2.2689e-19 -2.0742e-20 -1.7514e-21 -1.3661e-22 -9.8420e-24 -6.5493e-25 -4.0254e-26 -2.2851e-27 -1.1981e-28 -5.8018e-30 -2.5947e-31 -1.0717e-32 -4.0882e-34 -1.4402e-35 -4.6856e-37 -1.4078e-38 -3.9062e-40 -1.0009e-41 -2.3683e-43 -5.1750e-45 -1.0442e-46 -1.9457e-48 -3.3478e-50 -5.3192e-52 -7.8042e-54 -1.0573e-55 -1.3227e-57 -1.5279e-59 -1.6297e-61 -1.6052e-63 -1.4598e-65 -1.2258e-67 -9.5046e-70 -6.8047e-72 -4.4983e-74 -2.7456e-76 -1.5474e-78 -8.0519e-81 -3.8686e-83 -1.7162e-85 -7.0294e-88 -2.6584e-90 -9.2826e-93 -2.9926e-95 -8.9081e-98 -2.4482e-100 -6.2123e-103 -1.4554e-105 -3.1482e-108 -6.2872e-111 -1.1593e-113 -1.9735e-116 -3.1019e-119 -4.5013e-122 -6.0308e-125 -7.4599e-128 -8.5195e-131 -8.9828e-134 -8.7444e-137 -7.8590e-140 -6.5210e-143 -4.9956e-146
-1.3401e-04 -2.4944e-04 -4.7204e-04 -8.3655e-04 -1.3696e-03 -2.0688e-03 -2.8846e-03 -3.7142e-03 -4.4174e-03 -4.8536e-03 1.3340e-02 -4.6210e-03 -4.0041e-03 -3.2056e-03 -2.3709e-03 -1.6200e-03 -1.0225e-03 -5.9622e-04 -3.2113e-04 -1.5976e-04 -7.3414e-05 -3.1159e-05 -1.2214e-05 -4.4221e-06 -1.4786e-06 -4.5659e-07 -1.3021e-07 -3.4291e-08 -8.3395e-09 -1.8729e-09 -3.8842e-10 -7.4384e-11 -1.3154e-11 -2.1479e-12 -3.2385e-13 -4.5088e-14 -5.7962e-15 -6.8800e-16 -7.5405e-17 -7.6306e-18 -7.1298e-19 -6.1509e-20 -4.8995e-21 -3.6033e-22 -2.4467e-23 -1.5339e-24 -8.8790e-26 -4.7451e-27 -2.3413e-28 -1.0666e-29 -4.4860e-31 -1.7419e-32 -6.2450e-34 -2.0670e-35 -6.3164e-37 -1.7820e-38 -4.6415e-40 -1.1161e-41 -2.4779e-43 -5.0787e-45 -9.6102e-47 -1.6789e-48 -2.7077e-50 -4.0316e-52 -5.5419e-54 -7.0329e-56 -8.2397e-58 -8.9122e-60 -8.8992e-62 -8.2037e-64 -6.9817e-66 -5.4854e-68 -3.9787e-70 -2.6642e-72 -1.6470e-74 -9.3993e-77 -4.9521e-79 -2.4086e-81 -1.0815e-83 -4.4832e-86 -1.7156e-88 -6.0610e-91 -1.9768e-93 -5.9517e-96 -1.6543e-98 -4.2449e-101 -1.0055e-103 -2.1990e-106 -4.4393e-109 -8.2735e-112 -1.4235e-114 -2.2609e-117 -3.3151e-120 -4.4873e-123 -5.6074e-126 -6.4685e-129 -6.8886e-132 -6.7722e-135 -6.1462e-138 -5.1494e-141 9.4810e-05 8.1892e-05 5.7972e-05 2.0796e-05 -3.0415e-05 -9.3364e-05 -1.6183e-04 -2.2627e-04 -2.7595e-04 -3.0215e-04 0.0000e+00 -2.7460e-04 -2.3033e-04 -1.7801e-04 -1.2691e-04 -8.3549e-05 -5.0808e-05 -2.8551e-05 -1.4828e-05 -7.1182e-06 -3.1586e-06 -1.2955e-06 -4.9120e-07 -1.7214e-07 -5.5761e-08 -1.6695e-08 -4.6195e-09 -1.1813e-09 -2.7918e-10 -6.0971e-11 -1.2305e-11 -2.2945e-12 -3.9534e-13 -6.2938e-14 -9.2572e-15 -1.2580e-15 -1.5793e-16 -1.8316e-17 -1.9624e-18 -1.9422e-19 -1.7757e-20 -1.4996e-21 -1.1698e-22 -8.4291e-24 -5.6098e-25 -3.4484e-26 -1.9578e-27 -1.0266e-28 -4.9721e-30 -2.2240e-31 -9.1871e-33 -3.5050e-34 -1.2349e-35 -4.0182e-37 -1.2074e-38 -3.3506e-40 -8.5862e-42 -2.0319e-43 -4.4404e-45 -8.9610e-47 -1.6699e-48 -2.8736e-50 -4.5663e-52 -6.7002e-54 -9.0783e-56 -1.1358e-57 -1.3122e-59 -1.3998e-61 -1.3788e-63 -1.2540e-65 -1.0532e-67 -8.1666e-70 -5.8473e-72 -3.8657e-74 -2.3597e-76 -1.3300e-78 -6.9214e-81 -3.3257e-83 -1.4755e-85 -6.0440e-88 -2.2859e-90 -7.9825e-93 -2.5737e-95 -7.6616e-98 -2.1058e-100 -5.3438e-103 -1.2520e-105 -2.7084e-108 -5.4094e-111 -9.9748e-114 -1.6982e-116 -2.6694e-119 -3.8739e-122 -5.1905e-125 -6.4208e-128 -7.3333e-131 -7.7325e-134 -7.5277e-137 -6.7659e-140 -5.6144e-143
-5.6575e-05 -1.1542e-04 -2.3725e-04 -4.5465e-04 -8.0415e-04 -1.3125e-03 -1.9778e-03 -2.7531e-03 -3.5408e-03 -4.2079e-03 -4.6210e-03 1.5737e-02 -4.3969e-03 -3.8095e-03 -3.0496e-03 -2.2555e-03 -1.5412e-03 -9.7283e-04 -5.6728e-04 -3.0556e-04 -1.5203e-04 -6.9869e-05 -2.9658e-05 -1.1627e-05 -4.2099e-06 -1.4078e-06 -4.3477e-07 -1.2400e-07 -3.2659e-08 -7.9434e-09 -1.7841e-09 -3.7004e-10 -7.0871e-11 -1.2534e-11 -2.0468e-12 -3.0864e-13 -4.2973e-14 -5.5248e-15 -6.5584e-16 -7.1885e-17 -7.2750e-18 -6.7980e-19 -5.8651e-20 -4.6721e-21 -3.4363e-22 -2.3335e-23 -1.4630e-24 -8.4691e-26 -4.5263e-27 -2.2335e-28 -1.0175e-29 -4.2798e-31 -1.6620e-32 -5.9586e-34 -1.9723e-35 -6.0273e-37 -1.7005e-38 -4.4295e-40 -1.0652e-41 -2.3649e-43 -4.8474e-45 -9.1728e-47 -1.6025e-48 -2.5846e-50 -3.8485e-52 -5.2904e-54 -6.7141e-56 -7.8664e-58 -8.5087e-60 -8.4966e-62 -7.8329e-64 -6.6664e-66 -5.2378e-68 -3.7993e-70 -2.5441e-72 -1.5728e-74 -8.9761e-77 -4.7292e-79 -2.3003e-81 -1.0329e-83 -4.2818e-86 -1.6386e-88 -5.7890e-91 -1.8881e-93 -5.6849e-96 -1.5802e-98 -4.0548e-101 -9.6054e-104 -2.1006e-106 -4.2408e-109 -7.9037e-112 -1.3599e-114 -2.1599e-117 -3.1671e-120 -4.2871e-123 -5.3573e-126 -6.1802e-129 -6.5816e-132 -6.4705e-135 -5.8725e-138 3.7758e-05 3.2222e-05 2.1005e-05 1.6906e-06 -2.7883e-05 -6.8421e-05 -1.1799e-04 -1.7143e-04 -2.2088e-04 -2.5761e-04 -2.7460e-04 0.0000e+00 -2.4255e-04 -2.0187e-04 -1.5516e-04 -1.1020e-04 -7.2345e-05 -4.3908e-05 -2.4639e-05 -1.2783e-05 -6.1323e-06 -2.7198e-06 -1.1153e-06 -4.2278e-07 -1.4816e-07 -4.7993e-08 -1.4370e-08 -3.9768e-09 -1.0171e-09 -2.4043e-10 -5.2518e-11 -1.0601e-11 -1.9773e-12 -3.4077e-13 -5.4264e-14 -7.9835e-15 -1.0851e-15 -1.3627e-16 -1.5808e-17 -1.6941e-18 -1.6771e-19 -1.5337e-20 -1.2955e-21 -1.0108e-22 -7.2852e-24 -4.8496e-25 -2.9818e-26 -1.6933e-27 -8.8810e-29 -4.3020e-30 -1.9246e-31 -7.9521e-33 -3.0344e-34 -1.0693e-35 -3.4800e-37 -1.0459e-38 -2.9028e-40 -7.4401e-42 -1.7610e-43 -3.8490e-45 -7.7687e-47 -1.4479e-48 -2.4920e-50 -3.9605e-52 -5.8122e-54 -7.8763e-56 -9.8556e-58 -1.1388e-59 -1.2149e-61 -1.1969e-63 -1.0887e-65 -9.1443e-68 -7.0917e-70 -5.0783e-72 -3.3577e-74 -2.0499e-76 -1.1555e-78 -6.0139e-81 -2.8900e-83 -1.2823e-85 -5.2532e-88 -1.9870e-90 -6.9394e-93 -2.2376e-95 -6.6617e-98 -1.8312e-100 -4.6473e-103 -1.0889e-105 -2.3558e-108 -4.7056e-111 -8.6778e-114 -1.4775e-116 -2.3226e-119 -3.3710e-122 -4.5170e-125 -5.5882e-128 -6.3827e-131 -6.7308e-134 -6.5530e-137 -5.8902e-140
-2.2109e-05 -4.9394e-05 -1.1012e-04 -2.2808e-04 -4.3583e-04 -7.6866e-04 -1.2521e-03 -1.8846e-03 -2.6214e-03 -3.3700e-03 -4.0041e-03 -4.3969e-03 1.8321e-02 -4.1843e-03 -3.6258e-03 -2.9030e-03 -2.1475e-03 -1.4677e-03 -9.2662e-04 -5.4044e-04 -2.9117e-04 -1.4490e-04 -6.6603e-05 -2.8277e-05 -1.1088e-05 -4.0154e-06 -1.3430e-06 -4.1481e-07 -1.1833e-07 -3.1169e-08 -7.5823e-09 -1.7033e-09 -3.5331e-10 -6.7677e-11 -1.1970e-11 -1.9550e-12 -2.9484e-13 -4.1056e-14 -5.2789e-15 -6.2672e-16 -6.8700e-17 -6.9533e-18 -6.4980e-19 -5.6068e-20 -4.4667e-21 -3.2855e-22 -2.2313e-23 -1.3991e-24 -8.0995e-26 -4.3291e-27 -2.1363e-28 -9.7332e-30 -4.0942e-31 -1.5900e-32 -5.7009e-34 -1.8872e-35 -5.7674e-37 -1.6273e-38 -4.2390e-40 -1.0194e-41 -2.2635e-43 -4.6396e-45 -8.7801e-47 -1.5340e-48 -2.4742e-50 -3.6843e-52 -5.0649e-54 -6.4282e-56 -7.5318e-58 -8.1471e-60 -8.1359e-62 -7.5006e-64 -6.3839e-66 -5.0160e-68 -3.6385e-70 -2.4366e-72 -1.5064e-74 -8.5973e-77 -4.5298e-79 -2.2034e-81 -9.8942e-84 -4.1016e-86 -1.5697e-88 -5.5458e-91 -1.8088e-93 -5.4464e-96 -1.5139e-98 -3.8849e-101 -9.2032e-104 -2.0127e-106 -4.0634e-109 -7.5734e-112 -1.3031e-114 -2.0698e-117 -3.0350e-120 -4.1084e-123 -5.1340e-126 -5.9227e-129 -6.3076e-132 -6.2013e-135 1.3878e-05 1.1653e-05 6.6701e-06 -2.8573e-06 -1.9029e-05 -4.3611e-05 -7.7112e-05 -1.1784e-04 -1.6145e-04 -2.0137e-04 -2.3033e-04 -2.4255e-04 0.0000e+00 -2.1146e-04 -1.7538e-04 -1.3449e-04 -9.5376e-05 -6.2554e-05 -3.7944e-05 -2.1286e-05 -1.1043e-05 -5.2980e-06 -2.3502e-06 -9.6396e-07 -3.6554e-07 -1.2814e-07 -4.1525e-08 -1.2438e-08 -3.4436e-09 -8.8114e-10 -2.0837e-10 -4.5534e-11 -9.1950e-12 -1.7157e-12 -2.9581e-13 -4.7122e-14 -6.9354e-15 -9.4303e-16 -1.1846e-16 -1.3747e-17 -1.4738e-18 -1.4595e-19 -1.3351e-20 -1.1281e-21 -8.8052e-23 -6.3478e-24 -4.2268e-25 -2.5996e-26 -1.4766e-27 -7.7468e-29 -3.7536e-30 -1.6797e-31 -6.9418e-33 -2.6495e-34 -9.3389e-36 -3.0399e-37 -9.1384e-39 -2.5369e-40 -6.5035e-42 -1.5396e-43 -3.3658e-45 -6.7947e-47 -1.2666e-48 -2.1804e-50 -3.4659e-52 -5.0872e-54 -6.8949e-56 -8.6290e-58 -9.9718e-60 -1.0641e-61 -1.0484e-63 -9.5381e-66 -8.0123e-68 -6.2147e-70 -4.4509e-72 -2.9433e-74 -1.7971e-76 -1.0131e-78 -5.2737e-81 -2.5346e-83 -1.1247e-85 -4.6083e-88 -1.7433e-90 -6.0890e-93 -1.9636e-95 -5.8466e-98 -1.6073e-100 -4.0795e-103 -9.5600e-106 -2.0684e-108 -4.1319e-111 -7.6206e-114 -1.2976e-116 -2.0404e-119 -2.9615e-122 -3.9686e-125 -4.9100e-128 -5.6083e-131 -5.9146e-134 -5.7588e-137
-7.9954e-06 -1.9538e-05 -4.7189e-05 -1.0561e-04 -2.1804e-04 -4.1561e-04 -7.3194e-04 -1.1914e-03 -1.7926e-03 -2.4933e-03 -3.2056e-03 -3.8095e-03 -4.1843e-03 2.1092e-02 -3.9845e-03 -3.4538e-03 -2.7662e-03 -2.0469e-03 -1.3994e-03 -8.8377e-04 -5.1560e-04 -2.7786e-04 -1.3831e-04 -6.3594e-05 -2.7005e-05 -1.0592e-05 -3.8366e-06 -1.2835e-06 -3.9652e-07 -1.1313e-07 -2.9806e-08 -7.2519e-09 -1.6293e-09 -3.3803e-10 -6.4760e-11 -1.1456e-11 -1.8713e-12 -2.8225e-13 -3.9310e-14 -5.0550e-15 -6.0021e-16 -6.5802e-17 -6.6608e-18 -6.2253e-19 -5.3721e-20 -4.2802e-21 -3.1486e-22 -2.1385e-23 -1.3410e-24 -7.7641e-26 -4.1502e-27 -2.0482e-28 -9.3326e-30 -3.9260e-31 -1.5248e-32 -5.4675e-34 -1.8100e-35 -5.5321e-37 -1.5610e-38 -4.0666e-40 -9.7804e-42 -2.1717e-43 -4.4518e-45 -8.4251e-47 -1.4720e-48 -2.3744e-50 -3.5359e-52 -4.8612e-54 -6.1700e-56 -7.2296e-58 -7.8206e-60 -7.8102e-62 -7.2007e-64 -6.1289e-66 -4.8159e-68 -3.4935e-70 -2.3396e-72 -1.4464e-74 -8.2556e-77 -4.3500e-79 -2.1160e-81 -9.5021e-84 -3.9393e-86 -1.5076e-88 -5.3267e-91 -1.7374e-93 -5.2315e-96 -1.4542e-98 -3.7319e-101 -8.8409e-104 -1.9335e-106 -3.9037e-109 -7.2760e-112 -1.2519e-114 -1.9886e-117 -2.9160e-120 -3.9475e-123 -4.9331e-126 -5.6911e-129 -6.0611e-132 4.7077e-06 3.8686e-06 1.7804e-06 -2.6441e-06 -1.0926e-05 -2.4794e-05 -4.5685e-05 -7.3980e-05 -1.0823e-04 -1.4475e-04 -1.7801e-04 -2.0187e-04 -2.1146e-04 0.0000e+00 -1.8338e-04 -1.5193e-04 -1.1644e-04 -8.2563e-05 -5.4157e-05 -3.2860e-05 -1.8442e-05 -9.5724e-06 -4.5949e-06 -2.0395e-06 -8.3703e-07 -3.1760e-07 -1.1141e-07 -3.6123e-08 -1.0827e-08 -2.9992e-09 -7.6786e-10 -1.8168e-10 -3.9724e-11 -8.0259e-12 -1.4983e-12 -2.5846e-13 -4.1192e-14 -6.0653e-15 -8.2510e-16 -1.0369e-16 -1.2038e-17 -1.2911e-18 -1.2791e-19 -1.1705e-20 -9.8941e-22 -7.7251e-23 -5.5711e-24 -3.7109e-25 -2.2830e-26 -1.2972e-27 -6.8075e-29 -3.2994e-30 -1.4769e-31 -6.1053e-33 -2.3308e-34 -8.2178e-36 -2.6757e-37 -8.0454e-39 -2.2340e-40 -5.7283e-42 -1.3564e-43 -2.9659e-45 -5.9887e-47 -1.1166e-48 -1.9226e-50 -3.0566e-52 -4.4873e-54 -6.0830e-56 -7.6144e-58 -8.8008e-60 -9.3927e-62 -9.2560e-64 -8.4223e-66 -7.0762e-68 -5.4895e-70 -3.9321e-72 -2.6006e-74 -1.5881e-76 -8.9543e-79 -4.6616e-81 -2.2407e-83 -9.9447e-86 -4.0751e-88 -1.5418e-90 -5.3858e-93 -1.7371e-95 -5.1727e-98 -1.4224e-100 -3.6105e-103 -8.4616e-106 -1.8309e-108 -3.6577e-111 -6.7468e-114 -1.1490e-116 -1.8065e-119 -2.6224e-122 -3.5146e-125 -4.3489e-128 -4.9681e-131 -5.2400e-134
-2.6748e-06 -7.1406e-06 -1.8669e-05 -4.5141e-05 -1.0070e-04 -2.0748e-04 -3.9509e-04 -6.9556e-04 -1.1322e-03 -1.7040e-03 -2.3709e-03 -3.0496e-03 -3.6258e-03 -3.9845e-03 2.4052e-02 -3.7977e-03 -3.2934e-03 -2.6389e-03 -1.9535e-03 -1.3360e-03 -8.4408e-04 -4.9262e-04 -2.6557e-04 -1.3224e-04 -6.0817e-05 -2.5834e-05 -1.0135e-05 -3.6721e-06 -1.2287e-06 -3.7970e-07 -1.0835e-07 -2.8554e-08 -6.9487e-09 -1.5615e-09 -3.2403e-10 -6.2087e-11 -1.0985e-11 -1.7947e-12 -2.7074e-13 -3.7711e-14 -4.8501e-15 -5.7596e-16 -6.3152e-17 -6.3934e-18 -5.9761e-19 -5.1577e-20 -4.1098e-21 -3.0236e-22 -2.0538e-23 -1.2881e-24 -7.4582e-26 -3.9871e-27 -1.9679e-28 -8.9674e-30 -3.7727e-31 -1.4654e-32 -5.2549e-34 -1.7398e-35 -5.3178e-37 -1.5006e-38 -3.9096e-40 -9.4036e-42 -2.0881e-43 -4.2808e-45 -8.1021e-47 -1.4157e-48 -2.2837e-50 -3.4010e-52 -4.6760e-54 -5.9352e-56 -6.9549e-58 -7.5239e-60 -7.5142e-62 -6.9282e-64 -5.8972e-66 -4.6341e-68 -3.3618e-70 -2.2515e-72 -1.3920e-74 -7.9454e-77 -4.1867e-79 -2.0366e-81 -9.1462e-84 -3.7919e-86 -1.4513e-88 -5.1278e-91 -1.6726e-93 -5.0365e-96 -1.4001e-98 -3.5931e-101 -8.5124e-104 -1.8617e-106 -3.7589e-109 -7.0063e-112 -1.2056e-114 -1.9150e-117 -2.8082e-120 -3.8016e-123 -4.7510e-126 -5.4812e-129 1.4737e-06 1.1771e-06 3.5541e-07 -1.5652e-06 -5.5066e-06 -1.2736e-05 -2.4696e-05 -4.2582e-05 -6.6713e-05 -9.5863e-05 -1.2691e-04 -1.5516e-04 -1.7538e-04 -1.8338e-04 0.0000e+00 -1.5888e-04 -1.3165e-04 -1.0095e-04 -7.1626e-05 -4.7017e-05 -2.8551e-05 -1.6037e-05 -8.3311e-06 -4.0024e-06 -1.7780e-06 -7.3031e-07 -2.7732e-07 -9.7354e-08 -3.1591e-08 -9.4751e-09 -2.6266e-09 -6.7292e-10 -1.5932e-10 -3.4856e-11 -7.0467e-12 -1.3163e-12 -2.2718e-13 -3.6227e-14 -5.3370e-15 -7.2637e-16 -9.1329e-17 -1.0608e-17 -1.1382e-18 -1.1281e-19 -1.0327e-20 -8.7331e-22 -6.8212e-23 -4.9211e-24 -3.2791e-25 -2.0180e-26 -1.1470e-27 -6.0215e-29 -2.9194e-30 -1.3072e-31 -5.4053e-33 -2.0642e-34 -7.2798e-36 -2.3709e-37 -7.1308e-39 -1.9805e-40 -5.0797e-42 -1.2031e-43 -2.6313e-45 -5.3143e-47 -9.9110e-49 -1.7068e-50 -2.7142e-52 -3.9854e-54 -5.4037e-56 -6.7653e-58 -7.8210e-60 -8.3484e-62 -8.2285e-64 -7.4886e-66 -6.2928e-68 -4.8826e-70 -3.4979e-72 -2.3138e-74 -1.4132e-76 -7.9693e-79 -4.1495e-81 -1.9951e-83 -8.8556e-86 -3.6292e-88 -1.3732e-90 -4.7974e-93 -1.5475e-95 -4.6088e-98 -1.2673e-100 -3.2174e-103 -7.5414e-106 -1.6321e-108 -3.2609e-111 -6.0156e-114 -1.0246e-116 -1.6111e-119 -2.3389e-122 -3.1351e-125 -3.8796e-128 -4.4325e-131
-8.2760e-07 -2.4106e-06 -6.8177e-06 -1.7810e-05 -4.2934e-05 -9.5631e-05 -1.9693e-04 -3.7504e-04 -6.6051e-04 -1.0757e-03 -1.6200e-03 -2.2555e-03 -2.9030e-03 -3.4538e-03 -3.7977e-03 2.7203e-02 -3.6239e-03 -3.1443e-03 -2.5206e-03 -1.8668e-03 -1.2773e-03 -8.0733e-04 -4.7135e-04 -2.5419e-04 -1.2662e-04 -5.8252e-05 -2.4752e-05 -9.7134e-06 -3.5204e-06 -1.1783e-06 -3.6419e-07 -1.0395e-07 -2.7401e-08 -6.6696e-09 -1.4991e-09 -3.1114e-10 -5.9629e-11 -1.0552e-11 -1.7242e-12 -2.6015e-13 -3.6242e-14 -4.6620e-15 -5.5370e-16 -6.0720e-17 -6.1480e-18 -5.7475e-19 -4.9609e-20 -3.9535e-21 -2.9090e-22 -1.9762e-23 -1.2395e-24 -7.1778e-26 -3.8376e-27 -1.8943e-28 -8.6328e-30 -3.6323e-31 -1.4110e-32 -5.0602e-34 -1.6754e-35 -5.1216e-37 -1.4454e-38 -3.7659e-40 -9.0587e-42 -2.0117e-43 -4.1244e-45 -7.8066e-47 -1.3642e-48 -2.2007e-50 -3.2776e-52 -4.5066e-54 -5.7205e-56 -6.7038e-58 -7.2526e-60 -7.2437e-62 -6.6791e-64 -5.6855e-66 -4.4680e-68 -3.2414e-70 -2.1710e-72 -1.3423e-74 -7.6621e-77 -4.0376e-79 -1.9642e-81 -8.8213e-84 -3.6573e-86 -1.3998e-88 -4.9462e-91 -1.6134e-93 -4.8586e-96 -1.3507e-98 -3.4664e-101 -8.2125e-104 -1.7962e-106 -3.6268e-109 -6.7602e-112 -1.1633e-114 -1.8479e-117 -2.7099e-120 -3.6686e-123 -4.5849e-126 4.2574e-07 3.2755e-07 2.5351e-08 -7.4966e-07 -2.4846e-06 -5.9547e-06 -1.2229e-05 -2.2528e-05 -3.7876e-05 -5.8558e-05 -8.3549e-05 -1.1020e-04 -1.3449e-04 -1.5193e-04 -1.5888e-04 0.0000e+00 -1.3784e-04 -1.1433e-04 -8.7762e-05 -6.2336e-05 -4.0965e-05 -2.4903e-05 -1.4003e-05 -7.2822e-06 -3.5021e-06 -1.5573e-06 -6.4025e-07 -2.4335e-07 -8.5500e-08 -2.7768e-08 -8.3351e-09 -2.3124e-09 -5.9285e-10 -1.4046e-10 -3.0751e-11 -6.2207e-12 -1.1627e-12 -2.0080e-13 -3.2038e-14 -4.7224e-15 -6.4307e-16 -8.0896e-17 -9.4007e-18 -1.0091e-18 -1.0006e-19 -9.1645e-21 -7.7530e-22 -6.0582e-23 -4.3723e-24 -2.9145e-25 -1.7943e-26 -1.0202e-27 -5.3577e-29 -2.5984e-30 -1.1638e-31 -4.8140e-33 -1.8390e-34 -6.4873e-36 -2.1134e-37 -6.3581e-39 -1.7664e-40 -4.5316e-42 -1.0736e-43 -2.3486e-45 -4.7444e-47 -8.8502e-49 -1.5245e-50 -2.4247e-52 -3.5612e-54 -4.8295e-56 -6.0476e-58 -6.9927e-60 -7.4657e-62 -7.3598e-64 -6.6993e-66 -5.6305e-68 -4.3700e-70 -3.1311e-72 -2.0715e-74 -1.2653e-76 -7.1365e-79 -3.7164e-81 -1.7869e-83 -7.9330e-86 -3.2517e-88 -1.2306e-90 -4.2999e-93 -1.3872e-95 -4.1319e-98 -1.1363e-100 -2.8852e-103 -6.7637e-106 -1.4639e-108 -2.9253e-111 -5.3971e-114 -9.1933e-117 -1.4458e-119 -2.0992e-122 -2.8140e-125 -3.4827e-128
