1.0198e-04 -1.0365e-03 -8.6214e-04 -6.6595e-04 -4.7761e-04 -3.1792e-04 -1.9635e-04 -1.1247e-04 -5.9729e-05 -2.9395e-05 -1.3401e-05 -5.6575e-06 -2.2109e-06 -7.9954e-07 -2.6748e-07 -8.2760e-08 -2.3676e-08 -6.2611e-09 -1.5303e-09 -3.4563e-10 -7.2124e-11 -1.3904e-11 -2.4758e-12 -4.0720e-13 -6.1850e-14 -8.6756e-15 -1.1237e-15 -1.3440e-16 -1.4841e-17 -1.5132e-18 -1.4245e-19 -1.2380e-20 -9.9327e-22 -7.3574e-23 -5.0311e-24 -3.1760e-25 -1.8509e-26 -9.9575e-28 -4.9452e-29 -2.2672e-30 -9.5950e-32 -3.7486e-33 -1.3519e-34 -4.5008e-36 -1.3832e-37 -3.9241e-39 -1.0276e-40 -2.4843e-42 -5.5440e-44 -1.1421e-45 -2.1718e-47 -3.8124e-49 -6.1778e-51 -9.2410e-53 -1.2760e-54 -1.6265e-56 -1.9139e-58 -2.0788e-60 -2.0844e-62 -1.9293e-64 -1.6484e-66 -1.3001e-68 -9.4661e-71 -6.3622e-73 -3.9473e-75 -2.2607e-77 -1.1952e-79 -5.8334e-82 -2.6281e-84 -1.0930e-86 -4.1961e-89 -1.4871e-91 -4.8650e-94 -1.4692e-96 -4.0958e-99 -1.0541e-101 -2.5040e-104 -5.4913e-107 -1.1116e-109 -2.0774e-112 -3.5836e-115 -5.7067e-118 -8.3891e-121 -1.1384e-123 -1.4261e-126 -1.6491e-129 -1.7603e-132 -1.7347e-135 -1.5779e-138 -1.3250e-141 -1.0271e-144 -7.3497e-148 -4.8549e-151 -2.9604e-154 -1.6664e-157 -8.6590e-161 -4.1535e-164 -1.8392e-167 -7.5177e-171 -2.8367e-174 0.0000e+00 1.0234e-03 8.3789e-04 6.3325e-04 4.4179e-04 2.8451e-04 1.6913e-04 9.2801e-05 4.7002e-05 2.1973e-05 9.4810e-06 3.7758e-06 1.3878e-06 4.7077e-07 1.4737e-07 4.2574e-08 1.1349e-08 2.7915e-09 6.3352e-10 1.3264e-10 2.5620e-11 4.5646e-12 7.5009e-13 1.1368e-13 1.5886e-14 2.0467e-15 2.4310e-16 2.6611e-17 2.6843e-18 2.4944e-19 2.1348e-20 1.6822e-21 1.2199e-22 8.1374e-24 4.9906e-25 2.8119e-26 1.4544e-27 6.8976e-29 2.9954e-30 1.1889e-31 4.3023e-33 1.4143e-34 4.2017e-36 1.1188e-37 2.6333e-39 5.3330e-41 8.7266e-43 9.2379e-45 -4.1628e-47 -5.6375e-48 -1.9233e-49 -4.7760e-51 -9.8641e-53 -1.7733e-54 -2.8338e-56 -4.0722e-58 -5.2987e-60 -6.2715e-62 -6.7731e-64 -6.6895e-66 -6.0521e-68 -5.0220e-70 -3.8259e-72 -2.6780e-74 -1.7234e-76 -1.0202e-78 -5.5581e-81 -2.7875e-83 -1.2874e-85 -5.4767e-88 -2.1465e-90 -7.7524e-93 -2.5805e-95 -7.9179e-98 -2.2397e-100 -5.8414e-103 -1.4048e-105 -3.1156e-108 -6.3724e-111 -1.2022e-113 -2.0918e-116 -3.3577e-119 -4.9717e-122 -6.7914e-125 -8.5589e-128 -9.9516e-131 -1.0676e-133 -1.0567e-136 -9.6515e-140 -8.1339e-143 -6.3255e-146 -4.5392e-149 -3.0060e-152 -1.8370e-155 -1.0360e-158 -5.3918e-162 -2.5897e-165 -1.1479e-168 -4.6962e-172 -1.7731e-175
-1.0365e-03 4.0775e-04 -8.3031e-04 -6.8042e-04 -5.2365e-04 -3.7728e-04 -2.5373e-04 -1.5889e-04 -9.2443e-05 -4.9891e-05 -2.4944e-05 -1.1542e-05 -4.9394e-06 -1.9538e-06 -7.1406e-07 -2.4106e-07 -7.5152e-08 -2.1634e-08 -5.7500e-09 -1.4109e-09 -3.1961e-10 -6.6834e-11 -1.2901e-11 -2.2989e-12 -3.7815e-13 -5.7419e-14 -8.0480e-15 -1.0413e-15 -1.2437e-16 -1.3711e-17 -1.3954e-18 -1.3110e-19 -1.1369e-20 -9.1019e-22 -6.7264e-23 -4.5888e-24 -2.8898e-25 -1.6799e-26 -9.0154e-28 -4.4662e-29 -2.0425e-30 -8.6226e-32 -3.3603e-33 -1.2089e-34 -4.0148e-36 -1.2309e-37 -3.4835e-39 -9.1010e-41 -2.1950e-42 -4.8870e-44 -1.0044e-45 -1.9057e-47 -3.3379e-49 -5.3971e-51 -8.0558e-53 -1.1100e-54 -1.4119e-56 -1.6579e-58 -1.7972e-60 -1.7984e-62 -1.6613e-64 -1.4167e-66 -1.1153e-68 -8.1050e-71 -5.4374e-73 -3.3674e-75 -1.9252e-77 -1.0160e-79 -4.9503e-82 -2.2264e-84 -9.2440e-87 -3.5431e-89 -1.2536e-91 -4.0947e-94 -1.2346e-96 -3.4367e-99 -8.8307e-102 -2.0947e-104 -4.5869e-107 -9.2722e-110 -1.7303e-112 -2.9807e-115 -4.7400e-118 -6.9585e-121 -9.4301e-124 -1.1797e-126 -1.3624e-129 -1.4525e-132 -1.4295e-135 -1.2988e-138 -1.0893e-141 -8.4334e-145 -6.0275e-148 -3.9769e-151 -2.4222e-154 -1.3619e-157 -7.0689e-161 -3.3870e-164 -1.4981e-167 -6.1172e-171 1.0234e-03 0.0000e+00 7.4305e-04 5.6141e-04 3.9143e-04 2.5180e-04 1.4940e-04 8.1736e-05 4.1216e-05 1.9147e-05 8.1892e-06 3.2222e-06 1.1653e-06 3.8686e-07 1.1771e-07 3.2755e-08 8.3119e-09 1.9154e-09 3.9831e-10 7.3991e-11 1.2059e-11 1.6614e-12 1.7534e-13 8.5485e-15 -1.8666e-15 -7.1932e-16 -1.5443e-16 -2.6070e-17 -3.7520e-18 -4.7542e-19 -5.3901e-20 -5.5183e-21 -5.1309e-22 -4.3495e-23 -3.3705e-24 -2.3922e-25 -1.5574e-26 -9.3100e-28 -5.1150e-29 -2.5846e-30 -1.2017e-31 -5.1440e-33 -2.0279e-34 -7.3645e-36 -2.4646e-37 -7.6019e-39 -2.1616e-40 -5.6670e-42 -1.3700e-43 -3.0547e-45 -6.2818e-47 -1.1916e-48 -2.0853e-50 -3.3668e-52 -5.0150e-54 -6.8927e-56 -8.7413e-58 -1.0230e-59 -1.1047e-61 -1.1010e-63 -1.0126e-65 -8.5953e-68 -6.7335e-70 -4.8685e-72 -3.2489e-74 -2.0011e-76 -1.1376e-78 -5.9695e-81 -2.8913e-83 -1.2926e-85 -5.3339e-88 -2.0317e-90 -7.1436e-93 -2.3185e-95 -6.9460e-98 -1.9209e-100 -4.9037e-103 -1.1555e-105 -2.5136e-108 -5.0474e-111 -9.3561e-114 -1.6009e-116 -2.5288e-119 -3.6874e-122 -4.9634e-125 -6.1675e-128 -7.0745e-131 -7.4913e-134 -7.3228e-137 -6.6080e-140 -5.5047e-143 -4.2331e-146 -3.0051e-149 -1.9694e-152 -1.1914e-155 -6.6541e-159 -3.4307e-162 -1.6328e-165 -7.1741e-169 -2.9099e-172
-8.6214e-04 -8.3031e-04 9.1688e-04 -6.8745e-04 -5.7900e-04 -4.5787e-04 -3.3794e-04 -2.3184e-04 -1.4743e-04 -8.6766e-05 -4.7204e-05 -2.3725e-05 -1.1012e-05 -4.7189e-06 -1.8669e-06 -6.8177e-07 -2.2983e-07 -7.1515e-08 -2.0542e-08 -5.4464e-09 -1.3330e-09 -3.0117e-10 -6.2811e-11 -1.2093e-11 -2.1491e-12 -3.5260e-13 -5.3403e-14 -7.4666e-15 -9.6372e-16 -1.1483e-16 -1.2631e-17 -1.2827e-18 -1.2024e-19 -1.0406e-20 -8.3136e-22 -6.1317e-23 -4.1750e-24 -2.6243e-25 -1.5229e-26 -8.1581e-28 -4.0346e-29 -1.8420e-30 -7.7639e-32 -3.0209e-33 -1.0852e-34 -3.5985e-36 -1.1016e-37 -3.1135e-39 -8.1232e-41 -1.9566e-42 -4.3506e-44 -8.9305e-46 -1.6924e-47 -2.9607e-49 -4.7816e-51 -7.1290e-53 -9.8123e-55 -1.2468e-56 -1.4625e-58 -1.5837e-60 -1.5832e-62 -1.4611e-64 -1.2448e-66 -9.7903e-69 -7.1085e-71 -4.7646e-73 -2.9482e-75 -1.6841e-77 -8.8810e-80 -4.3234e-82 -1.9430e-84 -8.0608e-87 -3.0873e-89 -1.0915e-91 -3.5627e-94 -1.0735e-96 -2.9860e-99 -7.6676e-102 -1.8176e-104 -3.9775e-107 -8.0353e-110 -1.4985e-112 -2.5799e-115 -4.1002e-118 -6.0157e-121 -8.1478e-124 -1.0187e-126 -1.1759e-129 -1.2529e-132 -1.2324e-135 -1.1191e-138 -9.3812e-142 -7.2595e-145 -5.1860e-148 -3.4200e-151 -2.0820e-154 -1.1701e-157 -6.0705e-161 -2.9073e-164 -1.2854e-167 8.3789e-04 7.4305e-04 0.0000e+00 4.5880e-04 3.1901e-04 2.0414e-04 1.2004e-04 6.4721e-05 3.1894e-05 1.4303e-05 5.7972e-06 2.1005e-06 6.6701e-07 1.7804e-07 3.5541e-08 2.5351e-09 -2.0353e-09 -1.3723e-09 -5.6872e-10 -1.8885e-10 -5.3876e-11 -1.3591e-11 -3.0769e-12 -6.3041e-13 -1.1752e-13 -2.0005e-14 -3.1173e-15 -4.4544e-16 -5.8447e-17 -7.0491e-18 -7.8208e-19 -7.9868e-20 -7.5113e-21 -6.5080e-22 -5.1966e-23 -3.8250e-24 -2.5959e-25 -1.6247e-26 -9.3790e-28 -4.9944e-29 -2.4536e-30 -1.1121e-31 -4.6514e-33 -1.7952e-34 -6.3941e-36 -2.1018e-37 -6.3763e-39 -1.7854e-40 -4.6143e-42 -1.1007e-43 -2.4238e-45 -4.9265e-47 -9.2433e-49 -1.6009e-50 -2.5596e-52 -3.7777e-54 -5.1471e-56 -6.4740e-58 -7.5172e-60 -8.0578e-62 -7.9738e-64 -7.2845e-66 -6.1437e-68 -4.7834e-70 -3.4383e-72 -2.2817e-74 -1.3978e-76 -7.9057e-79 -4.1279e-81 -1.9898e-83 -8.8552e-86 -3.6382e-88 -1.3800e-90 -4.8323e-93 -1.5622e-95 -4.6625e-98 -1.2847e-100 -3.2681e-103 -7.6749e-106 -1.6640e-108 -3.3307e-111 -6.1550e-114 -1.0500e-116 -1.6538e-119 -2.4048e-122 -3.2282e-125 -4.0007e-128 -4.5773e-131 -4.8349e-134 -4.7148e-137 -4.2446e-140 -3.5278e-143 -2.7068e-146 -1.9174e-149 -1.2539e-152 -7.5706e-156 -4.2196e-159 -2.1713e-162 -1.0315e-165 -4.5235e-169
-6.6595e-04 -6.8042e-04 -6.8745e-04 1.6287e-03 -6.2008e-04 -5.3702e-04 -4.3258e-04 -3.2288e-04 -2.2285e-04 -1.4209e-04 -8.3655e-05 -4.5465e-05 -2.2808e-05 -1.0561e-05 -4.5141e-06 -1.7810e-06 -6.4864e-07 -2.1807e-07 -6.7682e-08 -1.9392e-08 -5.1291e-09 -1.2524e-09 -2.8233e-10 -5.8758e-11 -1.1289e-11 -2.0025e-12 -3.2793e-13 -4.9578e-14 -6.9200e-15 -8.9173e-16 -1.0609e-16 -1.1652e-17 -1.1815e-18 -1.1061e-19 -9.5595e-21 -7.6277e-22 -5.6190e-23 -3.8214e-24 -2.3993e-25 -1.3908e-26 -7.4428e-28 -3.6771e-29 -1.6772e-30 -7.0624e-32 -2.7455e-33 -9.8536e-35 -3.2648e-36 -9.9867e-38 -2.8202e-39 -7.3525e-41 -1.7696e-42 -3.9320e-44 -8.0659e-46 -1.5275e-47 -2.6705e-49 -4.3101e-51 -6.4222e-53 -8.8342e-55 -1.1219e-56 -1.3152e-58 -1.4234e-60 -1.4222e-62 -1.3119e-64 -1.1171e-66 -8.7816e-69 -6.3730e-71 -4.2697e-73 -2.6408e-75 -1.5078e-77 -7.9479e-80 -3.8675e-82 -1.7374e-84 -7.2051e-87 -2.7584e-89 -9.7492e-92 -3.1809e-94 -9.5810e-97 -2.6641e-99 -6.8386e-102 -1.6205e-104 -3.5451e-107 -7.1594e-110 -1.3348e-112 -2.2972e-115 -3.6499e-118 -5.3534e-121 -7.2487e-124 -9.0606e-127 -1.0455e-129 -1.1137e-132 -1.0952e-135 -9.9427e-139 -8.3325e-142 -6.4464e-145 -4.6040e-148 -3.0354e-151 -1.8475e-154 -1.0380e-157 -5.3841e-161 -2.5780e-164 6.3325e-04 5.6141e-04 4.5880e-04 0.0000e+00 2.3797e-04 1.4992e-04 8.5653e-05 4.3873e-05 1.9731e-05 7.4516e-06 2.0796e-06 1.6906e-07 -2.8573e-07 -2.6441e-07 -1.5652e-07 -7.4966e-08 -3.0996e-08 -1.1369e-08 -3.7508e-09 -1.1222e-09 -3.0599e-10 -7.6297e-11 -1.7437e-11 -3.6587e-12 -7.0565e-13 -1.2521e-13 -2.0456e-14 -3.0786e-15 -4.2697e-16 -5.4591e-17 -6.4364e-18 -6.9991e-19 -7.0212e-20 -6.4984e-21 -5.5499e-22 -4.3741e-23 -3.1816e-24 -2.1359e-25 -1.3236e-26 -7.5709e-28 -3.9976e-29 -1.9485e-30 -8.7681e-32 -3.6424e-33 -1.3969e-34 -4.9460e-36 -1.6168e-37 -4.8794e-39 -1.3596e-40 -3.4975e-42 -8.3070e-44 -1.8216e-45 -3.6881e-47 -6.8941e-49 -1.1898e-50 -1.8960e-52 -2.7894e-54 -3.7889e-56 -4.7518e-58 -5.5022e-60 -5.8823e-62 -5.8062e-64 -5.2914e-66 -4.4523e-68 -3.4588e-70 -2.4808e-72 -1.6429e-74 -1.0045e-76 -5.6702e-79 -2.9552e-81 -1.4220e-83 -6.3174e-86 -2.5912e-88 -9.8129e-91 -3.4309e-93 -1.1075e-95 -3.3007e-98 -9.0820e-101 -2.3072e-103 -5.4112e-106 -1.1717e-108 -2.3425e-111 -4.3235e-114 -7.3675e-117 -1.1591e-119 -1.6835e-122 -2.2575e-125 -2.7949e-128 -3.1945e-131 -3.3710e-134 -3.2841e-137 -2.9538e-140 -2.4528e-143 -1.8804e-146 -1.3308e-149 -8.6960e-153 -5.2459e-156 -2.9216e-159 -1.5022e-162 -7.1306e-166
-4.7761e-04 -5.2365e-04 -5.7900e-04 -6.2008e-04 2.5424e-03 -5.9183e-04 -5.1755e-04 -4.1842e-04 -3.1239e-04 -2.1530e-04 -1.3696e-04 -8.0415e-05 -4.3583e-05 -2.1804e-05 -1.0070e-05 -4.2934e-06 -1.6900e-06 -6.1412e-07 -2.0604e-07 -6.3822e-08 -1.8252e-08 -4.8194e-09 -1.1749e-09 -2.6445e-10 -5.4956e-11 -1.0545e-11 -1.8680e-12 -3.0552e-13 -4.6137e-14 -6.4327e-15 -8.2806e-16 -9.8415e-17 -1.0799e-17 -1.0940e-18 -1.0233e-19 -8.8371e-21 -7.0457e-22 -5.1864e-23 -3.5247e-24 -2.2115e-25 -1.2811e-26 -6.8513e-28 -3.3829e-29 -1.5421e-30 -6.4899e-32 -2.5216e-33 -9.0453e-35 -2.9955e-36 -9.1586e-38 -2.5852e-39 -6.7367e-41 -1.6207e-42 -3.5997e-44 -7.3811e-46 -1.3973e-47 -2.4419e-49 -3.9398e-51 -5.8683e-53 -8.0695e-55 -1.0244e-56 -1.2006e-58 -1.2990e-60 -1.2975e-62 -1.1964e-64 -1.0185e-66 -8.0046e-69 -5.8075e-71 -3.8898e-73 -2.4052e-75 -1.3730e-77 -7.2354e-80 -3.5200e-82 -1.5809e-84 -6.5547e-87 -2.5089e-89 -8.8654e-92 -2.8919e-94 -8.7089e-97 -2.4211e-99 -6.2137e-102 -1.4722e-104 -3.2200e-107 -6.5017e-110 -1.2119e-112 -2.0854e-115 -3.3129e-118 -4.8583e-121 -6.5772e-124 -8.2200e-127 -9.4838e-130 -1.0101e-132 -9.9318e-136 -9.0149e-139 -7.5539e-142 -5.8432e-145 -4.1726e-148 -2.7507e-151 -1.6740e-154 -9.4042e-158 -4.8772e-161 4.4179e-04 3.9143e-04 3.1901e-04 2.3797e-04 0.0000e+00 9.7558e-05 5.1338e-05 2.1943e-05 5.9473e-06 -1.0628e-06 -3.0415e-06 -2.7883e-06 -1.9029e-06 -1.0926e-06 -5.5066e-07 -2.4846e-07 -1.0143e-07 -3.7699e-08 -1.2809e-08 -3.9893e-09 -1.1409e-09 -3.0002e-10 -7.2619e-11 -1.6190e-11 -3.3262e-12 -6.3005e-13 -1.1007e-13 -1.7738e-14 -2.6374e-15 -3.6190e-16 -4.5831e-17 -5.3573e-18 -5.7808e-19 -5.7584e-20 -5.2956e-21 -4.4962e-22 -3.5247e-23 -2.5511e-24 -1.7049e-25 -1.0520e-26 -5.9938e-28 -3.1533e-29 -1.5318e-30 -6.8708e-32 -2.8457e-33 -1.0883e-34 -3.8432e-36 -1.2532e-37 -3.7732e-39 -1.0490e-40 -2.6930e-42 -6.3835e-44 -1.3972e-45 -2.8237e-47 -5.2693e-49 -9.0794e-51 -1.4445e-52 -2.1221e-54 -2.8785e-56 -3.6051e-58 -4.1690e-60 -4.4515e-62 -4.3888e-64 -3.9951e-66 -3.3578e-68 -2.6058e-70 -1.8672e-72 -1.2353e-74 -7.5455e-77 -4.2556e-79 -2.2160e-81 -1.0654e-83 -4.7294e-86 -1.9384e-88 -7.3349e-91 -2.5627e-93 -8.2665e-96 -2.4619e-98 -6.7697e-101 -1.7186e-103 -4.0284e-106 -8.7176e-109 -1.7418e-111 -3.2130e-114 -5.4720e-117 -8.6041e-120 -1.2491e-122 -1.6741e-125 -2.0716e-128 -2.3666e-131 -2.4962e-134 -2.4307e-137 -2.1853e-140 -1.8138e-143 -1.3899e-146 -9.8334e-150 -6.4228e-153 -3.8730e-156 -2.1562e-159 -1.1082e-162
-3.1792e-04 -3.7728e-04 -4.5787e-04 -5.3702e-04 -5.9183e-04 3.6571e-03 -5.7340e-04 -5.0116e-04 -4.0430e-04 -3.0103e-04 -2.0688e-04 -1.3125e-04 -7.6866e-05 -4.1561e-05 -2.0748e-05 -9.5631e-06 -4.0698e-06 -1.5992e-06 -5.8025e-07 -1.9439e-07 -6.0134e-08 -1.7176e-08 -4.5300e-09 -1.1032e-09 -2.4805e-10 -5.1500e-11 -9.8726e-12 -1.7475e-12 -2.8560e-13 -4.3097e-14 -6.0046e-15 -7.7244e-16 -9.1748e-17 -1.0062e-17 -1.0188e-18 -9.5240e-20 -8.2205e-21 -6.5510e-22 -4.8200e-23 -3.2743e-24 -2.0536e-25 -1.1891e-26 -6.3571e-28 -3.1377e-29 -1.4298e-30 -6.0155e-32 -2.3365e-33 -8.3789e-35 -2.7740e-36 -8.4790e-38 -2.3927e-39 -6.2334e-41 -1.4993e-42 -3.3291e-44 -6.8247e-46 -1.2916e-47 -2.2568e-49 -3.6404e-51 -5.4213e-53 -7.4534e-55 -9.4602e-57 -1.1085e-58 -1.1991e-60 -1.1975e-62 -1.1041e-64 -9.3976e-67 -7.3844e-69 -5.3567e-71 -3.5874e-73 -2.2179e-75 -1.2659e-77 -6.6700e-80 -3.2445e-82 -1.4570e-84 -6.0401e-87 -2.3116e-89 -8.1673e-92 -2.6639e-94 -8.0213e-97 -2.2297e-99 -5.7219e-102 -1.3555e-104 -2.9645e-107 -5.9852e-110 -1.1155e-112 -1.9194e-115 -3.0488e-118 -4.4706e-121 -6.0518e-124 -7.5628e-127 -8.7248e-130 -9.2919e-133 -9.1354e-136 -8.2914e-139 -6.9470e-142 -5.3734e-145 -3.8368e-148 -2.5291e-151 -1.5390e-154 -8.6455e-158 2.8451e-04 2.5180e-04 2.0414e-04 1.4992e-04 9.7558e-05 0.0000e+00 2.1634e-05 1.8636e-06 -7.7581e-06 -1.0438e-05 -9.3364e-06 -6.8421e-06 -4.3611e-06 -2.4794e-06 -1.2736e-06 -5.9547e-07 -2.5453e-07 -9.9762e-08 -3.5924e-08 -1.1901e-08 -3.6306e-09 -1.0207e-09 -2.6458e-10 -6.3260e-11 -1.3955e-11 -2.8410e-12 -5.3384e-13 -9.2602e-14 -1.4830e-14 -2.1927e-15 -2.9937e-16 -3.7741e-17 -4.3935e-18 -4.7231e-19 -4.6888e-20 -4.2986e-21 -3.6393e-22 -2.8453e-23 -2.0544e-24 -1.3698e-25 -8.4347e-27 -4.7963e-28 -2.5187e-29 -1.2214e-30 -5.4699e-32 -2.2621e-33 -8.6390e-35 -3.0467e-36 -9.9221e-38 -2.9839e-39 -8.2865e-41 -2.1250e-42 -5.0320e-44 -1.1003e-45 -2.2218e-47 -4.1424e-49 -7.1319e-51 -1.1338e-52 -1.6643e-54 -2.2559e-56 -2.8235e-58 -3.2630e-60 -3.4820e-62 -3.4308e-64 -3.1212e-66 -2.6219e-68 -2.0337e-70 -1.4564e-72 -9.6307e-75 -5.8800e-77 -3.3147e-79 -1.7253e-81 -8.2914e-84 -3.6791e-86 -1.5073e-88 -5.7015e-91 -1.9912e-93 -6.4209e-96 -1.9116e-98 -5.2547e-101 -1.3336e-103 -3.1248e-106 -6.7603e-109 -1.3503e-111 -2.4901e-114 -4.2397e-117 -6.6647e-120 -9.6726e-123 -1.2961e-125 -1.6034e-128 -1.8313e-131 -1.9311e-134 -1.8800e-137 -1.6898e-140 -1.4023e-143 -1.0743e-146 -7.5990e-150 -4.9624e-153 -2.9918e-156 -1.6653e-159
-1.9635e-04 -2.5373e-04 -3.3794e-04 -4.3258e-04 -5.1755e-04 -5.7340e-04 4.9721e-03 -5.5401e-04 -4.8284e-04 -3.8842e-04 -2.8846e-04 -1.9778e-04 -1.2521e-04 -7.3194e-05 -3.9509e-05 -1.9693e-05 -9.0646e-06 -3.8529e-06 -1.5123e-06 -5.4813e-07 -1.8346e-07 -5.6703e-08 -1.6183e-08 -4.2649e-09 -1.0379e-09 -2.3323e-10 -4.8394e-11 -9.2721e-12 -1.6404e-12 -2.6796e-13 -4.0417e-14 -5.6289e-15 -7.2382e-16 -8.5941e-17 -9.4215e-18 -9.5364e-19 -8.9124e-20 -7.6903e-21 -6.1268e-22 -4.5067e-23 -3.0606e-24 -1.9191e-25 -1.1110e-26 -5.9382e-28 -2.9304e-29 -1.3351e-30 -5.6158e-32 -2.1809e-33 -7.8193e-35 -2.5883e-36 -7.9100e-38 -2.2318e-39 -5.8134e-41 -1.3980e-42 -3.1039e-44 -6.3622e-46 -1.2040e-47 -2.1034e-49 -3.3925e-51 -5.0515e-53 -6.9442e-55 -8.8129e-57 -1.0325e-58 -1.1169e-60 -1.1153e-62 -1.0281e-64 -8.7503e-67 -6.8752e-69 -4.9869e-71 -3.3394e-73 -2.0644e-75 -1.1782e-77 -6.2075e-80 -3.0193e-82 -1.3558e-84 -5.6201e-87 -2.1508e-89 -7.5984e-92 -2.4782e-94 -7.4616e-97 -2.0740e-99 -5.3219e-102 -1.2607e-104 -2.7570e-107 -5.5659e-110 -1.0373e-112 -1.7848e-115 -2.8348e-118 -4.1566e-121 -5.6264e-124 -7.0308e-127 -8.1107e-130 -8.6375e-133 -8.4916e-136 -7.7067e-139 -6.4569e-142 -4.9941e-145 -3.5659e-148 -2.3504e-151 -1.4302e-154 1.6913e-04 1.4940e-04 1.2004e-04 8.5653e-05 5.1338e-05 2.1634e-05 0.0000e+00 -1.3870e-05 -1.9515e-05 -1.9463e-05 -1.6183e-05 -1.1799e-05 -7.7112e-06 -4.5685e-06 -2.4696e-06 -1.2229e-06 -5.5609e-07 -2.3262e-07 -8.9618e-08 -3.1822e-08 -1.0421e-08 -3.1487e-09 -8.7800e-10 -2.2600e-10 -5.3711e-11 -1.1786e-11 -2.3885e-12 -4.4699e-13 -7.7258e-14 -1.2333e-14 -1.8183e-15 -2.4760e-16 -3.1142e-17 -3.6177e-18 -3.8815e-19 -3.8465e-20 -3.5207e-21 -2.9762e-22 -2.3237e-23 -1.6757e-24 -1.1160e-25 -6.8643e-27 -3.8994e-28 -2.0457e-29 -9.9119e-31 -4.4352e-32 -1.8328e-33 -6.9943e-35 -2.4650e-36 -8.0224e-38 -2.4111e-39 -6.6921e-41 -1.7152e-42 -4.0595e-44 -8.8725e-46 -1.7907e-47 -3.3372e-49 -5.7432e-51 -9.1266e-53 -1.3392e-54 -1.8146e-56 -2.2704e-58 -2.6229e-60 -2.7980e-62 -2.7561e-64 -2.5067e-66 -2.1051e-68 -1.6324e-70 -1.1687e-72 -7.7264e-75 -4.7162e-77 -2.6581e-79 -1.3832e-81 -6.6461e-84 -2.9484e-86 -1.2077e-88 -4.5674e-91 -1.5949e-93 -5.1419e-96 -1.5306e-98 -4.2066e-101 -1.0674e-103 -2.5008e-106 -5.4094e-109 -1.0803e-111 -1.9920e-114 -3.3911e-117 -5.3300e-120 -7.7346e-123 -1.0363e-125 -1.2818e-128 -1.4639e-131 -1.5435e-134 -1.5025e-137 -1.3503e-140 -1.1204e-143 -8.5832e-147 -6.0705e-150 -3.9638e-153 -2.3895e-156
-1.1247e-04 -1.5889e-04 -2.3184e-04 -3.2288e-04 -4.1842e-04 -5.0116e-04 -5.5401e-04 6.4867e-03 -5.3223e-04 -4.6270e-04 -3.7142e-04 -2.7531e-04 -1.8846e-04 -1.1914e-04 -6.9556e-05 -3.7504e-05 -1.8675e-05 -8.5885e-06 -3.6477e-06 -1.4307e-06 -5.1823e-07 -1.7335e-07 -5.3551e-08 -1.5276e-08 -4.0242e-09 -9.7891e-10 -2.1989e-10 -4.5611e-11 -8.7361e-12 -1.5451e-12 -2.5233e-13 -3.8049e-14 -5.2979e-15 -6.8111e-16 -8.0853e-17 -8.8620e-18 -8.9684e-19 -8.3802e-20 -7.2299e-21 -5.7591e-22 -4.2356e-23 -2.8762e-24 -1.8032e-25 -1.0438e-26 -5.5782e-28 -2.7524e-29 -1.2539e-30 -5.2737e-32 -2.0478e-33 -7.3416e-35 -2.4300e-36 -7.4255e-38 -2.0949e-39 -5.4565e-41 -1.3121e-42 -2.9129e-44 -5.9703e-46 -1.1297e-47 -1.9735e-49 -3.1829e-51 -4.7391e-53 -6.5144e-55 -8.2670e-57 -9.6855e-59 -1.0476e-60 -1.0460e-62 -9.6428e-65 -8.2064e-67 -6.4475e-69 -4.6765e-71 -3.1314e-73 -1.9358e-75 -1.1047e-77 -5.8202e-80 -2.8308e-82 -1.2711e-84 -5.2689e-87 -2.0163e-89 -7.1231e-92 -2.3231e-94 -6.9944e-97 -1.9441e-99 -4.9884e-102 -1.1817e-104 -2.5841e-107 -5.2167e-110 -9.7222e-113 -1.6727e-115 -2.6567e-118 -3.8954e-121 -5.2728e-124 -6.5888e-127 -7.6005e-130 -8.0940e-133 -7.9572e-136 -7.2215e-139 -6.0503e-142 -4.6795e-145 -3.3412e-148 -2.2023e-151 9.2801e-05 8.1736e-05 6.4721e-05 4.3873e-05 2.1943e-05 1.8636e-06 -1.3870e-05 0.0000e+00 -2.7746e-05 -2.6776e-05 -2.2627e-05 -1.7143e-05 -1.1784e-05 -7.3980e-06 -4.2582e-06 -2.2528e-06 -1.0972e-06 -4.9250e-07 -2.0388e-07 -7.7882e-08 -2.7462e-08 -8.9406e-09 -2.6880e-09 -7.4637e-10 -1.9143e-10 -4.5350e-11 -9.9246e-12 -2.0064e-12 -3.7469e-13 -6.4639e-14 -1.0301e-14 -1.5165e-15 -2.0623e-16 -2.5907e-17 -3.0063e-18 -3.2224e-19 -3.1904e-20 -2.9178e-21 -2.4647e-22 -1.9230e-23 -1.3858e-24 -9.2242e-26 -5.6706e-27 -3.2197e-28 -1.6884e-29 -8.1770e-31 -3.6574e-32 -1.5108e-33 -5.7636e-35 -2.0306e-36 -6.6068e-38 -1.9851e-39 -5.5082e-41 -1.4114e-42 -3.3397e-44 -7.2977e-46 -1.4725e-47 -2.7438e-49 -4.7210e-51 -7.5010e-53 -1.1005e-54 -1.4909e-56 -1.8651e-58 -2.1544e-60 -2.2979e-62 -2.2632e-64 -2.0582e-66 -1.7282e-68 -1.3400e-70 -9.5929e-73 -6.3412e-75 -3.8703e-77 -2.1811e-79 -1.1349e-81 -5.4526e-84 -2.4188e-86 -9.9067e-89 -3.7464e-91 -1.3081e-93 -4.2170e-96 -1.2552e-98 -3.4495e-101 -8.7526e-104 -2.0505e-106 -4.4351e-109 -8.8569e-112 -1.6330e-114 -2.7799e-117 -4.3691e-120 -6.3399e-123 -8.4937e-126 -1.0506e-128 -1.1998e-131 -1.2649e-134 -1.2313e-137 -1.1066e-140 -9.1816e-144 -7.0334e-147 -4.9742e-150 -3.2479e-153
-5.9729e-05 -9.2443e-05 -1.4743e-04 -2.2285e-04 -3.1239e-04 -4.0430e-04 -4.8284e-04 -5.3223e-04 8.2004e-03 -5.0900e-04 -4.4174e-04 -3.5408e-04 -2.6214e-04 -1.7926e-04 -1.1322e-04 -6.6051e-05 -3.5590e-05 -1.7712e-05 -8.1414e-06 -3.4562e-06 -1.3551e-06 -4.9067e-07 -1.6408e-07 -5.0672e-08 -1.4451e-08 -3.8060e-09 -9.2566e-10 -2.0789e-10 -4.3115e-11 -8.2567e-12 -1.4601e-12 -2.3842e-13 -3.5947e-14 -5.0046e-15 -6.4335e-16 -7.6363e-17 -8.3691e-18 -8.4690e-19 -7.9128e-20 -6.8263e-21 -5.4372e-22 -3.9986e-23 -2.7151e-24 -1.7021e-25 -9.8522e-27 -5.2650e-28 -2.5978e-29 -1.1834e-30 -4.9769e-32 -1.9325e-33 -6.9280e-35 -2.2930e-36 -7.0068e-38 -1.9767e-39 -5.1485e-41 -1.2380e-42 -2.7484e-44 -5.6329e-46 -1.0658e-47 -1.8619e-49 -3.0028e-51 -4.4709e-53 -6.1456e-55 -7.7988e-57 -9.1368e-59 -9.8822e-61 -9.8675e-63 -9.0961e-65 -7.7410e-67 -6.0818e-69 -4.4112e-71 -2.9537e-73 -1.8259e-75 -1.0420e-77 -5.4897e-80 -2.6701e-82 -1.1989e-84 -4.9696e-87 -1.9017e-89 -6.7183e-92 -2.1911e-94 -6.5968e-97 -1.8336e-99 -4.7048e-102 -1.1145e-104 -2.4371e-107 -4.9199e-110 -9.1691e-113 -1.5775e-115 -2.5055e-118 -3.6737e-121 -4.9727e-124 -6.2137e-127 -7.1679e-130 -7.6332e-133 -7.5041e-136 -6.8103e-139 -5.7057e-142 -4.4130e-145 -3.1508e-148 4.7002e-05 4.1216e-05 3.1894e-05 1.9731e-05 5.9473e-06 -7.7581e-06 -1.9515e-05 -2.7746e-05 0.0000e+00 -3.1246e-05 -2.7595e-05 -2.2088e-05 -1.6145e-05 -1.0823e-05 -6.6713e-06 -3.7876e-06 -1.9828e-06 -9.5775e-07 -4.2707e-07 -1.7585e-07 -6.6880e-08 -2.3497e-08 -7.6266e-09 -2.2871e-09 -6.3367e-10 -1.6222e-10 -3.8370e-11 -8.3854e-12 -1.6932e-12 -3.1587e-13 -5.4442e-14 -8.6692e-15 -1.2753e-15 -1.7333e-16 -2.1761e-17 -2.5239e-18 -2.7041e-19 -2.6763e-20 -2.4467e-21 -2.0661e-22 -1.6116e-23 -1.1611e-24 -7.7265e-26 -4.7490e-27 -2.6959e-28 -1.4135e-29 -6.8444e-31 -3.0610e-32 -1.2643e-33 -4.8225e-35 -1.6989e-36 -5.5269e-38 -1.6605e-39 -4.6071e-41 -1.1804e-42 -2.7930e-44 -6.1027e-46 -1.2313e-47 -2.2943e-49 -3.9474e-51 -6.2716e-53 -9.2010e-55 -1.2465e-56 -1.5593e-58 -1.8011e-60 -1.9210e-62 -1.8920e-64 -1.7205e-66 -1.4447e-68 -1.1201e-70 -8.0190e-73 -5.3007e-75 -3.2352e-77 -1.8232e-79 -9.4868e-82 -4.5578e-84 -2.0218e-86 -8.2810e-89 -3.1316e-91 -1.0934e-93 -3.5250e-96 -1.0492e-98 -2.8834e-101 -7.3163e-104 -1.7140e-106 -3.7073e-109 -7.4036e-112 -1.3651e-114 -2.3238e-117 -3.6523e-120 -5.2998e-123 -7.1003e-126 -8.7824e-129 -1.0029e-131 -1.0574e-134 -1.0293e-137 -9.2508e-141 -7.6756e-144 -5.8798e-147 -4.1584e-150
-2.9395e-05 -4.9891e-05 -8.6766e-05 -1.4209e-04 -2.1530e-04 -3.0103e-04 -3.8842e-04 -4.6270e-04 -5.0900e-04 1.0113e-02 -4.8536e-04 -4.2079e-04 -3.3700e-04 -2.4933e-04 -1.7040e-04 -1.0757e-04 -6.2731e-05 -3.3790e-05 -1.6812e-05 -7.7258e-06 -3.2791e-06 -1.2854e-06 -4.6538e-07 -1.5561e-07 -4.8049e-08 -1.3702e-08 -3.6084e-09 -8.7754e-10 -1.9707e-10 -4.0869e-11 -7.8264e-12 -1.3839e-12 -2.2597e-13 -3.4070e-14 -4.7432e-15 -6.0973e-16 -7.2372e-17 -7.9316e-18 -8.0261e-19 -7.4990e-20 -6.4692e-21 -5.1528e-22 -3.7895e-23 -2.5731e-24 -1.6131e-25 -9.3368e-27 -4.9896e-28 -2.4619e-29 -1.1215e-30 -4.7166e-32 -1.8315e-33 -6.5657e-35 -2.1731e-36 -6.6404e-38 -1.8734e-39 -4.8793e-41 -1.1733e-42 -2.6047e-44 -5.3385e-46 -1.0101e-47 -1.7646e-49 -2.8459e-51 -4.2373e-53 -5.8246e-55 -7.3915e-57 -8.6596e-59 -9.3661e-61 -9.3523e-63 -8.6212e-65 -7.3369e-67 -5.7643e-69 -4.1810e-71 -2.7996e-73 -1.7306e-75 -9.8764e-78 -5.2034e-80 -2.5308e-82 -1.1364e-84 -4.7104e-87 -1.8026e-89 -6.3680e-92 -2.0768e-94 -6.2529e-97 -1.7380e-99 -4.4596e-102 -1.0564e-104 -2.3101e-107 -4.6636e-110 -8.6915e-113 -1.4954e-115 -2.3750e-118 -3.4824e-121 -4.7137e-124 -5.8902e-127 -6.7947e-130 -7.2358e-133 -7.1135e-136 -6.4559e-139 -5.4088e-142 -4.1834e-145 2.1973e-05 1.9147e-05 1.4303e-05 7.4516e-06 -1.0628e-06 -1.0438e-05 -1.9463e-05 -2.6776e-05 -3.1246e-05 0.0000e+00 -3.0215e-05 -2.5761e-05 -2.0137e-05 -1.4475e-05 -9.5863e-06 -5.8558e-06 -3.3018e-06 -1.7192e-06 -8.2695e-07 -3.6751e-07 -1.5092e-07 -5.7273e-08 -2.0086e-08 -6.5098e-09 -1.9498e-09 -5.3969e-10 -1.3804e-10 -3.2629e-11 -7.1265e-12 -1.4383e-12 -2.6820e-13 -4.6211e-14 -7.3564e-15 -1.0820e-15 -1.4702e-16 -1.8455e-17 -2.1402e-18 -2.2927e-19 -2.2689e-20 -2.0742e-21 -1.7514e-22 -1.3661e-23 -9.8420e-25 -6.5493e-26 -4.0254e-27 -2.2851e-28 -1.1981e-29 -5.8018e-31 -2.5947e-32 -1.0717e-33 -4.0882e-35 -1.4402e-36 -4.6856e-38 -1.4078e-39 -3.9062e-41 -1.0009e-42 -2.3683e-44 -5.1750e-46 -1.0442e-47 -1.9457e-49 -3.3478e-51 -5.3192e-53 -7.8042e-55 -1.0573e-56 -1.3227e-58 -1.5279e-60 -1.6297e-62 -1.6052e-64 -1.4598e-66 -1.2258e-68 -9.5046e-71 -6.8047e-73 -4.4983e-75 -2.7456e-77 -1.5474e-79 -8.0519e-82 -3.8686e-84 -1.7162e-86 -7.0294e-89 -2.6584e-91 -9.2826e-94 -2.9926e-96 -8.9081e-99 -2.4482e-101 -6.2123e-104 -1.4554e-106 -3.1482e-109 -6.2872e-112 -1.1593e-114 -1.9735e-117 -3.1019e-120 -4.5013e-123 -6.0308e-126 -7.4599e-129 -8.5195e-132 -8.9828e-135 -8.7444e-138 -7.8590e-141 -6.5210e-144 -4.9956e-147
-1.3401e-05 -2.4944e-05 -4.7204e-05 -8.3655e-05 -1.3696e-04 -2.0688e-04 -2.8846e-04 -3.7142e-04 -4.4174e-04 -4.8536e-04 1.2224e-02 -4.6210e-04 -4.0041e-04 -3.2056e-04 -2.3709e-04 -1.6200e-04 -1.0225e-04 -5.9622e-05 -3.2113e-05 -1.5976e-05 -7.3414e-06 -3.1159e-06 -1.2214e-06 -4.4221e-07 -1.4786e-07 -4.5659e-08 -1.3021e-08 -3.4291e-09 -8.3395e-10 -1.8729e-10 -3.8842e-11 -7.4384e-12 -1.3154e-12 -2.1479e-13 -3.2385e-14 -4.5088e-15 -5.7962e-16 -6.8800e-17 -7.5405e-18 -7.6306e-19 -7.1298e-20 -6.1509e-21 -4.8995e-22 -3.6033e-23 -2.4467e-24 -1.5339e-25 -8.8790e-27 -4.7451e-28 -2.3413e-29 -1.0666e-30 -4.4860e-32 -1.7419e-33 -6.2450e-35 -2.0670e-36 -6.3164e-38 -1.7820e-39 -4.6415e-41 -1.1161e-42 -2.4779e-44 -5.0787e-46 -9.6102e-48 -1.6789e-49 -2.7077e-51 -4.0316e-53 -5.5419e-55 -7.0329e-57 -8.2397e-59 -8.9122e-61 -8.8992e-63 -8.2037e-65 -6.9817e-67 -5.4854e-69 -3.9787e-71 -2.6642e-73 -1.6470e-75 -9.3993e-78 -4.9521e-80 -2.4086e-82 -1.0815e-84 -4.4832e-87 -1.7156e-89 -6.0610e-92 -1.9768e-94 -5.9517e-97 -1.6543e-99 -4.2449e-102 -1.0055e-104 -2.1990e-107 -4.4393e-110 -8.2735e-113 -1.4235e-115 -2.2609e-118 -3.3151e-121 -4.4873e-124 -5.6074e-127 -6.4685e-130 -6.8886e-133 -6.7722e-136 -6.1462e-139 -5.1494e-142 9.4810e-06 8.1892e-06 5.7972e-06 2.0796e-06 -3.0415e-06 -9.3364e-06 -1.6183e-05 -2.2627e-05 -2.7595e-05 -3.0215e-05 0.0000e+00 -2.7460e-05 -2.3033e-05 -1.7801e-05 -1.2691e-05 -8.3549e-06 -5.0808e-06 -2.8551e-06 -1.4828e-06 -7.1182e-07 -3.1586e-07 -1.2955e-07 -4.9120e-08 -1.7214e-08 -5.5761e-09 -1.6695e-09 -4.6195e-10 -1.1813e-10 -2.7918e-11 -6.0971e-12 -1.2305e-12 -2.2945e-13 -3.9534e-14 -6.2938e-15 -9.2572e-16 -1.2580e-16 -1.5793e-17 -1.8316e-18 -1.9624e-19 -1.9422e-20 -1.7757e-21 -1.4996e-22 -1.1698e-23 -8.4291e-25 -5.6098e-26 -3.4484e-27 -1.9578e-28 -1.0266e-29 -4.9721e-31 -2.2240e-32 -9.1871e-34 -3.5050e-35 -1.2349e-36 -4.0182e-38 -1.2074e-39 -3.3506e-41 -8.5862e-43 -2.0319e-44 -4.4404e-46 -8.9610e-48 -1.6699e-49 -2.8736e-51 -4.5663e-53 -6.7002e-55 -9.0783e-57 -1.1358e-58 -1.3122e-60 -1.3998e-62 -1.3788e-64 -1.2540e-66 -1.0532e-68 -8.1666e-71 -5.8473e-73 -3.8657e-75 -2.3597e-77 -1.3300e-79 -6.9214e-82 -3.3257e-84 -1.4755e-86 -6.0440e-89 -2.2859e-91 -7.9825e-94 -2.5737e-96 -7.6616e-99 -2.1058e-101 -5.3438e-104 -1.2520e-106 -2.7084e-109 -5.4094e-112 -9.9748e-115 -1.6982e-117 -2.6694e-120 -3.8739e-123 -5.1905e-126 -6.4208e-129 -7.3333e-132 -7.7325e-135 -7.5277e-138 -6.7659e-141 -5.6144e-144
-5.6575e-06 -1.1542e-05 -2.3725e-05 -4.5465e-05 -8.0415e-05 -1.3125e-04 -1.9778e-04 -2.7531e-04 -3.5408e-04 -4.2079e-04 -4.6210e-04 1.4534e-02 -4.3969e-04 -3.8095e-04 -3.0496e-04 -2.2555e-04 -1.5412e-04 -9.7283e-05 -5.6728e-05 -3.0556e-05 -1.5203e-05 -6.9869e-06 -2.9658e-06 -1.1627e-06 -4.2099e-07 -1.4078e-07 -4.3477e-08 -1.2400e-08 -3.2659e-09 -7.9434e-10 -1.7841e-10 -3.7004e-11 -7.0871e-12 -1.2534e-12 -2.0468e-13 -3.0864e-14 -4.2973e-15 -5.5248e-16 -6.5584e-17 -7.1885e-18 -7.2750e-19 -6.7980e-20 -5.8651e-21 -4.6721e-22 -3.4363e-23 -2.3335e-24 -1.4630e-25 -8.4691e-27 -4.5263e-28 -2.2335e-29 -1.0175e-30 -4.2798e-32 -1.6620e-33 -5.9586e-35 -1.9723e-36 -6.0273e-38 -1.7005e-39 -4.4295e-41 -1.0652e-42 -2.3649e-44 -4.8474e-46 -9.1728e-48 -1.6025e-49 -2.5846e-51 -3.8485e-53 -5.2904e-55 -6.7141e-57 -7.8664e-59 -8.5087e-61 -8.4966e-63 -7.8329e-65 -6.6664e-67 -5.2378e-69 -3.7993e-71 -2.5441e-73 -1.5728e-75 -8.9761e-78 -4.7292e-80 -2.3003e-82 -1.0329e-84 -4.2818e-87 -1.6386e-89 -5.7890e-92 -1.8881e-94 -5.6849e-97 -1.5802e-99 -4.0548e-102 -9.6054e-105 -2.1006e-107 -4.2408e-110 -7.9037e-113 -1.3599e-115 -2.1599e-118 -3.1671e-121 -4.2871e-124 -5.3573e-127 -6.1802e-130 -6.5816e-133 -6.4705e-136 -5.8725e-139 3.7758e-06 3.2222e-06 2.1005e-06 1.6906e-07 -2.7883e-06 -6.8421e-06 -1.1799e-05 -1.7143e-05 -2.2088e-05 -2.5761e-05 -2.7460e-05 0.0000e+00 -2.4255e-05 -2.0187e-05 -1.5516e-05 -1.1020e-05 -7.2345e-06 -4.3908e-06 -2.4639e-06 -1.2783e-06 -6.1323e-07 -2.7198e-07 -1.1153e-07 -4.2278e-08 -1.4816e-08 -4.7993e-09 -1.4370e-09 -3.9768e-10 -1.0171e-10 -2.4043e-11 -5.2518e-12 -1.0601e-12 -1.9773e-13 -3.4077e-14 -5.4264e-15 -7.9835e-16 -1.0851e-16 -1.3627e-17 -1.5808e-18 -1.6941e-19 -1.6771e-20 -1.5337e-21 -1.2955e-22 -1.0108e-23 -7.2852e-25 -4.8496e-26 -2.9818e-27 -1.6933e-28 -8.8810e-30 -4.3020e-31 -1.9246e-32 -7.9521e-34 -3.0344e-35 -1.0693e-36 -3.4800e-38 -1.0459e-39 -2.9028e-41 -7.4401e-43 -1.7610e-44 -3.8490e-46 -7.7687e-48 -1.4479e-49 -2.4920e-51 -3.9605e-53 -5.8122e-55 -7.8763e-57 -9.8556e-59 -1.1388e-60 -1.2149e-62 -1.1969e-64 -1.0887e-66 -9.1443e-69 -7.0917e-71 -5.0783e-73 -3.3577e-75 -2.0499e-77 -1.1555e-79 -6.0139e-82 -2.8900e-84 -1.2823e-86 -5.2532e-89 -1.9870e-91 -6.9394e-94 -2.2376e-96 -6.6617e-99 -1.8312e-101 -4.6473e-104 -1.0889e-106 -2.3558e-109 -4.7056e-112 -8.6778e-115 -1.4775e-117 -2.3226e-120 -3.3710e-123 -4.5170e-126 -5.5882e-129 -6.3827e-132 -6.7308e-135 -6.5530e-138 -5.8902e-141
-2.2109e-06 -4.9394e-06 -1.1012e-05 -2.2808e-05 -4.3583e-05 -7.6866e-05 -1.2521e-04 -1.8846e-04 -2.6214e-04 -3.3700e-04 -4.0041e-04 -4.3969e-04 1.7042e-02 -4.1843e-04 -3.6258e-04 -2.9030e-04 -2.1475e-04 -1.4677e-04 -9.2662e-05 -5.4044e-05 -2.9117e-05 -1.4490e-05 -6.6603e-06 -2.8277e-06 -1.1088e-06 -4.0154e-07 -1.3430e-07 -4.1481e-08 -1.1833e-08 -3.1169e-09 -7.5823e-10 -1.7033e-10 -3.5331e-11 -6.7677e-12 -1.1970e-12 -1.9550e-13 -2.9484e-14 -4.1056e-15 -5.2789e-16 -6.2672e-17 -6.8700e-18 -6.9533e-19 -6.4980e-20 -5.6068e-21 -4.4667e-22 -3.2855e-23 -2.2313e-24 -1.3991e-25 -8.0995e-27 -4.3291e-28 -2.1363e-29 -9.7332e-31 -4.0942e-32 -1.5900e-33 -5.7009e-35 -1.8872e-36 -5.7674e-38 -1.6273e-39 -4.2390e-41 -1.0194e-42 -2.2635e-44 -4.6396e-46 -8.7801e-48 -1.5340e-49 -2.4742e-51 -3.6843e-53 -5.0649e-55 -6.4282e-57 -7.5318e-59 -8.1471e-61 -8.1359e-63 -7.5006e-65 -6.3839e-67 -5.0160e-69 -3.6385e-71 -2.4366e-73 -1.5064e-75 -8.5973e-78 -4.5298e-80 -2.2034e-82 -9.8942e-85 -4.1016e-87 -1.5697e-89 -5.5458e-92 -1.8088e-94 -5.4464e-97 -1.5139e-99 -3.8849e-102 -9.2032e-105 -2.0127e-107 -4.0634e-110 -7.5734e-113 -1.3031e-115 -2.0698e-118 -3.0350e-121 -4.1084e-124 -5.1340e-127 -5.9227e-130 -6.3076e-133 -6.2013e-136 1.3878e-06 1.1653e-06 6.6701e-07 -2.8573e-07 -1.9029e-06 -4.3611e-06 -7.7112e-06 -1.1784e-05 -1.6145e-05 -2.0137e-05 -2.3033e-05 -2.4255e-05 0.0000e+00 -2.1146e-05 -1.7538e-05 -1.3449e-05 -9.5376e-06 -6.2554e-06 -3.7944e-06 -2.1286e-06 -1.1043e-06 -5.2980e-07 -2.3502e-07 -9.6396e-08 -3.6554e-08 -1.2814e-08 -4.1525e-09 -1.2438e-09 -3.4436e-10 -8.8114e-11 -2.0837e-11 -4.5534e-12 -9.1950e-13 -1.7157e-13 -2.9581e-14 -4.7122e-15 -6.9354e-16 -9.4303e-17 -1.1846e-17 -1.3747e-18 -1.4738e-19 -1.4595e-20 -1.3351e-21 -1.1281e-22 -8.8052e-24 -6.3478e-25 -4.2268e-26 -2.5996e-27 -1.4766e-28 -7.7468e-30 -3.7536e-31 -1.6797e-32 -6.9418e-34 -2.6495e-35 -9.3389e-37 -3.0399e-38 -9.1384e-40 -2.5369e-41 -6.5035e-43 -1.5396e-44 -3.3658e-46 -6.7947e-48 -1.2666e-49 -2.1804e-51 -3.4659e-53 -5.0872e-55 -6.8949e-57 -8.6290e-59 -9.9718e-61 -1.0641e-62 -1.0484e-64 -9.5381e-67 -8.0123e-69 -6.2147e-71 -4.4509e-73 -2.9433e-75 -1.7971e-77 -1.0131e-79 -5.2737e-82 -2.5346e-84 -1.1247e-86 -4.6083e-89 -1.7433e-91 -6.0890e-94 -1.9636e-96 -5.8466e-99 -1.6073e-101 -4.0795e-104 -9.5600e-107 -2.0684e-109 -4.1319e-112 -7.6206e-115 -1.2976e-117 -2.0404e-120 -2.9615e-123 -3.9686e-126 -4.9100e-129 -5.6083e-132 -5.9146e-135 -5.7588e-138
-7.9954e-07 -1.9538e-06 -4.7189e-06 -1.0561e-05 -2.1804e-05 -4.1561e-05 -7.3194e-05 -1.1914e-04 -1.7926e-04 -2.4933e-04 -3.2056e-04 -3.8095e-04 -4.1843e-04 1.9749e-02 -3.9845e-04 -3.4538e-04 -2.7662e-04 -2.0469e-04 -1.3994e-04 -8.8377e-05 -5.1560e-05 -2.7786e-05 -1.3831e-05 -6.3594e-06 -2.7005e-06 -1.0592e-06 -3.8366e-07 -1.2835e-07 -3.9652e-08 -1.1313e-08 -2.9806e-09 -7.2519e-10 -1.6293e-10 -3.3803e-11 -6.4760e-12 -1.1456e-12 -1.8713e-13 -2.8225e-14 -3.9310e-15 -5.0550e-16 -6.0021e-17 -6.5802e-18 -6.6608e-19 -6.2253e-20 -5.3721e-21 -4.2802e-22 -3.1486e-23 -2.1385e-24 -1.3410e-25 -7.7641e-27 -4.1502e-28 -2.0482e-29 -9.3326e-31 -3.9260e-32 -1.5248e-33 -5.4675e-35 -1.8100e-36 -5.5321e-38 -1.5610e-39 -4.0666e-41 -9.7804e-43 -2.1717e-44 -4.4518e-46 -8.4251e-48 -1.4720e-49 -2.3744e-51 -3.5359e-53 -4.8612e-55 -6.1700e-57 -7.2296e-59 -7.8206e-61 -7.8102e-63 -7.2007e-65 -6.1289e-67 -4.8159e-69 -3.4935e-71 -2.3396e-73 -1.4464e-75 -8.2556e-78 -4.3500e-80 -2.1160e-82 -9.5021e-85 -3.9393e-87 -1.5076e-89 -5.3267e-92 -1.7374e-94 -5.2315e-97 -1.4542e-99 -3.7319e-102 -8.8409e-105 -1.9335e-107 -3.9037e-110 -7.2760e-113 -1.2519e-115 -1.9886e-118 -2.9160e-121 -3.9475e-124 -4.9331e-127 -5.6911e-130 -6.0611e-133 4.7077e-07 3.8686e-07 1.7804e-07 -2.6441e-07 -1.0926e-06 -2.4794e-06 -4.5685e-06 -7.3980e-06 -1.0823e-05 -1.4475e-05 -1.7801e-05 -2.0187e-05 -2.1146e-05 0.0000e+00 -1.8338e-05 -1.5193e-05 -1.1644e-05 -8.2563e-06 -5.4157e-06 -3.2860e-06 -1.8442e-06 -9.5724e-07 -4.5949e-07 -2.0395e-07 -8.3703e-08 -3.1760e-08 -1.1141e-08 -3.6123e-09 -1.0827e-09 -2.9992e-10 -7.6786e-11 -1.8168e-11 -3.9724e-12 -8.0259e-13 -1.4983e-13 -2.5846e-14 -4.1192e-15 -6.0653e-16 -8.2510e-17 -1.0369e-17 -1.2038e-18 -1.2911e-19 -1.2791e-20 -1.1705e-21 -9.8941e-23 -7.7251e-24 -5.5711e-25 -3.7109e-26 -2.2830e-27 -1.2972e-28 -6.8075e-30 -3.2994e-31 -1.4769e-32 -6.1053e-34 -2.3308e-35 -8.2178e-37 -2.6757e-38 -8.0454e-40 -2.2340e-41 -5.7283e-43 -1.3564e-44 -2.9659e-46 -5.9887e-48 -1.1166e-49 -1.9226e-51 -3.0566e-53 -4.4873e-55 -6.0830e-57 -7.6144e-59 -8.8008e-61 -9.3927e-63 -9.2560e-65 -8.4223e-67 -7.0762e-69 -5.4895e-71 -3.9321e-73 -2.6006e-75 -1.5881e-77 -8.9543e-80 -4.6616e-82 -2.2407e-84 -9.9447e-87 -4.0751e-89 -1.5418e-91 -5.3858e-94 -1.7371e-96 -5.1727e-99 -1.4224e-101 -3.6105e-104 -8.4616e-107 -1.8309e-109 -3.6577e-112 -6.7468e-115 -1.1490e-117 -1.8065e-120 -2.6224e-123 -3.5146e-126 -4.3489e-129 -4.9681e-132 -5.2400e-135
-2.6748e-07 -7.1406e-07 -1.8669e-06 -4.5141e-06 -1.0070e-05 -2.0748e-05 -3.9509e-05 -6.9556e-05 -1.1322e-04 -1.7040e-04 -2.3709e-04 -3.0496e-04 -3.6258e-04 -3.9845e-04 2.2655e-02 -3.7977e-04 -3.2934e-04 -2.6389e-04 -1.9535e-04 -1.3360e-04 -8.4408e-05 -4.9262e-05 -2.6557e-05 -1.3224e-05 -6.0817e-06 -2.5834e-06 -1.0135e-06 -3.6721e-07 -1.2287e-07 -3.7970e-08 -1.0835e-08 -2.8554e-09 -6.9487e-10 -1.5615e-10 -3.2403e-11 -6.2087e-12 -1.0985e-12 -1.7947e-13 -2.7074e-14 -3.7711e-15 -4.8501e-16 -5.7596e-17 -6.3152e-18 -6.3934e-19 -5.9761e-20 -5.1577e-21 -4.1098e-22 -3.0236e-23 -2.0538e-24 -1.2881e-25 -7.4582e-27 -3.9871e-28 -1.9679e-29 -8.9674e-31 -3.7727e-32 -1.4654e-33 -5.2549e-35 -1.7398e-36 -5.3178e-38 -1.5006e-39 -3.9096e-41 -9.4036e-43 -2.0881e-44 -4.2808e-46 -8.1021e-48 -1.4157e-49 -2.2837e-51 -3.4010e-53 -4.6760e-55 -5.9352e-57 -6.9549e-59 -7.5239e-61 -7.5142e-63 -6.9282e-65 -5.8972e-67 -4.6341e-69 -3.3618e-71 -2.2515e-73 -1.3920e-75 -7.9454e-78 -4.1867e-80 -2.0366e-82 -9.1462e-85 -3.7919e-87 -1.4513e-89 -5.1278e-92 -1.6726e-94 -5.0365e-97 -1.4001e-99 -3.5931e-102 -8.5124e-105 -1.8617e-107 -3.7589e-110 -7.0063e-113 -1.2056e-115 -1.9150e-118 -2.8082e-121 -3.8016e-124 -4.7510e-127 -5.4812e-130 1.4737e-07 1.1771e-07 3.5541e-08 -1.5652e-07 -5.5066e-07 -1.2736e-06 -2.4696e-06 -4.2582e-06 -6.6713e-06 -9.5863e-06 -1.2691e-05 -1.5516e-05 -1.7538e-05 -1.8338e-05 0.0000e+00 -1.5888e-05 -1.3165e-05 -1.0095e-05 -7.1626e-06 -4.7017e-06 -2.8551e-06 -1.6037e-06 -8.3311e-07 -4.0024e-07 -1.7780e-07 -7.3031e-08 -2.7732e-08 -9.7354e-09 -3.1591e-09 -9.4751e-10 -2.6266e-10 -6.7292e-11 -1.5932e-11 -3.4856e-12 -7.0467e-13 -1.3163e-13 -2.2718e-14 -3.6227e-15 -5.3370e-16 -7.2637e-17 -9.1329e-18 -1.0608e-18 -1.1382e-19 -1.1281e-20 -1.0327e-21 -8.7331e-23 -6.8212e-24 -4.9211e-25 -3.2791e-26 -2.0180e-27 -1.1470e-28 -6.0215e-30 -2.9194e-31 -1.3072e-32 -5.4053e-34 -2.0642e-35 -7.2798e-37 -2.3709e-38 -7.1308e-40 -1.9805e-41 -5.0797e-43 -1.2031e-44 -2.6313e-46 -5.3143e-48 -9.9110e-50 -1.7068e-51 -2.7142e-53 -3.9854e-55 -5.4037e-57 -6.7653e-59 -7.8210e-61 -8.3484e-63 -8.2285e-65 -7.4886e-67 -6.2928e-69 -4.8826e-71 -3.4979e-73 -2.3138e-75 -1.4132e-77 -7.9693e-80 -4.1495e-82 -1.9951e-84 -8.8556e-87 -3.6292e-89 -1.3732e-91 -4.7974e-94 -1.5475e-96 -4.6088e-99 -1.2673e-101 -3.2174e-104 -7.5414e-107 -1.6321e-109 -3.2609e-112 -6.0156e-115 -1.0246e-117 -1.6111e-120 -2.3389e-123 -3.1351e-126 -3.8796e-129 -4.4325e-132
-8.2760e-08 -2.4106e-07 -6.8177e-07 -1.7810e-06 -4.2934e-06 -9.5631e-06 -1.9693e-05 -3.7504e-05 -6.6051e-05 -1.0757e-04 -1.6200e-04 -2.2555e-04 -2.9030e-04 -3.4538e-04 -3.7977e-04 2.5760e-02 -3.6239e-04 -3.1443e-04 -2.5206e-04 -1.8668e-04 -1.2773e-04 -8.0733e-05 -4.7135e-05 -2.5419e-05 -1.2662e-05 -5.8252e-06 -2.4752e-06 -9.7134e-07 -3.5204e-07 -1.1783e-07 -3.6419e-08 -1.0395e-08 -2.7401e-09 -6.6696e-10 -1.4991e-10 -3.1114e-11 -5.9629e-12 -1.0552e-12 -1.7242e-13 -2.6015e-14 -3.6242e-15 -4.6620e-16 -5.5370e-17 -6.0720e-18 -6.1480e-19 -5.7475e-20 -4.9609e-21 -3.9535e-22 -2.9090e-23 -1.9762e-24 -1.2395e-25 -7.1778e-27 -3.8376e-28 -1.8943e-29 -8.6328e-31 -3.6323e-32 -1.4110e-33 -5.0602e-35 -1.6754e-36 -5.1216e-38 -1.4454e-39 -3.7659e-41 -9.0587e-43 -2.0117e-44 -4.1244e-46 -7.8066e-48 -1.3642e-49 -2.2007e-51 -3.2776e-53 -4.5066e-55 -5.7205e-57 -6.7038e-59 -7.2526e-61 -7.2437e-63 -6.6791e-65 -5.6855e-67 -4.4680e-69 -3.2414e-71 -2.1710e-73 -1.3423e-75 -7.6621e-78 -4.0376e-80 -1.9642e-82 -8.8213e-85 -3.6573e-87 -1.3998e-89 -4.9462e-92 -1.6134e-94 -4.8586e-97 -1.3507e-99 -3.4664e-102 -8.2125e-105 -1.7962e-107 -3.6268e-110 -6.7602e-113 -1.1633e-115 -1.8479e-118 -2.7099e-121 -3.6686e-124 -4.5849e-127 4.2574e-08 3.2755e-08 2.5351e-09 -7.4966e-08 -2.4846e-07 -5.9547e-07 -1.2229e-06 -2.2528e-06 -3.7876e-06 -5.8558e-06 -8.3549e-06 -1.1020e-05 -1.3449e-05 -1.5193e-05 -1.5888e-05 0.0000e+00 -1.3784e-05 -1.1433e-05 -8.7762e-06 -6.2336e-06 -4.0965e-06 -2.4903e-06 -1.4003e-06 -7.2822e-07 -3.5021e-07 -1.5573e-07 -6.4025e-08 -2.4335e-08 -8.5500e-09 -2.7768e-09 -8.3351e-10 -2.3124e-10 -5.9285e-11 -1.4046e-11 -3.0751e-12 -6.2207e-13 -1.1627e-13 -2.0080e-14 -3.2038e-15 -4.7224e-16 -6.4307e-17 -8.0896e-18 -9.4007e-19 -1.0091e-19 -1.0006e-20 -9.1645e-22 -7.7530e-23 -6.0582e-24 -4.3723e-25 -2.9145e-26 -1.7943e-27 -1.0202e-28 -5.3577e-30 -2.5984e-31 -1.1638e-32 -4.8140e-34 -1.8390e-35 -6.4873e-37 -2.1134e-38 -6.3581e-40 -1.7664e-41 -4.5316e-43 -1.0736e-44 -2.3486e-46 -4.7444e-48 -8.8502e-50 -1.5245e-51 -2.4247e-53 -3.5612e-55 -4.8295e-57 -6.0476e-59 -6.9927e-61 -7.4657e-63 -7.3598e-65 -6.6993e-67 -5.6305e-69 -4.3700e-71 -3.1311e-73 -2.0715e-75 -1.2653e-77 -7.1365e-80 -3.7164e-82 -1.7869e-84 -7.9330e-87 -3.2517e-89 -1.2306e-91 -4.2999e-94 -1.3872e-96 -4.1319e-99 -1.1363e-101 -2.8852e-104 -6.7637e-107 -1.4639e-109 -2.9253e-112 -5.3971e-115 -9.1933e-118 -1.4458e-120 -2.0992e-123 -2.8140e-126 -3.4827e-129
