1.0099e-04 -6.1727e-04 -6.0964e-04 -5.9911e-04 -5.8585e-04 -5.7004e-04 -5.5190e-04 -5.3169e-04 -5.0967e-04 -4.8614e-04 -4.6140e-04 -4.3574e-04 -4.0947e-04 -3.8287e-04 -3.5622e-04 -3.2979e-04 -3.0380e-04 -2.7847e-04 -2.5398e-04 -2.3050e-04 -2.0815e-04 -1.8703e-04 -1.6723e-04 -1.4877e-04 -1.3170e-04 -1.1601e-04 -1.0168e-04 -8.8679e-05 -7.6955e-05 -6.6451e-05 -5.7095e-05 -4.8813e-05 -4.1525e-05 -3.5150e-05 -2.9606e-05 -2.4813e-05 -2.0692e-05 -1.7170e-05 -1.4177e-05 -1.1648e-05 -9.5221e-06 -7.7457e-06 -6.2694e-06 -5.0493e-06 -4.0465e-06 -3.2267e-06 -2.5603e-06 -2.0214e-06 -1.5880e-06 -1.2413e-06 -9.6552e-07 -7.4727e-07 -5.7548e-07 -4.4098e-07 -3.3624e-07 -2.5511e-07 -1.9259e-07 -1.4467e-07 -1.0814e-07 -8.0425e-08 -5.9519e-08 -4.3828e-08 -3.2114e-08 -2.3414e-08 -1.6986e-08 -1.2262e-08 -8.8072e-09 -6.2946e-09 -4.4765e-09 -3.1677e-09 -2.2304e-09 -1.5627e-09 -1.0894e-09 -7.5571e-10 -5.2162e-10 -3.5825e-10 -2.4483e-10 -1.6648e-10 -1.1265e-10 -7.5842e-11 -5.0808e-11 -3.3869e-11 -2.2465e-11 -1.4826e-11 -9.7367e-12 -6.3625e-12 -4.1369e-12 -2.6765e-12 -1.7230e-12 -1.1037e-12 -7.0348e-13 -4.4616e-13 -2.8156e-13 -1.7680e-13 -1.1047e-13 -6.8678e-14 -4.2485e-14 -2.6152e-14 -1.6018e-14 -9.7619e-15 0.0000e+00 6.1724e-04 6.0957e-04 5.9899e-04 5.8567e-04 5.6978e-04 5.5156e-04 5.3126e-04 5.0915e-04 4.8554e-04 4.6070e-04 4.3496e-04 4.0861e-04 3.8194e-04 3.5523e-04 3.2873e-04 3.0270e-04 2.7734e-04 2.5284e-04 2.2935e-04 2.0701e-04 1.8591e-04 1.6613e-04 1.4771e-04 1.3068e-04 1.1504e-04 1.0076e-04 8.7817e-05 7.6153e-05 6.5710e-05 5.6416e-05 4.8195e-05 4.0966e-05 3.4648e-05 2.9159e-05 2.4416e-05 2.0343e-05 1.6865e-05 1.3912e-05 1.1419e-05 9.3254e-06 7.5780e-06 6.1273e-06 4.9295e-06 3.9462e-06 3.1432e-06 2.4911e-06 1.9645e-06 1.5415e-06 1.2035e-06 9.3495e-07 7.2270e-07 5.5585e-07 4.2538e-07 3.2392e-07 2.4542e-07 1.8502e-07 1.3879e-07 1.0359e-07 7.6937e-08 5.6854e-08 4.1804e-08 3.0584e-08 2.2264e-08 1.6127e-08 1.1623e-08 8.3351e-09 5.9475e-09 4.2227e-09 2.9831e-09 2.0969e-09 1.4666e-09 1.0207e-09 7.0678e-10 4.8697e-10 3.3386e-10 2.2774e-10 1.5458e-10 1.0440e-10 7.0154e-11 4.6908e-11 3.1208e-11 2.0660e-11 1.3608e-11 8.9189e-12 5.8163e-12 3.7741e-12 2.4367e-12 1.5654e-12 1.0007e-12 6.3645e-13 4.0278e-13 2.5363e-13 1.5892e-13 9.9076e-14 6.1459e-14 3.7935e-14 2.3298e-14 1.4237e-14 8.6569e-15
-6.1727e-04 4.0397e-04 -6.0529e-04 -5.9499e-04 -5.8202e-04 -5.6654e-04 -5.4878e-04 -5.2898e-04 -5.0740e-04 -4.8432e-04 -4.6003e-04 -4.3482e-04 -4.0898e-04 -3.8280e-04 -3.5654e-04 -3.3046e-04 -3.0479e-04 -2.7974e-04 -2.5549e-04 -2.3220e-04 -2.1001e-04 -1.8900e-04 -1.6926e-04 -1.5085e-04 -1.3378e-04 -1.1806e-04 -1.0367e-04 -9.0598e-05 -7.8784e-05 -6.8175e-05 -5.8705e-05 -5.0304e-05 -4.2893e-05 -3.6395e-05 -3.0730e-05 -2.5820e-05 -2.1588e-05 -1.7961e-05 -1.4871e-05 -1.2251e-05 -1.0044e-05 -8.1940e-06 -6.6519e-06 -5.3736e-06 -4.3196e-06 -3.4553e-06 -2.7504e-06 -2.1785e-06 -1.7171e-06 -1.3468e-06 -1.0511e-06 -8.1636e-07 -6.3090e-07 -4.8519e-07 -3.7129e-07 -2.8274e-07 -2.1424e-07 -1.6155e-07 -1.2121e-07 -9.0500e-08 -6.7238e-08 -4.9709e-08 -3.6570e-08 -2.6771e-08 -1.9501e-08 -1.4136e-08 -1.0196e-08 -7.3181e-09 -5.2267e-09 -3.7146e-09 -2.6269e-09 -1.8486e-09 -1.2945e-09 -9.0197e-10 -6.2538e-10 -4.3148e-10 -2.9623e-10 -2.0237e-10 -1.3757e-10 -9.3054e-11 -6.2634e-11 -4.1951e-11 -2.7959e-11 -1.8542e-11 -1.2236e-11 -8.0346e-12 -5.2499e-12 -3.4134e-12 -2.2083e-12 -1.4217e-12 -9.1071e-13 -5.8051e-13 -3.6821e-13 -2.3239e-13 -1.4595e-13 -9.1205e-14 -5.6714e-14 -3.5092e-14 -2.1606e-14 -1.3237e-14 6.1724e-04 0.0000e+00 6.0501e-04 5.9452e-04 5.8129e-04 5.6552e-04 5.4744e-04 5.2729e-04 5.0535e-04 4.8191e-04 4.5726e-04 4.3171e-04 4.0555e-04 3.7908e-04 3.5257e-04 3.2628e-04 3.0044e-04 2.7527e-04 2.5095e-04 2.2764e-04 2.0546e-04 1.8452e-04 1.6488e-04 1.4661e-04 1.2970e-04 1.1418e-04 1.0001e-04 8.7159e-05 7.5583e-05 6.5218e-05 5.5993e-05 4.7833e-05 4.0659e-05 3.4388e-05 2.8940e-05 2.4233e-05 2.0190e-05 1.6738e-05 1.3807e-05 1.1333e-05 9.2551e-06 7.5208e-06 6.0810e-06 4.8923e-06 3.9163e-06 3.1194e-06 2.4722e-06 1.9496e-06 1.5297e-06 1.1943e-06 9.2781e-07 7.1717e-07 5.5159e-07 4.2212e-07 3.2143e-07 2.4353e-07 1.8359e-07 1.3772e-07 1.0279e-07 7.6338e-08 5.6410e-08 4.1476e-08 3.0344e-08 2.2089e-08 1.5999e-08 1.1531e-08 8.2687e-09 5.8999e-09 4.1888e-09 2.9591e-09 2.0799e-09 1.4547e-09 1.0123e-09 7.0097e-10 4.8295e-10 3.3109e-10 2.2584e-10 1.5328e-10 1.0352e-10 6.9559e-11 4.6508e-11 3.0940e-11 2.0481e-11 1.3490e-11 8.8407e-12 5.7650e-12 3.7405e-12 2.4149e-12 1.5513e-12 9.9154e-13 6.3061e-13 3.9905e-13 2.5127e-13 1.5742e-13 9.8134e-14 6.0870e-14 3.7567e-14 2.3070e-14 1.4097e-14 8.5705e-15
-6.0964e-04 -6.0529e-04 9.0892e-04 -5.8819e-04 -5.7569e-04 -5.6076e-04 -5.4362e-04 -5.2449e-04 -5.0363e-04 -4.8128e-04 -4.5774e-04 -4.3327e-04 -4.0815e-04 -3.8266e-04 -3.5704e-04 -3.3155e-04 -3.0640e-04 -2.8182e-04 -2.5796e-04 -2.3500e-04 -2.1305e-04 -1.9223e-04 -1.7262e-04 -1.5426e-04 -1.3720e-04 -1.2144e-04 -1.0697e-04 -9.3775e-05 -8.1813e-05 -7.1034e-05 -6.1379e-05 -5.2781e-05 -4.5170e-05 -3.8470e-05 -3.2606e-05 -2.7502e-05 -2.3086e-05 -1.9286e-05 -1.6033e-05 -1.3265e-05 -1.0921e-05 -8.9483e-06 -7.2964e-06 -5.9207e-06 -4.7811e-06 -3.8421e-06 -3.0726e-06 -2.4453e-06 -1.9366e-06 -1.5263e-06 -1.1971e-06 -9.3433e-07 -7.2570e-07 -5.6091e-07 -4.3143e-07 -3.3022e-07 -2.5153e-07 -1.9065e-07 -1.4381e-07 -1.0794e-07 -8.0625e-08 -5.9927e-08 -4.4326e-08 -3.2626e-08 -2.3896e-08 -1.7417e-08 -1.2632e-08 -9.1173e-09 -6.5481e-09 -4.6798e-09 -3.3282e-09 -2.3553e-09 -1.6586e-09 -1.1623e-09 -8.1050e-10 -5.6240e-10 -3.8833e-10 -2.6681e-10 -1.8242e-10 -1.2411e-10 -8.4021e-11 -5.6602e-11 -3.7943e-11 -2.5309e-11 -1.6799e-11 -1.1095e-11 -7.2921e-12 -4.7689e-12 -3.1034e-12 -2.0095e-12 -1.2948e-12 -8.3020e-13 -5.2966e-13 -3.3625e-13 -2.1241e-13 -1.3351e-13 -8.3509e-14 -5.1974e-14 -3.2187e-14 -1.9835e-14 6.0957e-04 6.0501e-04 0.0000e+00 5.8713e-04 5.7407e-04 5.5850e-04 5.4064e-04 5.2074e-04 4.9907e-04 4.7592e-04 4.5158e-04 4.2635e-04 4.0051e-04 3.7437e-04 3.4819e-04 3.2222e-04 2.9671e-04 2.7185e-04 2.4783e-04 2.2480e-04 2.0290e-04 1.8222e-04 1.6283e-04 1.4478e-04 1.2809e-04 1.1275e-04 9.8759e-05 8.6071e-05 7.4639e-05 6.4402e-05 5.5292e-05 4.7234e-05 4.0149e-05 3.3956e-05 2.8576e-05 2.3927e-05 1.9935e-05 1.6527e-05 1.3632e-05 1.1189e-05 9.1374e-06 7.4249e-06 6.0032e-06 4.8295e-06 3.8659e-06 3.0791e-06 2.4402e-06 1.9243e-06 1.5098e-06 1.1787e-06 9.1562e-07 7.0770e-07 5.4427e-07 4.1649e-07 3.1712e-07 2.4025e-07 1.8111e-07 1.3584e-07 1.0138e-07 7.5283e-08 5.5625e-08 4.0895e-08 2.9915e-08 2.1774e-08 1.5769e-08 1.1364e-08 8.1479e-09 5.8129e-09 4.1264e-09 2.9146e-09 2.0483e-09 1.4324e-09 9.9661e-10 6.8996e-10 4.7528e-10 3.2576e-10 2.2216e-10 1.5075e-10 1.0179e-10 6.8380e-11 4.5708e-11 3.0401e-11 2.0119e-11 1.3248e-11 8.6796e-12 5.6582e-12 3.6702e-12 2.3687e-12 1.5211e-12 9.7193e-13 6.1792e-13 3.9088e-13 2.4603e-13 1.5408e-13 9.6011e-14 5.9528e-14 3.6723e-14 2.2542e-14 1.3767e-14 8.3663e-15
-5.9911e-04 -5.9499e-04 -5.8819e-04 1.6158e-03 -5.6693e-04 -5.5277e-04 -5.3647e-04 -5.1827e-04 -4.9838e-04 -4.7705e-04 -4.5453e-04 -4.3107e-04 -4.0694e-04 -3.8239e-04 -3.5766e-04 -3.3298e-04 -3.0857e-04 -2.8462e-04 -2.6132e-04 -2.3880e-04 -2.1722e-04 -1.9666e-04 -1.7722e-04 -1.5896e-04 -1.4191e-04 -1.2610e-04 -1.1153e-04 -9.8176e-05 -8.6016e-05 -7.5008e-05 -6.5101e-05 -5.6236e-05 -4.8349e-05 -4.1372e-05 -3.5234e-05 -2.9864e-05 -2.5193e-05 -2.1151e-05 -1.7674e-05 -1.4697e-05 -1.2164e-05 -1.0019e-05 -8.2133e-06 -6.7006e-06 -5.4402e-06 -4.3958e-06 -3.5348e-06 -2.8288e-06 -2.2529e-06 -1.7856e-06 -1.4083e-06 -1.1055e-06 -8.6353e-07 -6.7127e-07 -5.1929e-07 -3.9977e-07 -3.0627e-07 -2.3349e-07 -1.7715e-07 -1.3374e-07 -1.0048e-07 -7.5124e-08 -5.5892e-08 -4.1380e-08 -3.0486e-08 -2.2351e-08 -1.6306e-08 -1.1838e-08 -8.5519e-09 -6.1478e-09 -4.3978e-09 -3.1305e-09 -2.2175e-09 -1.5630e-09 -1.0963e-09 -7.6515e-10 -5.3140e-10 -3.6724e-10 -2.5254e-10 -1.7281e-10 -1.1767e-10 -7.9728e-11 -5.3753e-11 -3.6062e-11 -2.4074e-11 -1.5991e-11 -1.0570e-11 -6.9519e-12 -4.5497e-12 -2.9628e-12 -1.9199e-12 -1.2379e-12 -7.9424e-13 -5.0705e-13 -3.2210e-13 -2.0360e-13 -1.2806e-13 -8.0142e-14 -4.9908e-14 -3.0925e-14 5.9899e-04 5.9452e-04 5.8713e-04 0.0000e+00 5.6411e-04 5.4881e-04 5.3126e-04 5.1171e-04 4.9041e-04 4.6766e-04 4.4374e-04 4.1895e-04 3.9356e-04 3.6787e-04 3.4214e-04 3.1663e-04 2.9155e-04 2.6712e-04 2.4352e-04 2.2089e-04 1.9937e-04 1.7905e-04 1.5999e-04 1.4225e-04 1.2585e-04 1.1078e-04 9.7031e-05 8.4563e-05 7.3329e-05 6.3270e-05 5.4318e-05 4.6400e-05 3.9439e-05 3.3354e-05 2.8068e-05 2.3501e-05 1.9579e-05 1.6230e-05 1.3387e-05 1.0986e-05 8.9714e-06 7.2894e-06 5.8931e-06 4.7405e-06 3.7943e-06 3.0217e-06 2.3945e-06 1.8879e-06 1.4811e-06 1.1561e-06 8.9792e-07 6.9391e-07 5.3357e-07 4.0822e-07 3.1076e-07 2.3539e-07 1.7740e-07 1.3303e-07 9.9256e-08 7.3687e-08 5.4431e-08 4.0005e-08 2.9255e-08 2.1287e-08 1.5411e-08 1.1102e-08 7.9570e-09 5.6745e-09 4.0265e-09 2.8427e-09 1.9969e-09 1.3958e-09 9.7066e-10 6.7165e-10 4.6241e-10 3.1676e-10 2.1589e-10 1.4641e-10 9.8788e-11 6.6321e-11 4.4301e-11 2.9443e-11 1.9470e-11 1.2810e-11 8.3857e-12 5.4619e-12 3.5396e-12 2.2823e-12 1.4642e-12 9.3458e-13 5.9354e-13 3.7504e-13 2.3579e-13 1.4749e-13 9.1790e-14 5.6838e-14 3.5017e-14 2.1464e-14 1.3090e-14 7.9428e-15
-5.8585e-04 -5.8202e-04 -5.7569e-04 -5.6693e-04 2.5246e-03 -5.4265e-04 -5.2741e-04 -5.1036e-04 -4.9169e-04 -4.7162e-04 -4.5038e-04 -4.2819e-04 -4.0530e-04 -3.8194e-04 -3.5832e-04 -3.3467e-04 -3.1119e-04 -2.8806e-04 -2.6545e-04 -2.4352e-04 -2.2240e-04 -2.0219e-04 -1.8299e-04 -1.6486e-04 -1.4785e-04 -1.3199e-04 -1.1729e-04 -1.0375e-04 -9.1354e-05 -8.0066e-05 -6.9849e-05 -6.0653e-05 -5.2423e-05 -4.5099e-05 -3.8617e-05 -3.2912e-05 -2.7918e-05 -2.3570e-05 -1.9806e-05 -1.6564e-05 -1.3787e-05 -1.1422e-05 -9.4168e-06 -7.7269e-06 -6.3101e-06 -5.1284e-06 -4.1480e-06 -3.3389e-06 -2.6748e-06 -2.1324e-06 -1.6918e-06 -1.3358e-06 -1.0496e-06 -8.2070e-07 -6.3862e-07 -4.9452e-07 -3.8108e-07 -2.9223e-07 -2.2300e-07 -1.6934e-07 -1.2797e-07 -9.6231e-08 -7.2010e-08 -5.3622e-08 -3.9733e-08 -2.9297e-08 -2.1497e-08 -1.5695e-08 -1.1403e-08 -8.2441e-09 -5.9308e-09 -4.2456e-09 -3.0243e-09 -2.1437e-09 -1.5120e-09 -1.0611e-09 -7.4107e-10 -5.1498e-10 -3.5610e-10 -2.4501e-10 -1.6775e-10 -1.1428e-10 -7.7468e-11 -5.2254e-11 -3.5072e-11 -2.3423e-11 -1.5565e-11 -1.0292e-11 -6.7720e-12 -4.4336e-12 -2.8882e-12 -1.8722e-12 -1.2075e-12 -7.7496e-13 -4.9488e-13 -3.1445e-13 -1.9881e-13 -1.2508e-13 -7.8295e-14 -4.8767e-14 5.8567e-04 5.8129e-04 5.7407e-04 5.6411e-04 0.0000e+00 5.3660e-04 5.1944e-04 5.0032e-04 4.7950e-04 4.5726e-04 4.3387e-04 4.0962e-04 3.8480e-04 3.5968e-04 3.3452e-04 3.0957e-04 2.8505e-04 2.6116e-04 2.3808e-04 2.1596e-04 1.9491e-04 1.7504e-04 1.5641e-04 1.3906e-04 1.2302e-04 1.0829e-04 9.4841e-05 8.2650e-05 7.1666e-05 6.1831e-05 5.3080e-05 4.5339e-05 3.8533e-05 3.2585e-05 2.7418e-05 2.2954e-05 1.9121e-05 1.5848e-05 1.3070e-05 1.0725e-05 8.7563e-06 7.1133e-06 5.7496e-06 4.6241e-06 3.7002e-06 2.9461e-06 2.3339e-06 1.8396e-06 1.4428e-06 1.1258e-06 8.7412e-07 6.7527e-07 5.1903e-07 3.9694e-07 3.0204e-07 2.2867e-07 1.7225e-07 1.2910e-07 9.6271e-08 7.1429e-08 5.2729e-08 3.8729e-08 2.8303e-08 2.0579e-08 1.4887e-08 1.0715e-08 7.6733e-09 5.4672e-09 3.8757e-09 2.7335e-09 1.9182e-09 1.3392e-09 9.3026e-10 6.4290e-10 4.4205e-10 3.0240e-10 2.0582e-10 1.3937e-10 9.3889e-11 6.2929e-11 4.1963e-11 2.7839e-11 1.8374e-11 1.2065e-11 7.8821e-12 5.1228e-12 3.3123e-12 2.1307e-12 1.3635e-12 8.6808e-13 5.4981e-13 3.4643e-13 2.1715e-13 1.3541e-13 8.3997e-14 5.1835e-14 3.1821e-14 1.9433e-14 1.1805e-14 7.1339e-15
-5.7004e-04 -5.6654e-04 -5.6076e-04 -5.5277e-04 -5.4265e-04 3.6353e-03 -5.1653e-04 -5.0083e-04 -4.8360e-04 -4.6502e-04 -4.4528e-04 -4.2460e-04 -4.0318e-04 -3.8123e-04 -3.5894e-04 -3.3652e-04 -3.1415e-04 -2.9201e-04 -2.7025e-04 -2.4904e-04 -2.2848e-04 -2.0871e-04 -1.8981e-04 -1.7186e-04 -1.5491e-04 -1.3901e-04 -1.2419e-04 -1.1044e-04 -9.7778e-05 -8.6170e-05 -7.5594e-05 -6.6012e-05 -5.7380e-05 -4.9646e-05 -4.2756e-05 -3.6650e-05 -3.1270e-05 -2.6555e-05 -2.2444e-05 -1.8881e-05 -1.5808e-05 -1.3173e-05 -1.0925e-05 -9.0169e-06 -7.4068e-06 -6.0551e-06 -4.9263e-06 -3.9886e-06 -3.2139e-06 -2.5771e-06 -2.0565e-06 -1.6331e-06 -1.2906e-06 -1.0150e-06 -7.9433e-07 -6.1861e-07 -4.7941e-07 -3.6972e-07 -2.8373e-07 -2.1667e-07 -1.6465e-07 -1.2451e-07 -9.3688e-08 -7.0150e-08 -5.2267e-08 -3.8751e-08 -2.8589e-08 -2.0987e-08 -1.5331e-08 -1.1144e-08 -8.0599e-09 -5.8008e-09 -4.1542e-09 -2.9602e-09 -2.0990e-09 -1.4809e-09 -1.0397e-09 -7.2629e-10 -5.0485e-10 -3.4918e-10 -2.4031e-10 -1.6456e-10 -1.1213e-10 -7.6026e-11 -5.1290e-11 -3.4430e-11 -2.2997e-11 -1.5284e-11 -1.0108e-11 -6.6512e-12 -4.3548e-12 -2.8371e-12 -1.8391e-12 -1.1863e-12 -7.6136e-13 -4.8621e-13 -3.0895e-13 -1.9534e-13 -1.2289e-13 -7.6925e-14 5.6978e-04 5.6552e-04 5.5850e-04 5.4881e-04 5.3660e-04 0.0000e+00 5.0535e-04 4.8675e-04 4.6649e-04 4.4485e-04 4.2209e-04 3.9850e-04 3.7435e-04 3.4991e-04 3.2543e-04 3.0115e-04 2.7729e-04 2.5405e-04 2.3159e-04 2.1006e-04 1.8958e-04 1.7025e-04 1.5212e-04 1.3524e-04 1.1963e-04 1.0530e-04 9.2213e-05 8.0353e-05 6.9667e-05 6.0099e-05 5.1586e-05 4.4056e-05 3.7437e-05 3.1653e-05 2.6628e-05 2.2288e-05 1.8562e-05 1.5381e-05 1.2681e-05 1.0403e-05 8.4906e-06 6.8951e-06 5.5711e-06 4.4787e-06 3.5823e-06 2.8509e-06 2.2574e-06 1.7783e-06 1.3939e-06 1.0870e-06 8.4342e-07 6.5109e-07 5.0006e-07 3.8212e-07 2.9051e-07 2.1974e-07 1.6537e-07 1.2381e-07 9.2225e-08 6.8346e-08 5.0391e-08 3.6963e-08 2.6974e-08 1.9584e-08 1.4145e-08 1.0164e-08 7.2658e-09 5.1672e-09 3.6558e-09 2.5730e-09 1.8016e-09 1.2549e-09 8.6952e-10 5.9936e-10 4.1097e-10 2.8033e-10 1.9020e-10 1.2838e-10 8.6189e-11 5.7559e-11 3.8235e-11 2.5263e-11 1.6603e-11 1.0853e-11 7.0564e-12 4.5630e-12 2.9347e-12 1.8771e-12 1.1941e-12 7.5542e-13 4.7525e-13 2.9733e-13 1.8498e-13 1.1443e-13 7.0386e-14 4.3047e-14 2.6175e-14 1.5823e-14 9.5090e-15 5.6805e-15
-5.5190e-04 -5.4878e-04 -5.4362e-04 -5.3647e-04 -5.2741e-04 -5.1653e-04 4.9478e-03 -4.8977e-04 -4.7416e-04 -4.5726e-04 -4.3924e-04 -4.2027e-04 -4.0052e-04 -3.8018e-04 -3.5942e-04 -3.3841e-04 -3.1733e-04 -2.9633e-04 -2.7557e-04 -2.5519e-04 -2.3532e-04 -2.1607e-04 -1.9755e-04 -1.7983e-04 -1.6299e-04 -1.4708e-04 -1.3213e-04 -1.1818e-04 -1.0523e-04 -9.3270e-05 -8.2298e-05 -7.2287e-05 -6.3202e-05 -5.5005e-05 -4.7649e-05 -4.1086e-05 -3.5261e-05 -3.0120e-05 -2.5607e-05 -2.1668e-05 -1.8248e-05 -1.5294e-05 -1.2758e-05 -1.0591e-05 -8.7500e-06 -7.1942e-06 -5.8866e-06 -4.7933e-06 -3.8842e-06 -3.1322e-06 -2.5135e-06 -2.0072e-06 -1.5951e-06 -1.2614e-06 -9.9261e-07 -7.7728e-07 -6.0567e-07 -4.6963e-07 -3.6235e-07 -2.7821e-07 -2.1255e-07 -1.6158e-07 -1.2223e-07 -9.2009e-08 -6.8916e-08 -5.1363e-08 -3.8092e-08 -2.8109e-08 -2.0640e-08 -1.5081e-08 -1.0964e-08 -7.9313e-09 -5.7091e-09 -4.0891e-09 -2.9142e-09 -2.0666e-09 -1.4582e-09 -1.0238e-09 -7.1525e-10 -4.9719e-10 -3.4389e-10 -2.3668e-10 -1.6208e-10 -1.1044e-10 -7.4878e-11 -5.0514e-11 -3.3908e-11 -2.2648e-11 -1.5052e-11 -9.9532e-12 -6.5490e-12 -4.2877e-12 -2.7931e-12 -1.8105e-12 -1.1677e-12 -7.4935e-13 -4.7849e-13 -3.0401e-13 -1.9219e-13 -1.2090e-13 5.5156e-04 5.4744e-04 5.4064e-04 5.3126e-04 5.1944e-04 5.0535e-04 0.0000e+00 4.7118e-04 4.5157e-04 4.3061e-04 4.0858e-04 3.8574e-04 3.6236e-04 3.3870e-04 3.1499e-04 2.9149e-04 2.6838e-04 2.4588e-04 2.2413e-04 2.0329e-04 1.8346e-04 1.6473e-04 1.4718e-04 1.3083e-04 1.1572e-04 1.0184e-04 8.9176e-05 7.7693e-05 6.7349e-05 5.8088e-05 4.9849e-05 4.2562e-05 3.6158e-05 3.0562e-05 2.5702e-05 2.1505e-05 1.7903e-05 1.4829e-05 1.2220e-05 1.0019e-05 8.1732e-06 6.6333e-06 5.3561e-06 4.3028e-06 3.4391e-06 2.7346e-06 2.1634e-06 1.7027e-06 1.3332e-06 1.0386e-06 8.0487e-07 6.2054e-07 4.7596e-07 3.6317e-07 2.7568e-07 2.0817e-07 1.5638e-07 1.1686e-07 8.6870e-08 6.4238e-08 4.7252e-08 3.4574e-08 2.5164e-08 1.8218e-08 1.3119e-08 9.3966e-09 6.6943e-09 4.7434e-09 3.3428e-09 2.3430e-09 1.6333e-09 1.1323e-09 7.8059e-10 5.3516e-10 3.6484e-10 2.4733e-10 1.6671e-10 1.1173e-10 7.4449e-11 4.9318e-11 3.2478e-11 2.1261e-11 1.3834e-11 8.9460e-12 5.7494e-12 3.6717e-12 2.3298e-12 1.4687e-12 9.1964e-13 5.7190e-13 3.5315e-13 2.1649e-13 1.3172e-13 7.9523e-14 4.7619e-14 2.8272e-14 1.6635e-14 9.6939e-15 5.5910e-15 3.1887e-15
-5.3169e-04 -5.2898e-04 -5.2449e-04 -5.1827e-04 -5.1036e-04 -5.0083e-04 -4.8977e-04 6.4620e-03 -4.6343e-04 -4.4838e-04 -4.3224e-04 -4.1516e-04 -3.9726e-04 -3.7870e-04 -3.5964e-04 -3.4021e-04 -3.2057e-04 -3.0087e-04 -2.8124e-04 -2.6182e-04 -2.4275e-04 -2.2412e-04 -2.0606e-04 -1.8864e-04 -1.7195e-04 -1.5606e-04 -1.4102e-04 -1.2687e-04 -1.1362e-04 -1.0131e-04 -8.9916e-05 -7.9443e-05 -6.9868e-05 -6.1163e-05 -5.3294e-05 -4.6222e-05 -3.9899e-05 -3.4280e-05 -2.9312e-05 -2.4946e-05 -2.1128e-05 -1.7809e-05 -1.4940e-05 -1.2472e-05 -1.0362e-05 -8.5670e-06 -7.0487e-06 -5.7712e-06 -4.7022e-06 -3.8126e-06 -3.0761e-06 -2.4697e-06 -1.9732e-06 -1.5687e-06 -1.2410e-06 -9.7690e-07 -7.6523e-07 -5.9646e-07 -4.6262e-07 -3.5703e-07 -2.7418e-07 -2.0951e-07 -1.5931e-07 -1.2053e-07 -9.0738e-08 -6.7971e-08 -5.0664e-08 -3.7576e-08 -2.7731e-08 -2.0363e-08 -1.4879e-08 -1.0817e-08 -7.8252e-09 -5.6326e-09 -4.0342e-09 -2.8750e-09 -2.0387e-09 -1.4385e-09 -1.0099e-09 -7.0546e-10 -4.9035e-10 -3.3913e-10 -2.3338e-10 -1.5980e-10 -1.0888e-10 -7.3811e-11 -4.9789e-11 -3.3417e-11 -2.2317e-11 -1.4830e-11 -9.8051e-12 -6.4507e-12 -4.2227e-12 -2.7504e-12 -1.7825e-12 -1.1495e-12 -7.3755e-13 -4.7088e-13 -2.9913e-13 -1.8908e-13 5.3126e-04 5.2729e-04 5.2074e-04 5.1171e-04 5.0032e-04 4.8675e-04 4.7118e-04 0.0000e+00 4.3494e-04 4.1475e-04 3.9353e-04 3.7152e-04 3.4900e-04 3.2619e-04 3.0336e-04 2.8071e-04 2.5845e-04 2.3676e-04 2.1580e-04 1.9572e-04 1.7661e-04 1.5856e-04 1.4165e-04 1.2590e-04 1.1134e-04 9.7963e-05 8.5761e-05 7.4699e-05 6.4735e-05 5.5817e-05 4.7883e-05 4.0868e-05 3.4703e-05 2.9319e-05 2.4644e-05 2.0608e-05 1.7145e-05 1.4191e-05 1.1686e-05 9.5735e-06 7.8024e-06 6.3262e-06 5.1028e-06 4.0946e-06 3.2685e-06 2.5955e-06 2.0503e-06 1.6111e-06 1.2594e-06 9.7922e-07 7.5736e-07 5.8265e-07 4.4586e-07 3.3935e-07 2.5690e-07 1.9343e-07 1.4485e-07 1.0788e-07 7.9902e-08 5.8854e-08 4.3109e-08 3.1400e-08 2.2742e-08 1.6377e-08 1.1726e-08 8.3476e-09 5.9075e-09 4.1559e-09 2.9062e-09 2.0199e-09 1.3952e-09 9.5770e-10 6.5319e-10 4.4260e-10 2.9791e-10 1.9916e-10 1.3221e-10 8.7131e-11 5.6996e-11 3.6995e-11 2.3819e-11 1.5206e-11 9.6210e-12 6.0293e-12 3.7398e-12 2.2940e-12 1.3900e-12 8.3070e-13 4.8874e-13 2.8232e-13 1.5952e-13 8.7669e-14 4.6445e-14 2.3356e-14 1.0812e-14 4.2743e-15 1.0673e-15 -3.5357e-16 -8.6084e-16 -9.3331e-16
-5.0967e-04 -5.0740e-04 -5.0363e-04 -4.9838e-04 -4.9169e-04 -4.8360e-04 -4.7416e-04 -4.6343e-04 8.1779e-03 -4.3841e-04 -4.2429e-04 -4.0923e-04 -3.9333e-04 -3.7671e-04 -3.5948e-04 -3.4178e-04 -3.2373e-04 -3.0546e-04 -2.8709e-04 -2.6876e-04 -2.5059e-04 -2.3269e-04 -2.1517e-04 -1.9813e-04 -1.8166e-04 -1.6584e-04 -1.5074e-04 -1.3641e-04 -1.2289e-04 -1.1021e-04 -9.8393e-05 -8.7439e-05 -7.7348e-05 -6.8103e-05 -5.9683e-05 -5.2059e-05 -4.5194e-05 -3.9049e-05 -3.3578e-05 -2.8736e-05 -2.4474e-05 -2.0743e-05 -1.7496e-05 -1.4686e-05 -1.2267e-05 -1.0197e-05 -8.4349e-06 -6.9430e-06 -5.6870e-06 -4.6353e-06 -3.7595e-06 -3.0342e-06 -2.4367e-06 -1.9472e-06 -1.5484e-06 -1.2252e-06 -9.6459e-07 -7.5568e-07 -5.8908e-07 -4.5693e-07 -3.5267e-07 -2.7085e-07 -2.0697e-07 -1.5737e-07 -1.1907e-07 -8.9636e-08 -6.7144e-08 -5.0046e-08 -3.7116e-08 -2.7389e-08 -2.0111e-08 -1.4693e-08 -1.0681e-08 -7.7261e-09 -5.5608e-09 -3.9823e-09 -2.8377e-09 -2.0120e-09 -1.4194e-09 -9.9638e-10 -6.9593e-10 -4.8366e-10 -3.3446e-10 -2.3013e-10 -1.5755e-10 -1.0733e-10 -7.2748e-11 -4.9064e-11 -3.2925e-11 -2.1985e-11 -1.4607e-11 -9.6560e-12 -6.3515e-12 -4.1570e-12 -2.7072e-12 -1.7542e-12 -1.1310e-12 -7.2559e-13 -4.6317e-13 -2.9418e-13 5.0915e-04 5.0535e-04 4.9907e-04 4.9041e-04 4.7950e-04 4.6649e-04 4.5157e-04 4.3494e-04 0.0000e+00 3.9748e-04 3.7713e-04 3.5603e-04 3.3444e-04 3.1257e-04 2.9067e-04 2.6895e-04 2.4761e-04 2.2681e-04 2.0671e-04 1.8745e-04 1.6912e-04 1.5182e-04 1.3559e-04 1.2049e-04 1.0653e-04 9.3703e-05 8.2004e-05 7.1401e-05 6.1851e-05 5.3304e-05 4.5703e-05 3.8985e-05 3.3083e-05 2.7930e-05 2.3458e-05 1.9599e-05 1.6290e-05 1.3469e-05 1.1078e-05 9.0642e-06 7.3771e-06 5.9722e-06 4.8092e-06 3.8520e-06 3.0688e-06 2.4316e-06 1.9163e-06 1.5020e-06 1.1708e-06 9.0758e-07 6.9963e-07 5.3631e-07 4.0880e-07 3.0982e-07 2.3346e-07 1.7490e-07 1.3026e-07 9.6432e-08 7.0960e-08 5.1897e-08 3.7719e-08 2.7241e-08 1.9547e-08 1.3933e-08 9.8649e-09 6.9360e-09 4.8419e-09 3.3551e-09 2.3071e-09 1.5737e-09 1.0645e-09 7.1373e-10 4.7404e-10 3.1167e-10 2.0268e-10 1.3022e-10 8.2550e-11 5.1534e-11 3.1602e-11 1.8969e-11 1.1086e-11 6.2560e-12 3.3610e-12 1.6728e-12 7.2312e-13 2.1551e-13 -3.4923e-14 -1.4120e-13 -1.7084e-13 -1.6304e-13 -1.3968e-13 -1.1232e-13 -8.6550e-14 -6.4639e-14 -4.7112e-14 -3.3662e-14 -2.3651e-14 -1.6378e-14 -1.1196e-14 -7.5648e-15
-4.8614e-04 -4.8432e-04 -4.8128e-04 -4.7705e-04 -4.7162e-04 -4.6502e-04 -4.5726e-04 -4.4838e-04 -4.3841e-04 1.0095e-02 -4.1539e-04 -4.0246e-04 -3.8867e-04 -3.7409e-04 -3.5883e-04 -3.4298e-04 -3.2664e-04 -3.0992e-04 -2.9294e-04 -2.7581e-04 -2.5866e-04 -2.4158e-04 -2.2470e-04 -2.0813e-04 -1.9195e-04 -1.7627e-04 -1.6116e-04 -1.4669e-04 -1.3292e-04 -1.1990e-04 -1.0766e-04 -9.6226e-05 -8.5605e-05 -7.5800e-05 -6.6803e-05 -5.8594e-05 -5.1150e-05 -4.4438e-05 -3.8421e-05 -3.3059e-05 -2.8308e-05 -2.4122e-05 -2.0454e-05 -1.7260e-05 -1.4493e-05 -1.2111e-05 -1.0070e-05 -8.3317e-06 -6.8596e-06 -5.6198e-06 -4.5813e-06 -3.7163e-06 -2.9996e-06 -2.4092e-06 -1.9254e-06 -1.5311e-06 -1.2115e-06 -9.5383e-07 -7.4725e-07 -5.8249e-07 -4.5180e-07 -3.4869e-07 -2.6777e-07 -2.0461e-07 -1.5556e-07 -1.1769e-07 -8.8588e-08 -6.6352e-08 -4.9449e-08 -3.6669e-08 -2.7056e-08 -1.9863e-08 -1.4510e-08 -1.0547e-08 -7.6278e-09 -5.4891e-09 -3.9304e-09 -2.8002e-09 -1.9851e-09 -1.4002e-09 -9.8275e-10 -6.8630e-10 -4.7688e-10 -3.2972e-10 -2.2683e-10 -1.5527e-10 -1.0575e-10 -7.1668e-11 -4.8327e-11 -3.2425e-11 -2.1647e-11 -1.4380e-11 -9.5044e-12 -6.2507e-12 -4.0904e-12 -2.6633e-12 -1.7255e-12 -1.1123e-12 -7.1346e-13 -4.5535e-13 4.8554e-04 4.8191e-04 4.7592e-04 4.6766e-04 4.5726e-04 4.4485e-04 4.3061e-04 4.1475e-04 3.9748e-04 0.0000e+00 3.5961e-04 3.3948e-04 3.1887e-04 2.9801e-04 2.7711e-04 2.5638e-04 2.3601e-04 2.1615e-04 1.9697e-04 1.7858e-04 1.6109e-04 1.4457e-04 1.2909e-04 1.1467e-04 1.0135e-04 8.9108e-05 7.7946e-05 6.7831e-05 5.8723e-05 5.0574e-05 4.3330e-05 3.6929e-05 3.1309e-05 2.6404e-05 2.2150e-05 1.8483e-05 1.5340e-05 1.2664e-05 1.0398e-05 8.4909e-06 6.8959e-06 5.5697e-06 4.4736e-06 3.5731e-06 2.8378e-06 2.2410e-06 1.7595e-06 1.3734e-06 1.0658e-06 8.2208e-07 6.3029e-07 4.8027e-07 3.6367e-07 2.7362e-07 2.0453e-07 1.5187e-07 1.1200e-07 8.2013e-08 5.9619e-08 4.3014e-08 3.0791e-08 2.1860e-08 1.5386e-08 1.0730e-08 7.4096e-09 5.0625e-09 3.4188e-09 2.2791e-09 1.4973e-09 9.6714e-10 6.1228e-10 3.7815e-10 2.2623e-10 1.2956e-10 6.9496e-11 3.3296e-11 1.2356e-11 9.4953e-13 -4.6702e-12 -6.9118e-12 -7.2881e-12 -6.7233e-12 -5.7615e-12 -4.7068e-12 -3.7157e-12 -2.8574e-12 -2.1514e-12 -1.5916e-12 -1.1597e-12 -8.3381e-13 -5.9236e-13 -4.1626e-13 -2.8958e-13 -1.9957e-13 -1.3633e-13 -9.2347e-14 -6.2057e-14 -4.1383e-14 -2.7393e-14 -1.8003e-14
-4.6140e-04 -4.6003e-04 -4.5774e-04 -4.5453e-04 -4.5038e-04 -4.4528e-04 -4.3924e-04 -4.3224e-04 -4.2429e-04 -4.1539e-04 1.2215e-02 -3.9483e-04 -3.8322e-04 -3.7078e-04 -3.5758e-04 -3.4367e-04 -3.2915e-04 -3.1409e-04 -2.9861e-04 -2.8279e-04 -2.6676e-04 -2.5062e-04 -2.3448e-04 -2.1846e-04 -2.0266e-04 -1.8719e-04 -1.7214e-04 -1.5759e-04 -1.4362e-04 -1.3029e-04 -1.1765e-04 -1.0574e-04 -9.4595e-05 -8.4223e-05 -7.4633e-05 -6.5819e-05 -5.7767e-05 -5.0456e-05 -4.3857e-05 -3.7936e-05 -3.2654e-05 -2.7971e-05 -2.3842e-05 -2.0223e-05 -1.7068e-05 -1.4335e-05 -1.1980e-05 -9.9625e-06 -8.2437e-06 -6.7877e-06 -5.5611e-06 -4.5336e-06 -3.6776e-06 -2.9683e-06 -2.3840e-06 -1.9051e-06 -1.5149e-06 -1.1986e-06 -9.4361e-07 -7.3917e-07 -5.7614e-07 -4.4682e-07 -3.4481e-07 -2.6476e-07 -2.0228e-07 -1.5377e-07 -1.1631e-07 -8.7540e-08 -6.5557e-08 -4.8849e-08 -3.6218e-08 -2.6719e-08 -1.9613e-08 -1.4325e-08 -1.0410e-08 -7.5277e-09 -5.4162e-09 -3.8775e-09 -2.7621e-09 -1.9577e-09 -1.3807e-09 -9.6886e-10 -6.7648e-10 -4.6998e-10 -3.2489e-10 -2.2347e-10 -1.5294e-10 -1.0415e-10 -7.0569e-11 -4.7578e-11 -3.1917e-11 -2.1305e-11 -1.4150e-11 -9.3509e-12 -6.1487e-12 -4.0229e-12 -2.6190e-12 -1.6965e-12 -1.0934e-12 -7.0125e-13 4.6070e-04 4.5726e-04 4.5158e-04 4.4374e-04 4.3387e-04 4.2209e-04 4.0858e-04 3.9353e-04 3.7713e-04 3.5961e-04 0.0000e+00 3.2206e-04 3.0249e-04 2.8268e-04 2.6283e-04 2.4314e-04 2.2379e-04 2.0493e-04 1.8670e-04 1.6923e-04 1.5261e-04 1.3692e-04 1.2220e-04 1.0851e-04 9.5850e-05 8.4228e-05 7.3628e-05 6.4025e-05 5.5381e-05 4.7651e-05 4.0781e-05 3.4715e-05 2.9392e-05 2.4750e-05 2.0728e-05 1.7263e-05 1.4298e-05 1.1776e-05 9.6444e-06 7.8533e-06 6.3579e-06 5.1171e-06 4.0941e-06 3.2559e-06 2.5735e-06 2.0215e-06 1.5778e-06 1.2235e-06 9.4249e-07 7.2107e-07 5.4781e-07 4.1316e-07 3.0927e-07 2.2969e-07 1.6919e-07 1.2355e-07 8.9388e-08 6.4039e-08 4.5390e-08 3.1796e-08 2.1985e-08 1.4978e-08 1.0031e-08 6.5815e-09 4.2105e-09 2.6068e-09 1.5425e-09 8.5221e-10 4.1725e-10 1.5356e-10 2.3513e-12 -7.6892e-11 -1.1161e-10 -1.2004e-10 -1.1400e-10 -1.0094e-10 -8.5351e-11 -6.9816e-11 -5.5666e-11 -4.3477e-11 -3.3374e-11 -2.5239e-11 -1.8837e-11 -1.3894e-11 -1.0138e-11 -7.3241e-12 -5.2421e-12 -3.7192e-12 -2.6169e-12 -1.8267e-12 -1.2654e-12 -8.7020e-13 -5.9416e-13 -4.0288e-13 -2.7134e-13 -1.8155e-13 -1.2069e-13 -7.9724e-14 -5.2336e-14 -3.4146e-14
-4.3574e-04 -4.3482e-04 -4.3327e-04 -4.3107e-04 -4.2819e-04 -4.2460e-04 -4.2027e-04 -4.1516e-04 -4.0923e-04 -4.0246e-04 -3.9483e-04 1.4535e-02 -3.7694e-04 -3.6669e-04 -3.5561e-04 -3.4372e-04 -3.3110e-04 -3.1780e-04 -3.0390e-04 -2.8950e-04 -2.7469e-04 -2.5959e-04 -2.4430e-04 -2.2894e-04 -2.1362e-04 -1.9844e-04 -1.8353e-04 -1.6897e-04 -1.5486e-04 -1.4127e-04 -1.2827e-04 -1.1592e-04 -1.0426e-04 -9.3332e-05 -8.3147e-05 -7.3717e-05 -6.5040e-05 -5.7106e-05 -4.9896e-05 -4.3383e-05 -3.7535e-05 -3.2316e-05 -2.7686e-05 -2.3602e-05 -2.0021e-05 -1.6899e-05 -1.4194e-05 -1.1862e-05 -9.8646e-06 -8.1626e-06 -6.7206e-06 -5.5059e-06 -4.4882e-06 -3.6405e-06 -2.9381e-06 -2.3595e-06 -1.8853e-06 -1.4990e-06 -1.1858e-06 -9.3344e-07 -7.3109e-07 -5.6976e-07 -4.4181e-07 -3.4088e-07 -2.6170e-07 -1.9991e-07 -1.5195e-07 -1.1491e-07 -8.6473e-08 -6.4746e-08 -4.8237e-08 -3.5758e-08 -2.6375e-08 -1.9357e-08 -1.4135e-08 -1.0271e-08 -7.4256e-09 -5.3418e-09 -3.8236e-09 -2.7232e-09 -1.9298e-09 -1.3608e-09 -9.5473e-10 -6.6651e-10 -4.6297e-10 -3.1999e-10 -2.2006e-10 -1.5058e-10 -1.0253e-10 -6.9460e-11 -4.6822e-11 -3.1405e-11 -2.0959e-11 -1.3918e-11 -9.1965e-12 -6.0463e-12 -3.9553e-12 -2.5746e-12 -1.6675e-12 -1.0746e-12 4.3496e-04 4.3171e-04 4.2635e-04 4.1895e-04 4.0962e-04 3.9850e-04 3.8574e-04 3.7152e-04 3.5603e-04 3.3948e-04 3.2206e-04 0.0000e+00 2.8551e-04 2.6678e-04 2.4802e-04 2.2940e-04 2.1110e-04 1.9326e-04 1.7603e-04 1.5950e-04 1.4378e-04 1.2894e-04 1.1502e-04 1.0207e-04 9.0102e-05 7.9114e-05 6.9095e-05 6.0022e-05 5.1858e-05 4.4560e-05 3.8079e-05 3.2360e-05 2.7347e-05 2.2979e-05 1.9199e-05 1.5947e-05 1.3169e-05 1.0810e-05 8.8195e-06 7.1514e-06 5.7624e-06 4.6134e-06 3.6692e-06 2.8986e-06 2.2739e-06 1.7711e-06 1.3692e-06 1.0502e-06 7.9907e-07 6.0277e-07 4.5056e-07 3.3350e-07 2.4426e-07 1.7684e-07 1.2639e-07 8.9021e-08 6.1651e-08 4.1847e-08 2.7709e-08 1.7771e-08 1.0907e-08 6.2668e-09 3.2114e-09 1.2676e-09 8.8740e-11 -5.7530e-10 -9.0260e-10 -1.0177e-09 -1.0059e-09 -9.2427e-10 -8.1001e-10 -6.8616e-10 -5.6630e-10 -4.5769e-10 -3.6349e-10 -2.8436e-10 -2.1952e-10 -1.6747e-10 -1.2638e-10 -9.4424e-11 -6.9893e-11 -5.1282e-11 -3.7316e-11 -2.6938e-11 -1.9298e-11 -1.3724e-11 -9.6908e-12 -6.7957e-12 -4.7334e-12 -3.2754e-12 -2.2519e-12 -1.5384e-12 -1.0445e-12 -7.0483e-13 -4.7275e-13 -3.1520e-13 -2.0893e-13 -1.3768e-13 -9.0202e-14 -5.8761e-14
-4.0947e-04 -4.0898e-04 -4.0815e-04 -4.0694e-04 -4.0530e-04 -4.0318e-04 -4.0052e-04 -3.9726e-04 -3.9333e-04 -3.8867e-04 -3.8322e-04 -3.7694e-04 1.7057e-02 -3.6175e-04 -3.5282e-04 -3.4301e-04 -3.3235e-04 -3.2087e-04 -3.0865e-04 -2.9575e-04 -2.8227e-04 -2.6831e-04 -2.5397e-04 -2.3937e-04 -2.2462e-04 -2.0985e-04 -1.9517e-04 -1.8069e-04 -1.6651e-04 -1.5272e-04 -1.3942e-04 -1.2667e-04 -1.1454e-04 -1.0307e-04 -9.2308e-05 -8.2265e-05 -7.2957e-05 -6.4387e-05 -5.6544e-05 -4.9413e-05 -4.2969e-05 -3.7180e-05 -3.2013e-05 -2.7427e-05 -2.3381e-05 -1.9834e-05 -1.6741e-05 -1.4060e-05 -1.1749e-05 -9.7699e-06 -8.0834e-06 -6.6547e-06 -5.4512e-06 -4.4431e-06 -3.6034e-06 -2.9078e-06 -2.3348e-06 -1.8653e-06 -1.4828e-06 -1.1729e-06 -9.2308e-07 -7.2286e-07 -5.6324e-07 -4.3668e-07 -3.3687e-07 -2.5858e-07 -1.9749e-07 -1.5008e-07 -1.1348e-07 -8.5381e-08 -6.3917e-08 -4.7611e-08 -3.5288e-08 -2.6024e-08 -1.9096e-08 -1.3942e-08 -1.0129e-08 -7.3218e-09 -5.2662e-09 -3.7689e-09 -2.6838e-09 -1.9016e-09 -1.3406e-09 -9.4045e-10 -6.5643e-10 -4.5590e-10 -3.1505e-10 -2.1663e-10 -1.4821e-10 -1.0090e-10 -6.8346e-11 -4.6065e-11 -3.0893e-11 -2.0614e-11 -1.3687e-11 -9.0424e-12 -5.9441e-12 -3.8879e-12 -2.5304e-12 -1.6386e-12 4.0861e-04 4.0555e-04 4.0051e-04 3.9356e-04 3.8480e-04 3.7435e-04 3.6236e-04 3.4900e-04 3.3444e-04 3.1887e-04 3.0249e-04 2.8551e-04 0.0000e+00 2.5049e-04 2.3283e-04 2.1531e-04 1.9809e-04 1.8130e-04 1.6507e-04 1.4951e-04 1.3470e-04 1.2073e-04 1.0762e-04 9.5429e-05 8.4161e-05 7.3819e-05 6.4393e-05 5.5859e-05 4.8185e-05 4.1330e-05 3.5247e-05 2.9884e-05 2.5188e-05 2.1103e-05 1.7572e-05 1.4541e-05 1.1956e-05 9.7666e-06 7.9247e-06 6.3859e-06 5.1092e-06 4.0576e-06 3.1975e-06 2.4995e-06 1.9372e-06 1.4878e-06 1.1316e-06 8.5163e-07 6.3358e-07 4.6534e-07 3.3683e-07 2.3974e-07 1.6724e-07 1.1381e-07 7.5007e-08 4.7307e-08 2.7926e-08 1.4695e-08 5.9426e-09 3.9770e-10 -2.8974e-09 -4.6525e-09 -5.3862e-09 -5.4706e-09 -5.1673e-09 -4.6558e-09 -4.0552e-09 -3.4417e-09 -2.8605e-09 -2.3364e-09 -1.8798e-09 -1.4926e-09 -1.1712e-09 -9.0916e-10 -6.9873e-10 -5.3204e-10 -4.0159e-10 -3.0062e-10 -2.2326e-10 -1.6455e-10 -1.2040e-10 -8.7469e-11 -6.3110e-11 -4.5230e-11 -3.2204e-11 -2.2782e-11 -1.6016e-11 -1.1189e-11 -7.7699e-12 -5.3630e-12 -3.6798e-12 -2.5101e-12 -1.7023e-12 -1.1478e-12 -7.6955e-13 -5.1304e-13 -3.4011e-13 -2.2422e-13 -1.4700e-13 -9.5845e-14
-3.8287e-04 -3.8280e-04 -3.8266e-04 -3.8239e-04 -3.8194e-04 -3.8123e-04 -3.8018e-04 -3.7870e-04 -3.7671e-04 -3.7409e-04 -3.7078e-04 -3.6669e-04 -3.6175e-04 1.9780e-02 -3.4915e-04 -3.4143e-04 -3.3276e-04 -3.2316e-04 -3.1268e-04 -3.0137e-04 -2.8930e-04 -2.7658e-04 -2.6330e-04 -2.4957e-04 -2.3551e-04 -2.2124e-04 -2.0690e-04 -1.9259e-04 -1.7843e-04 -1.6453e-04 -1.5100e-04 -1.3791e-04 -1.2536e-04 -1.1339e-04 -1.0207e-04 -9.1429e-05 -8.1497e-05 -7.2287e-05 -6.3802e-05 -5.6034e-05 -4.8969e-05 -4.2583e-05 -3.6846e-05 -3.1724e-05 -2.7177e-05 -2.3167e-05 -1.9650e-05 -1.6584e-05 -1.3927e-05 -1.1637e-05 -9.6749e-06 -8.0036e-06 -6.5881e-06 -5.3958e-06 -4.3973e-06 -3.5656e-06 -2.8768e-06 -2.3095e-06 -1.8448e-06 -1.4663e-06 -1.1596e-06 -9.1246e-07 -7.1442e-07 -5.5657e-07 -4.3144e-07 -3.3276e-07 -2.5538e-07 -1.9501e-07 -1.4817e-07 -1.1202e-07 -8.4267e-08 -6.3073e-08 -4.6974e-08 -3.4810e-08 -2.5667e-08 -1.8831e-08 -1.3747e-08 -9.9852e-09 -7.2168e-09 -5.1899e-09 -3.7136e-09 -2.6441e-09 -1.8731e-09 -1.3204e-09 -9.2611e-10 -6.4632e-10 -4.4881e-10 -3.1011e-10 -2.1320e-10 -1.4585e-10 -9.9274e-11 -6.7236e-11 -4.5310e-11 -3.0382e-11 -2.0271e-11 -1.3457e-11 -8.8895e-12 -5.8428e-12 -3.8212e-12 -2.4866e-12 3.8194e-04 3.7908e-04 3.7437e-04 3.6787e-04 3.5968e-04 3.4991e-04 3.3870e-04 3.2619e-04 3.1257e-04 2.9801e-04 2.8268e-04 2.6678e-04 2.5049e-04 0.0000e+00 2.1745e-04 2.0103e-04 1.8489e-04 1.6915e-04 1.5394e-04 1.3935e-04 1.2547e-04 1.1237e-04 1.0008e-04 8.8651e-05 7.8088e-05 6.8397e-05 5.9568e-05 5.1579e-05 4.4399e-05 3.7991e-05 3.2309e-05 2.7307e-05 2.2933e-05 1.9135e-05 1.5858e-05 1.3052e-05 1.0666e-05 8.6513e-06 6.9628e-06 5.5583e-06 4.3989e-06 3.4494e-06 2.6782e-06 2.0572e-06 1.5616e-06 1.1698e-06 8.6310e-07 6.2570e-07 4.4407e-07 3.0692e-07 2.0487e-07 1.3021e-07 7.6678e-08 3.9221e-08 1.3823e-08 -2.6773e-09 -1.2738e-08 -1.8245e-08 -2.0623e-08 -2.0931e-08 -1.9945e-08 -1.8215e-08 -1.6126e-08 -1.3934e-08 -1.1806e-08 -9.8376e-09 -8.0803e-09 -6.5528e-09 -5.2534e-09 -4.1677e-09 -3.2743e-09 -2.5492e-09 -1.9677e-09 -1.5065e-09 -1.1445e-09 -8.6297e-10 -6.4601e-10 -4.8023e-10 -3.5457e-10 -2.6005e-10 -1.8950e-10 -1.3721e-10 -9.8731e-11 -7.0608e-11 -5.0191e-11 -3.5465e-11 -2.4912e-11 -1.7398e-11 -1.2080e-11 -8.3398e-12 -5.7251e-12 -3.9081e-12 -2.6530e-12 -1.7910e-12 -1.2024e-12 -8.0284e-13 -5.3314e-13 -3.5213e-13 -2.3133e-13 -1.5115e-13
-3.5622e-04 -3.5654e-04 -3.5704e-04 -3.5766e-04 -3.5832e-04 -3.5894e-04 -3.5942e-04 -3.5964e-04 -3.5948e-04 -3.5883e-04 -3.5758e-04 -3.5561e-04 -3.5282e-04 -3.4915e-04 2.2704e-02 -3.3888e-04 -3.3222e-04 -3.2454e-04 -3.1584e-04 -3.0618e-04 -2.9561e-04 -2.8422e-04 -2.7209e-04 -2.5934e-04 -2.4608e-04 -2.3244e-04 -2.1854e-04 -2.0451e-04 -1.9048e-04 -1.7657e-04 -1.6289e-04 -1.4954e-04 -1.3662e-04 -1.2421e-04 -1.1238e-04 -1.0117e-04 -9.0630e-05 -8.0789e-05 -7.1660e-05 -6.3248e-05 -5.5546e-05 -4.8540e-05 -4.2207e-05 -3.6517e-05 -3.1437e-05 -2.6929e-05 -2.2952e-05 -1.9465e-05 -1.6425e-05 -1.3791e-05 -1.1522e-05 -9.5778e-06 -7.9220e-06 -6.5198e-06 -5.3390e-06 -4.3502e-06 -3.5268e-06 -2.8450e-06 -2.2836e-06 -1.8238e-06 -1.4493e-06 -1.1460e-06 -9.0159e-07 -7.0579e-07 -5.4975e-07 -4.2608e-07 -3.2857e-07 -2.5212e-07 -1.9249e-07 -1.4623e-07 -1.1054e-07 -8.3137e-08 -6.2217e-08 -4.6329e-08 -3.4327e-08 -2.5307e-08 -1.8564e-08 -1.3550e-08 -9.8406e-09 -7.1112e-09 -5.1132e-09 -3.6582e-09 -2.6042e-09 -1.8447e-09 -1.3001e-09 -9.1178e-10 -6.3623e-10 -4.4175e-10 -3.0519e-10 -2.0979e-10 -1.4349e-10 -9.7660e-11 -6.6134e-11 -4.4562e-11 -2.9877e-11 -1.9932e-11 -1.3230e-11 -8.7385e-12 -5.7429e-12 -3.7554e-12 3.5523e-04 3.5257e-04 3.4819e-04 3.4214e-04 3.3452e-04 3.2543e-04 3.1499e-04 3.0336e-04 2.9067e-04 2.7711e-04 2.6283e-04 2.4802e-04 2.3283e-04 2.1745e-04 0.0000e+00 1.8671e-04 1.7165e-04 1.5696e-04 1.4276e-04 1.2915e-04 1.1619e-04 1.0395e-04 9.2478e-05 8.1805e-05 7.1945e-05 6.2903e-05 5.4668e-05 4.7221e-05 4.0534e-05 3.4571e-05 2.9292e-05 2.4651e-05 2.0599e-05 1.7089e-05 1.4069e-05 1.1490e-05 9.3055e-06 7.4688e-06 5.9371e-06 4.6706e-06 3.6323e-06 2.7891e-06 2.1108e-06 1.5708e-06 1.1458e-06 8.1537e-07 5.6194e-07 3.7057e-07 2.2865e-07 1.2565e-07 5.2882e-08 3.2477e-09 -2.8976e-08 -4.8351e-08 -5.8466e-08 -6.2100e-08 -6.1376e-08 -5.7880e-08 -5.2777e-08 -4.6899e-08 -4.0818e-08 -3.4915e-08 -2.9423e-08 -2.4472e-08 -2.0116e-08 -1.6359e-08 -1.3172e-08 -1.0509e-08 -8.3122e-09 -6.5205e-09 -5.0750e-09 -3.9203e-09 -3.0064e-09 -2.2894e-09 -1.7315e-09 -1.3009e-09 -9.7103e-10 -7.2020e-10 -5.3084e-10 -3.8886e-10 -2.8314e-10 -2.0493e-10 -1.4745e-10 -1.0548e-10 -7.5022e-11 -5.3055e-11 -3.7308e-11 -2.6088e-11 -1.8140e-11 -1.2545e-11 -8.6274e-12 -5.9010e-12 -4.0143e-12 -2.7161e-12 -1.8279e-12 -1.2235e-12 -8.1464e-13 -5.3952e-13 -3.5542e-13 -2.3291e-13
-3.2979e-04 -3.3046e-04 -3.3155e-04 -3.3298e-04 -3.3467e-04 -3.3652e-04 -3.3841e-04 -3.4021e-04 -3.4178e-04 -3.4298e-04 -3.4367e-04 -3.4372e-04 -3.4301e-04 -3.4143e-04 -3.3888e-04 2.5830e-02 -3.3064e-04 -3.2488e-04 -3.1800e-04 -3.1004e-04 -3.0103e-04 -2.9105e-04 -2.8018e-04 -2.6851e-04 -2.5616e-04 -2.4325e-04 -2.2992e-04 -2.1629e-04 -2.0250e-04 -1.8868e-04 -1.7496e-04 -1.6144e-04 -1.4824e-04 -1.3545e-04 -1.2316e-04 -1.1143e-04 -1.0032e-04 -8.9865e-05 -8.0103e-05 -7.1047e-05 -6.2702e-05 -5.5061e-05 -4.8110e-05 -4.1828e-05 -3.6184e-05 -3.1146e-05 -2.6675e-05 -2.2732e-05 -1.9276e-05 -1.6263e-05 -1.3652e-05 -1.1404e-05 -9.4781e-06 -7.8382e-06 -6.4497e-06 -5.2806e-06 -4.3019e-06 -3.4871e-06 -2.8125e-06 -2.2570e-06 -1.8023e-06 -1.4320e-06 -1.1321e-06 -8.9050e-07 -6.9699e-07 -5.4281e-07 -4.2063e-07 -3.2432e-07 -2.4882e-07 -1.8994e-07 -1.4427e-07 -1.0904e-07 -8.1997e-08 -6.1355e-08 -4.5680e-08 -3.3841e-08 -2.4945e-08 -1.8296e-08 -1.3352e-08 -9.6958e-09 -7.0056e-09 -5.0366e-09 -3.6029e-09 -2.5645e-09 -1.8163e-09 -1.2800e-09 -8.9753e-10 -6.2621e-10 -4.3474e-10 -3.0031e-10 -2.0641e-10 -1.4117e-10 -9.6064e-11 -6.5046e-11 -4.3824e-11 -2.9379e-11 -1.9597e-11 -1.3007e-11 -8.5899e-12 -5.6446e-12 3.2873e-04 3.2628e-04 3.2222e-04 3.1663e-04 3.0957e-04 3.0115e-04 2.9149e-04 2.8071e-04 2.6895e-04 2.5638e-04 2.4314e-04 2.2940e-04 2.1531e-04 2.0103e-04 1.8671e-04 0.0000e+00 1.5850e-04 1.4485e-04 1.3165e-04 1.1898e-04 1.0693e-04 9.5551e-05 8.4883e-05 7.4958e-05 6.5792e-05 5.7388e-05 4.9739e-05 4.2827e-05 3.6626e-05 3.1103e-05 2.6221e-05 2.1937e-05 1.8205e-05 1.4981e-05 1.2216e-05 9.8653e-06 7.8825e-06 6.2250e-06 4.8521e-06 3.7258e-06 2.8115e-06 2.0774e-06 1.4952e-06 1.0398e-06 6.8887e-07 4.2329e-07 2.2652e-07 8.4529e-08 -1.4473e-08 -8.0276e-08 -1.2091e-07 -1.4286e-07 -1.5134e-07 -1.5041e-07 -1.4323e-07 -1.3221e-07 -1.1910e-07 -1.0520e-07 -9.1390e-08 -7.8260e-08 -6.6170e-08 -5.5312e-08 -4.5754e-08 -3.7483e-08 -3.0431e-08 -2.4496e-08 -1.9560e-08 -1.5498e-08 -1.2189e-08 -9.5175e-09 -7.3802e-09 -5.6843e-09 -4.3494e-09 -3.3065e-09 -2.4979e-09 -1.8754e-09 -1.3995e-09 -1.0380e-09 -7.6541e-10 -5.6109e-10 -4.0893e-10 -2.9634e-10 -2.1353e-10 -1.5299e-10 -1.0901e-10 -7.7243e-11 -5.4432e-11 -3.8149e-11 -2.6591e-11 -1.8435e-11 -1.2712e-11 -8.7186e-12 -5.9479e-12 -4.0362e-12 -2.7245e-12 -1.8293e-12 -1.2219e-12 -8.1184e-13 -5.3660e-13 -3.5282e-13
-3.0380e-04 -3.0479e-04 -3.0640e-04 -3.0857e-04 -3.1119e-04 -3.1415e-04 -3.1733e-04 -3.2057e-04 -3.2373e-04 -3.2664e-04 -3.2915e-04 -3.3110e-04 -3.3235e-04 -3.3276e-04 -3.3222e-04 -3.3064e-04 2.9156e-02 -3.2409e-04 -3.1904e-04 -3.1281e-04 -3.0542e-04 -2.9692e-04 -2.8739e-04 -2.7690e-04 -2.6557e-04 -2.5352e-04 -2.4088e-04 -2.2777e-04 -2.1435e-04 -2.0074e-04 -1.8707e-04 -1.7349e-04 -1.6010e-04 -1.4702e-04 -1.3434e-04 -1.2214e-04 -1.1050e-04 -9.9476e-05 -8.9105e-05 -7.9417e-05 -7.0430e-05 -6.2149e-05 -5.4568e-05 -4.7672e-05 -4.1440e-05 -3.5843e-05 -3.0847e-05 -2.6415e-05 -2.2506e-05 -1.9081e-05 -1.6096e-05 -1.3510e-05 -1.1283e-05 -9.3757e-06 -7.7521e-06 -6.3777e-06 -5.2208e-06 -4.2524e-06 -3.4464e-06 -2.7792e-06 -2.2300e-06 -1.7804e-06 -1.4143e-06 -1.1179e-06 -8.7924e-07 -6.8807e-07 -5.3578e-07 -4.1512e-07 -3.2002e-07 -2.4548e-07 -1.8737e-07 -1.4230e-07 -1.0753e-07 -8.0852e-08 -6.0489e-08 -4.5030e-08 -3.3354e-08 -2.4583e-08 -1.8028e-08 -1.3155e-08 -9.5515e-09 -6.9004e-09 -4.9604e-09 -3.5480e-09 -2.5251e-09 -1.7882e-09 -1.2600e-09 -8.8342e-10 -6.1630e-10 -4.2781e-10 -2.9549e-10 -2.0307e-10 -1.3887e-10 -9.4491e-11 -6.3974e-11 -4.3097e-11 -2.8889e-11 -1.9268e-11 -1.2787e-11 -8.4441e-12 3.0270e-04 3.0044e-04 2.9671e-04 2.9155e-04 2.8505e-04 2.7729e-04 2.6838e-04 2.5845e-04 2.4761e-04 2.3601e-04 2.2379e-04 2.1110e-04 1.9809e-04 1.8489e-04 1.7165e-04 1.5850e-04 0.0000e+00 1.3291e-04 1.2069e-04 1.0896e-04 9.7800e-05 8.7255e-05 7.7370e-05 6.8175e-05 5.9685e-05 5.1904e-05 4.4826e-05 3.8436e-05 3.2709e-05 2.7617e-05 2.3123e-05 1.9188e-05 1.5771e-05 1.2828e-05 1.0315e-05 8.1885e-06 6.4061e-06 4.9271e-06 3.7130e-06 2.7279e-06 1.9389e-06 1.3160e-06 8.3239e-07 4.6409e-07 1.9020e-07 -7.4598e-09 -1.4444e-07 -2.3393e-07 -2.8694e-07 -3.1257e-07 -3.1821e-07 -3.0981e-07 -2.9203e-07 -2.6848e-07 -2.4190e-07 -2.1430e-07 -1.8710e-07 -1.6127e-07 -1.3741e-07 -1.1585e-07 -9.6724e-08 -8.0029e-08 -6.5651e-08 -5.3422e-08 -4.3135e-08 -3.4571e-08 -2.7509e-08 -2.1738e-08 -1.7062e-08 -1.3304e-08 -1.0307e-08 -7.9354e-09 -6.0716e-09 -4.6174e-09 -3.4905e-09 -2.6230e-09 -1.9597e-09 -1.4556e-09 -1.0751e-09 -7.8954e-10 -5.7659e-10 -4.1873e-10 -3.0242e-10 -2.1722e-10 -1.5517e-10 -1.1025e-10 -7.7908e-11 -5.4760e-11 -3.8284e-11 -2.6624e-11 -1.8416e-11 -1.2672e-11 -8.6738e-12 -5.9059e-12 -4.0002e-12 -2.6954e-12 -1.8067e-12 -1.2048e-12 -7.9923e-13 -5.2746e-13
