1.0020e-04 -2.3795e-04 -2.2651e-04 -2.1142e-04 -1.9349e-04 -1.7362e-04 -1.5275e-04 -1.3177e-04 -1.1145e-04 -9.2424e-05 -7.5152e-05 -5.9914e-05 -4.6834e-05 -3.5895e-05 -2.6974e-05 -1.9874e-05 -1.4357e-05 -1.0169e-05 -7.0619e-06 -4.8084e-06 -3.2100e-06 -2.1011e-06 -1.3484e-06 -8.4841e-07 -5.2339e-07 -3.1657e-07 -1.8773e-07 -1.0915e-07 -6.2219e-08 -3.4773e-08 -1.9054e-08 -1.0236e-08 -5.3914e-09 -2.7841e-09 -1.4095e-09 -6.9963e-10 -3.4046e-10 -1.6243e-10 -7.5978e-11 -3.4841e-11 -1.5664e-11 -6.9043e-12 -2.9835e-12 -1.2639e-12 -5.2495e-13 -2.1375e-13 -8.5325e-14 -3.3392e-14 -1.2811e-14 -4.8186e-15 -1.7768e-15 -6.4231e-16 -2.2763e-16 -7.9083e-17 -2.6935e-17 -8.9936e-18 -2.9439e-18 -9.4467e-19 -2.9718e-19 -9.1647e-20 -2.7707e-20 -8.2116e-21 -2.3858e-21 -6.7952e-22 -1.8973e-22 -5.1931e-23 -1.3934e-23 -3.6652e-24 -9.4510e-25 -2.3890e-25 -5.9197e-26 -1.4379e-26 -3.4241e-27 -7.9927e-28 -1.8289e-28 -4.1025e-29 -9.0210e-30 -1.9445e-30 -4.1088e-31 -8.5107e-32 -1.7281e-32 -3.4396e-33 -6.7110e-34 -1.2836e-34 -2.4066e-35 -4.4229e-36 -7.9684e-37 -1.4072e-37 -2.4362e-38 -4.1341e-39 -6.8771e-40 -1.1214e-40 -1.7925e-41 -2.8085e-42 -4.3136e-43 -6.4945e-44 -9.5847e-45 -1.3866e-45 -1.9663e-46 -2.7333e-47 0.0000e+00 -2.3785e-04 -2.2631e-04 -2.1108e-04 -1.9300e-04 -1.7299e-04 -1.5200e-04 -1.3093e-04 -1.1055e-04 -9.1511e-05 -7.4255e-05 -5.9066e-05 -4.6058e-05 -3.5207e-05 -2.6382e-05 -1.9380e-05 -1.3956e-05 -9.8514e-06 -6.8173e-06 -4.6246e-06 -3.0754e-06 -2.0048e-06 -1.2812e-06 -8.0262e-07 -4.9290e-07 -2.9673e-07 -1.7512e-07 -1.0131e-07 -5.7453e-08 -3.1941e-08 -1.7407e-08 -9.2997e-09 -4.8704e-09 -2.5004e-09 -1.2584e-09 -6.2085e-10 -3.0026e-10 -1.4235e-10 -6.6160e-11 -3.0142e-11 -1.3462e-11 -5.8939e-12 -2.5295e-12 -1.0642e-12 -4.3892e-13 -1.7746e-13 -7.0331e-14 -2.7325e-14 -1.0407e-14 -3.8854e-15 -1.4220e-15 -5.1018e-16 -1.7943e-16 -6.1862e-17 -2.0907e-17 -6.9267e-18 -2.2496e-18 -7.1621e-19 -2.2352e-19 -6.8384e-20 -2.0509e-20 -6.0294e-21 -1.7376e-21 -4.9090e-22 -1.3595e-22 -3.6907e-23 -9.8220e-24 -2.5623e-24 -6.5526e-25 -1.6427e-25 -4.0367e-26 -9.7243e-27 -2.2963e-27 -5.3157e-28 -1.2062e-28 -2.6832e-29 -5.8509e-30 -1.2507e-30 -2.6206e-31 -5.3829e-32 -1.0839e-32 -2.1393e-33 -4.1393e-34 -7.8509e-35 -1.4597e-35 -2.6604e-36 -4.7531e-37 -8.3244e-38 -1.4291e-38 -2.4052e-39 -3.9678e-40 -6.4167e-41 -1.0172e-41 -1.5807e-42 -2.4079e-43 -3.5956e-44 -5.2631e-45 -7.5519e-46 -1.0622e-46 -1.4646e-47
-2.3795e-04 4.0079e-04 -2.2071e-04 -2.0665e-04 -1.8988e-04 -1.7121e-04 -1.5150e-04 -1.3155e-04 -1.1209e-04 -9.3725e-05 -7.6897e-05 -6.1906e-05 -4.8900e-05 -3.7900e-05 -2.8821e-05 -2.1503e-05 -1.5739e-05 -1.1303e-05 -7.9626e-06 -5.5030e-06 -3.7308e-06 -2.4811e-06 -1.6186e-06 -1.0357e-06 -6.5001e-07 -4.0014e-07 -2.4159e-07 -1.4306e-07 -8.3081e-08 -4.7319e-08 -2.6431e-08 -1.4478e-08 -7.7768e-09 -4.0964e-09 -2.1159e-09 -1.0717e-09 -5.3228e-10 -2.5921e-10 -1.2378e-10 -5.7952e-11 -2.6604e-11 -1.1974e-11 -5.2844e-12 -2.2865e-12 -9.6994e-13 -4.0341e-13 -1.6449e-13 -6.5758e-14 -2.5772e-14 -9.9026e-15 -3.7302e-15 -1.3775e-15 -4.9871e-16 -1.7700e-16 -6.1586e-17 -2.1006e-17 -7.0242e-18 -2.3025e-18 -7.3989e-19 -2.3308e-19 -7.1975e-20 -2.1788e-20 -6.4658e-21 -1.8809e-21 -5.3637e-22 -1.4994e-22 -4.1087e-23 -1.1037e-23 -2.9062e-24 -7.5014e-25 -1.8981e-25 -4.7077e-26 -1.1446e-26 -2.7279e-27 -6.3731e-28 -1.4595e-28 -3.2763e-29 -7.2096e-30 -1.5551e-30 -3.2881e-31 -6.8151e-32 -1.3846e-32 -2.7574e-33 -5.3828e-34 -1.0300e-34 -1.9320e-35 -3.5523e-36 -6.4023e-37 -1.1311e-37 -1.9587e-38 -3.3249e-39 -5.5324e-40 -9.0234e-41 -1.4426e-41 -2.2608e-42 -3.4730e-43 -5.2295e-44 -7.7187e-45 -1.1167e-45 -1.5837e-46 -2.3785e-04 0.0000e+00 -2.1992e-04 -2.0534e-04 -1.8800e-04 -1.6879e-04 -1.4860e-04 -1.2828e-04 -1.0859e-04 -9.0143e-05 -7.3374e-05 -5.8564e-05 -4.5836e-05 -3.5178e-05 -2.6473e-05 -1.9535e-05 -1.4136e-05 -1.0030e-05 -6.9783e-06 -4.7608e-06 -3.1848e-06 -2.0891e-06 -1.3437e-06 -8.4750e-07 -5.2412e-07 -3.1782e-07 -1.8898e-07 -1.1018e-07 -6.2988e-08 -3.5308e-08 -1.9407e-08 -1.0459e-08 -5.5270e-09 -2.8638e-09 -1.4549e-09 -7.2477e-10 -3.5400e-10 -1.6954e-10 -7.9610e-11 -3.6654e-11 -1.6547e-11 -7.3241e-12 -3.1786e-12 -1.3525e-12 -5.6429e-13 -2.3083e-13 -9.2580e-14 -3.6406e-14 -1.4037e-14 -5.3061e-15 -1.9666e-15 -7.1464e-16 -2.5461e-16 -8.8940e-17 -3.0460e-17 -1.0228e-17 -3.3671e-18 -1.0868e-18 -3.4391e-19 -1.0670e-19 -3.2455e-20 -9.6787e-21 -2.8298e-21 -8.1117e-22 -2.2796e-22 -6.2809e-23 -1.6966e-23 -4.4931e-24 -1.1666e-24 -2.9694e-25 -7.4100e-26 -1.8129e-26 -4.3482e-27 -1.0225e-27 -2.3571e-28 -5.3272e-29 -1.1803e-29 -2.5639e-30 -5.4599e-31 -1.1399e-31 -2.3329e-32 -4.6810e-33 -9.2078e-34 -1.7756e-34 -3.3569e-35 -6.2214e-36 -1.1304e-36 -2.0134e-37 -3.5158e-38 -6.0185e-39 -1.0100e-39 -1.6616e-40 -2.6799e-41 -4.2370e-42 -6.5673e-43 -9.9787e-44 -1.4864e-44 -2.1705e-45 -3.1071e-46 -4.3603e-47
-2.2651e-04 -2.2071e-04 9.0176e-04 -1.9892e-04 -1.8399e-04 -1.6722e-04 -1.4935e-04 -1.3105e-04 -1.1298e-04 -9.5688e-05 -7.9603e-05 -6.5042e-05 -5.2192e-05 -4.1126e-05 -3.1818e-05 -2.4168e-05 -1.8021e-05 -1.3190e-05 -9.4755e-06 -6.6803e-06 -4.6216e-06 -3.1374e-06 -2.0897e-06 -1.3655e-06 -8.7534e-07 -5.5044e-07 -3.3953e-07 -2.0541e-07 -1.2189e-07 -7.0932e-08 -4.0482e-08 -2.2657e-08 -1.2435e-08 -6.6923e-09 -3.5316e-09 -1.8274e-09 -9.2714e-10 -4.6121e-10 -2.2494e-10 -1.0757e-10 -5.0429e-11 -2.3179e-11 -1.0445e-11 -4.6145e-12 -1.9986e-12 -8.4859e-13 -3.5322e-13 -1.4414e-13 -5.7660e-14 -2.2612e-14 -8.6929e-15 -3.2760e-15 -1.2103e-15 -4.3832e-16 -1.5561e-16 -5.4155e-17 -1.8475e-17 -6.1785e-18 -2.0255e-18 -6.5089e-19 -2.0504e-19 -6.3315e-20 -1.9165e-20 -5.6867e-21 -1.6540e-21 -4.7160e-22 -1.3180e-22 -3.6110e-23 -9.6975e-24 -2.5528e-24 -6.5875e-25 -1.6663e-25 -4.1316e-26 -1.0042e-26 -2.3925e-27 -5.5873e-28 -1.2791e-28 -2.8702e-29 -6.3135e-30 -1.3613e-30 -2.8771e-31 -5.9607e-32 -1.2105e-32 -2.4097e-33 -4.7021e-34 -8.9938e-35 -1.6863e-35 -3.0991e-36 -5.5830e-37 -9.8589e-38 -1.7065e-38 -2.8956e-39 -4.8159e-40 -7.8513e-41 -1.2547e-41 -1.9654e-42 -3.0179e-43 -4.5423e-44 -6.7015e-45 -9.6915e-46 -2.2631e-04 -2.1992e-04 0.0000e+00 -1.9611e-04 -1.7995e-04 -1.6200e-04 -1.4308e-04 -1.2398e-04 -1.0539e-04 -8.7894e-05 -7.1911e-05 -5.7718e-05 -4.5448e-05 -3.5107e-05 -2.6604e-05 -1.9777e-05 -1.4423e-05 -1.0318e-05 -7.2408e-06 -4.9847e-06 -3.3661e-06 -2.2297e-06 -1.4488e-06 -9.2343e-07 -5.7732e-07 -3.5403e-07 -2.1295e-07 -1.2564e-07 -7.2705e-08 -4.1267e-08 -2.2973e-08 -1.2544e-08 -6.7175e-09 -3.5283e-09 -1.8175e-09 -9.1823e-10 -4.5497e-10 -2.2108e-10 -1.0536e-10 -4.9242e-11 -2.2570e-11 -1.0145e-11 -4.4718e-12 -1.9330e-12 -8.1941e-13 -3.4063e-13 -1.3885e-13 -5.5505e-14 -2.1757e-14 -8.3631e-15 -3.1522e-15 -1.1650e-15 -4.2223e-16 -1.5005e-16 -5.2284e-17 -1.7864e-17 -5.9849e-18 -1.9660e-18 -6.3326e-19 -2.0000e-19 -6.1932e-20 -1.8804e-20 -5.5979e-21 -1.6339e-21 -4.6762e-22 -1.3121e-22 -3.6099e-23 -9.7373e-24 -2.5752e-24 -6.6773e-25 -1.6975e-25 -4.2310e-26 -1.0339e-26 -2.4771e-27 -5.8187e-28 -1.3400e-28 -3.0255e-29 -6.6971e-30 -1.4534e-30 -3.0923e-31 -6.4503e-32 -1.3191e-32 -2.6446e-33 -5.1982e-34 -1.0017e-34 -1.8923e-35 -3.5048e-36 -6.3636e-37 -1.1328e-37 -1.9768e-38 -3.3819e-39 -5.6721e-40 -9.3263e-41 -1.5033e-41 -2.3756e-42 -3.6803e-43 -5.5894e-44 -8.3218e-45 -1.2146e-45 -1.7380e-46
-2.1142e-04 -2.0665e-04 -1.9892e-04 1.6031e-03 -1.7598e-04 -1.6168e-04 -1.4620e-04 -1.3008e-04 -1.1387e-04 -9.8032e-05 -8.2990e-05 -6.9065e-05 -5.6489e-05 -4.5399e-05 -3.5844e-05 -2.7795e-05 -2.1165e-05 -1.5824e-05 -1.1613e-05 -8.3654e-06 -5.9137e-06 -4.1021e-06 -2.7918e-06 -1.8640e-06 -1.2208e-06 -7.8429e-07 -4.9418e-07 -3.0538e-07 -1.8507e-07 -1.0998e-07 -6.4094e-08 -3.6625e-08 -2.0521e-08 -1.1273e-08 -6.0723e-09 -3.2068e-09 -1.6603e-09 -8.4280e-10 -4.1942e-10 -2.0463e-10 -9.7876e-11 -4.5894e-11 -2.1097e-11 -9.5071e-12 -4.2000e-12 -1.8189e-12 -7.7221e-13 -3.2138e-13 -1.3112e-13 -5.2439e-14 -2.0559e-14 -7.9014e-15 -2.9768e-15 -1.0994e-15 -3.9801e-16 -1.4125e-16 -4.9139e-17 -1.6757e-17 -5.6018e-18 -1.8357e-18 -5.8966e-19 -1.8567e-19 -5.7311e-20 -1.7340e-20 -5.1431e-21 -1.4953e-21 -4.2615e-22 -1.1905e-22 -3.2603e-23 -8.7520e-24 -2.3030e-24 -5.9403e-25 -1.5020e-25 -3.7227e-26 -9.0443e-27 -2.1539e-27 -5.0283e-28 -1.1506e-28 -2.5810e-29 -5.6752e-30 -1.2232e-30 -2.5843e-31 -5.3522e-32 -1.0865e-32 -2.1622e-33 -4.2175e-34 -8.0642e-35 -1.5115e-35 -2.7769e-36 -5.0009e-37 -8.8282e-38 -1.5276e-38 -2.5912e-39 -4.3083e-40 -7.0218e-41 -1.1218e-41 -1.7567e-42 -2.6966e-43 -4.0576e-44 -5.9847e-45 -2.1108e-04 -2.0534e-04 -1.9611e-04 0.0000e+00 -1.6925e-04 -1.5295e-04 -1.3569e-04 -1.1818e-04 -1.0105e-04 -8.4811e-05 -6.9878e-05 -5.6516e-05 -4.4869e-05 -3.4966e-05 -2.6745e-05 -2.0080e-05 -1.4796e-05 -1.0701e-05 -7.5955e-06 -5.2910e-06 -3.6170e-06 -2.4265e-06 -1.5975e-06 -1.0320e-06 -6.5416e-07 -4.0688e-07 -2.4831e-07 -1.4869e-07 -8.7353e-08 -5.0349e-08 -2.8472e-08 -1.5795e-08 -8.5962e-09 -4.5895e-09 -2.4036e-09 -1.2349e-09 -6.2231e-10 -3.0762e-10 -1.4916e-10 -7.0937e-11 -3.3090e-11 -1.5139e-11 -6.7934e-12 -2.9898e-12 -1.2905e-12 -5.4630e-13 -2.2680e-13 -9.2341e-14 -3.6870e-14 -1.4437e-14 -5.5439e-15 -2.0876e-15 -7.7090e-16 -2.7915e-16 -9.9125e-17 -3.4515e-17 -1.1785e-17 -3.9457e-18 -1.2954e-18 -4.1699e-19 -1.3162e-19 -4.0738e-20 -1.2363e-20 -3.6787e-21 -1.0733e-21 -3.0704e-22 -8.6123e-23 -2.3685e-23 -6.3866e-24 -1.6885e-24 -4.3768e-25 -1.1123e-25 -2.7717e-26 -6.7713e-27 -1.6219e-27 -3.8088e-28 -8.7694e-29 -1.9795e-29 -4.3809e-30 -9.5055e-31 -2.0220e-31 -4.2170e-32 -8.6223e-33 -1.7284e-33 -3.3967e-34 -6.5444e-35 -1.2362e-35 -2.2891e-36 -4.1558e-37 -7.3966e-38 -1.2906e-38 -2.2077e-39 -3.7024e-40 -6.0869e-41 -9.8106e-42 -1.5502e-42 -2.4012e-43 -3.6464e-44 -5.4285e-45 -7.9226e-46
-1.9349e-04 -1.8988e-04 -1.8399e-04 -1.7598e-04 2.5048e-03 -1.5464e-04 -1.4195e-04 -1.2842e-04 -1.1444e-04 -1.0041e-04 -8.6697e-05 -7.3638e-05 -6.1502e-05 -5.0488e-05 -4.0726e-05 -3.2269e-05 -2.5109e-05 -1.9182e-05 -1.4384e-05 -1.0586e-05 -7.6446e-06 -5.4163e-06 -3.7646e-06 -2.5666e-06 -1.7163e-06 -1.1256e-06 -7.2392e-07 -4.5657e-07 -2.8236e-07 -1.7122e-07 -1.0181e-07 -5.9350e-08 -3.3923e-08 -1.9010e-08 -1.0444e-08 -5.6256e-09 -2.9707e-09 -1.5379e-09 -7.8052e-10 -3.8835e-10 -1.8942e-10 -9.0576e-11 -4.2458e-11 -1.9511e-11 -8.7894e-12 -3.8815e-12 -1.6804e-12 -7.1312e-13 -2.9668e-13 -1.2099e-13 -4.8370e-14 -1.8956e-14 -7.2826e-15 -2.7426e-15 -1.0125e-15 -3.6642e-16 -1.2999e-16 -4.5203e-17 -1.5410e-17 -5.1493e-18 -1.6868e-18 -5.4164e-19 -1.7049e-19 -5.2607e-20 -1.5912e-20 -4.7178e-21 -1.3712e-21 -3.9066e-22 -1.0910e-22 -2.9869e-23 -8.0156e-24 -2.1086e-24 -5.4373e-25 -1.3744e-25 -3.4055e-26 -8.2716e-27 -1.9694e-27 -4.5962e-28 -1.0515e-28 -2.3581e-29 -5.1837e-30 -1.1170e-30 -2.3594e-31 -4.8852e-32 -9.9150e-33 -1.9726e-33 -3.8470e-34 -7.3541e-35 -1.3781e-35 -2.5313e-36 -4.5577e-37 -8.0443e-38 -1.3917e-38 -2.3602e-39 -3.9235e-40 -6.3934e-41 -1.0212e-41 -1.5989e-42 -2.4540e-43 -3.6919e-44 -1.9300e-04 -1.8800e-04 -1.7995e-04 -1.6925e-04 0.0000e+00 -1.4204e-04 -1.2673e-04 -1.1110e-04 -9.5685e-05 -8.0960e-05 -6.7295e-05 -5.4947e-05 -4.4069e-05 -3.4716e-05 -2.6860e-05 -2.0410e-05 -1.5230e-05 -1.1160e-05 -8.0294e-06 -5.6723e-06 -3.9342e-06 -2.6789e-06 -1.7907e-06 -1.1750e-06 -7.5675e-07 -4.7838e-07 -2.9681e-07 -1.8073e-07 -1.0799e-07 -6.3327e-08 -3.6439e-08 -2.0574e-08 -1.1398e-08 -6.1953e-09 -3.3039e-09 -1.7285e-09 -8.8721e-10 -4.4673e-10 -2.2066e-10 -1.0692e-10 -5.0817e-11 -2.3691e-11 -1.0834e-11 -4.8592e-12 -2.1377e-12 -9.2234e-13 -3.9031e-13 -1.6199e-13 -6.5937e-14 -2.6321e-14 -1.0304e-14 -3.9560e-15 -1.4894e-15 -5.4992e-16 -1.9910e-16 -7.0691e-17 -2.4612e-17 -8.4026e-18 -2.8130e-18 -9.2342e-19 -2.9724e-19 -9.3818e-20 -2.9035e-20 -8.8111e-21 -2.6218e-21 -7.6490e-22 -2.1881e-22 -6.1372e-23 -1.6878e-23 -4.5510e-24 -1.2032e-24 -3.1187e-25 -7.9260e-26 -1.9750e-26 -4.8249e-27 -1.1557e-27 -2.7140e-28 -6.2486e-29 -1.4105e-29 -3.1216e-30 -6.7732e-31 -1.4408e-31 -3.0049e-32 -6.1441e-33 -1.2316e-33 -2.4205e-34 -4.6635e-35 -8.8090e-36 -1.6313e-36 -2.9616e-37 -5.2712e-38 -9.1977e-39 -1.5734e-39 -2.6386e-40 -4.3381e-41 -6.9921e-42 -1.1048e-42 -1.7114e-43 -2.5990e-44 -3.8692e-45
-1.7362e-04 -1.7121e-04 -1.6722e-04 -1.6168e-04 -1.5464e-04 3.6068e-03 -1.3654e-04 -1.2584e-04 -1.1437e-04 -1.0243e-04 -9.0322e-05 -7.8376e-05 -6.6885e-05 -5.6107e-05 -4.6246e-05 -3.7439e-05 -2.9761e-05 -2.3223e-05 -1.7785e-05 -1.3364e-05 -9.8527e-06 -7.1256e-06 -5.0546e-06 -3.5166e-06 -2.3994e-06 -1.6054e-06 -1.0533e-06 -6.7762e-07 -4.2744e-07 -2.6436e-07 -1.6031e-07 -9.5308e-08 -5.5554e-08 -3.1747e-08 -1.7786e-08 -9.7693e-09 -5.2606e-09 -2.7770e-09 -1.4372e-09 -7.2916e-10 -3.6267e-10 -1.7684e-10 -8.4527e-11 -3.9609e-11 -1.8195e-11 -8.1938e-12 -3.6173e-12 -1.5654e-12 -6.6412e-13 -2.7620e-13 -1.1260e-13 -4.5002e-14 -1.7631e-14 -6.7714e-15 -2.5493e-15 -9.4087e-16 -3.4039e-16 -1.2072e-16 -4.1970e-17 -1.4304e-17 -4.7785e-18 -1.5649e-18 -5.0239e-19 -1.5810e-19 -4.8771e-20 -1.4748e-20 -4.3719e-21 -1.2704e-21 -3.6186e-22 -1.0104e-22 -2.7656e-23 -7.4203e-24 -1.9516e-24 -5.0316e-25 -1.2716e-25 -3.1503e-26 -7.6503e-27 -1.8212e-27 -4.2496e-28 -9.7206e-29 -2.1796e-29 -4.7905e-30 -1.0321e-30 -2.1798e-31 -4.5127e-32 -9.1577e-33 -1.8217e-33 -3.5522e-34 -6.7897e-35 -1.2721e-35 -2.3365e-36 -4.2064e-37 -7.4232e-38 -1.2841e-38 -2.1775e-39 -3.6194e-40 -5.8972e-41 -9.4185e-42 -1.4745e-42 -2.2628e-43 -1.7299e-04 -1.6879e-04 -1.6200e-04 -1.5295e-04 -1.4204e-04 0.0000e+00 -1.1656e-04 -1.0298e-04 -8.9468e-05 -7.6429e-05 -6.4192e-05 -5.3003e-05 -4.3019e-05 -3.4318e-05 -2.6905e-05 -2.0728e-05 -1.5690e-05 -1.1669e-05 -8.5252e-06 -6.1180e-06 -4.3122e-06 -2.9849e-06 -2.0290e-06 -1.3542e-06 -8.8742e-07 -5.7092e-07 -3.6057e-07 -2.2353e-07 -1.3601e-07 -8.1230e-08 -4.7610e-08 -2.7385e-08 -1.5457e-08 -8.5607e-09 -4.6522e-09 -2.4806e-09 -1.2977e-09 -6.6601e-10 -3.3534e-10 -1.6564e-10 -8.0257e-11 -3.8147e-11 -1.7785e-11 -8.1334e-12 -3.6483e-12 -1.6051e-12 -6.9262e-13 -2.9313e-13 -1.2167e-13 -4.9530e-14 -1.9774e-14 -7.7421e-15 -2.9727e-15 -1.1193e-15 -4.1332e-16 -1.4967e-16 -5.3145e-17 -1.8505e-17 -6.3186e-18 -2.1156e-18 -6.9456e-19 -2.2360e-19 -7.0583e-20 -2.1847e-20 -6.6305e-21 -1.9731e-21 -5.7573e-22 -1.6471e-22 -4.6204e-23 -1.2708e-23 -3.4269e-24 -9.0609e-25 -2.3489e-25 -5.9702e-26 -1.4878e-26 -3.6351e-27 -8.7077e-28 -2.0451e-28 -4.7090e-29 -1.0631e-29 -2.3529e-30 -5.1057e-31 -1.0862e-31 -2.2656e-32 -4.6327e-33 -9.2874e-34 -1.8254e-34 -3.5172e-35 -6.6443e-36 -1.2305e-36 -2.2341e-37 -3.9767e-38 -6.9395e-39 -1.1872e-39 -1.9911e-40 -3.2737e-41 -5.2769e-42 -8.3387e-43 -1.2918e-43 -1.9618e-44
-1.5275e-04 -1.5150e-04 -1.4935e-04 -1.4620e-04 -1.4195e-04 -1.3654e-04 4.9090e-03 -1.2218e-04 -1.1338e-04 -1.0372e-04 -9.3459e-05 -8.2869e-05 -7.2262e-05 -6.1932e-05 -5.2144e-05 -4.3112e-05 -3.4993e-05 -2.7876e-05 -2.1789e-05 -1.6709e-05 -1.2570e-05 -9.2745e-06 -6.7114e-06 -4.7628e-06 -3.3144e-06 -2.2617e-06 -1.5133e-06 -9.9285e-07 -6.3866e-07 -4.0280e-07 -2.4907e-07 -1.5100e-07 -8.9749e-08 -5.2299e-08 -2.9878e-08 -1.6734e-08 -9.1887e-09 -4.9464e-09 -2.6104e-09 -1.3505e-09 -6.8499e-10 -3.4060e-10 -1.6603e-10 -7.9338e-11 -3.7167e-11 -1.7069e-11 -7.6846e-12 -3.3916e-12 -1.4674e-12 -6.2238e-13 -2.5878e-13 -1.0548e-13 -4.2146e-14 -1.6508e-14 -6.3388e-15 -2.3860e-15 -8.8042e-16 -3.1847e-16 -1.1292e-16 -3.9252e-17 -1.3375e-17 -4.4676e-18 -1.4629e-18 -4.6955e-19 -1.4774e-19 -4.5570e-20 -1.3778e-20 -4.0837e-21 -1.1865e-21 -3.3792e-22 -9.4344e-23 -2.5820e-23 -6.9268e-24 -1.8216e-24 -4.6959e-25 -1.1866e-25 -2.9394e-26 -7.1375e-27 -1.6989e-27 -3.9640e-28 -9.0663e-29 -2.0327e-29 -4.4672e-30 -9.6238e-31 -2.0323e-31 -4.2070e-32 -8.5367e-33 -1.6980e-33 -3.3108e-34 -6.3277e-35 -1.1855e-35 -2.1771e-36 -3.9193e-37 -6.9161e-38 -1.1963e-38 -2.0284e-39 -3.3714e-40 -5.4928e-41 -8.7721e-42 -1.3732e-42 -1.5200e-04 -1.4860e-04 -1.4308e-04 -1.3569e-04 -1.2673e-04 -1.1656e-04 0.0000e+00 -9.4101e-05 -8.2579e-05 -7.1322e-05 -6.0616e-05 -5.0686e-05 -4.1693e-05 -3.3730e-05 -2.6835e-05 -2.0991e-05 -1.6141e-05 -1.2200e-05 -9.0621e-06 -6.6143e-06 -4.7431e-06 -3.3412e-06 -2.3119e-06 -1.5711e-06 -1.0485e-06 -6.8704e-07 -4.4202e-07 -2.7919e-07 -1.7311e-07 -1.0536e-07 -6.2935e-08 -3.6897e-08 -2.1229e-08 -1.1986e-08 -6.6405e-09 -3.6099e-09 -1.9254e-09 -1.0076e-09 -5.1731e-10 -2.6055e-10 -1.2874e-10 -6.2400e-11 -2.9668e-11 -1.3837e-11 -6.3297e-12 -2.8401e-12 -1.2499e-12 -5.3951e-13 -2.2840e-13 -9.4829e-14 -3.8614e-14 -1.5420e-14 -6.0389e-15 -2.3193e-15 -8.7354e-16 -3.2264e-16 -1.1686e-16 -4.1504e-17 -1.4455e-17 -4.9368e-18 -1.6533e-18 -5.4290e-19 -1.7481e-19 -5.5193e-20 -1.7087e-20 -5.1868e-21 -1.5438e-21 -4.5053e-22 -1.2892e-22 -3.6169e-23 -9.9496e-24 -2.6835e-24 -7.0965e-25 -1.8400e-25 -4.6773e-26 -1.1658e-26 -2.8487e-27 -6.8250e-28 -1.6031e-28 -3.6919e-29 -8.3357e-30 -1.8452e-30 -4.0045e-31 -8.5204e-32 -1.7774e-32 -3.6349e-33 -7.2878e-34 -1.4325e-34 -2.7606e-35 -5.2155e-36 -9.6601e-37 -1.7541e-37 -3.1226e-38 -5.4496e-39 -9.3239e-40 -1.5639e-40 -2.5716e-41 -4.1456e-42 -6.5516e-43 -1.0150e-43
-1.3177e-04 -1.3155e-04 -1.3105e-04 -1.3008e-04 -1.2842e-04 -1.2584e-04 -1.2218e-04 6.4115e-03 -1.1122e-04 -1.0397e-04 -9.5726e-05 -8.6723e-05 -7.7248e-05 -6.7614e-05 -5.8125e-05 -4.9057e-05 -4.0638e-05 -3.3033e-05 -2.6343e-05 -2.0608e-05 -1.5813e-05 -1.1900e-05 -8.7822e-06 -6.3557e-06 -4.5104e-06 -3.1386e-06 -2.1415e-06 -1.4326e-06 -9.3971e-07 -6.0434e-07 -3.8106e-07 -2.3557e-07 -1.4278e-07 -8.4843e-08 -4.9427e-08 -2.8230e-08 -1.5808e-08 -8.6777e-09 -4.6702e-09 -2.4641e-09 -1.2746e-09 -6.4632e-10 -3.2130e-10 -1.5659e-10 -7.4814e-11 -3.5041e-11 -1.6090e-11 -7.2424e-12 -3.1959e-12 -1.3825e-12 -5.8629e-13 -2.4373e-13 -9.9331e-14 -3.9684e-14 -1.5542e-14 -5.9671e-15 -2.2458e-15 -8.2859e-16 -2.9968e-16 -1.0625e-16 -3.6929e-17 -1.2582e-17 -4.2023e-18 -1.3758e-18 -4.4158e-19 -1.3893e-19 -4.2847e-20 -1.2954e-20 -3.8391e-21 -1.1153e-21 -3.1763e-22 -8.8672e-23 -2.4266e-23 -6.5094e-24 -1.7117e-24 -4.4123e-25 -1.1149e-25 -2.7616e-26 -6.7052e-27 -1.5959e-27 -3.7234e-28 -8.5156e-29 -1.9091e-29 -4.1954e-30 -9.0378e-31 -1.9085e-31 -3.9504e-32 -8.0157e-33 -1.5943e-33 -3.1084e-34 -5.9407e-35 -1.1129e-35 -2.0438e-36 -3.6791e-37 -6.4919e-38 -1.1229e-38 -1.9039e-39 -3.1643e-40 -5.1551e-41 -8.2325e-42 -1.3093e-04 -1.2828e-04 -1.2398e-04 -1.1818e-04 -1.1110e-04 -1.0298e-04 -9.4101e-05 0.0000e+00 -7.5214e-05 -6.5760e-05 -5.6626e-05 -4.8013e-05 -4.0075e-05 -3.2920e-05 -2.6609e-05 -2.1156e-05 -1.6544e-05 -1.2721e-05 -9.6154e-06 -7.1441e-06 -5.2163e-06 -3.7423e-06 -2.6377e-06 -1.8262e-06 -1.2418e-06 -8.2924e-07 -5.4375e-07 -3.5007e-07 -2.2126e-07 -1.3728e-07 -8.3608e-08 -4.9976e-08 -2.9318e-08 -1.6879e-08 -9.5358e-09 -5.2862e-09 -2.8753e-09 -1.5345e-09 -8.0345e-10 -4.1271e-10 -2.0798e-10 -1.0281e-10 -4.9856e-11 -2.3715e-11 -1.1065e-11 -5.0641e-12 -2.2732e-12 -1.0008e-12 -4.3215e-13 -1.8302e-13 -7.6015e-14 -3.0964e-14 -1.2369e-14 -4.8458e-15 -1.8617e-15 -7.0140e-16 -2.5914e-16 -9.3885e-17 -3.3355e-17 -1.1620e-17 -3.9696e-18 -1.3297e-18 -4.3676e-19 -1.4067e-19 -4.4424e-20 -1.3756e-20 -4.1767e-21 -1.2434e-21 -3.6295e-22 -1.0388e-22 -2.9150e-23 -8.0204e-24 -2.1636e-24 -5.7227e-25 -1.4840e-25 -3.7732e-26 -9.4060e-27 -2.2989e-27 -5.5086e-28 -1.2941e-28 -2.9808e-29 -6.7312e-30 -1.4903e-30 -3.2347e-31 -6.8834e-32 -1.4361e-32 -2.9373e-33 -5.8901e-34 -1.1579e-34 -2.2318e-35 -4.2169e-36 -7.8115e-37 -1.4186e-37 -2.5257e-38 -4.4084e-39 -7.5433e-40 -1.2654e-40 -2.0810e-41 -3.3550e-42 -5.3027e-43
-1.1145e-04 -1.1209e-04 -1.1298e-04 -1.1387e-04 -1.1444e-04 -1.1437e-04 -1.1338e-04 -1.1122e-04 8.1141e-03 -1.0292e-04 -9.6811e-05 -8.9581e-05 -8.1478e-05 -7.2802e-05 -6.3874e-05 -5.5009e-05 -4.6490e-05 -3.8549e-05 -3.1356e-05 -2.5017e-05 -1.9576e-05 -1.5023e-05 -1.1306e-05 -8.3436e-06 -6.0378e-06 -4.2842e-06 -2.9807e-06 -2.0334e-06 -1.3601e-06 -8.9195e-07 -5.7351e-07 -3.6155e-07 -2.2347e-07 -1.3542e-07 -8.0453e-08 -4.6861e-08 -2.6760e-08 -1.4982e-08 -8.2231e-09 -4.4249e-09 -2.3343e-09 -1.2073e-09 -6.1211e-10 -3.0426e-10 -1.4826e-10 -7.0827e-11 -3.3170e-11 -1.5229e-11 -6.8543e-12 -3.0243e-12 -1.3082e-12 -5.5471e-13 -2.3059e-13 -9.3966e-14 -3.7538e-14 -1.4700e-14 -5.6435e-15 -2.1239e-15 -7.8354e-16 -2.8337e-16 -1.0046e-16 -3.4915e-17 -1.1895e-17 -3.9726e-18 -1.3006e-18 -4.1740e-19 -1.3132e-19 -4.0497e-20 -1.2243e-20 -3.6282e-21 -1.0540e-21 -3.0016e-22 -8.3790e-23 -2.2929e-23 -6.1506e-24 -1.6173e-24 -4.1688e-25 -1.0533e-25 -2.6090e-26 -6.3345e-27 -1.5076e-27 -3.5174e-28 -8.0441e-29 -1.8033e-29 -3.9629e-30 -8.5366e-31 -1.8026e-31 -3.7312e-32 -7.5706e-33 -1.5057e-33 -2.9356e-34 -5.6104e-35 -1.0510e-35 -1.9301e-36 -3.4743e-37 -6.1304e-38 -1.0604e-38 -1.7978e-39 -2.9879e-40 -4.8676e-41 -1.1055e-04 -1.0859e-04 -1.0539e-04 -1.0105e-04 -9.5685e-05 -8.9468e-05 -8.2579e-05 -7.5214e-05 0.0000e+00 -5.9878e-05 -5.2298e-05 -4.5012e-05 -3.8163e-05 -3.1863e-05 -2.6189e-05 -2.1183e-05 -1.6858e-05 -1.3196e-05 -1.0158e-05 -7.6870e-06 -5.7179e-06 -4.1799e-06 -3.0023e-06 -2.1186e-06 -1.4684e-06 -9.9963e-07 -6.6825e-07 -4.3864e-07 -2.8268e-07 -1.7884e-07 -1.1107e-07 -6.7701e-08 -4.0503e-08 -2.3780e-08 -1.3701e-08 -7.7464e-09 -4.2974e-09 -2.3391e-09 -1.2491e-09 -6.5446e-10 -3.3639e-10 -1.6961e-10 -8.3895e-11 -4.0705e-11 -1.9373e-11 -9.0435e-12 -4.1408e-12 -1.8596e-12 -8.1909e-13 -3.5384e-13 -1.4992e-13 -6.2292e-14 -2.5384e-14 -1.0144e-14 -3.9755e-15 -1.5279e-15 -5.7583e-16 -2.1281e-16 -7.7127e-17 -2.7410e-17 -9.5518e-18 -3.2640e-18 -1.0937e-18 -3.5933e-19 -1.1576e-19 -3.6567e-20 -1.1326e-20 -3.4397e-21 -1.0243e-21 -2.9905e-22 -8.5610e-23 -2.4029e-23 -6.6128e-24 -1.7843e-24 -4.7203e-25 -1.2243e-25 -3.1135e-26 -7.7630e-27 -1.8977e-27 -4.5480e-28 -1.0687e-28 -2.4619e-29 -5.5603e-30 -1.2312e-30 -2.6729e-31 -5.6888e-32 -1.1870e-32 -2.4283e-33 -4.8701e-34 -9.5756e-35 -1.8458e-35 -3.4881e-36 -6.4624e-37 -1.1738e-37 -2.0900e-38 -3.6484e-39 -6.2437e-40 -1.0475e-40 -1.7229e-41 -2.7780e-42
-9.2424e-05 -9.3725e-05 -9.5688e-05 -9.8032e-05 -1.0041e-04 -1.0243e-04 -1.0372e-04 -1.0397e-04 -1.0292e-04 1.0017e-02 -9.6487e-05 -9.1157e-05 -8.4631e-05 -7.7167e-05 -6.9076e-05 -6.0685e-05 -5.2311e-05 -4.4237e-05 -3.6696e-05 -2.9856e-05 -2.3824e-05 -1.8643e-05 -1.4307e-05 -1.0766e-05 -7.9443e-06 -5.7482e-06 -4.0782e-06 -2.8370e-06 -1.9351e-06 -1.2941e-06 -8.4859e-07 -5.4557e-07 -3.4389e-07 -2.1253e-07 -1.2877e-07 -7.6496e-08 -4.4552e-08 -2.5439e-08 -1.4241e-08 -7.8158e-09 -4.2053e-09 -2.2183e-09 -1.1472e-09 -5.8161e-10 -2.8908e-10 -1.4086e-10 -6.7286e-11 -3.1510e-11 -1.4466e-11 -6.5106e-12 -2.8725e-12 -1.2424e-12 -5.2682e-13 -2.1899e-13 -8.9234e-14 -3.5646e-14 -1.3959e-14 -5.3587e-15 -2.0166e-15 -7.4396e-16 -2.6905e-16 -9.5382e-17 -3.3148e-17 -1.1293e-17 -3.7714e-18 -1.2347e-18 -3.9625e-19 -1.2466e-19 -3.8443e-20 -1.1622e-20 -3.4441e-21 -1.0005e-21 -2.8491e-22 -7.9533e-23 -2.1764e-23 -5.8379e-24 -1.5351e-24 -3.9567e-25 -9.9975e-26 -2.4762e-26 -6.0121e-27 -1.4309e-27 -3.3382e-28 -7.6343e-29 -1.7115e-29 -3.7610e-30 -8.1015e-31 -1.7107e-31 -3.5409e-32 -7.1845e-33 -1.4289e-33 -2.7859e-34 -5.3242e-35 -9.9740e-36 -1.8316e-36 -3.2970e-37 -5.8175e-38 -1.0062e-38 -1.7060e-39 -2.8353e-40 -9.1511e-05 -9.0143e-05 -8.7894e-05 -8.4811e-05 -8.0960e-05 -7.6429e-05 -7.1322e-05 -6.5760e-05 -5.9878e-05 0.0000e+00 -4.7722e-05 -4.1731e-05 -3.5969e-05 -3.0546e-05 -2.5548e-05 -2.1037e-05 -1.7048e-05 -1.3593e-05 -1.0659e-05 -8.2198e-06 -6.2313e-06 -4.6430e-06 -3.3996e-06 -2.4456e-06 -1.7283e-06 -1.1996e-06 -8.1770e-07 -5.4733e-07 -3.5970e-07 -2.3208e-07 -1.4699e-07 -9.1377e-08 -5.5755e-08 -3.3387e-08 -1.9620e-08 -1.1314e-08 -6.4020e-09 -3.5543e-09 -1.9361e-09 -1.0347e-09 -5.4245e-10 -2.7900e-10 -1.4076e-10 -6.9667e-11 -3.3821e-11 -1.6105e-11 -7.5223e-12 -3.4460e-12 -1.5483e-12 -6.8232e-13 -2.9489e-13 -1.2499e-13 -5.1959e-14 -2.1182e-14 -8.4681e-15 -3.3200e-15 -1.2764e-15 -4.8123e-16 -1.7791e-16 -6.4500e-17 -2.2930e-17 -7.9932e-18 -2.7322e-18 -9.1576e-19 -3.0096e-19 -9.6985e-20 -3.0645e-20 -9.4942e-21 -2.8841e-21 -8.5903e-22 -2.5087e-22 -7.1834e-23 -2.0167e-23 -5.5512e-24 -1.4982e-24 -3.9642e-25 -1.0284e-25 -2.6159e-26 -6.5235e-27 -1.5950e-27 -3.8233e-28 -8.9854e-29 -2.0703e-29 -4.6768e-30 -1.0358e-30 -2.2489e-31 -4.7873e-32 -9.9909e-33 -2.0441e-33 -4.1003e-34 -8.0632e-35 -1.5545e-35 -2.9381e-36 -5.4440e-37 -9.8893e-38 -1.7611e-38 -3.0747e-39 -5.2626e-40 -8.8303e-41 -1.4525e-41
-7.5152e-05 -7.6897e-05 -7.9603e-05 -8.2990e-05 -8.6697e-05 -9.0322e-05 -9.3459e-05 -9.5726e-05 -9.6811e-05 -9.6487e-05 1.2120e-02 -9.1258e-05 -8.6453e-05 -8.0421e-05 -7.3430e-05 -6.5794e-05 -5.7839e-05 -4.9879e-05 -4.2192e-05 -3.5004e-05 -2.8482e-05 -2.2727e-05 -1.7785e-05 -1.3647e-05 -1.0269e-05 -7.5773e-06 -5.4822e-06 -3.8892e-06 -2.7053e-06 -1.8452e-06 -1.2339e-06 -8.0905e-07 -5.2011e-07 -3.2783e-07 -2.0259e-07 -1.2275e-07 -7.2913e-08 -4.2464e-08 -2.4246e-08 -1.3572e-08 -7.4487e-09 -4.0077e-09 -2.1140e-09 -1.0932e-09 -5.5424e-10 -2.7547e-10 -1.3422e-10 -6.4116e-11 -3.0025e-11 -1.3784e-11 -6.2036e-12 -2.7371e-12 -1.1838e-12 -5.0197e-13 -2.0865e-13 -8.5023e-14 -3.3964e-14 -1.3300e-14 -5.1058e-15 -1.9214e-15 -7.0884e-16 -2.5635e-16 -9.0879e-17 -3.1583e-17 -1.0760e-17 -3.5934e-18 -1.1764e-18 -3.7753e-19 -1.1877e-19 -3.6628e-20 -1.1073e-20 -3.2814e-21 -9.5326e-22 -2.7146e-22 -7.5778e-23 -2.0736e-23 -5.5623e-24 -1.4626e-24 -3.7699e-25 -9.5256e-26 -2.3593e-26 -5.7283e-27 -1.3633e-27 -3.1807e-28 -7.2740e-29 -1.6307e-29 -3.5835e-30 -7.7192e-31 -1.6300e-31 -3.3739e-32 -6.8455e-33 -1.3615e-33 -2.6545e-34 -5.0730e-35 -9.5036e-36 -1.7452e-36 -3.1415e-37 -5.5431e-38 -9.5876e-39 -1.6256e-39 -7.4255e-05 -7.3374e-05 -7.1911e-05 -6.9878e-05 -6.7295e-05 -6.4192e-05 -6.0616e-05 -5.6626e-05 -5.2298e-05 -4.7722e-05 0.0000e+00 -3.8228e-05 -3.3520e-05 -2.8972e-05 -2.4672e-05 -2.0691e-05 -1.7082e-05 -1.3878e-05 -1.1091e-05 -8.7177e-06 -6.7370e-06 -5.1176e-06 -3.8204e-06 -2.8024e-06 -2.0194e-06 -1.4294e-06 -9.9364e-07 -6.7829e-07 -4.5462e-07 -2.9916e-07 -1.9325e-07 -1.2253e-07 -7.6257e-08 -4.6577e-08 -2.7919e-08 -1.6422e-08 -9.4780e-09 -5.3675e-09 -2.9823e-09 -1.6258e-09 -8.6946e-10 -4.5616e-10 -2.3477e-10 -1.1853e-10 -5.8697e-11 -2.8512e-11 -1.3585e-11 -6.3485e-12 -2.9098e-12 -1.3081e-12 -5.7671e-13 -2.4937e-13 -1.0575e-13 -4.3976e-14 -1.7935e-14 -7.1730e-15 -2.8133e-15 -1.0820e-15 -4.0809e-16 -1.5093e-16 -5.4735e-17 -1.9465e-17 -6.7875e-18 -2.3208e-18 -7.7810e-19 -2.5580e-19 -8.2454e-20 -2.6060e-20 -8.0761e-21 -2.4540e-21 -7.3110e-22 -2.1356e-22 -6.1166e-23 -1.7176e-23 -4.7290e-24 -1.2765e-24 -3.3785e-25 -8.7668e-26 -2.2304e-26 -5.5631e-27 -1.3604e-27 -3.2617e-28 -7.6670e-29 -1.7669e-29 -3.9921e-30 -8.8427e-31 -1.9203e-31 -4.0885e-32 -8.5338e-33 -1.7463e-33 -3.5034e-34 -6.8905e-35 -1.3286e-35 -2.5115e-36 -4.6543e-37 -8.4559e-38 -1.5061e-38 -2.6298e-39 -4.5017e-40 -7.5544e-41
-5.9914e-05 -6.1906e-05 -6.5042e-05 -6.9065e-05 -7.3638e-05 -7.8376e-05 -8.2869e-05 -8.6723e-05 -8.9581e-05 -9.1157e-05 -9.1258e-05 1.4423e-02 -8.6779e-05 -8.2338e-05 -7.6674e-05 -7.0060e-05 -6.2805e-05 -5.5229e-05 -4.7638e-05 -4.0302e-05 -3.3439e-05 -2.7209e-05 -2.1712e-05 -1.6990e-05 -1.3038e-05 -9.8105e-06 -7.2387e-06 -5.2372e-06 -3.7153e-06 -2.5844e-06 -1.7626e-06 -1.1787e-06 -7.7287e-07 -4.9686e-07 -3.1317e-07 -1.9353e-07 -1.1726e-07 -6.9655e-08 -4.0566e-08 -2.3163e-08 -1.2966e-08 -7.1161e-09 -3.8288e-09 -2.0197e-09 -1.0445e-09 -5.2952e-10 -2.6319e-10 -1.2824e-10 -6.1260e-11 -2.8688e-11 -1.3170e-11 -5.9276e-12 -2.6153e-12 -1.1312e-12 -4.7966e-13 -1.9938e-13 -8.1247e-14 -3.2456e-14 -1.2710e-14 -4.8792e-15 -1.8362e-15 -6.7741e-16 -2.4499e-16 -8.6853e-17 -3.0184e-17 -1.0283e-17 -3.4343e-18 -1.1243e-18 -3.6084e-19 -1.1352e-19 -3.5009e-20 -1.0584e-20 -3.1365e-21 -9.1117e-22 -2.5948e-22 -7.2434e-23 -1.9821e-23 -5.3170e-24 -1.3981e-24 -3.6038e-25 -9.1058e-26 -2.2554e-26 -5.4760e-27 -1.3033e-27 -3.0407e-28 -6.9539e-29 -1.5589e-29 -3.4259e-30 -7.3798e-31 -1.5583e-31 -3.2256e-32 -6.5448e-33 -1.3017e-33 -2.5379e-34 -4.8503e-35 -9.0864e-36 -1.6686e-36 -3.0036e-37 -5.3000e-38 -9.1672e-39 -5.9066e-05 -5.8564e-05 -5.7718e-05 -5.6516e-05 -5.4947e-05 -5.3003e-05 -5.0686e-05 -4.8013e-05 -4.5012e-05 -4.1731e-05 -3.8228e-05 0.0000e+00 -3.0861e-05 -2.7161e-05 -2.3559e-05 -2.0130e-05 -1.6936e-05 -1.4024e-05 -1.1425e-05 -9.1549e-06 -7.2133e-06 -5.5871e-06 -4.2532e-06 -3.1815e-06 -2.3380e-06 -1.6878e-06 -1.1966e-06 -8.3310e-07 -5.6952e-07 -3.8224e-07 -2.5185e-07 -1.6289e-07 -1.0340e-07 -6.4420e-08 -3.9387e-08 -2.3632e-08 -1.3913e-08 -8.0373e-09 -4.5554e-09 -2.5332e-09 -1.3819e-09 -7.3961e-10 -3.8830e-10 -1.9998e-10 -1.0103e-10 -5.0061e-11 -2.4332e-11 -1.1600e-11 -5.4236e-12 -2.4872e-12 -1.1187e-12 -4.9344e-13 -2.1346e-13 -9.0559e-14 -3.7677e-14 -1.5372e-14 -6.1506e-15 -2.4132e-15 -9.2851e-16 -3.5032e-16 -1.2961e-16 -4.7019e-17 -1.6726e-17 -5.8345e-18 -1.9956e-18 -6.6926e-19 -2.2008e-19 -7.0961e-20 -2.2434e-20 -6.9543e-21 -2.1136e-21 -6.2987e-22 -1.8404e-22 -5.2722e-23 -1.4808e-23 -4.0781e-24 -1.1011e-24 -2.9148e-25 -7.5651e-26 -1.9250e-26 -4.8026e-27 -1.1747e-27 -2.8169e-28 -6.6226e-29 -1.5265e-29 -3.4495e-30 -7.6423e-31 -1.6599e-31 -3.5347e-32 -7.3791e-33 -1.5102e-33 -3.0303e-34 -5.9609e-35 -1.1495e-35 -2.1733e-36 -4.0282e-37 -7.3194e-38 -1.3038e-38 -2.2770e-39 -3.8982e-40
-4.6834e-05 -4.8900e-05 -5.2192e-05 -5.6489e-05 -6.1502e-05 -6.6885e-05 -7.2262e-05 -7.7248e-05 -8.1478e-05 -8.4631e-05 -8.6453e-05 -8.6779e-05 1.6926e-02 -8.2775e-05 -7.8606e-05 -7.3242e-05 -6.6952e-05 -6.0036e-05 -5.2804e-05 -4.5553e-05 -3.8542e-05 -3.1981e-05 -2.6025e-05 -2.0769e-05 -1.6253e-05 -1.2473e-05 -9.3858e-06 -6.9256e-06 -5.0110e-06 -3.5550e-06 -2.4730e-06 -1.6868e-06 -1.1281e-06 -7.3967e-07 -4.7554e-07 -2.9975e-07 -1.8525e-07 -1.1224e-07 -6.6679e-08 -3.8835e-08 -2.2175e-08 -1.2414e-08 -6.8134e-09 -3.6661e-09 -1.9339e-09 -1.0002e-09 -5.0708e-10 -2.5205e-10 -1.2282e-10 -5.8671e-11 -2.7477e-11 -1.2615e-11 -5.6777e-12 -2.5052e-12 -1.0836e-12 -4.5949e-13 -1.9101e-13 -7.7837e-14 -3.1095e-14 -1.2177e-14 -4.6749e-15 -1.7594e-15 -6.4908e-16 -2.3475e-16 -8.3226e-17 -2.8925e-17 -9.8545e-18 -3.2912e-18 -1.0775e-18 -3.4582e-19 -1.0880e-19 -3.3554e-20 -1.0144e-20 -3.0063e-21 -8.7335e-22 -2.4871e-22 -6.9431e-23 -1.9000e-23 -5.0968e-24 -1.3402e-24 -3.4547e-25 -8.7293e-26 -2.1622e-26 -5.2498e-27 -1.2495e-27 -2.9152e-28 -6.6671e-29 -1.4947e-29 -3.2847e-30 -7.0758e-31 -1.4942e-31 -3.0928e-32 -6.2755e-33 -1.2482e-33 -2.4336e-34 -4.6509e-35 -8.7131e-36 -1.6001e-36 -2.8803e-37 -5.0825e-38 -4.6058e-05 -4.5836e-05 -4.5448e-05 -4.4869e-05 -4.4069e-05 -4.3019e-05 -4.1693e-05 -4.0075e-05 -3.8163e-05 -3.5969e-05 -3.3520e-05 -3.0861e-05 0.0000e+00 -2.5145e-05 -2.2223e-05 -1.9351e-05 -1.6595e-05 -1.4008e-05 -1.1635e-05 -9.5065e-06 -7.6379e-06 -6.0330e-06 -4.6836e-06 -3.5730e-06 -2.6780e-06 -1.9717e-06 -1.4258e-06 -1.0125e-06 -7.0598e-07 -4.8331e-07 -3.2482e-07 -2.1429e-07 -1.3876e-07 -8.8181e-08 -5.4997e-08 -3.3660e-08 -2.0215e-08 -1.1912e-08 -6.8875e-09 -3.9070e-09 -2.1743e-09 -1.1871e-09 -6.3576e-10 -3.3401e-10 -1.7213e-10 -8.7013e-11 -4.3143e-11 -2.0982e-11 -1.0008e-11 -4.6820e-12 -2.1482e-12 -9.6666e-13 -4.2660e-13 -1.8463e-13 -7.8362e-14 -3.2617e-14 -1.3313e-14 -5.3289e-15 -2.0916e-15 -8.0507e-16 -3.0386e-16 -1.1246e-16 -4.0812e-17 -1.4523e-17 -5.0674e-18 -1.7338e-18 -5.8163e-19 -1.9132e-19 -6.1706e-20 -1.9514e-20 -6.0505e-21 -1.8394e-21 -5.4830e-22 -1.6024e-22 -4.5917e-23 -1.2900e-23 -3.5533e-24 -9.5962e-25 -2.5409e-25 -6.5960e-26 -1.6788e-26 -4.1890e-27 -1.0248e-27 -2.4580e-28 -5.7799e-29 -1.3325e-29 -3.0117e-30 -6.6735e-31 -1.4497e-31 -3.0876e-32 -6.4468e-33 -1.3197e-33 -2.6483e-34 -5.2103e-35 -1.0049e-35 -1.9002e-36 -3.5225e-37 -6.4015e-38 -1.1405e-38 -1.9920e-39
-3.5895e-05 -3.7900e-05 -4.1126e-05 -4.5399e-05 -5.0488e-05 -5.6107e-05 -6.1932e-05 -6.7614e-05 -7.2802e-05 -7.7167e-05 -8.0421e-05 -8.2338e-05 -8.2775e-05 1.9629e-02 -7.9097e-05 -7.5152e-05 -7.0051e-05 -6.4053e-05 -5.7449e-05 -5.0539e-05 -4.3606e-05 -3.6900e-05 -3.0623e-05 -2.4923e-05 -1.9891e-05 -1.5568e-05 -1.1948e-05 -8.9922e-06 -6.6359e-06 -4.8018e-06 -3.4070e-06 -2.3702e-06 -1.6168e-06 -1.0814e-06 -7.0913e-07 -4.5594e-07 -2.8742e-07 -1.7764e-07 -1.0764e-07 -6.3952e-08 -3.7250e-08 -2.1271e-08 -1.1909e-08 -6.5366e-09 -3.5174e-09 -1.8556e-09 -9.5971e-10 -4.8661e-10 -2.4189e-10 -1.1787e-10 -5.6313e-11 -2.6374e-11 -1.2109e-11 -5.4504e-12 -2.4050e-12 -1.0403e-12 -4.4116e-13 -1.8340e-13 -7.4739e-14 -2.9858e-14 -1.1694e-14 -4.4894e-15 -1.6896e-15 -6.2339e-16 -2.2546e-16 -7.9937e-17 -2.7783e-17 -9.4659e-18 -3.1615e-18 -1.0351e-18 -3.3221e-19 -1.0452e-19 -3.2236e-20 -9.7460e-21 -2.8884e-21 -8.3914e-22 -2.3898e-22 -6.6715e-23 -1.8257e-23 -4.8977e-24 -1.2879e-24 -3.3199e-25 -8.3891e-26 -2.0780e-26 -5.0455e-27 -1.2009e-27 -2.8019e-28 -6.4081e-29 -1.4366e-29 -3.1572e-30 -6.8014e-31 -1.4362e-31 -2.9730e-32 -6.0325e-33 -1.1999e-33 -2.3394e-34 -4.4712e-35 -8.3765e-36 -1.5383e-36 -2.7692e-37 -3.5207e-05 -3.5178e-05 -3.5107e-05 -3.4966e-05 -3.4716e-05 -3.4318e-05 -3.3730e-05 -3.2920e-05 -3.1863e-05 -3.0546e-05 -2.8972e-05 -2.7161e-05 -2.5145e-05 0.0000e+00 -2.0689e-05 -1.8364e-05 -1.6054e-05 -1.3817e-05 -1.1703e-05 -9.7503e-06 -7.9889e-06 -6.4354e-06 -5.0954e-06 -3.9646e-06 -3.0307e-06 -2.2759e-06 -1.6787e-06 -1.2159e-06 -8.6483e-07 -6.0392e-07 -4.1402e-07 -2.7861e-07 -1.8403e-07 -1.1930e-07 -7.5901e-08 -4.7388e-08 -2.9032e-08 -1.7452e-08 -1.0293e-08 -5.9563e-09 -3.3814e-09 -1.8833e-09 -1.0289e-09 -5.5146e-10 -2.8992e-10 -1.4951e-10 -7.5622e-11 -3.7518e-11 -1.8256e-11 -8.7127e-12 -4.0782e-12 -1.8721e-12 -8.4283e-13 -3.7213e-13 -1.6113e-13 -6.8418e-14 -2.8489e-14 -1.1633e-14 -4.6583e-15 -1.8291e-15 -7.0429e-16 -2.6592e-16 -9.8450e-17 -3.5740e-17 -1.2722e-17 -4.4406e-18 -1.5198e-18 -5.0999e-19 -1.6780e-19 -5.4136e-20 -1.7125e-20 -5.3112e-21 -1.6151e-21 -4.8154e-22 -1.4077e-22 -4.0346e-23 -1.1338e-23 -3.1237e-24 -8.4377e-25 -2.2346e-25 -5.8022e-26 -1.4770e-26 -3.6864e-27 -9.0202e-28 -2.1639e-28 -5.0893e-29 -1.1735e-29 -2.6528e-30 -5.8793e-31 -1.2774e-31 -2.7211e-32 -5.6825e-33 -1.1634e-33 -2.3350e-34 -4.5947e-35 -8.8634e-36 -1.6762e-36 -3.1077e-37 -5.6484e-38 -1.0065e-38
-2.6974e-05 -2.8821e-05 -3.1818e-05 -3.5844e-05 -4.0726e-05 -4.6246e-05 -5.2144e-05 -5.8125e-05 -6.3874e-05 -6.9076e-05 -7.3430e-05 -7.6674e-05 -7.8606e-05 -7.9097e-05 2.2532e-02 -7.5671e-05 -7.1925e-05 -6.7064e-05 -6.1339e-05 -5.5028e-05 -4.8420e-05 -4.1786e-05 -3.5367e-05 -2.9356e-05 -2.3896e-05 -1.9075e-05 -1.4931e-05 -1.1461e-05 -8.6270e-06 -6.3673e-06 -4.6081e-06 -3.2700e-06 -2.2752e-06 -1.5522e-06 -1.0383e-06 -6.8095e-07 -4.3787e-07 -2.7606e-07 -1.7064e-07 -1.0341e-07 -6.1443e-08 -3.5792e-08 -2.0441e-08 -1.1445e-08 -6.2825e-09 -3.3810e-09 -1.7838e-09 -9.2264e-10 -4.6785e-10 -2.3258e-10 -1.1335e-10 -5.4153e-11 -2.5364e-11 -1.1646e-11 -5.2424e-12 -2.3134e-12 -1.0008e-12 -4.2441e-13 -1.7644e-13 -7.1909e-14 -2.8729e-14 -1.1252e-14 -4.3201e-15 -1.6260e-15 -5.9994e-16 -2.1699e-16 -7.6938e-17 -2.6742e-17 -9.1115e-18 -3.0433e-18 -9.9644e-19 -3.1982e-19 -1.0063e-19 -3.1036e-20 -9.3835e-21 -2.7811e-21 -8.0799e-22 -2.3012e-22 -6.4244e-23 -1.7582e-23 -4.7166e-24 -1.2403e-24 -3.1974e-25 -8.0797e-26 -2.0014e-26 -4.8597e-27 -1.1567e-27 -2.6989e-28 -6.1727e-29 -1.3839e-29 -3.0414e-30 -6.5521e-31 -1.3836e-31 -2.8642e-32 -5.8119e-33 -1.1560e-33 -2.2540e-34 -4.3080e-35 -8.0710e-36 -1.4822e-36 -2.6382e-05 -2.6473e-05 -2.6604e-05 -2.6745e-05 -2.6860e-05 -2.6905e-05 -2.6835e-05 -2.6609e-05 -2.6189e-05 -2.5548e-05 -2.4672e-05 -2.3559e-05 -2.2223e-05 -2.0689e-05 0.0000e+00 -1.7189e-05 -1.5322e-05 -1.3447e-05 -1.1614e-05 -9.8681e-06 -8.2461e-06 -6.7748e-06 -5.4710e-06 -4.3418e-06 -3.3855e-06 -2.5932e-06 -1.9510e-06 -1.4415e-06 -1.0458e-06 -7.4497e-07 -5.2096e-07 -3.5762e-07 -2.4096e-07 -1.5935e-07 -1.0342e-07 -6.5866e-08 -4.1164e-08 -2.5243e-08 -1.5188e-08 -8.9657e-09 -5.1924e-09 -2.9501e-09 -1.6443e-09 -8.9901e-10 -4.8215e-10 -2.5365e-10 -1.3088e-10 -6.6243e-11 -3.2884e-11 -1.6010e-11 -7.6449e-12 -3.5802e-12 -1.6443e-12 -7.4064e-13 -3.2716e-13 -1.4172e-13 -6.0202e-14 -2.5079e-14 -1.0245e-14 -4.1039e-15 -1.6120e-15 -6.2093e-16 -2.3452e-16 -8.6857e-17 -3.1542e-17 -1.1232e-17 -3.9215e-18 -1.3425e-18 -4.5064e-19 -1.4832e-19 -4.7863e-20 -1.5144e-20 -4.6982e-21 -1.4291e-21 -4.2619e-22 -1.2462e-22 -3.5725e-23 -1.0041e-23 -2.7672e-24 -7.4763e-25 -1.9804e-25 -5.1433e-26 -1.3096e-26 -3.2691e-27 -8.0006e-28 -1.9197e-28 -4.5157e-29 -1.0414e-29 -2.3547e-30 -5.2194e-31 -1.1342e-31 -2.4165e-32 -5.0472e-33 -1.0335e-33 -2.0747e-34 -4.0830e-35 -7.8774e-36 -1.4900e-36 -2.7628e-37 -5.0223e-38
-1.9874e-05 -2.1503e-05 -2.4168e-05 -2.7795e-05 -3.2269e-05 -3.7439e-05 -4.3112e-05 -4.9057e-05 -5.5009e-05 -6.0685e-05 -6.5794e-05 -7.0060e-05 -7.3242e-05 -7.5152e-05 -7.5671e-05 2.5635e-02 -7.2461e-05 -6.8899e-05 -6.4264e-05 -5.8796e-05 -5.2762e-05 -4.6438e-05 -4.0085e-05 -3.3935e-05 -2.8174e-05 -2.2938e-05 -1.8314e-05 -1.4339e-05 -1.1009e-05 -8.2878e-06 -6.1181e-06 -4.4284e-06 -3.1430e-06 -2.1872e-06 -1.4924e-06 -9.9841e-07 -6.5489e-07 -4.2117e-07 -2.6556e-07 -1.6417e-07 -9.9505e-08 -5.9128e-08 -3.4447e-08 -1.9675e-08 -1.1017e-08 -6.0484e-09 -3.2553e-09 -1.7176e-09 -8.8850e-10 -4.5058e-10 -2.2401e-10 -1.0918e-10 -5.2167e-11 -2.4436e-11 -1.1221e-11 -5.0513e-12 -2.2292e-12 -9.6442e-13 -4.0902e-13 -1.7006e-13 -6.9311e-14 -2.7693e-14 -1.0847e-14 -4.1648e-15 -1.5677e-15 -5.7844e-16 -2.0923e-16 -7.4189e-17 -2.5787e-17 -8.7868e-18 -2.9350e-18 -9.6103e-19 -3.0847e-19 -9.7059e-20 -2.9937e-20 -9.0517e-21 -2.6828e-21 -7.7948e-22 -2.2201e-22 -6.1982e-23 -1.6963e-23 -4.5509e-24 -1.1968e-24 -3.0853e-25 -7.7967e-26 -1.9314e-26 -4.6898e-27 -1.1163e-27 -2.6047e-28 -5.9575e-29 -1.3357e-29 -2.9356e-30 -6.3243e-31 -1.3356e-31 -2.7648e-32 -5.6103e-33 -1.1160e-33 -2.1759e-34 -4.1589e-35 -7.7919e-36 -1.9380e-05 -1.9535e-05 -1.9777e-05 -2.0080e-05 -2.0410e-05 -2.0728e-05 -2.0991e-05 -2.1156e-05 -2.1183e-05 -2.1037e-05 -2.0691e-05 -2.0130e-05 -1.9351e-05 -1.8364e-05 -1.7189e-05 0.0000e+00 -1.4416e-05 -1.2902e-05 -1.1364e-05 -9.8477e-06 -8.3930e-06 -7.0330e-06 -5.7930e-06 -4.6893e-06 -3.7296e-06 -2.9141e-06 -2.2364e-06 -1.6855e-06 -1.2474e-06 -9.0639e-07 -6.4658e-07 -4.5277e-07 -3.1121e-07 -2.0994e-07 -1.3900e-07 -9.0307e-08 -5.7574e-08 -3.6017e-08 -2.2107e-08 -1.3313e-08 -7.8653e-09 -4.5588e-09 -2.5921e-09 -1.4458e-09 -7.9103e-10 -4.2453e-10 -2.2347e-10 -1.1538e-10 -5.8433e-11 -2.9023e-11 -1.4138e-11 -6.7545e-12 -3.1648e-12 -1.4543e-12 -6.5533e-13 -2.8961e-13 -1.2551e-13 -5.3338e-14 -2.2228e-14 -9.0839e-15 -3.6402e-15 -1.4304e-15 -5.5118e-16 -2.0825e-16 -7.7152e-17 -2.8027e-17 -9.9830e-18 -3.4866e-18 -1.1940e-18 -4.0090e-19 -1.3199e-19 -4.2604e-20 -1.3484e-20 -4.1842e-21 -1.2730e-21 -3.7975e-22 -1.1106e-22 -3.1847e-23 -8.9535e-24 -2.4679e-24 -6.6693e-25 -1.7670e-25 -4.5899e-26 -1.1689e-26 -2.9185e-27 -7.1441e-28 -1.7145e-28 -4.0338e-29 -9.3045e-30 -2.1041e-30 -4.6648e-31 -1.0139e-31 -2.1604e-32 -4.5132e-33 -9.2428e-34 -1.8557e-34 -3.6526e-35 -7.0482e-36 -1.3333e-36 -2.4727e-37
