1.0040e-04 -2.4691e-04 -2.4385e-04 -2.3965e-04 -2.3434e-04 -2.2801e-04 -2.2076e-04 -2.1267e-04 -2.0387e-04 -1.9446e-04 -1.8456e-04 -1.7430e-04 -1.6379e-04 -1.5315e-04 -1.4249e-04 -1.3191e-04 -1.2152e-04 -1.1139e-04 -1.0159e-04 -9.2199e-05 -8.3260e-05 -7.4814e-05 -6.6891e-05 -5.9510e-05 -5.2681e-05 -4.6404e-05 -4.0672e-05 -3.5471e-05 -3.0782e-05 -2.6580e-05 -2.2838e-05 -1.9525e-05 -1.6610e-05 -1.4060e-05 -1.1842e-05 -9.9251e-06 -8.2769e-06 -6.8682e-06 -5.6709e-06 -4.6591e-06 -3.8088e-06 -3.0983e-06 -2.5078e-06 -2.0197e-06 -1.6186e-06 -1.2907e-06 -1.0241e-06 -8.0854e-07 -6.3519e-07 -4.9653e-07 -3.8621e-07 -2.9891e-07 -2.3019e-07 -1.7639e-07 -1.3450e-07 -1.0204e-07 -7.7036e-08 -5.7868e-08 -4.3254e-08 -3.2170e-08 -2.3808e-08 -1.7531e-08 -1.2846e-08 -9.3656e-09 -6.7944e-09 -4.9046e-09 -3.5229e-09 -2.5178e-09 -1.7906e-09 -1.2671e-09 -8.9218e-10 -6.2508e-10 -4.3577e-10 -3.0228e-10 -2.0865e-10 -1.4330e-10 -9.7932e-11 -6.6594e-11 -4.5059e-11 -3.0337e-11 -2.0323e-11 -1.3547e-11 -8.9858e-12 -5.9306e-12 -3.8947e-12 -2.5450e-12 -1.6548e-12 -1.0706e-12 -6.8921e-13 -4.4148e-13 -2.8139e-13 -1.7846e-13 -1.1262e-13 -7.0719e-14 -4.4186e-14 -2.7471e-14 -1.6994e-14 -1.0461e-14 -6.4071e-15 -3.9048e-15 0.0000e+00 2.4689e-04 2.4383e-04 2.3960e-04 2.3427e-04 2.2791e-04 2.2062e-04 2.1250e-04 2.0366e-04 1.9421e-04 1.8428e-04 1.7398e-04 1.6344e-04 1.5277e-04 1.4209e-04 1.3149e-04 1.2108e-04 1.1094e-04 1.0114e-04 9.1740e-05 8.2803e-05 7.4363e-05 6.6451e-05 5.9084e-05 5.2272e-05 4.6015e-05 4.0304e-05 3.5127e-05 3.0461e-05 2.6284e-05 2.2566e-05 1.9278e-05 1.6387e-05 1.3859e-05 1.1663e-05 9.7665e-06 8.1373e-06 6.7461e-06 5.5648e-06 4.5675e-06 3.7302e-06 3.0312e-06 2.4509e-06 1.9718e-06 1.5785e-06 1.2573e-06 9.9646e-07 7.8580e-07 6.1659e-07 4.8140e-07 3.7398e-07 2.8908e-07 2.2234e-07 1.7015e-07 1.2957e-07 9.8170e-08 7.4010e-08 5.5517e-08 4.1438e-08 3.0775e-08 2.2742e-08 1.6721e-08 1.2234e-08 8.9057e-09 6.4507e-09 4.6492e-09 3.3340e-09 2.3790e-09 1.6891e-09 1.1932e-09 8.3876e-10 5.8665e-10 4.0827e-10 2.8271e-10 1.9479e-10 1.3354e-10 9.1096e-11 6.1831e-11 4.1759e-11 2.8062e-11 1.8763e-11 1.2483e-11 8.2639e-12 5.4433e-12 3.5676e-12 2.3265e-12 1.5096e-12 9.7470e-13 6.2617e-13 4.0026e-13 2.5458e-13 1.6111e-13 1.0145e-13 6.3567e-14 3.9630e-14 2.4584e-14 1.5174e-14 9.3192e-15 5.6949e-15 3.4627e-15
-2.4691e-04 4.0159e-04 -2.4211e-04 -2.3800e-04 -2.3281e-04 -2.2662e-04 -2.1951e-04 -2.1159e-04 -2.0296e-04 -1.9373e-04 -1.8401e-04 -1.7393e-04 -1.6359e-04 -1.5312e-04 -1.4262e-04 -1.3219e-04 -1.2192e-04 -1.1190e-04 -1.0220e-04 -9.2882e-05 -8.4002e-05 -7.5600e-05 -6.7706e-05 -6.0339e-05 -5.3511e-05 -4.7223e-05 -4.1470e-05 -3.6239e-05 -3.1514e-05 -2.7270e-05 -2.3482e-05 -2.0121e-05 -1.7157e-05 -1.4558e-05 -1.2292e-05 -1.0328e-05 -8.6353e-06 -7.1846e-06 -5.9483e-06 -4.9006e-06 -4.0176e-06 -3.2776e-06 -2.6608e-06 -2.1494e-06 -1.7278e-06 -1.3821e-06 -1.1002e-06 -8.7142e-07 -6.8685e-07 -5.3871e-07 -4.2045e-07 -3.2654e-07 -2.5236e-07 -1.9407e-07 -1.4852e-07 -1.1309e-07 -8.5697e-08 -6.4618e-08 -4.8484e-08 -3.6200e-08 -2.6895e-08 -1.9884e-08 -1.4628e-08 -1.0708e-08 -7.8005e-09 -5.6543e-09 -4.0784e-09 -2.9273e-09 -2.0907e-09 -1.4858e-09 -1.0508e-09 -7.3943e-10 -5.1778e-10 -3.6079e-10 -2.5015e-10 -1.7259e-10 -1.1849e-10 -8.0947e-11 -5.5027e-11 -3.7222e-11 -2.5054e-11 -1.6780e-11 -1.1184e-11 -7.4167e-12 -4.8943e-12 -3.2139e-12 -2.1000e-12 -1.3653e-12 -8.8334e-13 -5.6867e-13 -3.6429e-13 -2.3221e-13 -1.4728e-13 -9.2956e-14 -5.8379e-14 -3.6482e-14 -2.2685e-14 -1.4037e-14 -8.6423e-15 -5.2947e-15 2.4689e-04 0.0000e+00 2.4201e-04 2.3781e-04 2.3252e-04 2.2621e-04 2.1898e-04 2.1092e-04 2.0214e-04 1.9276e-04 1.8290e-04 1.7268e-04 1.6222e-04 1.5163e-04 1.4103e-04 1.3051e-04 1.2018e-04 1.1011e-04 1.0038e-04 9.1054e-05 8.2184e-05 7.3807e-05 6.5954e-05 5.8642e-05 5.1881e-05 4.5670e-05 4.0003e-05 3.4864e-05 3.0233e-05 2.6087e-05 2.2397e-05 1.9133e-05 1.6264e-05 1.3755e-05 1.1576e-05 9.6931e-06 8.0761e-06 6.6953e-06 5.5229e-06 4.5330e-06 3.7021e-06 3.0083e-06 2.4324e-06 1.9569e-06 1.5665e-06 1.2478e-06 9.8890e-07 7.7983e-07 6.1190e-07 4.7773e-07 3.7112e-07 2.8687e-07 2.2063e-07 1.6885e-07 1.2857e-07 9.7413e-08 7.3438e-08 5.5087e-08 4.1116e-08 3.0535e-08 2.2564e-08 1.6590e-08 1.2138e-08 8.8355e-09 6.3997e-09 4.6122e-09 3.3075e-09 2.3600e-09 1.6755e-09 1.1836e-09 8.3197e-10 5.8188e-10 4.0493e-10 2.8039e-10 1.9318e-10 1.3243e-10 9.0336e-11 6.1313e-11 4.1406e-11 2.7824e-11 1.8603e-11 1.2376e-11 8.1924e-12 5.3959e-12 3.5363e-12 2.3060e-12 1.4962e-12 9.6596e-13 6.2051e-13 3.9662e-13 2.5224e-13 1.5962e-13 1.0051e-13 6.2968e-14 3.9253e-14 2.4348e-14 1.5027e-14 9.2280e-15 5.6386e-15 3.4282e-15
-2.4385e-04 -2.4211e-04 9.0357e-04 -2.3528e-04 -2.3027e-04 -2.2430e-04 -2.1745e-04 -2.0980e-04 -2.0145e-04 -1.9251e-04 -1.8310e-04 -1.7331e-04 -1.6326e-04 -1.5306e-04 -1.4282e-04 -1.3262e-04 -1.2256e-04 -1.1273e-04 -1.0318e-04 -9.3999e-05 -8.5221e-05 -7.6893e-05 -6.9047e-05 -6.1705e-05 -5.4879e-05 -4.8575e-05 -4.2788e-05 -3.7510e-05 -3.2725e-05 -2.8414e-05 -2.4552e-05 -2.1113e-05 -1.8068e-05 -1.5388e-05 -1.3042e-05 -1.1001e-05 -9.2345e-06 -7.7142e-06 -6.4132e-06 -5.3058e-06 -4.3685e-06 -3.5793e-06 -2.9186e-06 -2.3683e-06 -1.9124e-06 -1.5368e-06 -1.2290e-06 -9.7812e-07 -7.7465e-07 -6.1053e-07 -4.7884e-07 -3.7373e-07 -2.9028e-07 -2.2436e-07 -1.7257e-07 -1.3209e-07 -1.0061e-07 -7.6261e-08 -5.7522e-08 -4.3176e-08 -3.2250e-08 -2.3971e-08 -1.7730e-08 -1.3050e-08 -9.5585e-09 -6.9668e-09 -5.0530e-09 -3.6469e-09 -2.6192e-09 -1.8719e-09 -1.3313e-09 -9.4212e-10 -6.6346e-10 -4.6493e-10 -3.2420e-10 -2.2496e-10 -1.5533e-10 -1.0673e-10 -7.2969e-11 -4.9644e-11 -3.3609e-11 -2.2641e-11 -1.5177e-11 -1.0124e-11 -6.7196e-12 -4.4382e-12 -2.9168e-12 -1.9076e-12 -1.2413e-12 -8.0382e-13 -5.1793e-13 -3.3208e-13 -2.1186e-13 -1.3450e-13 -8.4963e-14 -5.3406e-14 -3.3404e-14 -2.0790e-14 -1.2875e-14 -7.9339e-15 2.4383e-04 2.4201e-04 0.0000e+00 2.3485e-04 2.2963e-04 2.2340e-04 2.1626e-04 2.0830e-04 1.9963e-04 1.9037e-04 1.8063e-04 1.7054e-04 1.6021e-04 1.4975e-04 1.3928e-04 1.2889e-04 1.1868e-04 1.0874e-04 9.9131e-05 8.9922e-05 8.1161e-05 7.2888e-05 6.5133e-05 5.7912e-05 5.1234e-05 4.5101e-05 3.9504e-05 3.4428e-05 2.9855e-05 2.5761e-05 2.2117e-05 1.8894e-05 1.6060e-05 1.3583e-05 1.1430e-05 9.5710e-06 7.9742e-06 6.6107e-06 5.4529e-06 4.4755e-06 3.6550e-06 2.9700e-06 2.4013e-06 1.9318e-06 1.5464e-06 1.2317e-06 9.7610e-07 7.6970e-07 6.0392e-07 4.7148e-07 3.6625e-07 2.8308e-07 2.1771e-07 1.6660e-07 1.2685e-07 9.6100e-08 7.2442e-08 5.4336e-08 4.0552e-08 3.0113e-08 2.2250e-08 1.6358e-08 1.1966e-08 8.7097e-09 6.3078e-09 4.5455e-09 3.2591e-09 2.3252e-09 1.6506e-09 1.1658e-09 8.1933e-10 5.7294e-10 3.9864e-10 2.7598e-10 1.9011e-10 1.3030e-10 8.8865e-11 6.0301e-11 4.0714e-11 2.7352e-11 1.8283e-11 1.2160e-11 8.0475e-12 5.2991e-12 3.4718e-12 2.2633e-12 1.4681e-12 9.4749e-13 6.0845e-13 3.8877e-13 2.4717e-13 1.5635e-13 9.8411e-14 6.1631e-14 3.8404e-14 2.3811e-14 1.4689e-14 9.0167e-15 5.5069e-15 3.3465e-15
-2.3965e-04 -2.3800e-04 -2.3528e-04 1.6063e-03 -2.2677e-04 -2.2111e-04 -2.1459e-04 -2.0731e-04 -1.9935e-04 -1.9082e-04 -1.8181e-04 -1.7243e-04 -1.6278e-04 -1.5295e-04 -1.4306e-04 -1.3319e-04 -1.2343e-04 -1.1385e-04 -1.0453e-04 -9.5522e-05 -8.6887e-05 -7.8665e-05 -7.0889e-05 -6.3584e-05 -5.6765e-05 -5.0441e-05 -4.4611e-05 -3.9270e-05 -3.4406e-05 -3.0003e-05 -2.6040e-05 -2.2494e-05 -1.9340e-05 -1.6549e-05 -1.4094e-05 -1.1946e-05 -1.0077e-05 -8.4606e-06 -7.0695e-06 -5.8790e-06 -4.8656e-06 -4.0077e-06 -3.2853e-06 -2.6802e-06 -2.1761e-06 -1.7583e-06 -1.4139e-06 -1.1315e-06 -9.0114e-07 -7.1422e-07 -5.6334e-07 -4.4219e-07 -3.4541e-07 -2.6851e-07 -2.0772e-07 -1.5991e-07 -1.2251e-07 -9.3397e-08 -7.0858e-08 -5.3497e-08 -4.0192e-08 -3.0049e-08 -2.2357e-08 -1.6552e-08 -1.2195e-08 -8.9403e-09 -6.5224e-09 -4.7351e-09 -3.4208e-09 -2.4591e-09 -1.7591e-09 -1.2522e-09 -8.8699e-10 -6.2521e-10 -4.3852e-10 -3.0606e-10 -2.1256e-10 -1.4690e-10 -1.0102e-10 -6.9125e-11 -4.7068e-11 -3.1891e-11 -2.1501e-11 -1.4425e-11 -9.6294e-12 -6.3965e-12 -4.2279e-12 -2.7808e-12 -1.8199e-12 -1.1851e-12 -7.6796e-13 -4.9517e-13 -3.1769e-13 -2.0282e-13 -1.2884e-13 -8.1439e-14 -5.1222e-14 -3.2057e-14 -1.9963e-14 -1.2370e-14 2.3960e-04 2.3781e-04 2.3485e-04 0.0000e+00 2.2564e-04 2.1952e-04 2.1250e-04 2.0468e-04 1.9617e-04 1.8707e-04 1.7750e-04 1.6758e-04 1.5742e-04 1.4715e-04 1.3686e-04 1.2665e-04 1.1662e-04 1.0685e-04 9.7408e-05 8.8358e-05 7.9749e-05 7.1619e-05 6.3997e-05 5.6901e-05 5.0340e-05 4.4313e-05 3.8812e-05 3.3825e-05 2.9332e-05 2.5308e-05 2.1727e-05 1.8560e-05 1.5776e-05 1.3342e-05 1.1227e-05 9.4004e-06 7.8316e-06 6.4920e-06 5.3547e-06 4.3946e-06 3.5886e-06 2.9158e-06 2.3573e-06 1.8962e-06 1.5177e-06 1.2087e-06 9.5778e-07 7.5516e-07 5.9243e-07 4.6244e-07 3.5917e-07 2.7756e-07 2.1343e-07 1.6329e-07 1.2431e-07 9.4154e-08 7.0960e-08 5.3211e-08 3.9702e-08 2.9475e-08 2.1772e-08 1.6002e-08 1.1702e-08 8.5148e-09 6.1646e-09 4.4407e-09 3.1828e-09 2.2698e-09 1.6106e-09 1.1371e-09 7.9878e-10 5.5830e-10 3.8827e-10 2.6866e-10 1.8496e-10 1.2670e-10 8.6357e-11 5.8563e-11 3.9515e-11 2.6528e-11 1.7720e-11 1.1777e-11 7.7878e-12 5.1239e-12 3.3543e-12 2.1848e-12 1.4158e-12 9.1291e-13 5.8567e-13 3.7383e-13 2.3742e-13 1.5002e-13 9.4315e-14 5.8995e-14 3.6716e-14 2.2735e-14 1.4007e-14 8.5856e-15 5.2360e-15 3.1771e-15
-2.3434e-04 -2.3281e-04 -2.3027e-04 -2.2677e-04 2.5098e-03 -2.1706e-04 -2.1097e-04 -2.0414e-04 -1.9668e-04 -1.8865e-04 -1.8015e-04 -1.7128e-04 -1.6212e-04 -1.5277e-04 -1.4333e-04 -1.3387e-04 -1.2447e-04 -1.1522e-04 -1.0618e-04 -9.7410e-05 -8.8961e-05 -8.0878e-05 -7.3196e-05 -6.5944e-05 -5.9140e-05 -5.2796e-05 -4.6917e-05 -4.1501e-05 -3.6542e-05 -3.2027e-05 -2.7940e-05 -2.4261e-05 -2.0969e-05 -1.8040e-05 -1.5447e-05 -1.3165e-05 -1.1167e-05 -9.4280e-06 -7.9223e-06 -6.6256e-06 -5.5149e-06 -4.5686e-06 -3.7667e-06 -3.0908e-06 -2.5240e-06 -2.0513e-06 -1.6592e-06 -1.3356e-06 -1.0699e-06 -8.5297e-07 -6.7673e-07 -5.3432e-07 -4.1983e-07 -3.2828e-07 -2.5545e-07 -1.9781e-07 -1.5243e-07 -1.1689e-07 -8.9200e-08 -6.7738e-08 -5.1188e-08 -3.8492e-08 -2.8804e-08 -2.1449e-08 -1.5893e-08 -1.1719e-08 -8.5986e-09 -6.2781e-09 -4.5613e-09 -3.2976e-09 -2.3723e-09 -1.6983e-09 -1.2097e-09 -8.5747e-10 -6.0479e-10 -4.2446e-10 -2.9643e-10 -2.0599e-10 -1.4244e-10 -9.8005e-11 -6.7099e-11 -4.5712e-11 -3.0987e-11 -2.0902e-11 -1.4029e-11 -9.3691e-12 -6.2262e-12 -4.1170e-12 -2.7088e-12 -1.7734e-12 -1.1553e-12 -7.4886e-13 -4.8300e-13 -3.0998e-13 -1.9795e-13 -1.2578e-13 -7.9526e-14 -5.0030e-14 -3.1318e-14 -1.9507e-14 2.3427e-04 2.3252e-04 2.2963e-04 2.2564e-04 0.0000e+00 2.1464e-04 2.0778e-04 2.0013e-04 1.9180e-04 1.8290e-04 1.7355e-04 1.6385e-04 1.5392e-04 1.4387e-04 1.3381e-04 1.2383e-04 1.1402e-04 1.0447e-04 9.5233e-05 8.6384e-05 7.7965e-05 7.0016e-05 6.2563e-05 5.5624e-05 4.9208e-05 4.3315e-05 3.7936e-05 3.3060e-05 2.8666e-05 2.4733e-05 2.1232e-05 1.8135e-05 1.5413e-05 1.3034e-05 1.0967e-05 9.1816e-06 7.6484e-06 6.3393e-06 5.2280e-06 4.2899e-06 3.5025e-06 2.8453e-06 2.2998e-06 1.8496e-06 1.4801e-06 1.1784e-06 9.3356e-07 7.3586e-07 5.7711e-07 4.5034e-07 3.4965e-07 2.7011e-07 2.0761e-07 1.5877e-07 1.2081e-07 9.1467e-08 6.8900e-08 5.1640e-08 3.8508e-08 2.8571e-08 2.1092e-08 1.5492e-08 1.1321e-08 8.2314e-09 5.9548e-09 4.2860e-09 3.0693e-09 2.1869e-09 1.5503e-09 1.0934e-09 7.6728e-10 5.3569e-10 3.7210e-10 2.5716e-10 1.7682e-10 1.2096e-10 8.2326e-11 5.5746e-11 3.7556e-11 2.5172e-11 1.6785e-11 1.1136e-11 7.3498e-12 4.8262e-12 3.1528e-12 2.0491e-12 1.3249e-12 8.5227e-13 5.4541e-13 3.4723e-13 2.1992e-13 1.3857e-13 8.6859e-14 5.4163e-14 3.3599e-14 2.0734e-14 1.2728e-14 7.7730e-15 4.7220e-15 2.8535e-15
-2.2801e-04 -2.2662e-04 -2.2430e-04 -2.2111e-04 -2.1706e-04 3.6141e-03 -2.0661e-04 -2.0033e-04 -1.9344e-04 -1.8601e-04 -1.7811e-04 -1.6984e-04 -1.6127e-04 -1.5249e-04 -1.4358e-04 -1.3461e-04 -1.2566e-04 -1.1680e-04 -1.0810e-04 -9.9614e-05 -9.1394e-05 -8.3484e-05 -7.5924e-05 -6.8743e-05 -6.1965e-05 -5.5606e-05 -4.9676e-05 -4.4178e-05 -3.9111e-05 -3.4468e-05 -3.0238e-05 -2.6405e-05 -2.2952e-05 -1.9858e-05 -1.7102e-05 -1.4660e-05 -1.2508e-05 -1.0622e-05 -8.9778e-06 -7.5524e-06 -6.3233e-06 -5.2691e-06 -4.3698e-06 -3.6068e-06 -2.9627e-06 -2.4220e-06 -1.9705e-06 -1.5955e-06 -1.2856e-06 -1.0309e-06 -8.2261e-07 -6.5326e-07 -5.1625e-07 -4.0600e-07 -3.1773e-07 -2.4745e-07 -1.9177e-07 -1.4789e-07 -1.1349e-07 -8.6670e-08 -6.5861e-08 -4.9803e-08 -3.7475e-08 -2.8060e-08 -2.0907e-08 -1.5501e-08 -1.1435e-08 -8.3949e-09 -6.1323e-09 -4.4574e-09 -3.2240e-09 -2.3203e-09 -1.6617e-09 -1.1841e-09 -8.3959e-10 -5.9237e-10 -4.1588e-10 -2.9052e-10 -2.0194e-10 -1.3967e-10 -9.6123e-11 -6.5825e-11 -4.4853e-11 -3.0410e-11 -2.0516e-11 -1.3772e-11 -9.1989e-12 -6.1138e-12 -4.0431e-12 -2.6605e-12 -1.7419e-12 -1.1349e-12 -7.3566e-13 -4.7451e-13 -3.0454e-13 -1.9448e-13 -1.2358e-13 -7.8134e-14 -4.9155e-14 -3.0770e-14 2.2791e-04 2.2621e-04 2.2340e-04 2.1952e-04 2.1464e-04 0.0000e+00 2.0214e-04 1.9470e-04 1.8660e-04 1.7794e-04 1.6884e-04 1.5940e-04 1.4974e-04 1.3996e-04 1.3017e-04 1.2046e-04 1.1092e-04 1.0162e-04 9.2636e-05 8.4025e-05 7.5834e-05 6.8099e-05 6.0847e-05 5.4095e-05 4.7852e-05 4.2118e-05 3.6885e-05 3.2141e-05 2.7867e-05 2.4040e-05 2.0634e-05 1.7623e-05 1.4975e-05 1.2661e-05 1.0651e-05 8.9153e-06 7.4249e-06 6.1525e-06 5.0725e-06 4.1611e-06 3.3963e-06 2.7580e-06 2.2285e-06 1.7915e-06 1.4329e-06 1.1404e-06 9.0294e-07 7.1134e-07 5.5756e-07 4.3481e-07 3.3737e-07 2.6043e-07 2.0003e-07 1.5285e-07 1.1621e-07 8.7897e-08 6.6146e-08 4.9524e-08 3.6890e-08 2.7339e-08 2.0157e-08 1.4785e-08 1.0790e-08 7.8334e-09 5.6579e-09 4.0656e-09 2.9063e-09 2.0669e-09 1.4623e-09 1.0292e-09 7.2064e-10 5.0195e-10 3.4781e-10 2.3974e-10 1.6439e-10 1.1213e-10 7.6082e-11 5.1351e-11 3.4476e-11 2.3024e-11 1.5294e-11 1.0105e-11 6.6413e-12 4.3413e-12 2.8226e-12 1.8252e-12 1.1739e-12 7.5084e-13 4.7763e-13 3.0217e-13 1.9010e-13 1.1893e-13 7.3991e-14 4.5772e-14 2.8154e-14 1.7219e-14 1.0470e-14 6.3292e-15 3.8036e-15 2.2722e-15
-2.2076e-04 -2.1951e-04 -2.1745e-04 -2.1459e-04 -2.1097e-04 -2.0661e-04 4.9191e-03 -1.9591e-04 -1.8966e-04 -1.8290e-04 -1.7570e-04 -1.6811e-04 -1.6021e-04 -1.5207e-04 -1.4377e-04 -1.3536e-04 -1.2693e-04 -1.1853e-04 -1.1023e-04 -1.0208e-04 -9.4128e-05 -8.6429e-05 -7.9019e-05 -7.1932e-05 -6.5196e-05 -5.8831e-05 -5.2853e-05 -4.7272e-05 -4.2090e-05 -3.7308e-05 -3.2919e-05 -2.8915e-05 -2.5281e-05 -2.2002e-05 -1.9060e-05 -1.6434e-05 -1.4104e-05 -1.2048e-05 -1.0243e-05 -8.6672e-06 -7.2991e-06 -6.1177e-06 -5.1031e-06 -4.2364e-06 -3.5000e-06 -2.8777e-06 -2.3546e-06 -1.9173e-06 -1.5537e-06 -1.2529e-06 -1.0054e-06 -8.0290e-07 -6.3804e-07 -5.0456e-07 -3.9704e-07 -3.1091e-07 -2.4227e-07 -1.8785e-07 -1.4494e-07 -1.1128e-07 -8.5019e-08 -6.4634e-08 -4.8893e-08 -3.6804e-08 -2.7566e-08 -2.0545e-08 -1.5237e-08 -1.1244e-08 -8.2561e-09 -6.0323e-09 -4.3855e-09 -3.1725e-09 -2.2836e-09 -1.6356e-09 -1.1657e-09 -8.2663e-10 -5.8328e-10 -4.0952e-10 -2.8610e-10 -1.9888e-10 -1.3756e-10 -9.4672e-11 -6.4831e-11 -4.4176e-11 -2.9951e-11 -2.0206e-11 -1.3563e-11 -9.0592e-12 -6.0206e-12 -3.9813e-12 -2.6196e-12 -1.7151e-12 -1.1173e-12 -7.2419e-13 -4.6707e-13 -2.9974e-13 -1.9140e-13 -1.2160e-13 -7.6877e-14 -4.8358e-14 2.2062e-04 2.1898e-04 2.1626e-04 2.1250e-04 2.0778e-04 2.0214e-04 0.0000e+00 1.8847e-04 1.8063e-04 1.7225e-04 1.6343e-04 1.5430e-04 1.4494e-04 1.3548e-04 1.2600e-04 1.1659e-04 1.0735e-04 9.8351e-05 8.9653e-05 8.1315e-05 7.3383e-05 6.5893e-05 5.8871e-05 5.2333e-05 4.6289e-05 4.0736e-05 3.5670e-05 3.1077e-05 2.6940e-05 2.3235e-05 1.9939e-05 1.7025e-05 1.4463e-05 1.2225e-05 1.0281e-05 8.6022e-06 7.1613e-06 5.9315e-06 4.8881e-06 4.0077e-06 3.2693e-06 2.6533e-06 2.1425e-06 1.7211e-06 1.3756e-06 1.0939e-06 8.6535e-07 6.8107e-07 5.3329e-07 4.1543e-07 3.2195e-07 2.4822e-07 1.9038e-07 1.4527e-07 1.1027e-07 8.3269e-08 6.2552e-08 4.6744e-08 3.4748e-08 2.5695e-08 1.8901e-08 1.3830e-08 1.0066e-08 7.2872e-09 5.2476e-09 3.7586e-09 2.6777e-09 1.8974e-09 1.3371e-09 9.3721e-10 6.5331e-10 4.5290e-10 3.1224e-10 2.1406e-10 1.4594e-10 9.8932e-11 6.6685e-11 4.4692e-11 2.9780e-11 1.9727e-11 1.2991e-11 8.5042e-12 5.5334e-12 3.5784e-12 2.2998e-12 1.4687e-12 9.3193e-13 5.8747e-13 3.6785e-13 2.2876e-13 1.4126e-13 8.6598e-14 5.2690e-14 3.1809e-14 1.9048e-14 1.1309e-14 6.6539e-15 3.8776e-15 2.2364e-15 1.2755e-15
-2.1267e-04 -2.1159e-04 -2.0980e-04 -2.0731e-04 -2.0414e-04 -2.0033e-04 -1.9591e-04 6.4248e-03 -1.8537e-04 -1.7935e-04 -1.7290e-04 -1.6606e-04 -1.5890e-04 -1.5148e-04 -1.4385e-04 -1.3608e-04 -1.2823e-04 -1.2035e-04 -1.1250e-04 -1.0473e-04 -9.7099e-05 -8.9649e-05 -8.2422e-05 -7.5456e-05 -6.8782e-05 -6.2426e-05 -5.6409e-05 -5.0747e-05 -4.5450e-05 -4.0523e-05 -3.5967e-05 -3.1777e-05 -2.7947e-05 -2.4465e-05 -2.1318e-05 -1.8489e-05 -1.5960e-05 -1.3712e-05 -1.1725e-05 -9.9782e-06 -8.4513e-06 -7.1237e-06 -5.9759e-06 -4.9889e-06 -4.1448e-06 -3.4268e-06 -2.8195e-06 -2.3085e-06 -1.8809e-06 -1.5250e-06 -1.2304e-06 -9.8789e-07 -7.8926e-07 -6.2747e-07 -4.9639e-07 -3.9076e-07 -3.0609e-07 -2.3858e-07 -1.8505e-07 -1.4281e-07 -1.0967e-07 -8.3806e-08 -6.3722e-08 -4.8211e-08 -3.6295e-08 -2.7188e-08 -2.0266e-08 -1.5030e-08 -1.1092e-08 -8.1452e-09 -5.9514e-09 -4.3268e-09 -3.1301e-09 -2.2531e-09 -1.6137e-09 -1.1500e-09 -8.1548e-10 -5.7538e-10 -4.0395e-10 -2.8219e-10 -1.9614e-10 -1.3565e-10 -9.3352e-11 -6.3922e-11 -4.3551e-11 -2.9524e-11 -1.9915e-11 -1.3367e-11 -8.9268e-12 -5.9319e-12 -3.9221e-12 -2.5803e-12 -1.6891e-12 -1.1002e-12 -7.1300e-13 -4.5979e-13 -2.9502e-13 -1.8835e-13 -1.1965e-13 -7.5630e-14 2.1250e-04 2.1092e-04 2.0830e-04 2.0468e-04 2.0013e-04 1.9470e-04 1.8847e-04 0.0000e+00 1.7398e-04 1.6590e-04 1.5741e-04 1.4861e-04 1.3960e-04 1.3048e-04 1.2134e-04 1.1228e-04 1.0338e-04 9.4703e-05 8.6321e-05 7.8286e-05 7.0643e-05 6.3425e-05 5.6658e-05 5.0359e-05 4.4535e-05 3.9185e-05 3.4304e-05 2.9880e-05 2.5894e-05 2.2327e-05 1.9153e-05 1.6347e-05 1.3881e-05 1.1728e-05 9.8574e-06 8.2432e-06 6.8581e-06 5.6765e-06 4.6744e-06 3.8294e-06 3.1210e-06 2.5305e-06 2.0411e-06 1.6378e-06 1.3074e-06 1.0382e-06 8.2012e-07 6.4445e-07 5.0375e-07 3.9169e-07 3.0294e-07 2.3306e-07 1.7834e-07 1.3574e-07 1.0276e-07 7.7372e-08 5.7940e-08 4.3151e-08 3.1961e-08 2.3542e-08 1.7244e-08 1.2560e-08 9.0968e-09 6.5510e-09 4.6906e-09 3.3390e-09 2.3630e-09 1.6624e-09 1.1625e-09 8.0795e-10 5.5809e-10 3.8308e-10 2.6127e-10 1.7704e-10 1.1916e-10 7.9662e-11 5.2883e-11 3.4852e-11 2.2798e-11 1.4798e-11 9.5278e-12 6.0825e-12 3.8484e-12 2.4117e-12 1.4959e-12 9.1760e-13 5.5598e-13 3.3228e-13 1.9550e-13 1.1293e-13 6.3809e-14 3.5067e-14 1.8578e-14 9.3423e-15 4.3250e-15 1.7097e-15 4.2692e-16 -1.4143e-16 -3.4434e-16 -3.7332e-16
-2.0387e-04 -2.0296e-04 -2.0145e-04 -1.9935e-04 -1.9668e-04 -1.9344e-04 -1.8966e-04 -1.8537e-04 8.1312e-03 -1.7536e-04 -1.6972e-04 -1.6369e-04 -1.5733e-04 -1.5068e-04 -1.4379e-04 -1.3671e-04 -1.2949e-04 -1.2218e-04 -1.1484e-04 -1.0750e-04 -1.0024e-04 -9.3075e-05 -8.6067e-05 -7.9252e-05 -7.2664e-05 -6.6337e-05 -6.0296e-05 -5.4564e-05 -4.9156e-05 -4.4085e-05 -3.9357e-05 -3.4976e-05 -3.0939e-05 -2.7241e-05 -2.3873e-05 -2.0824e-05 -1.8078e-05 -1.5619e-05 -1.3431e-05 -1.1494e-05 -9.7894e-06 -8.2972e-06 -6.9985e-06 -5.8745e-06 -4.9070e-06 -4.0789e-06 -3.3739e-06 -2.7772e-06 -2.2748e-06 -1.8541e-06 -1.5038e-06 -1.2137e-06 -9.7469e-07 -7.7890e-07 -6.1936e-07 -4.9006e-07 -3.8584e-07 -3.0227e-07 -2.3563e-07 -1.8277e-07 -1.4107e-07 -1.0834e-07 -8.2788e-08 -6.2950e-08 -4.7627e-08 -3.5855e-08 -2.6858e-08 -2.0018e-08 -1.4846e-08 -1.0956e-08 -8.0443e-09 -5.8772e-09 -4.2725e-09 -3.0905e-09 -2.2243e-09 -1.5929e-09 -1.1351e-09 -8.0479e-10 -5.6777e-10 -3.9855e-10 -2.7837e-10 -1.9346e-10 -1.3378e-10 -9.2051e-11 -6.3021e-11 -4.2931e-11 -2.9099e-11 -1.9625e-11 -1.3170e-11 -8.7939e-12 -5.8426e-12 -3.8624e-12 -2.5406e-12 -1.6628e-12 -1.0829e-12 -7.0168e-13 -4.5241e-13 -2.9024e-13 -1.8527e-13 -1.1767e-13 2.0366e-04 2.0214e-04 1.9963e-04 1.9617e-04 1.9180e-04 1.8660e-04 1.8063e-04 1.7398e-04 0.0000e+00 1.5899e-04 1.5085e-04 1.4241e-04 1.3377e-04 1.2503e-04 1.1627e-04 1.0758e-04 9.9043e-05 9.0723e-05 8.2685e-05 7.4979e-05 6.7648e-05 6.0726e-05 5.4237e-05 4.8196e-05 4.2610e-05 3.7481e-05 3.2802e-05 2.8560e-05 2.4740e-05 2.1322e-05 1.8281e-05 1.5594e-05 1.3233e-05 1.1172e-05 9.3831e-06 7.8397e-06 6.5161e-06 5.3877e-06 4.4314e-06 3.6257e-06 2.9508e-06 2.3889e-06 1.9237e-06 1.5408e-06 1.2275e-06 9.7265e-07 7.6652e-07 6.0079e-07 4.6831e-07 3.6303e-07 2.7985e-07 2.1452e-07 1.6352e-07 1.2393e-07 9.3385e-08 6.9960e-08 5.2103e-08 3.8573e-08 2.8384e-08 2.0759e-08 1.5088e-08 1.0896e-08 7.8187e-09 5.5733e-09 3.9459e-09 2.7744e-09 1.9368e-09 1.3420e-09 9.2283e-10 6.2950e-10 4.2581e-10 2.8549e-10 1.8961e-10 1.2467e-10 8.1072e-11 5.2089e-11 3.3020e-11 2.0614e-11 1.2641e-11 7.5876e-12 4.4343e-12 2.5024e-12 1.3444e-12 6.6910e-13 2.8925e-13 8.6203e-14 -1.3969e-14 -5.6479e-14 -6.8336e-14 -6.5216e-14 -5.5872e-14 -4.4928e-14 -3.4620e-14 -2.5855e-14 -1.8845e-14 -1.3465e-14 -9.4605e-15 -6.5511e-15 -4.4783e-15 -3.0259e-15
-1.9446e-04 -1.9373e-04 -1.9251e-04 -1.9082e-04 -1.8865e-04 -1.8601e-04 -1.8290e-04 -1.7935e-04 -1.7536e-04 1.0038e-02 -1.6616e-04 -1.6098e-04 -1.5547e-04 -1.4964e-04 -1.4353e-04 -1.3719e-04 -1.3066e-04 -1.2397e-04 -1.1718e-04 -1.1033e-04 -1.0346e-04 -9.6633e-05 -8.9882e-05 -8.3251e-05 -7.6782e-05 -7.0508e-05 -6.4464e-05 -5.8677e-05 -5.3169e-05 -4.7961e-05 -4.3065e-05 -3.8490e-05 -3.4242e-05 -3.0320e-05 -2.6721e-05 -2.3438e-05 -2.0460e-05 -1.7775e-05 -1.5369e-05 -1.3224e-05 -1.1323e-05 -9.6487e-06 -8.1818e-06 -6.9041e-06 -5.7974e-06 -4.8442e-06 -4.0279e-06 -3.3327e-06 -2.7439e-06 -2.2479e-06 -1.8325e-06 -1.4865e-06 -1.1998e-06 -9.6367e-07 -7.7014e-07 -6.1243e-07 -4.8459e-07 -3.8153e-07 -2.9890e-07 -2.3300e-07 -1.8072e-07 -1.3948e-07 -1.0711e-07 -8.1843e-08 -6.2226e-08 -4.7075e-08 -3.5435e-08 -2.6541e-08 -1.9780e-08 -1.4667e-08 -1.0822e-08 -7.9453e-09 -5.8041e-09 -4.2187e-09 -3.0511e-09 -2.1956e-09 -1.5722e-09 -1.1201e-09 -7.9404e-10 -5.6009e-10 -3.9310e-10 -2.7452e-10 -1.9075e-10 -1.3189e-10 -9.0731e-11 -6.2106e-11 -4.2300e-11 -2.8667e-11 -1.9331e-11 -1.2970e-11 -8.6589e-12 -5.7519e-12 -3.8018e-12 -2.5003e-12 -1.6361e-12 -1.0653e-12 -6.9019e-13 -4.4492e-13 -2.8538e-13 -1.8214e-13 1.9421e-04 1.9276e-04 1.9037e-04 1.8707e-04 1.8290e-04 1.7794e-04 1.7225e-04 1.6590e-04 1.5899e-04 0.0000e+00 1.4384e-04 1.3579e-04 1.2755e-04 1.1920e-04 1.1084e-04 1.0255e-04 9.4402e-05 8.6462e-05 7.8789e-05 7.1433e-05 6.4436e-05 5.7829e-05 5.1634e-05 4.5869e-05 4.0538e-05 3.5643e-05 3.1178e-05 2.7132e-05 2.3489e-05 2.0230e-05 1.7332e-05 1.4772e-05 1.2523e-05 1.0562e-05 8.8600e-06 7.3931e-06 6.1361e-06 5.0655e-06 4.1591e-06 3.3964e-06 2.7584e-06 2.2279e-06 1.7894e-06 1.4292e-06 1.1351e-06 8.9638e-07 7.0379e-07 5.4937e-07 4.2630e-07 3.2883e-07 2.5212e-07 1.9211e-07 1.4547e-07 1.0945e-07 8.1814e-08 6.0749e-08 4.4799e-08 3.2805e-08 2.3848e-08 1.7206e-08 1.2316e-08 8.7442e-09 6.1544e-09 4.2920e-09 2.9638e-09 2.0250e-09 1.3675e-09 9.1164e-10 5.9891e-10 3.8686e-10 2.4491e-10 1.5126e-10 9.0492e-11 5.1823e-11 2.7798e-11 1.3318e-11 4.9422e-12 3.7981e-13 -1.8681e-12 -2.7647e-12 -2.9152e-12 -2.6893e-12 -2.3046e-12 -1.8827e-12 -1.4863e-12 -1.1430e-12 -8.6057e-13 -6.3663e-13 -4.6388e-13 -3.3352e-13 -2.3694e-13 -1.6650e-13 -1.1583e-13 -7.9827e-14 -5.4530e-14 -3.6939e-14 -2.4823e-14 -1.6553e-14 -1.0957e-14 -7.2010e-15
-1.8456e-04 -1.8401e-04 -1.8310e-04 -1.8181e-04 -1.8015e-04 -1.7811e-04 -1.7570e-04 -1.7290e-04 -1.6972e-04 -1.6616e-04 1.2146e-02 -1.5793e-04 -1.5329e-04 -1.4831e-04 -1.4303e-04 -1.3747e-04 -1.3166e-04 -1.2564e-04 -1.1944e-04 -1.1312e-04 -1.0670e-04 -1.0025e-04 -9.3792e-05 -8.7384e-05 -8.1066e-05 -7.4877e-05 -6.8856e-05 -6.3036e-05 -5.7447e-05 -5.2115e-05 -4.7060e-05 -4.2297e-05 -3.7838e-05 -3.3689e-05 -2.9853e-05 -2.6328e-05 -2.3107e-05 -2.0182e-05 -1.7543e-05 -1.5174e-05 -1.3062e-05 -1.1188e-05 -9.5367e-06 -8.0890e-06 -6.8273e-06 -5.7340e-06 -4.7920e-06 -3.9850e-06 -3.2975e-06 -2.7151e-06 -2.2245e-06 -1.8134e-06 -1.4710e-06 -1.1873e-06 -9.5360e-07 -7.6206e-07 -6.0596e-07 -4.7944e-07 -3.7744e-07 -2.9567e-07 -2.3045e-07 -1.7873e-07 -1.3792e-07 -1.0590e-07 -8.0910e-08 -6.1508e-08 -4.6525e-08 -3.5016e-08 -2.6223e-08 -1.9540e-08 -1.4487e-08 -1.0687e-08 -7.8451e-09 -5.7299e-09 -4.1641e-09 -3.0111e-09 -2.1665e-09 -1.5510e-09 -1.1048e-09 -7.8309e-10 -5.5227e-10 -3.8754e-10 -2.7059e-10 -1.8799e-10 -1.2995e-10 -8.9386e-11 -6.1176e-11 -4.1659e-11 -2.8228e-11 -1.9031e-11 -1.2767e-11 -8.5218e-12 -5.6599e-12 -3.7403e-12 -2.4595e-12 -1.6092e-12 -1.0476e-12 -6.7859e-13 -4.3738e-13 -2.8050e-13 1.8428e-04 1.8290e-04 1.8063e-04 1.7750e-04 1.7355e-04 1.6884e-04 1.6343e-04 1.5741e-04 1.5085e-04 1.4384e-04 0.0000e+00 1.2883e-04 1.2100e-04 1.1307e-04 1.0513e-04 9.7257e-05 8.9515e-05 8.1972e-05 7.4682e-05 6.7693e-05 6.1045e-05 5.4767e-05 4.8882e-05 4.3404e-05 3.8340e-05 3.3691e-05 2.9451e-05 2.5610e-05 2.2152e-05 1.9060e-05 1.6312e-05 1.3886e-05 1.1757e-05 9.9000e-06 8.2911e-06 6.9054e-06 5.7194e-06 4.7106e-06 3.8578e-06 3.1413e-06 2.5431e-06 2.0468e-06 1.6376e-06 1.3024e-06 1.0294e-06 8.0859e-07 6.3111e-07 4.8940e-07 3.7699e-07 2.8843e-07 2.1912e-07 1.6526e-07 1.2371e-07 9.1875e-08 6.7675e-08 4.9418e-08 3.5755e-08 2.5615e-08 1.8156e-08 1.2719e-08 8.7941e-09 5.9912e-09 4.0123e-09 2.6326e-09 1.6842e-09 1.0427e-09 6.1701e-10 3.4089e-10 1.6690e-10 6.1425e-11 9.4051e-13 -3.0757e-11 -4.4645e-11 -4.8016e-11 -4.5600e-11 -4.0374e-11 -3.4140e-11 -2.7926e-11 -2.2267e-11 -1.7391e-11 -1.3349e-11 -1.0096e-11 -7.5349e-12 -5.5576e-12 -4.0552e-12 -2.9296e-12 -2.0968e-12 -1.4877e-12 -1.0468e-12 -7.3069e-13 -5.0618e-13 -3.4808e-13 -2.3766e-13 -1.6115e-13 -1.0854e-13 -7.2621e-14 -4.8276e-14 -3.1890e-14 -2.0934e-14 -1.3659e-14
-1.7430e-04 -1.7393e-04 -1.7331e-04 -1.7243e-04 -1.7128e-04 -1.6984e-04 -1.6811e-04 -1.6606e-04 -1.6369e-04 -1.6098e-04 -1.5793e-04 1.4454e-02 -1.5077e-04 -1.4668e-04 -1.4224e-04 -1.3749e-04 -1.3244e-04 -1.2712e-04 -1.2156e-04 -1.1580e-04 -1.0988e-04 -1.0384e-04 -9.7720e-05 -9.1575e-05 -8.5446e-05 -7.9378e-05 -7.3412e-05 -6.7588e-05 -6.1942e-05 -5.6506e-05 -5.1307e-05 -4.6367e-05 -4.1705e-05 -3.7333e-05 -3.3259e-05 -2.9487e-05 -2.6016e-05 -2.2843e-05 -1.9958e-05 -1.7353e-05 -1.5014e-05 -1.2926e-05 -1.1074e-05 -9.4408e-06 -8.0084e-06 -6.7598e-06 -5.6776e-06 -4.7450e-06 -3.9459e-06 -3.2650e-06 -2.6882e-06 -2.2023e-06 -1.7953e-06 -1.4562e-06 -1.1753e-06 -9.4379e-07 -7.5413e-07 -5.9959e-07 -4.7433e-07 -3.7337e-07 -2.9244e-07 -2.2790e-07 -1.7672e-07 -1.3635e-07 -1.0468e-07 -7.9964e-08 -6.0778e-08 -4.5965e-08 -3.4589e-08 -2.5898e-08 -1.9295e-08 -1.4303e-08 -1.0550e-08 -7.7427e-09 -5.6541e-09 -4.1083e-09 -2.9702e-09 -2.1367e-09 -1.5294e-09 -1.0893e-09 -7.7193e-10 -5.4431e-10 -3.8189e-10 -2.6660e-10 -1.8519e-10 -1.2800e-10 -8.8024e-11 -6.0233e-11 -4.1011e-11 -2.7784e-11 -1.8729e-11 -1.2562e-11 -8.3838e-12 -5.5673e-12 -3.6786e-12 -2.4185e-12 -1.5821e-12 -1.0298e-12 -6.6698e-13 -4.2983e-13 1.7398e-04 1.7268e-04 1.7054e-04 1.6758e-04 1.6385e-04 1.5940e-04 1.5430e-04 1.4861e-04 1.4241e-04 1.3579e-04 1.2883e-04 0.0000e+00 1.1420e-04 1.0671e-04 9.9207e-05 9.1760e-05 8.4440e-05 7.7306e-05 7.0412e-05 6.3802e-05 5.7513e-05 5.1576e-05 4.6009e-05 4.0829e-05 3.6041e-05 3.1646e-05 2.7638e-05 2.4009e-05 2.0743e-05 1.7824e-05 1.5232e-05 1.2944e-05 1.0939e-05 9.1916e-06 7.6794e-06 6.3789e-06 5.2675e-06 4.3239e-06 3.5278e-06 2.8605e-06 2.3049e-06 1.8453e-06 1.4677e-06 1.1594e-06 9.0956e-07 7.0843e-07 5.4766e-07 4.2010e-07 3.1963e-07 2.4111e-07 1.8022e-07 1.3340e-07 9.7705e-08 7.0736e-08 5.0555e-08 3.5608e-08 2.4661e-08 1.6739e-08 1.1084e-08 7.1083e-09 4.3628e-09 2.5067e-09 1.2846e-09 5.0703e-10 3.5496e-11 -2.3012e-10 -3.6104e-10 -4.0707e-10 -4.0234e-10 -3.6971e-10 -3.2400e-10 -2.7446e-10 -2.2652e-10 -1.8308e-10 -1.4539e-10 -1.1374e-10 -8.7810e-11 -6.6988e-11 -5.0552e-11 -3.7770e-11 -2.7957e-11 -2.0513e-11 -1.4926e-11 -1.0775e-11 -7.7193e-12 -5.4897e-12 -3.8763e-12 -2.7183e-12 -1.8934e-12 -1.3101e-12 -9.0075e-13 -6.1537e-13 -4.1780e-13 -2.8193e-13 -1.8910e-13 -1.2608e-13 -8.3570e-14 -5.5070e-14 -3.6081e-14 -2.3504e-14
-1.6379e-04 -1.6359e-04 -1.6326e-04 -1.6278e-04 -1.6212e-04 -1.6127e-04 -1.6021e-04 -1.5890e-04 -1.5733e-04 -1.5547e-04 -1.5329e-04 -1.5077e-04 1.6963e-02 -1.4470e-04 -1.4113e-04 -1.3721e-04 -1.3294e-04 -1.2835e-04 -1.2346e-04 -1.1830e-04 -1.1291e-04 -1.0732e-04 -1.0159e-04 -9.5748e-05 -8.9850e-05 -8.3941e-05 -7.8068e-05 -7.2275e-05 -6.6602e-05 -6.1089e-05 -5.5768e-05 -5.0669e-05 -4.5817e-05 -4.1230e-05 -3.6923e-05 -3.2906e-05 -2.9183e-05 -2.5755e-05 -2.2618e-05 -1.9765e-05 -1.7187e-05 -1.4872e-05 -1.2805e-05 -1.0971e-05 -9.3525e-06 -7.9334e-06 -6.6962e-06 -5.6239e-06 -4.6998e-06 -3.9080e-06 -3.2334e-06 -2.6619e-06 -2.1805e-06 -1.7773e-06 -1.4414e-06 -1.1631e-06 -9.3391e-07 -7.4612e-07 -5.9312e-07 -4.6915e-07 -3.6923e-07 -2.8914e-07 -2.2530e-07 -1.7467e-07 -1.3475e-07 -1.0343e-07 -7.8995e-08 -6.0032e-08 -4.5393e-08 -3.4152e-08 -2.5567e-08 -1.9044e-08 -1.4115e-08 -1.0409e-08 -7.6383e-09 -5.5769e-09 -4.0516e-09 -2.9287e-09 -2.1065e-09 -1.5075e-09 -1.0735e-09 -7.6063e-10 -5.3626e-10 -3.7618e-10 -2.6257e-10 -1.8236e-10 -1.2602e-10 -8.6653e-11 -5.9286e-11 -4.0360e-11 -2.7338e-11 -1.8426e-11 -1.2357e-11 -8.2457e-12 -5.4749e-12 -3.6170e-12 -2.3776e-12 -1.5552e-12 -1.0121e-12 -6.5544e-13 1.6344e-04 1.6222e-04 1.6021e-04 1.5742e-04 1.5392e-04 1.4974e-04 1.4494e-04 1.3960e-04 1.3377e-04 1.2755e-04 1.2100e-04 1.1420e-04 0.0000e+00 1.0020e-04 9.3133e-05 8.6125e-05 7.9234e-05 7.2518e-05 6.6027e-05 5.9803e-05 5.3882e-05 4.8291e-05 4.3049e-05 3.8172e-05 3.3664e-05 2.9528e-05 2.5757e-05 2.2344e-05 1.9274e-05 1.6532e-05 1.4099e-05 1.1954e-05 1.0075e-05 8.4411e-06 7.0288e-06 5.8163e-06 4.7824e-06 3.9066e-06 3.1699e-06 2.5544e-06 2.0437e-06 1.6230e-06 1.2790e-06 9.9979e-07 7.7487e-07 5.9511e-07 4.5263e-07 3.4065e-07 2.5343e-07 1.8614e-07 1.3473e-07 9.5894e-08 6.6894e-08 4.5522e-08 3.0003e-08 1.8923e-08 1.1170e-08 5.8778e-09 2.3771e-09 1.5908e-10 -1.1589e-09 -1.8610e-09 -2.1545e-09 -2.1882e-09 -2.0669e-09 -1.8623e-09 -1.6221e-09 -1.3767e-09 -1.1442e-09 -9.3455e-10 -7.5193e-10 -5.9706e-10 -4.6849e-10 -3.6366e-10 -2.7949e-10 -2.1282e-10 -1.6063e-10 -1.2025e-10 -8.9303e-11 -6.5821e-11 -4.8159e-11 -3.4988e-11 -2.5244e-11 -1.8092e-11 -1.2881e-11 -9.1129e-12 -6.4063e-12 -4.4758e-12 -3.1080e-12 -2.1452e-12 -1.4719e-12 -1.0040e-12 -6.8091e-13 -4.5913e-13 -3.0782e-13 -2.0521e-13 -1.3604e-13 -8.9687e-14 -5.8800e-14 -3.8338e-14
-1.5315e-04 -1.5312e-04 -1.5306e-04 -1.5295e-04 -1.5277e-04 -1.5249e-04 -1.5207e-04 -1.5148e-04 -1.5068e-04 -1.4964e-04 -1.4831e-04 -1.4668e-04 -1.4470e-04 1.9672e-02 -1.3966e-04 -1.3657e-04 -1.3310e-04 -1.2927e-04 -1.2507e-04 -1.2055e-04 -1.1572e-04 -1.1063e-04 -1.0532e-04 -9.9826e-05 -9.4203e-05 -8.8497e-05 -8.2758e-05 -7.7034e-05 -7.1371e-05 -6.5813e-05 -6.0399e-05 -5.5166e-05 -5.0143e-05 -4.5357e-05 -4.0828e-05 -3.6572e-05 -3.2599e-05 -2.8915e-05 -2.5521e-05 -2.2414e-05 -1.9588e-05 -1.7033e-05 -1.4738e-05 -1.2689e-05 -1.0871e-05 -9.2668e-06 -7.8600e-06 -6.6336e-06 -5.5706e-06 -4.6547e-06 -3.8699e-06 -3.2015e-06 -2.6352e-06 -2.1583e-06 -1.7589e-06 -1.4262e-06 -1.1507e-06 -9.2380e-07 -7.3793e-07 -5.8651e-07 -4.6383e-07 -3.6498e-07 -2.8577e-07 -2.2263e-07 -1.7257e-07 -1.3311e-07 -1.0215e-07 -7.8005e-08 -5.9269e-08 -4.4808e-08 -3.3707e-08 -2.5229e-08 -1.8790e-08 -1.3924e-08 -1.0267e-08 -7.5324e-09 -5.4987e-09 -3.9941e-09 -2.8867e-09 -2.0759e-09 -1.4855e-09 -1.0576e-09 -7.4926e-10 -5.2816e-10 -3.7044e-10 -2.5853e-10 -1.7953e-10 -1.2404e-10 -8.5281e-11 -5.8339e-11 -3.9709e-11 -2.6894e-11 -1.8124e-11 -1.2153e-11 -8.1084e-12 -5.3830e-12 -3.5558e-12 -2.3371e-12 -1.5285e-12 -9.9464e-13 1.5277e-04 1.5163e-04 1.4975e-04 1.4715e-04 1.4387e-04 1.3996e-04 1.3548e-04 1.3048e-04 1.2503e-04 1.1920e-04 1.1307e-04 1.0671e-04 1.0020e-04 0.0000e+00 8.6979e-05 8.0413e-05 7.3956e-05 6.7661e-05 6.1577e-05 5.5742e-05 5.0190e-05 4.4947e-05 4.0033e-05 3.5460e-05 3.1235e-05 2.7359e-05 2.3827e-05 2.0632e-05 1.7760e-05 1.5196e-05 1.2924e-05 1.0923e-05 9.1733e-06 7.6538e-06 6.3433e-06 5.2209e-06 4.2664e-06 3.4605e-06 2.7851e-06 2.2233e-06 1.7595e-06 1.3798e-06 1.0713e-06 8.2289e-07 6.2463e-07 4.6790e-07 3.4524e-07 2.5028e-07 1.7763e-07 1.2277e-07 8.1948e-08 5.2085e-08 3.0671e-08 1.5688e-08 5.5293e-09 -1.0709e-09 -5.0953e-09 -7.2980e-09 -8.2491e-09 -8.3726e-09 -7.9779e-09 -7.2859e-09 -6.4502e-09 -5.5738e-09 -4.7223e-09 -3.9350e-09 -3.2321e-09 -2.6211e-09 -2.1014e-09 -1.6671e-09 -1.3097e-09 -1.0197e-09 -7.8708e-10 -6.0261e-10 -4.5779e-10 -3.4519e-10 -2.5841e-10 -1.9209e-10 -1.4183e-10 -1.0402e-10 -7.5799e-11 -5.4884e-11 -3.9493e-11 -2.8243e-11 -2.0076e-11 -1.4186e-11 -9.9649e-12 -6.9591e-12 -4.8320e-12 -3.3359e-12 -2.2900e-12 -1.5633e-12 -1.0612e-12 -7.1638e-13 -4.8096e-13 -3.2114e-13 -2.1326e-13 -1.4085e-13 -9.2531e-14 -6.0461e-14
-1.4249e-04 -1.4262e-04 -1.4282e-04 -1.4306e-04 -1.4333e-04 -1.4358e-04 -1.4377e-04 -1.4385e-04 -1.4379e-04 -1.4353e-04 -1.4303e-04 -1.4224e-04 -1.4113e-04 -1.3966e-04 2.2582e-02 -1.3555e-04 -1.3289e-04 -1.2981e-04 -1.2634e-04 -1.2247e-04 -1.1825e-04 -1.1369e-04 -1.0884e-04 -1.0374e-04 -9.8432e-05 -9.2974e-05 -8.7414e-05 -8.1803e-05 -7.6191e-05 -7.0627e-05 -6.5154e-05 -5.9816e-05 -5.4649e-05 -4.9685e-05 -4.4950e-05 -4.0467e-05 -3.6252e-05 -3.2316e-05 -2.8664e-05 -2.5299e-05 -2.2218e-05 -1.9416e-05 -1.6883e-05 -1.4607e-05 -1.2575e-05 -1.0771e-05 -9.1808e-06 -7.7860e-06 -6.5702e-06 -5.5165e-06 -4.6087e-06 -3.8311e-06 -3.1688e-06 -2.6079e-06 -2.1356e-06 -1.7401e-06 -1.4107e-06 -1.1380e-06 -9.1344e-07 -7.2952e-07 -5.7972e-07 -4.5839e-07 -3.6064e-07 -2.8231e-07 -2.1990e-07 -1.7043e-07 -1.3143e-07 -1.0085e-07 -7.6997e-08 -5.8493e-08 -4.4215e-08 -3.3255e-08 -2.4887e-08 -1.8532e-08 -1.3731e-08 -1.0123e-08 -7.4255e-09 -5.4199e-09 -3.9362e-09 -2.8445e-09 -2.0453e-09 -1.4633e-09 -1.0417e-09 -7.3787e-10 -5.2005e-10 -3.6471e-10 -2.5449e-10 -1.7670e-10 -1.2207e-10 -8.3916e-11 -5.7398e-11 -3.9064e-11 -2.6454e-11 -1.7825e-11 -1.1951e-11 -7.9726e-12 -5.2922e-12 -3.4954e-12 -2.2972e-12 -1.5022e-12 1.4209e-04 1.4103e-04 1.3928e-04 1.3686e-04 1.3381e-04 1.3017e-04 1.2600e-04 1.2134e-04 1.1627e-04 1.1084e-04 1.0513e-04 9.9207e-05 9.3133e-05 8.6979e-05 0.0000e+00 7.4685e-05 6.8660e-05 6.2786e-05 5.7106e-05 5.1658e-05 4.6475e-05 4.1579e-05 3.6991e-05 3.2722e-05 2.8778e-05 2.5161e-05 2.1867e-05 1.8888e-05 1.6214e-05 1.3828e-05 1.1717e-05 9.8603e-06 8.2398e-06 6.8355e-06 5.6275e-06 4.5961e-06 3.7222e-06 2.9875e-06 2.3748e-06 1.8682e-06 1.4529e-06 1.1156e-06 8.4431e-07 6.2833e-07 4.5833e-07 3.2615e-07 2.2478e-07 1.4823e-07 9.1460e-08 5.0260e-08 2.1153e-08 1.2991e-09 -1.1590e-08 -1.9340e-08 -2.3386e-08 -2.4840e-08 -2.4550e-08 -2.3152e-08 -2.1111e-08 -1.8759e-08 -1.6327e-08 -1.3966e-08 -1.1769e-08 -9.7889e-09 -8.0464e-09 -6.5435e-09 -5.2690e-09 -4.2037e-09 -3.3249e-09 -2.6082e-09 -2.0300e-09 -1.5681e-09 -1.2026e-09 -9.1577e-10 -6.9261e-10 -5.2036e-10 -3.8841e-10 -2.8808e-10 -2.1233e-10 -1.5554e-10 -1.1326e-10 -8.1973e-11 -5.8982e-11 -4.2193e-11 -3.0009e-11 -2.1222e-11 -1.4923e-11 -1.0435e-11 -7.2562e-12 -5.0179e-12 -3.4510e-12 -2.3604e-12 -1.6057e-12 -1.0865e-12 -7.3115e-13 -4.8941e-13 -3.2586e-13 -2.1581e-13 -1.4217e-13 -9.3164e-14
-1.3191e-04 -1.3219e-04 -1.3262e-04 -1.3319e-04 -1.3387e-04 -1.3461e-04 -1.3536e-04 -1.3608e-04 -1.3671e-04 -1.3719e-04 -1.3747e-04 -1.3749e-04 -1.3721e-04 -1.3657e-04 -1.3555e-04 2.5692e-02 -1.3226e-04 -1.2995e-04 -1.2720e-04 -1.2402e-04 -1.2041e-04 -1.1642e-04 -1.1207e-04 -1.0740e-04 -1.0246e-04 -9.7302e-05 -9.1968e-05 -8.6517e-05 -8.1001e-05 -7.5473e-05 -6.9982e-05 -6.4576e-05 -5.9296e-05 -5.4181e-05 -4.9263e-05 -4.4571e-05 -4.0126e-05 -3.5946e-05 -3.2041e-05 -2.8419e-05 -2.5081e-05 -2.2024e-05 -1.9244e-05 -1.6731e-05 -1.4474e-05 -1.2458e-05 -1.0670e-05 -9.0929e-06 -7.7102e-06 -6.5051e-06 -5.4610e-06 -4.5616e-06 -3.7912e-06 -3.1353e-06 -2.5799e-06 -2.1122e-06 -1.7208e-06 -1.3948e-06 -1.1250e-06 -9.0282e-07 -7.2091e-07 -5.7279e-07 -4.5282e-07 -3.5620e-07 -2.7880e-07 -2.1712e-07 -1.6825e-07 -1.2973e-07 -9.9527e-08 -7.5976e-08 -5.7709e-08 -4.3615e-08 -3.2799e-08 -2.4542e-08 -1.8272e-08 -1.3536e-08 -9.9780e-09 -7.3183e-09 -5.3409e-09 -3.8783e-09 -2.8022e-09 -2.0146e-09 -1.4412e-09 -1.0258e-09 -7.2653e-10 -5.1199e-10 -3.5901e-10 -2.5049e-10 -1.7390e-10 -1.2012e-10 -8.2564e-11 -5.6466e-11 -3.8425e-11 -2.6018e-11 -1.7530e-11 -1.1752e-11 -7.8388e-12 -5.2027e-12 -3.4360e-12 -2.2579e-12 1.3149e-04 1.3051e-04 1.2889e-04 1.2665e-04 1.2383e-04 1.2046e-04 1.1659e-04 1.1228e-04 1.0758e-04 1.0255e-04 9.7257e-05 9.1760e-05 8.6125e-05 8.0413e-05 7.4685e-05 0.0000e+00 6.3399e-05 5.7939e-05 5.2659e-05 4.7594e-05 4.2773e-05 3.8221e-05 3.3953e-05 2.9983e-05 2.6317e-05 2.2955e-05 1.9896e-05 1.7131e-05 1.4650e-05 1.2441e-05 1.0488e-05 8.7746e-06 7.2822e-06 5.9924e-06 4.8866e-06 3.9461e-06 3.1530e-06 2.4900e-06 1.9408e-06 1.4903e-06 1.1246e-06 8.3096e-07 5.9810e-07 4.1591e-07 2.7555e-07 1.6932e-07 9.0608e-08 3.3812e-08 -5.7893e-09 -3.2110e-08 -4.8362e-08 -5.7145e-08 -6.0535e-08 -6.0163e-08 -5.7293e-08 -5.2882e-08 -4.7641e-08 -4.2080e-08 -3.6556e-08 -3.1304e-08 -2.6468e-08 -2.2125e-08 -1.8302e-08 -1.4993e-08 -1.2173e-08 -9.7986e-09 -7.8240e-09 -6.1992e-09 -4.8755e-09 -3.8070e-09 -2.9521e-09 -2.2737e-09 -1.7397e-09 -1.3226e-09 -9.9918e-10 -7.5016e-10 -5.5978e-10 -4.1522e-10 -3.0616e-10 -2.2443e-10 -1.6357e-10 -1.1853e-10 -8.5411e-11 -6.1198e-11 -4.3604e-11 -3.0897e-11 -2.1773e-11 -1.5259e-11 -1.0636e-11 -7.3740e-12 -5.0847e-12 -3.4874e-12 -2.3792e-12 -1.6145e-12 -1.0898e-12 -7.3174e-13 -4.8875e-13 -3.2474e-13 -2.1464e-13 -1.4113e-13
-1.2152e-04 -1.2192e-04 -1.2256e-04 -1.2343e-04 -1.2447e-04 -1.2566e-04 -1.2693e-04 -1.2823e-04 -1.2949e-04 -1.3066e-04 -1.3166e-04 -1.3244e-04 -1.3294e-04 -1.3310e-04 -1.3289e-04 -1.3226e-04 2.9002e-02 -1.2964e-04 -1.2762e-04 -1.2512e-04 -1.2217e-04 -1.1877e-04 -1.1495e-04 -1.1076e-04 -1.0623e-04 -1.0141e-04 -9.6351e-05 -9.1109e-05 -8.5739e-05 -8.0294e-05 -7.4829e-05 -6.9395e-05 -6.4040e-05 -5.8807e-05 -5.3735e-05 -4.8857e-05 -4.4201e-05 -3.9791e-05 -3.5642e-05 -3.1767e-05 -2.8172e-05 -2.4860e-05 -2.1827e-05 -1.9069e-05 -1.6576e-05 -1.4337e-05 -1.2339e-05 -1.0566e-05 -9.0026e-06 -7.6323e-06 -6.4382e-06 -5.4039e-06 -4.5130e-06 -3.7503e-06 -3.1008e-06 -2.5511e-06 -2.0883e-06 -1.7010e-06 -1.3785e-06 -1.1117e-06 -8.9199e-07 -7.1215e-07 -5.6573e-07 -4.4717e-07 -3.5170e-07 -2.7523e-07 -2.1431e-07 -1.6605e-07 -1.2801e-07 -9.8194e-08 -7.4947e-08 -5.6919e-08 -4.3012e-08 -3.2341e-08 -2.4196e-08 -1.8012e-08 -1.3342e-08 -9.8332e-09 -7.2112e-09 -5.2620e-09 -3.8206e-09 -2.7602e-09 -1.9841e-09 -1.4192e-09 -1.0100e-09 -7.1527e-10 -5.0400e-10 -3.5337e-10 -2.4652e-10 -1.7112e-10 -1.1819e-10 -8.1230e-11 -5.5548e-11 -3.7796e-11 -2.5590e-11 -1.7239e-11 -1.1556e-11 -7.7072e-12 -5.1149e-12 -3.3776e-12 1.2108e-04 1.2018e-04 1.1868e-04 1.1662e-04 1.1402e-04 1.1092e-04 1.0735e-04 1.0338e-04 9.9043e-05 9.4402e-05 8.9515e-05 8.4440e-05 7.9234e-05 7.3956e-05 6.8660e-05 6.3399e-05 0.0000e+00 5.3166e-05 4.8277e-05 4.3586e-05 3.9120e-05 3.4902e-05 3.0948e-05 2.7270e-05 2.3874e-05 2.0762e-05 1.7931e-05 1.5374e-05 1.3084e-05 1.1047e-05 9.2491e-06 7.6752e-06 6.3084e-06 5.1311e-06 4.1260e-06 3.2754e-06 2.5624e-06 1.9708e-06 1.4852e-06 1.0912e-06 7.7556e-07 5.2641e-07 3.3296e-07 1.8564e-07 7.6079e-08 -2.9839e-09 -5.7777e-08 -9.3571e-08 -1.1478e-07 -1.2503e-07 -1.2728e-07 -1.2392e-07 -1.1681e-07 -1.0739e-07 -9.6762e-08 -8.5721e-08 -7.4841e-08 -6.4508e-08 -5.4962e-08 -4.6339e-08 -3.8690e-08 -3.2012e-08 -2.6261e-08 -2.1369e-08 -1.7254e-08 -1.3828e-08 -1.1003e-08 -8.6952e-09 -6.8248e-09 -5.3217e-09 -4.1229e-09 -3.1742e-09 -2.4286e-09 -1.8470e-09 -1.3962e-09 -1.0492e-09 -7.8387e-10 -5.8226e-10 -4.3003e-10 -3.1582e-10 -2.3064e-10 -1.6749e-10 -1.2097e-10 -8.6887e-11 -6.2069e-11 -4.4099e-11 -3.1163e-11 -2.1904e-11 -1.5314e-11 -1.0649e-11 -7.3666e-12 -5.0689e-12 -3.4695e-12 -2.3623e-12 -1.6001e-12 -1.0782e-12 -7.2269e-13 -4.8191e-13 -3.1969e-13 -2.1098e-13
