1.0099e-04 -6.2469e-04 -6.2438e-04 -6.2394e-04 -6.2338e-04 -6.2269e-04 -6.2188e-04 -6.2095e-04 -6.1990e-04 -6.1872e-04 -6.1742e-04 -6.1600e-04 -6.1447e-04 -6.1281e-04 -6.1104e-04 -6.0915e-04 -6.0714e-04 -6.0502e-04 -6.0278e-04 -6.0044e-04 -5.9798e-04 -5.9542e-04 -5.9274e-04 -5.8996e-04 -5.8708e-04 -5.8410e-04 -5.8101e-04 -5.7782e-04 -5.7454e-04 -5.7116e-04 -5.6769e-04 -5.6412e-04 -5.6047e-04 -5.5673e-04 -5.5290e-04 -5.4899e-04 -5.4500e-04 -5.4092e-04 -5.3678e-04 -5.3255e-04 -5.2826e-04 -5.2389e-04 -5.1946e-04 -5.1496e-04 -5.1040e-04 -5.0578e-04 -5.0110e-04 -4.9636e-04 -4.9157e-04 -4.8673e-04 -4.8184e-04 -4.7690e-04 -4.7192e-04 -4.6690e-04 -4.6184e-04 -4.5674e-04 -4.5161e-04 -4.4645e-04 -4.4125e-04 -4.3604e-04 -4.3079e-04 -4.2553e-04 -4.2024e-04 -4.1494e-04 -4.0962e-04 -4.0429e-04 -3.9895e-04 -3.9360e-04 -3.8825e-04 -3.8289e-04 -3.7753e-04 -3.7217e-04 -3.6682e-04 -3.6146e-04 -3.5612e-04 -3.5078e-04 -3.4546e-04 -3.4015e-04 -3.3485e-04 -3.2957e-04 -3.2430e-04 -3.1906e-04 -3.1384e-04 -3.0865e-04 -3.0347e-04 -2.9833e-04 -2.9321e-04 -2.8813e-04 -2.8307e-04 -2.7805e-04 -2.7307e-04 -2.6812e-04 -2.6320e-04 -2.5833e-04 -2.5349e-04 -2.4870e-04 -2.4394e-04 -2.3923e-04 -2.3457e-04 -2.2995e-04 0.0000e+00 6.2469e-04 6.2438e-04 6.2394e-04 6.2338e-04 6.2269e-04 6.2188e-04 6.2095e-04 6.1990e-04 6.1872e-04 6.1742e-04 6.1600e-04 6.1446e-04 6.1281e-04 6.1103e-04 6.0914e-04 6.0714e-04 6.0501e-04 6.0278e-04 6.0043e-04 5.9798e-04 5.9541e-04 5.9274e-04 5.8996e-04 5.8707e-04 5.8409e-04 5.8100e-04 5.7781e-04 5.7453e-04 5.7115e-04 5.6768e-04 5.6411e-04 5.6046e-04 5.5671e-04 5.5289e-04 5.4897e-04 5.4498e-04 5.4091e-04 5.3676e-04 5.3254e-04 5.2824e-04 5.2387e-04 5.1944e-04 5.1494e-04 5.1038e-04 5.0575e-04 5.0107e-04 4.9634e-04 4.9154e-04 4.8670e-04 4.8181e-04 4.7687e-04 4.7189e-04 4.6687e-04 4.6181e-04 4.5671e-04 4.5158e-04 4.4642e-04 4.4122e-04 4.3600e-04 4.3076e-04 4.2549e-04 4.2021e-04 4.1491e-04 4.0959e-04 4.0426e-04 3.9892e-04 3.9357e-04 3.8821e-04 3.8285e-04 3.7749e-04 3.7213e-04 3.6678e-04 3.6142e-04 3.5608e-04 3.5074e-04 3.4542e-04 3.4010e-04 3.3481e-04 3.2952e-04 3.2426e-04 3.1902e-04 3.1380e-04 3.0860e-04 3.0343e-04 2.9829e-04 2.9317e-04 2.8808e-04 2.8303e-04 2.7801e-04 2.7302e-04 2.6807e-04 2.6316e-04 2.5828e-04 2.5345e-04 2.4865e-04 2.4390e-04 2.3919e-04 2.3452e-04 2.2990e-04
-6.2469e-04 4.0398e-04 -6.2419e-04 -6.2375e-04 -6.2319e-04 -6.2251e-04 -6.2170e-04 -6.2077e-04 -6.1971e-04 -6.1854e-04 -6.1724e-04 -6.1583e-04 -6.1429e-04 -6.1263e-04 -6.1086e-04 -6.0897e-04 -6.0697e-04 -6.0485e-04 -6.0262e-04 -6.0027e-04 -5.9782e-04 -5.9526e-04 -5.9258e-04 -5.8981e-04 -5.8693e-04 -5.8394e-04 -5.8086e-04 -5.7768e-04 -5.7440e-04 -5.7102e-04 -5.6755e-04 -5.6399e-04 -5.6034e-04 -5.5660e-04 -5.5277e-04 -5.4887e-04 -5.4488e-04 -5.4081e-04 -5.3666e-04 -5.3245e-04 -5.2815e-04 -5.2379e-04 -5.1936e-04 -5.1487e-04 -5.1031e-04 -5.0569e-04 -5.0101e-04 -4.9628e-04 -4.9149e-04 -4.8665e-04 -4.8177e-04 -4.7683e-04 -4.7186e-04 -4.6684e-04 -4.6178e-04 -4.5669e-04 -4.5156e-04 -4.4640e-04 -4.4121e-04 -4.3600e-04 -4.3076e-04 -4.2550e-04 -4.2022e-04 -4.1492e-04 -4.0960e-04 -4.0428e-04 -3.9894e-04 -3.9359e-04 -3.8824e-04 -3.8289e-04 -3.7753e-04 -3.7218e-04 -3.6682e-04 -3.6147e-04 -3.5613e-04 -3.5080e-04 -3.4548e-04 -3.4017e-04 -3.3487e-04 -3.2959e-04 -3.2433e-04 -3.1910e-04 -3.1388e-04 -3.0868e-04 -3.0351e-04 -2.9837e-04 -2.9326e-04 -2.8818e-04 -2.8312e-04 -2.7811e-04 -2.7312e-04 -2.6817e-04 -2.6326e-04 -2.5839e-04 -2.5355e-04 -2.4876e-04 -2.4401e-04 -2.3930e-04 -2.3464e-04 -2.3002e-04 6.2469e-04 0.0000e+00 6.2419e-04 6.2375e-04 6.2319e-04 6.2250e-04 6.2170e-04 6.2076e-04 6.1971e-04 6.1853e-04 6.1724e-04 6.1582e-04 6.1428e-04 6.1262e-04 6.1085e-04 6.0896e-04 6.0695e-04 6.0483e-04 6.0260e-04 6.0025e-04 5.9780e-04 5.9523e-04 5.9256e-04 5.8978e-04 5.8690e-04 5.8391e-04 5.8083e-04 5.7764e-04 5.7436e-04 5.7098e-04 5.6751e-04 5.6394e-04 5.6029e-04 5.5655e-04 5.5272e-04 5.4881e-04 5.4482e-04 5.4075e-04 5.3660e-04 5.3238e-04 5.2808e-04 5.2372e-04 5.1928e-04 5.1479e-04 5.1022e-04 5.0560e-04 5.0092e-04 4.9619e-04 4.9140e-04 4.8656e-04 4.8167e-04 4.7673e-04 4.7175e-04 4.6673e-04 4.6167e-04 4.5657e-04 4.5144e-04 4.4628e-04 4.4109e-04 4.3587e-04 4.3063e-04 4.2537e-04 4.2008e-04 4.1478e-04 4.0947e-04 4.0414e-04 3.9880e-04 3.9345e-04 3.8810e-04 3.8274e-04 3.7738e-04 3.7202e-04 3.6667e-04 3.6132e-04 3.5597e-04 3.5064e-04 3.4531e-04 3.4000e-04 3.3471e-04 3.2943e-04 3.2416e-04 3.1892e-04 3.1370e-04 3.0851e-04 3.0334e-04 2.9820e-04 2.9308e-04 2.8800e-04 2.8294e-04 2.7793e-04 2.7294e-04 2.6799e-04 2.6308e-04 2.5820e-04 2.5337e-04 2.4858e-04 2.4383e-04 2.3912e-04 2.3445e-04 2.2983e-04
-6.2438e-04 -6.2419e-04 9.0895e-04 -6.2344e-04 -6.2288e-04 -6.2220e-04 -6.2139e-04 -6.2046e-04 -6.1941e-04 -6.1824e-04 -6.1694e-04 -6.1553e-04 -6.1399e-04 -6.1234e-04 -6.1057e-04 -6.0868e-04 -6.0668e-04 -6.0457e-04 -6.0234e-04 -6.0000e-04 -5.9755e-04 -5.9499e-04 -5.9232e-04 -5.8955e-04 -5.8667e-04 -5.8369e-04 -5.8061e-04 -5.7743e-04 -5.7416e-04 -5.7079e-04 -5.6732e-04 -5.6376e-04 -5.6012e-04 -5.5638e-04 -5.5257e-04 -5.4866e-04 -5.4468e-04 -5.4062e-04 -5.3648e-04 -5.3226e-04 -5.2798e-04 -5.2362e-04 -5.1920e-04 -5.1471e-04 -5.1016e-04 -5.0554e-04 -5.0087e-04 -4.9614e-04 -4.9136e-04 -4.8653e-04 -4.8165e-04 -4.7672e-04 -4.7175e-04 -4.6674e-04 -4.6169e-04 -4.5660e-04 -4.5148e-04 -4.4633e-04 -4.4115e-04 -4.3594e-04 -4.3070e-04 -4.2545e-04 -4.2017e-04 -4.1488e-04 -4.0957e-04 -4.0425e-04 -3.9892e-04 -3.9358e-04 -3.8823e-04 -3.8288e-04 -3.7753e-04 -3.7218e-04 -3.6683e-04 -3.6149e-04 -3.5615e-04 -3.5083e-04 -3.4551e-04 -3.4020e-04 -3.3491e-04 -3.2964e-04 -3.2439e-04 -3.1915e-04 -3.1394e-04 -3.0875e-04 -3.0358e-04 -2.9844e-04 -2.9333e-04 -2.8825e-04 -2.8321e-04 -2.7819e-04 -2.7321e-04 -2.6826e-04 -2.6336e-04 -2.5849e-04 -2.5366e-04 -2.4886e-04 -2.4412e-04 -2.3941e-04 -2.3475e-04 -2.3013e-04 6.2438e-04 6.2419e-04 0.0000e+00 6.2344e-04 6.2288e-04 6.2219e-04 6.2139e-04 6.2045e-04 6.1940e-04 6.1822e-04 6.1693e-04 6.1551e-04 6.1397e-04 6.1232e-04 6.1054e-04 6.0866e-04 6.0665e-04 6.0453e-04 6.0230e-04 5.9995e-04 5.9750e-04 5.9493e-04 5.9226e-04 5.8949e-04 5.8660e-04 5.8362e-04 5.8054e-04 5.7735e-04 5.7407e-04 5.7069e-04 5.6722e-04 5.6366e-04 5.6001e-04 5.5627e-04 5.5244e-04 5.4854e-04 5.4455e-04 5.4048e-04 5.3633e-04 5.3211e-04 5.2782e-04 5.2346e-04 5.1902e-04 5.1453e-04 5.0997e-04 5.0535e-04 5.0067e-04 4.9594e-04 4.9115e-04 4.8631e-04 4.8143e-04 4.7649e-04 4.7152e-04 4.6650e-04 4.6144e-04 4.5635e-04 4.5122e-04 4.4606e-04 4.4087e-04 4.3566e-04 4.3042e-04 4.2515e-04 4.1987e-04 4.1457e-04 4.0926e-04 4.0393e-04 3.9860e-04 3.9325e-04 3.8790e-04 3.8255e-04 3.7719e-04 3.7184e-04 3.6648e-04 3.6113e-04 3.5579e-04 3.5046e-04 3.4514e-04 3.3983e-04 3.3454e-04 3.2926e-04 3.2400e-04 3.1876e-04 3.1355e-04 3.0835e-04 3.0319e-04 2.9805e-04 2.9294e-04 2.8785e-04 2.8280e-04 2.7779e-04 2.7280e-04 2.6786e-04 2.6295e-04 2.5808e-04 2.5324e-04 2.4845e-04 2.4370e-04 2.3900e-04 2.3433e-04 2.2972e-04
-6.2394e-04 -6.2375e-04 -6.2344e-04 1.6159e-03 -6.2245e-04 -6.2177e-04 -6.2096e-04 -6.2003e-04 -6.1898e-04 -6.1781e-04 -6.1652e-04 -6.1511e-04 -6.1358e-04 -6.1193e-04 -6.1016e-04 -6.0828e-04 -6.0628e-04 -6.0417e-04 -6.0195e-04 -5.9961e-04 -5.9716e-04 -5.9461e-04 -5.9195e-04 -5.8918e-04 -5.8631e-04 -5.8334e-04 -5.8027e-04 -5.7709e-04 -5.7382e-04 -5.7046e-04 -5.6700e-04 -5.6345e-04 -5.5981e-04 -5.5609e-04 -5.5227e-04 -5.4838e-04 -5.4440e-04 -5.4035e-04 -5.3622e-04 -5.3201e-04 -5.2773e-04 -5.2338e-04 -5.1897e-04 -5.1449e-04 -5.0994e-04 -5.0534e-04 -5.0068e-04 -4.9596e-04 -4.9118e-04 -4.8636e-04 -4.8149e-04 -4.7657e-04 -4.7161e-04 -4.6661e-04 -4.6156e-04 -4.5648e-04 -4.5137e-04 -4.4623e-04 -4.4105e-04 -4.3585e-04 -4.3063e-04 -4.2538e-04 -4.2011e-04 -4.1483e-04 -4.0953e-04 -4.0421e-04 -3.9889e-04 -3.9356e-04 -3.8822e-04 -3.8288e-04 -3.7754e-04 -3.7219e-04 -3.6685e-04 -3.6151e-04 -3.5619e-04 -3.5086e-04 -3.4555e-04 -3.4026e-04 -3.3497e-04 -3.2970e-04 -3.2446e-04 -3.1923e-04 -3.1402e-04 -3.0884e-04 -3.0368e-04 -2.9854e-04 -2.9344e-04 -2.8837e-04 -2.8332e-04 -2.7831e-04 -2.7334e-04 -2.6839e-04 -2.6349e-04 -2.5862e-04 -2.5380e-04 -2.4901e-04 -2.4427e-04 -2.3956e-04 -2.3491e-04 -2.3029e-04 6.2394e-04 6.2375e-04 6.2344e-04 0.0000e+00 6.2244e-04 6.2176e-04 6.2095e-04 6.2002e-04 6.1897e-04 6.1779e-04 6.1650e-04 6.1508e-04 6.1354e-04 6.1189e-04 6.1012e-04 6.0823e-04 6.0623e-04 6.0411e-04 6.0188e-04 5.9953e-04 5.9708e-04 5.9452e-04 5.9185e-04 5.8907e-04 5.8619e-04 5.8321e-04 5.8013e-04 5.7695e-04 5.7367e-04 5.7029e-04 5.6683e-04 5.6327e-04 5.5962e-04 5.5588e-04 5.5206e-04 5.4815e-04 5.4416e-04 5.4010e-04 5.3596e-04 5.3174e-04 5.2745e-04 5.2309e-04 5.1866e-04 5.1417e-04 5.0961e-04 5.0500e-04 5.0032e-04 4.9559e-04 4.9081e-04 4.8597e-04 4.8109e-04 4.7616e-04 4.7119e-04 4.6617e-04 4.6112e-04 4.5603e-04 4.5090e-04 4.4575e-04 4.4056e-04 4.3535e-04 4.3011e-04 4.2486e-04 4.1958e-04 4.1428e-04 4.0897e-04 4.0365e-04 3.9832e-04 3.9298e-04 3.8763e-04 3.8228e-04 3.7693e-04 3.7158e-04 3.6623e-04 3.6088e-04 3.5554e-04 3.5022e-04 3.4490e-04 3.3959e-04 3.3430e-04 3.2903e-04 3.2378e-04 3.1854e-04 3.1333e-04 3.0814e-04 3.0298e-04 2.9784e-04 2.9273e-04 2.8765e-04 2.8261e-04 2.7759e-04 2.7261e-04 2.6767e-04 2.6276e-04 2.5789e-04 2.5307e-04 2.4828e-04 2.4353e-04 2.3883e-04 2.3417e-04 2.2956e-04
-6.2338e-04 -6.2319e-04 -6.2288e-04 -6.2245e-04 2.5249e-03 -6.2121e-04 -6.2041e-04 -6.1948e-04 -6.1844e-04 -6.1727e-04 -6.1598e-04 -6.1457e-04 -6.1304e-04 -6.1140e-04 -6.0964e-04 -6.0776e-04 -6.0577e-04 -6.0366e-04 -6.0144e-04 -5.9911e-04 -5.9667e-04 -5.9413e-04 -5.9147e-04 -5.8871e-04 -5.8585e-04 -5.8288e-04 -5.7982e-04 -5.7665e-04 -5.7339e-04 -5.7004e-04 -5.6659e-04 -5.6305e-04 -5.5942e-04 -5.5570e-04 -5.5190e-04 -5.4801e-04 -5.4405e-04 -5.4000e-04 -5.3588e-04 -5.3169e-04 -5.2742e-04 -5.2308e-04 -5.1867e-04 -5.1420e-04 -5.0967e-04 -5.0508e-04 -5.0042e-04 -4.9572e-04 -4.9095e-04 -4.8614e-04 -4.8128e-04 -4.7637e-04 -4.7142e-04 -4.6643e-04 -4.6140e-04 -4.5633e-04 -4.5123e-04 -4.4610e-04 -4.4093e-04 -4.3574e-04 -4.3053e-04 -4.2529e-04 -4.2003e-04 -4.1476e-04 -4.0947e-04 -4.0417e-04 -3.9885e-04 -3.9353e-04 -3.8820e-04 -3.8287e-04 -3.7754e-04 -3.7220e-04 -3.6687e-04 -3.6155e-04 -3.5622e-04 -3.5091e-04 -3.4561e-04 -3.4032e-04 -3.3505e-04 -3.2979e-04 -3.2455e-04 -3.1933e-04 -3.1413e-04 -3.0895e-04 -3.0380e-04 -2.9867e-04 -2.9357e-04 -2.8851e-04 -2.8347e-04 -2.7847e-04 -2.7350e-04 -2.6856e-04 -2.6366e-04 -2.5880e-04 -2.5398e-04 -2.4920e-04 -2.4446e-04 -2.3976e-04 -2.3511e-04 -2.3050e-04 6.2338e-04 6.2319e-04 6.2288e-04 6.2244e-04 0.0000e+00 6.2120e-04 6.2039e-04 6.1946e-04 6.1841e-04 6.1724e-04 6.1594e-04 6.1453e-04 6.1299e-04 6.1134e-04 6.0957e-04 6.0768e-04 6.0568e-04 6.0356e-04 6.0133e-04 5.9899e-04 5.9654e-04 5.9398e-04 5.9132e-04 5.8854e-04 5.8567e-04 5.8269e-04 5.7961e-04 5.7643e-04 5.7315e-04 5.6978e-04 5.6632e-04 5.6276e-04 5.5911e-04 5.5538e-04 5.5156e-04 5.4766e-04 5.4368e-04 5.3961e-04 5.3547e-04 5.3126e-04 5.2697e-04 5.2262e-04 5.1820e-04 5.1371e-04 5.0915e-04 5.0454e-04 4.9987e-04 4.9515e-04 4.9037e-04 4.8554e-04 4.8066e-04 4.7573e-04 4.7076e-04 4.6575e-04 4.6070e-04 4.5562e-04 4.5050e-04 4.4535e-04 4.4017e-04 4.3496e-04 4.2973e-04 4.2447e-04 4.1920e-04 4.1391e-04 4.0861e-04 4.0329e-04 3.9796e-04 3.9262e-04 3.8728e-04 3.8194e-04 3.7659e-04 3.7124e-04 3.6590e-04 3.6056e-04 3.5523e-04 3.4990e-04 3.4459e-04 3.3929e-04 3.3400e-04 3.2873e-04 3.2348e-04 3.1825e-04 3.1305e-04 3.0786e-04 3.0270e-04 2.9757e-04 2.9247e-04 2.8739e-04 2.8235e-04 2.7734e-04 2.7237e-04 2.6743e-04 2.6253e-04 2.5766e-04 2.5284e-04 2.4806e-04 2.4331e-04 2.3862e-04 2.3396e-04 2.2935e-04
-6.2269e-04 -6.2251e-04 -6.2220e-04 -6.2177e-04 -6.2121e-04 3.6358e-03 -6.1973e-04 -6.1881e-04 -6.1777e-04 -6.1660e-04 -6.1532e-04 -6.1391e-04 -6.1239e-04 -6.1075e-04 -6.0900e-04 -6.0713e-04 -6.0514e-04 -6.0304e-04 -6.0083e-04 -5.9851e-04 -5.9608e-04 -5.9354e-04 -5.9089e-04 -5.8814e-04 -5.8529e-04 -5.8233e-04 -5.7927e-04 -5.7612e-04 -5.7287e-04 -5.6952e-04 -5.6608e-04 -5.6255e-04 -5.5894e-04 -5.5523e-04 -5.5144e-04 -5.4757e-04 -5.4361e-04 -5.3958e-04 -5.3547e-04 -5.3129e-04 -5.2703e-04 -5.2271e-04 -5.1831e-04 -5.1386e-04 -5.0934e-04 -5.0476e-04 -5.0012e-04 -4.9542e-04 -4.9067e-04 -4.8587e-04 -4.8103e-04 -4.7613e-04 -4.7120e-04 -4.6622e-04 -4.6120e-04 -4.5614e-04 -4.5105e-04 -4.4593e-04 -4.4078e-04 -4.3561e-04 -4.3041e-04 -4.2518e-04 -4.1994e-04 -4.1468e-04 -4.0940e-04 -4.0411e-04 -3.9881e-04 -3.9350e-04 -3.8818e-04 -3.8286e-04 -3.7754e-04 -3.7222e-04 -3.6690e-04 -3.6158e-04 -3.5627e-04 -3.5097e-04 -3.4568e-04 -3.4040e-04 -3.3514e-04 -3.2989e-04 -3.2466e-04 -3.1944e-04 -3.1425e-04 -3.0909e-04 -3.0394e-04 -2.9883e-04 -2.9374e-04 -2.8868e-04 -2.8365e-04 -2.7865e-04 -2.7369e-04 -2.6876e-04 -2.6387e-04 -2.5902e-04 -2.5420e-04 -2.4943e-04 -2.4469e-04 -2.4000e-04 -2.3535e-04 -2.3075e-04 6.2269e-04 6.2250e-04 6.2219e-04 6.2176e-04 6.2120e-04 0.0000e+00 6.1971e-04 6.1878e-04 6.1773e-04 6.1656e-04 6.1526e-04 6.1385e-04 6.1232e-04 6.1067e-04 6.0890e-04 6.0701e-04 6.0501e-04 6.0290e-04 6.0067e-04 5.9834e-04 5.9589e-04 5.9333e-04 5.9067e-04 5.8790e-04 5.8502e-04 5.8205e-04 5.7897e-04 5.7579e-04 5.7252e-04 5.6915e-04 5.6569e-04 5.6214e-04 5.5850e-04 5.5477e-04 5.5095e-04 5.4706e-04 5.4308e-04 5.3902e-04 5.3488e-04 5.3068e-04 5.2639e-04 5.2204e-04 5.1763e-04 5.1314e-04 5.0859e-04 5.0399e-04 4.9932e-04 4.9460e-04 4.8983e-04 4.8500e-04 4.8013e-04 4.7521e-04 4.7024e-04 4.6524e-04 4.6020e-04 4.5512e-04 4.5000e-04 4.4486e-04 4.3968e-04 4.3448e-04 4.2926e-04 4.2401e-04 4.1874e-04 4.1346e-04 4.0816e-04 4.0284e-04 3.9752e-04 3.9219e-04 3.8686e-04 3.8152e-04 3.7617e-04 3.7083e-04 3.6549e-04 3.6016e-04 3.5483e-04 3.4952e-04 3.4421e-04 3.3892e-04 3.3364e-04 3.2837e-04 3.2313e-04 3.1790e-04 3.1270e-04 3.0752e-04 3.0237e-04 2.9724e-04 2.9215e-04 2.8708e-04 2.8204e-04 2.7704e-04 2.7207e-04 2.6713e-04 2.6224e-04 2.5738e-04 2.5256e-04 2.4778e-04 2.4305e-04 2.3835e-04 2.3370e-04 2.2910e-04
-6.2188e-04 -6.2170e-04 -6.2139e-04 -6.2096e-04 -6.2041e-04 -6.1973e-04 4.9487e-03 -6.1802e-04 -6.1698e-04 -6.1582e-04 -6.1454e-04 -6.1314e-04 -6.1162e-04 -6.0999e-04 -6.0824e-04 -6.0638e-04 -6.0440e-04 -6.0231e-04 -6.0011e-04 -5.9779e-04 -5.9537e-04 -5.9284e-04 -5.9021e-04 -5.8746e-04 -5.8462e-04 -5.8168e-04 -5.7863e-04 -5.7549e-04 -5.7225e-04 -5.6892e-04 -5.6549e-04 -5.6197e-04 -5.5837e-04 -5.5468e-04 -5.5090e-04 -5.4704e-04 -5.4310e-04 -5.3908e-04 -5.3499e-04 -5.3082e-04 -5.2658e-04 -5.2227e-04 -5.1789e-04 -5.1345e-04 -5.0894e-04 -5.0438e-04 -4.9975e-04 -4.9507e-04 -4.9034e-04 -4.8556e-04 -4.8073e-04 -4.7585e-04 -4.7093e-04 -4.6596e-04 -4.6096e-04 -4.5592e-04 -4.5085e-04 -4.4574e-04 -4.4061e-04 -4.3545e-04 -4.3026e-04 -4.2505e-04 -4.1982e-04 -4.1458e-04 -4.0932e-04 -4.0404e-04 -3.9875e-04 -3.9346e-04 -3.8816e-04 -3.8285e-04 -3.7754e-04 -3.7223e-04 -3.6693e-04 -3.6163e-04 -3.5633e-04 -3.5104e-04 -3.4576e-04 -3.4050e-04 -3.3524e-04 -3.3001e-04 -3.2479e-04 -3.1959e-04 -3.1441e-04 -3.0925e-04 -3.0412e-04 -2.9901e-04 -2.9393e-04 -2.8888e-04 -2.8386e-04 -2.7888e-04 -2.7392e-04 -2.6900e-04 -2.6412e-04 -2.5927e-04 -2.5447e-04 -2.4970e-04 -2.4497e-04 -2.4029e-04 -2.3564e-04 -2.3105e-04 6.2188e-04 6.2170e-04 6.2139e-04 6.2095e-04 6.2039e-04 6.1971e-04 0.0000e+00 6.1798e-04 6.1693e-04 6.1576e-04 6.1446e-04 6.1305e-04 6.1152e-04 6.0987e-04 6.0811e-04 6.0623e-04 6.0423e-04 6.0212e-04 5.9989e-04 5.9756e-04 5.9511e-04 5.9256e-04 5.8990e-04 5.8713e-04 5.8426e-04 5.8129e-04 5.7822e-04 5.7505e-04 5.7178e-04 5.6841e-04 5.6496e-04 5.6141e-04 5.5777e-04 5.5405e-04 5.5024e-04 5.4635e-04 5.4237e-04 5.3832e-04 5.3419e-04 5.2999e-04 5.2571e-04 5.2137e-04 5.1695e-04 5.1247e-04 5.0793e-04 5.0333e-04 4.9867e-04 4.9396e-04 4.8919e-04 4.8437e-04 4.7950e-04 4.7459e-04 4.6963e-04 4.6463e-04 4.5960e-04 4.5452e-04 4.4942e-04 4.4428e-04 4.3911e-04 4.3392e-04 4.2870e-04 4.2346e-04 4.1820e-04 4.1292e-04 4.0763e-04 4.0232e-04 3.9701e-04 3.9168e-04 3.8635e-04 3.8102e-04 3.7569e-04 3.7035e-04 3.6502e-04 3.5969e-04 3.5437e-04 3.4906e-04 3.4376e-04 3.3848e-04 3.3320e-04 3.2795e-04 3.2271e-04 3.1749e-04 3.1230e-04 3.0712e-04 3.0198e-04 2.9686e-04 2.9177e-04 2.8670e-04 2.8167e-04 2.7668e-04 2.7171e-04 2.6679e-04 2.6190e-04 2.5704e-04 2.5223e-04 2.4746e-04 2.4273e-04 2.3804e-04 2.3340e-04 2.2880e-04
-6.2095e-04 -6.2077e-04 -6.2046e-04 -6.2003e-04 -6.1948e-04 -6.1881e-04 -6.1802e-04 6.4636e-03 -6.1607e-04 -6.1491e-04 -6.1364e-04 -6.1225e-04 -6.1074e-04 -6.0911e-04 -6.0737e-04 -6.0551e-04 -6.0355e-04 -6.0146e-04 -5.9927e-04 -5.9697e-04 -5.9456e-04 -5.9204e-04 -5.8941e-04 -5.8669e-04 -5.8385e-04 -5.8092e-04 -5.7789e-04 -5.7476e-04 -5.7154e-04 -5.6822e-04 -5.6481e-04 -5.6130e-04 -5.5771e-04 -5.5404e-04 -5.5028e-04 -5.4643e-04 -5.4251e-04 -5.3851e-04 -5.3443e-04 -5.3028e-04 -5.2605e-04 -5.2176e-04 -5.1740e-04 -5.1298e-04 -5.0849e-04 -5.0394e-04 -4.9933e-04 -4.9467e-04 -4.8996e-04 -4.8519e-04 -4.8038e-04 -4.7552e-04 -4.7062e-04 -4.6567e-04 -4.6069e-04 -4.5567e-04 -4.5061e-04 -4.4552e-04 -4.4041e-04 -4.3526e-04 -4.3010e-04 -4.2490e-04 -4.1969e-04 -4.1446e-04 -4.0922e-04 -4.0396e-04 -3.9869e-04 -3.9341e-04 -3.8813e-04 -3.8284e-04 -3.7755e-04 -3.7225e-04 -3.6696e-04 -3.6167e-04 -3.5639e-04 -3.5112e-04 -3.4586e-04 -3.4060e-04 -3.3536e-04 -3.3014e-04 -3.2494e-04 -3.1975e-04 -3.1458e-04 -3.0944e-04 -3.0432e-04 -2.9922e-04 -2.9416e-04 -2.8912e-04 -2.8411e-04 -2.7913e-04 -2.7419e-04 -2.6928e-04 -2.6440e-04 -2.5957e-04 -2.5477e-04 -2.5001e-04 -2.4529e-04 -2.4061e-04 -2.3598e-04 -2.3139e-04 6.2095e-04 6.2076e-04 6.2045e-04 6.2002e-04 6.1946e-04 6.1878e-04 6.1798e-04 0.0000e+00 6.1600e-04 6.1483e-04 6.1354e-04 6.1213e-04 6.1061e-04 6.0896e-04 6.0720e-04 6.0532e-04 6.0332e-04 6.0121e-04 5.9899e-04 5.9666e-04 5.9422e-04 5.9167e-04 5.8901e-04 5.8625e-04 5.8339e-04 5.8042e-04 5.7735e-04 5.7418e-04 5.7092e-04 5.6756e-04 5.6411e-04 5.6057e-04 5.5694e-04 5.5322e-04 5.4941e-04 5.4553e-04 5.4156e-04 5.3751e-04 5.3339e-04 5.2919e-04 5.2492e-04 5.2058e-04 5.1618e-04 5.1171e-04 5.0717e-04 5.0258e-04 4.9793e-04 4.9322e-04 4.8846e-04 4.8365e-04 4.7878e-04 4.7388e-04 4.6893e-04 4.6394e-04 4.5891e-04 4.5384e-04 4.4874e-04 4.4361e-04 4.3845e-04 4.3327e-04 4.2805e-04 4.2282e-04 4.1757e-04 4.1230e-04 4.0702e-04 4.0172e-04 3.9641e-04 3.9110e-04 3.8577e-04 3.8045e-04 3.7512e-04 3.6980e-04 3.6447e-04 3.5915e-04 3.5384e-04 3.4854e-04 3.4325e-04 3.3797e-04 3.3270e-04 3.2746e-04 3.2223e-04 3.1702e-04 3.1183e-04 3.0666e-04 3.0152e-04 2.9641e-04 2.9133e-04 2.8627e-04 2.8125e-04 2.7626e-04 2.7131e-04 2.6639e-04 2.6150e-04 2.5666e-04 2.5185e-04 2.4709e-04 2.4237e-04 2.3769e-04 2.3305e-04 2.2846e-04
-6.1990e-04 -6.1971e-04 -6.1941e-04 -6.1898e-04 -6.1844e-04 -6.1777e-04 -6.1698e-04 -6.1607e-04 8.1805e-03 -6.1389e-04 -6.1262e-04 -6.1124e-04 -6.0974e-04 -6.0812e-04 -6.0639e-04 -6.0454e-04 -6.0258e-04 -6.0051e-04 -5.9833e-04 -5.9604e-04 -5.9364e-04 -5.9113e-04 -5.8852e-04 -5.8580e-04 -5.8299e-04 -5.8007e-04 -5.7705e-04 -5.7394e-04 -5.7073e-04 -5.6743e-04 -5.6403e-04 -5.6055e-04 -5.5697e-04 -5.5331e-04 -5.4957e-04 -5.4574e-04 -5.4184e-04 -5.3786e-04 -5.3380e-04 -5.2966e-04 -5.2546e-04 -5.2119e-04 -5.1685e-04 -5.1244e-04 -5.0797e-04 -5.0345e-04 -4.9886e-04 -4.9422e-04 -4.8953e-04 -4.8478e-04 -4.7999e-04 -4.7515e-04 -4.7026e-04 -4.6534e-04 -4.6038e-04 -4.5538e-04 -4.5034e-04 -4.4527e-04 -4.4018e-04 -4.3505e-04 -4.2991e-04 -4.2474e-04 -4.1954e-04 -4.1433e-04 -4.0911e-04 -4.0387e-04 -3.9862e-04 -3.9336e-04 -3.8809e-04 -3.8282e-04 -3.7755e-04 -3.7227e-04 -3.6700e-04 -3.6173e-04 -3.5646e-04 -3.5121e-04 -3.4596e-04 -3.4072e-04 -3.3550e-04 -3.3029e-04 -3.2510e-04 -3.1993e-04 -3.1478e-04 -3.0965e-04 -3.0454e-04 -2.9946e-04 -2.9441e-04 -2.8938e-04 -2.8438e-04 -2.7942e-04 -2.7449e-04 -2.6959e-04 -2.6473e-04 -2.5990e-04 -2.5511e-04 -2.5036e-04 -2.4565e-04 -2.4098e-04 -2.3636e-04 -2.3177e-04 6.1990e-04 6.1971e-04 6.1940e-04 6.1897e-04 6.1841e-04 6.1773e-04 6.1693e-04 6.1600e-04 0.0000e+00 6.1379e-04 6.1250e-04 6.1109e-04 6.0957e-04 6.0793e-04 6.0616e-04 6.0429e-04 6.0230e-04 6.0019e-04 5.9798e-04 5.9565e-04 5.9321e-04 5.9067e-04 5.8801e-04 5.8526e-04 5.8240e-04 5.7943e-04 5.7637e-04 5.7321e-04 5.6995e-04 5.6660e-04 5.6315e-04 5.5962e-04 5.5599e-04 5.5228e-04 5.4848e-04 5.4460e-04 5.4064e-04 5.3660e-04 5.3248e-04 5.2829e-04 5.2403e-04 5.1970e-04 5.1530e-04 5.1084e-04 5.0631e-04 5.0172e-04 4.9708e-04 4.9238e-04 4.8763e-04 4.8282e-04 4.7797e-04 4.7307e-04 4.6813e-04 4.6315e-04 4.5813e-04 4.5307e-04 4.4798e-04 4.4286e-04 4.3771e-04 4.3253e-04 4.2733e-04 4.2210e-04 4.1686e-04 4.1160e-04 4.0632e-04 4.0104e-04 3.9574e-04 3.9043e-04 3.8512e-04 3.7980e-04 3.7448e-04 3.6917e-04 3.6385e-04 3.5854e-04 3.5324e-04 3.4795e-04 3.4266e-04 3.3739e-04 3.3214e-04 3.2690e-04 3.2168e-04 3.1648e-04 3.1130e-04 3.0614e-04 3.0101e-04 2.9591e-04 2.9083e-04 2.8579e-04 2.8077e-04 2.7579e-04 2.7085e-04 2.6593e-04 2.6106e-04 2.5622e-04 2.5143e-04 2.4667e-04 2.4195e-04 2.3728e-04 2.3265e-04 2.2807e-04
-6.1872e-04 -6.1854e-04 -6.1824e-04 -6.1781e-04 -6.1727e-04 -6.1660e-04 -6.1582e-04 -6.1491e-04 -6.1389e-04 1.0099e-02 -6.1149e-04 -6.1011e-04 -6.0862e-04 -6.0701e-04 -6.0529e-04 -6.0345e-04 -6.0150e-04 -5.9944e-04 -5.9727e-04 -5.9499e-04 -5.9261e-04 -5.9012e-04 -5.8752e-04 -5.8482e-04 -5.8202e-04 -5.7912e-04 -5.7612e-04 -5.7302e-04 -5.6983e-04 -5.6654e-04 -5.6316e-04 -5.5970e-04 -5.5614e-04 -5.5250e-04 -5.4878e-04 -5.4498e-04 -5.4109e-04 -5.3713e-04 -5.3309e-04 -5.2898e-04 -5.2480e-04 -5.2054e-04 -5.1623e-04 -5.1184e-04 -5.0740e-04 -5.0289e-04 -4.9833e-04 -4.9371e-04 -4.8904e-04 -4.8432e-04 -4.7955e-04 -4.7473e-04 -4.6987e-04 -4.6497e-04 -4.6003e-04 -4.5505e-04 -4.5004e-04 -4.4500e-04 -4.3992e-04 -4.3482e-04 -4.2969e-04 -4.2455e-04 -4.1938e-04 -4.1419e-04 -4.0898e-04 -4.0377e-04 -3.9854e-04 -3.9330e-04 -3.8805e-04 -3.8280e-04 -3.7755e-04 -3.7229e-04 -3.6704e-04 -3.6179e-04 -3.5654e-04 -3.5131e-04 -3.4608e-04 -3.4086e-04 -3.3565e-04 -3.3046e-04 -3.2529e-04 -3.2013e-04 -3.1500e-04 -3.0988e-04 -3.0479e-04 -2.9973e-04 -2.9469e-04 -2.8967e-04 -2.8469e-04 -2.7974e-04 -2.7482e-04 -2.6994e-04 -2.6508e-04 -2.6027e-04 -2.5549e-04 -2.5075e-04 -2.4605e-04 -2.4139e-04 -2.3678e-04 -2.3220e-04 6.1872e-04 6.1853e-04 6.1822e-04 6.1779e-04 6.1724e-04 6.1656e-04 6.1576e-04 6.1483e-04 6.1379e-04 0.0000e+00 6.1134e-04 6.0993e-04 6.0841e-04 6.0677e-04 6.0501e-04 6.0314e-04 6.0115e-04 5.9905e-04 5.9684e-04 5.9452e-04 5.9209e-04 5.8955e-04 5.8690e-04 5.8415e-04 5.8129e-04 5.7833e-04 5.7528e-04 5.7212e-04 5.6887e-04 5.6552e-04 5.6208e-04 5.5855e-04 5.5494e-04 5.5123e-04 5.4744e-04 5.4357e-04 5.3961e-04 5.3558e-04 5.3147e-04 5.2729e-04 5.2304e-04 5.1871e-04 5.1432e-04 5.0987e-04 5.0535e-04 5.0077e-04 4.9614e-04 4.9145e-04 4.8670e-04 4.8191e-04 4.7706e-04 4.7218e-04 4.6724e-04 4.6227e-04 4.5726e-04 4.5221e-04 4.4713e-04 4.4202e-04 4.3688e-04 4.3171e-04 4.2652e-04 4.2130e-04 4.1607e-04 4.1082e-04 4.0555e-04 4.0027e-04 3.9499e-04 3.8969e-04 3.8439e-04 3.7908e-04 3.7377e-04 3.6847e-04 3.6316e-04 3.5786e-04 3.5257e-04 3.4729e-04 3.4201e-04 3.3675e-04 3.3151e-04 3.2628e-04 3.2107e-04 3.1588e-04 3.1071e-04 3.0556e-04 3.0044e-04 2.9535e-04 2.9028e-04 2.8525e-04 2.8024e-04 2.7527e-04 2.7033e-04 2.6543e-04 2.6056e-04 2.5574e-04 2.5095e-04 2.4620e-04 2.4149e-04 2.3683e-04 2.3221e-04 2.2764e-04
-6.1742e-04 -6.1724e-04 -6.1694e-04 -6.1652e-04 -6.1598e-04 -6.1532e-04 -6.1454e-04 -6.1364e-04 -6.1262e-04 -6.1149e-04 1.2220e-02 -6.0887e-04 -6.0738e-04 -6.0579e-04 -6.0407e-04 -6.0225e-04 -6.0031e-04 -5.9827e-04 -5.9611e-04 -5.9385e-04 -5.9147e-04 -5.8900e-04 -5.8642e-04 -5.8373e-04 -5.8095e-04 -5.7807e-04 -5.7508e-04 -5.7200e-04 -5.6883e-04 -5.6557e-04 -5.6221e-04 -5.5876e-04 -5.5523e-04 -5.5161e-04 -5.4791e-04 -5.4413e-04 -5.4027e-04 -5.3633e-04 -5.3231e-04 -5.2822e-04 -5.2406e-04 -5.1984e-04 -5.1554e-04 -5.1118e-04 -5.0676e-04 -5.0228e-04 -4.9774e-04 -4.9315e-04 -4.8851e-04 -4.8381e-04 -4.7906e-04 -4.7427e-04 -4.6944e-04 -4.6456e-04 -4.5964e-04 -4.5469e-04 -4.4971e-04 -4.4469e-04 -4.3964e-04 -4.3456e-04 -4.2946e-04 -4.2434e-04 -4.1919e-04 -4.1403e-04 -4.0885e-04 -4.0365e-04 -3.9845e-04 -3.9323e-04 -3.8801e-04 -3.8278e-04 -3.7755e-04 -3.7232e-04 -3.6708e-04 -3.6186e-04 -3.5663e-04 -3.5141e-04 -3.4620e-04 -3.4101e-04 -3.3582e-04 -3.3065e-04 -3.2549e-04 -3.2036e-04 -3.1524e-04 -3.1014e-04 -3.0507e-04 -3.0002e-04 -2.9499e-04 -2.9000e-04 -2.8503e-04 -2.8009e-04 -2.7519e-04 -2.7032e-04 -2.6548e-04 -2.6068e-04 -2.5591e-04 -2.5118e-04 -2.4650e-04 -2.4185e-04 -2.3724e-04 -2.3268e-04 6.1742e-04 6.1724e-04 6.1693e-04 6.1650e-04 6.1594e-04 6.1526e-04 6.1446e-04 6.1354e-04 6.1250e-04 6.1134e-04 0.0000e+00 6.0866e-04 6.0714e-04 6.0550e-04 6.0374e-04 6.0188e-04 5.9989e-04 5.9780e-04 5.9559e-04 5.9327e-04 5.9084e-04 5.8831e-04 5.8567e-04 5.8292e-04 5.8007e-04 5.7712e-04 5.7407e-04 5.7092e-04 5.6768e-04 5.6434e-04 5.6091e-04 5.5738e-04 5.5377e-04 5.5007e-04 5.4629e-04 5.4243e-04 5.3848e-04 5.3446e-04 5.3036e-04 5.2618e-04 5.2194e-04 5.1763e-04 5.1324e-04 5.0880e-04 5.0429e-04 4.9972e-04 4.9510e-04 4.9041e-04 4.8568e-04 4.8090e-04 4.7606e-04 4.7119e-04 4.6626e-04 4.6130e-04 4.5630e-04 4.5126e-04 4.4619e-04 4.4109e-04 4.3596e-04 4.3080e-04 4.2562e-04 4.2042e-04 4.1520e-04 4.0996e-04 4.0470e-04 3.9943e-04 3.9416e-04 3.8887e-04 3.8358e-04 3.7829e-04 3.7299e-04 3.6769e-04 3.6240e-04 3.5711e-04 3.5183e-04 3.4656e-04 3.4130e-04 3.3605e-04 3.3081e-04 3.2559e-04 3.2039e-04 3.1521e-04 3.1005e-04 3.0492e-04 2.9981e-04 2.9473e-04 2.8967e-04 2.8465e-04 2.7965e-04 2.7469e-04 2.6976e-04 2.6487e-04 2.6002e-04 2.5520e-04 2.5042e-04 2.4568e-04 2.4099e-04 2.3633e-04 2.3172e-04 2.2716e-04
-6.1600e-04 -6.1583e-04 -6.1553e-04 -6.1511e-04 -6.1457e-04 -6.1391e-04 -6.1314e-04 -6.1225e-04 -6.1124e-04 -6.1011e-04 -6.0887e-04 1.4543e-02 -6.0604e-04 -6.0445e-04 -6.0275e-04 -6.0094e-04 -5.9901e-04 -5.9698e-04 -5.9484e-04 -5.9259e-04 -5.9024e-04 -5.8778e-04 -5.8521e-04 -5.8255e-04 -5.7978e-04 -5.7692e-04 -5.7395e-04 -5.7090e-04 -5.6774e-04 -5.6450e-04 -5.6117e-04 -5.5774e-04 -5.5423e-04 -5.5064e-04 -5.4696e-04 -5.4320e-04 -5.3936e-04 -5.3545e-04 -5.3146e-04 -5.2740e-04 -5.2326e-04 -5.1906e-04 -5.1479e-04 -5.1046e-04 -5.0607e-04 -5.0162e-04 -4.9710e-04 -4.9254e-04 -4.8792e-04 -4.8325e-04 -4.7853e-04 -4.7377e-04 -4.6896e-04 -4.6411e-04 -4.5922e-04 -4.5430e-04 -4.4934e-04 -4.4435e-04 -4.3933e-04 -4.3428e-04 -4.2920e-04 -4.2410e-04 -4.1899e-04 -4.1385e-04 -4.0869e-04 -4.0353e-04 -3.9835e-04 -3.9316e-04 -3.8796e-04 -3.8276e-04 -3.7755e-04 -3.7234e-04 -3.6713e-04 -3.6193e-04 -3.5672e-04 -3.5153e-04 -3.4634e-04 -3.4117e-04 -3.3600e-04 -3.3085e-04 -3.2572e-04 -3.2060e-04 -3.1550e-04 -3.1042e-04 -3.0537e-04 -3.0033e-04 -2.9533e-04 -2.9035e-04 -2.8540e-04 -2.8048e-04 -2.7559e-04 -2.7073e-04 -2.6591e-04 -2.6112e-04 -2.5637e-04 -2.5165e-04 -2.4698e-04 -2.4234e-04 -2.3775e-04 -2.3319e-04 6.1600e-04 6.1582e-04 6.1551e-04 6.1508e-04 6.1453e-04 6.1385e-04 6.1305e-04 6.1213e-04 6.1109e-04 6.0993e-04 6.0866e-04 0.0000e+00 6.0574e-04 6.0411e-04 6.0236e-04 6.0049e-04 5.9852e-04 5.9642e-04 5.9422e-04 5.9191e-04 5.8949e-04 5.8696e-04 5.8432e-04 5.8158e-04 5.7874e-04 5.7579e-04 5.7275e-04 5.6961e-04 5.6637e-04 5.6304e-04 5.5962e-04 5.5610e-04 5.5250e-04 5.4881e-04 5.4504e-04 5.4118e-04 5.3724e-04 5.3323e-04 5.2914e-04 5.2498e-04 5.2074e-04 5.1644e-04 5.1206e-04 5.0763e-04 5.0313e-04 4.9857e-04 4.9396e-04 4.8929e-04 4.8456e-04 4.7979e-04 4.7497e-04 4.7010e-04 4.6519e-04 4.6024e-04 4.5525e-04 4.5023e-04 4.4517e-04 4.4008e-04 4.3496e-04 4.2981e-04 4.2464e-04 4.1945e-04 4.1424e-04 4.0901e-04 4.0377e-04 3.9852e-04 3.9325e-04 3.8798e-04 3.8270e-04 3.7742e-04 3.7213e-04 3.6685e-04 3.6157e-04 3.5629e-04 3.5102e-04 3.4576e-04 3.4051e-04 3.3527e-04 3.3005e-04 3.2484e-04 3.1966e-04 3.1449e-04 3.0934e-04 3.0422e-04 2.9912e-04 2.9405e-04 2.8901e-04 2.8399e-04 2.7901e-04 2.7406e-04 2.6914e-04 2.6426e-04 2.5942e-04 2.5461e-04 2.4985e-04 2.4512e-04 2.4043e-04 2.3579e-04 2.3119e-04 2.2664e-04
-6.1447e-04 -6.1429e-04 -6.1399e-04 -6.1358e-04 -6.1304e-04 -6.1239e-04 -6.1162e-04 -6.1074e-04 -6.0974e-04 -6.0862e-04 -6.0738e-04 -6.0604e-04 1.7068e-02 -6.0300e-04 -6.0131e-04 -5.9951e-04 -5.9760e-04 -5.9559e-04 -5.9346e-04 -5.9123e-04 -5.8889e-04 -5.8645e-04 -5.8391e-04 -5.8126e-04 -5.7851e-04 -5.7567e-04 -5.7273e-04 -5.6969e-04 -5.6656e-04 -5.6334e-04 -5.6003e-04 -5.5663e-04 -5.5315e-04 -5.4958e-04 -5.4593e-04 -5.4219e-04 -5.3838e-04 -5.3450e-04 -5.3053e-04 -5.2650e-04 -5.2239e-04 -5.1822e-04 -5.1398e-04 -5.0968e-04 -5.0531e-04 -5.0089e-04 -4.9641e-04 -4.9187e-04 -4.8728e-04 -4.8264e-04 -4.7796e-04 -4.7322e-04 -4.6844e-04 -4.6362e-04 -4.5877e-04 -4.5387e-04 -4.4894e-04 -4.4398e-04 -4.3899e-04 -4.3397e-04 -4.2892e-04 -4.2385e-04 -4.1876e-04 -4.1365e-04 -4.0853e-04 -4.0339e-04 -3.9824e-04 -3.9307e-04 -3.8790e-04 -3.8273e-04 -3.7755e-04 -3.7236e-04 -3.6718e-04 -3.6200e-04 -3.5682e-04 -3.5165e-04 -3.4649e-04 -3.4134e-04 -3.3620e-04 -3.3107e-04 -3.2596e-04 -3.2086e-04 -3.1578e-04 -3.1072e-04 -3.0569e-04 -3.0068e-04 -2.9569e-04 -2.9073e-04 -2.8580e-04 -2.8089e-04 -2.7602e-04 -2.7118e-04 -2.6637e-04 -2.6160e-04 -2.5686e-04 -2.5216e-04 -2.4750e-04 -2.4288e-04 -2.3829e-04 -2.3375e-04 6.1446e-04 6.1428e-04 6.1397e-04 6.1354e-04 6.1299e-04 6.1232e-04 6.1152e-04 6.1061e-04 6.0957e-04 6.0841e-04 6.0714e-04 6.0574e-04 0.0000e+00 6.0260e-04 6.0085e-04 5.9899e-04 5.9702e-04 5.9493e-04 5.9274e-04 5.9043e-04 5.8801e-04 5.8549e-04 5.8286e-04 5.8013e-04 5.7729e-04 5.7436e-04 5.7132e-04 5.6819e-04 5.6496e-04 5.6163e-04 5.5822e-04 5.5471e-04 5.5112e-04 5.4744e-04 5.4367e-04 5.3983e-04 5.3590e-04 5.3190e-04 5.2782e-04 5.2366e-04 5.1944e-04 5.1515e-04 5.1079e-04 5.0636e-04 5.0188e-04 4.9733e-04 4.9272e-04 4.8807e-04 4.8335e-04 4.7859e-04 4.7378e-04 4.6893e-04 4.6403e-04 4.5909e-04 4.5412e-04 4.4910e-04 4.4406e-04 4.3898e-04 4.3387e-04 4.2874e-04 4.2358e-04 4.1841e-04 4.1321e-04 4.0799e-04 4.0276e-04 3.9752e-04 3.9227e-04 3.8701e-04 3.8174e-04 3.7647e-04 3.7120e-04 3.6593e-04 3.6066e-04 3.5540e-04 3.5015e-04 3.4490e-04 3.3966e-04 3.3444e-04 3.2923e-04 3.2403e-04 3.1886e-04 3.1370e-04 3.0857e-04 3.0346e-04 2.9837e-04 2.9331e-04 2.8828e-04 2.8328e-04 2.7831e-04 2.7337e-04 2.6847e-04 2.6360e-04 2.5877e-04 2.5398e-04 2.4922e-04 2.4451e-04 2.3983e-04 2.3520e-04 2.3061e-04 2.2607e-04
-6.1281e-04 -6.1263e-04 -6.1234e-04 -6.1193e-04 -6.1140e-04 -6.1075e-04 -6.0999e-04 -6.0911e-04 -6.0812e-04 -6.0701e-04 -6.0579e-04 -6.0445e-04 -6.0300e-04 1.9794e-02 -5.9976e-04 -5.9798e-04 -5.9609e-04 -5.9408e-04 -5.9198e-04 -5.8976e-04 -5.8744e-04 -5.8502e-04 -5.8250e-04 -5.7987e-04 -5.7715e-04 -5.7433e-04 -5.7141e-04 -5.6840e-04 -5.6529e-04 -5.6210e-04 -5.5881e-04 -5.5544e-04 -5.5198e-04 -5.4844e-04 -5.4481e-04 -5.4111e-04 -5.3733e-04 -5.3347e-04 -5.2954e-04 -5.2553e-04 -5.2146e-04 -5.1731e-04 -5.1311e-04 -5.0883e-04 -5.0450e-04 -5.0011e-04 -4.9566e-04 -4.9115e-04 -4.8660e-04 -4.8199e-04 -4.7733e-04 -4.7263e-04 -4.6788e-04 -4.6310e-04 -4.5827e-04 -4.5341e-04 -4.4851e-04 -4.4358e-04 -4.3862e-04 -4.3363e-04 -4.2862e-04 -4.2358e-04 -4.1852e-04 -4.1344e-04 -4.0835e-04 -4.0324e-04 -3.9812e-04 -3.9298e-04 -3.8784e-04 -3.8269e-04 -3.7754e-04 -3.7239e-04 -3.6723e-04 -3.6208e-04 -3.5693e-04 -3.5178e-04 -3.4665e-04 -3.4152e-04 -3.3640e-04 -3.3130e-04 -3.2621e-04 -3.2114e-04 -3.1608e-04 -3.1105e-04 -3.0604e-04 -3.0104e-04 -2.9608e-04 -2.9114e-04 -2.8622e-04 -2.8134e-04 -2.7649e-04 -2.7166e-04 -2.6687e-04 -2.6212e-04 -2.5739e-04 -2.5271e-04 -2.4806e-04 -2.4345e-04 -2.3888e-04 -2.3435e-04 6.1281e-04 6.1262e-04 6.1232e-04 6.1189e-04 6.1134e-04 6.1067e-04 6.0987e-04 6.0896e-04 6.0793e-04 6.0677e-04 6.0550e-04 6.0411e-04 6.0260e-04 0.0000e+00 5.9923e-04 5.9738e-04 5.9541e-04 5.9333e-04 5.9114e-04 5.8884e-04 5.8643e-04 5.8391e-04 5.8129e-04 5.7857e-04 5.7574e-04 5.7281e-04 5.6978e-04 5.6666e-04 5.6343e-04 5.6012e-04 5.5671e-04 5.5322e-04 5.4963e-04 5.4596e-04 5.4221e-04 5.3837e-04 5.3446e-04 5.3046e-04 5.2639e-04 5.2225e-04 5.1804e-04 5.1376e-04 5.0941e-04 5.0500e-04 5.0052e-04 4.9599e-04 4.9140e-04 4.8675e-04 4.8205e-04 4.7730e-04 4.7251e-04 4.6766e-04 4.6278e-04 4.5785e-04 4.5289e-04 4.4789e-04 4.4286e-04 4.3779e-04 4.3270e-04 4.2758e-04 4.2244e-04 4.1728e-04 4.1209e-04 4.0689e-04 4.0168e-04 3.9645e-04 3.9121e-04 3.8597e-04 3.8071e-04 3.7546e-04 3.7020e-04 3.6495e-04 3.5969e-04 3.5444e-04 3.4920e-04 3.4397e-04 3.3874e-04 3.3353e-04 3.2834e-04 3.2316e-04 3.1800e-04 3.1286e-04 3.0774e-04 3.0264e-04 2.9757e-04 2.9252e-04 2.8751e-04 2.8252e-04 2.7756e-04 2.7264e-04 2.6775e-04 2.6289e-04 2.5807e-04 2.5329e-04 2.4855e-04 2.4385e-04 2.3919e-04 2.3457e-04 2.2999e-04 2.2546e-04
-6.1104e-04 -6.1086e-04 -6.1057e-04 -6.1016e-04 -6.0964e-04 -6.0900e-04 -6.0824e-04 -6.0737e-04 -6.0639e-04 -6.0529e-04 -6.0407e-04 -6.0275e-04 -6.0131e-04 -5.9976e-04 2.2723e-02 -5.9634e-04 -5.9446e-04 -5.9248e-04 -5.9039e-04 -5.8819e-04 -5.8589e-04 -5.8349e-04 -5.8099e-04 -5.7839e-04 -5.7569e-04 -5.7289e-04 -5.7000e-04 -5.6701e-04 -5.6393e-04 -5.6076e-04 -5.5750e-04 -5.5416e-04 -5.5073e-04 -5.4722e-04 -5.4362e-04 -5.3995e-04 -5.3620e-04 -5.3237e-04 -5.2847e-04 -5.2449e-04 -5.2045e-04 -5.1634e-04 -5.1217e-04 -5.0793e-04 -5.0363e-04 -4.9927e-04 -4.9485e-04 -4.9038e-04 -4.8586e-04 -4.8128e-04 -4.7666e-04 -4.7200e-04 -4.6728e-04 -4.6253e-04 -4.5774e-04 -4.5291e-04 -4.4805e-04 -4.4315e-04 -4.3823e-04 -4.3327e-04 -4.2829e-04 -4.2329e-04 -4.1826e-04 -4.1321e-04 -4.0815e-04 -4.0308e-04 -3.9798e-04 -3.9288e-04 -3.8777e-04 -3.8266e-04 -3.7753e-04 -3.7241e-04 -3.6728e-04 -3.6216e-04 -3.5704e-04 -3.5192e-04 -3.4681e-04 -3.4171e-04 -3.3662e-04 -3.3155e-04 -3.2648e-04 -3.2144e-04 -3.1641e-04 -3.1140e-04 -3.0640e-04 -3.0144e-04 -2.9649e-04 -2.9157e-04 -2.8668e-04 -2.8182e-04 -2.7698e-04 -2.7218e-04 -2.6740e-04 -2.6267e-04 -2.5796e-04 -2.5329e-04 -2.4866e-04 -2.4407e-04 -2.3951e-04 -2.3500e-04 6.1103e-04 6.1085e-04 6.1054e-04 6.1012e-04 6.0957e-04 6.0890e-04 6.0811e-04 6.0720e-04 6.0616e-04 6.0501e-04 6.0374e-04 6.0236e-04 6.0085e-04 5.9923e-04 0.0000e+00 5.9565e-04 5.9369e-04 5.9161e-04 5.8943e-04 5.8713e-04 5.8473e-04 5.8222e-04 5.7961e-04 5.7689e-04 5.7407e-04 5.7115e-04 5.6813e-04 5.6501e-04 5.6180e-04 5.5850e-04 5.5510e-04 5.5162e-04 5.4804e-04 5.4438e-04 5.4064e-04 5.3681e-04 5.3291e-04 5.2893e-04 5.2487e-04 5.2074e-04 5.1654e-04 5.1227e-04 5.0793e-04 5.0353e-04 4.9907e-04 4.9455e-04 4.8997e-04 4.8534e-04 4.8066e-04 4.7592e-04 4.7114e-04 4.6631e-04 4.6144e-04 4.5653e-04 4.5158e-04 4.4659e-04 4.4158e-04 4.3653e-04 4.3145e-04 4.2635e-04 4.2122e-04 4.1607e-04 4.1090e-04 4.0571e-04 4.0051e-04 3.9530e-04 3.9008e-04 3.8485e-04 3.7961e-04 3.7437e-04 3.6913e-04 3.6389e-04 3.5865e-04 3.5342e-04 3.4819e-04 3.4297e-04 3.3776e-04 3.3257e-04 3.2739e-04 3.2222e-04 3.1708e-04 3.1195e-04 3.0684e-04 3.0176e-04 2.9671e-04 2.9167e-04 2.8667e-04 2.8170e-04 2.7676e-04 2.7185e-04 2.6697e-04 2.6213e-04 2.5732e-04 2.5256e-04 2.4783e-04 2.4314e-04 2.3849e-04 2.3389e-04 2.2932e-04 2.2480e-04
-6.0915e-04 -6.0897e-04 -6.0868e-04 -6.0828e-04 -6.0776e-04 -6.0713e-04 -6.0638e-04 -6.0551e-04 -6.0454e-04 -6.0345e-04 -6.0225e-04 -6.0094e-04 -5.9951e-04 -5.9798e-04 -5.9634e-04 2.5854e-02 -5.9273e-04 -5.9076e-04 -5.8869e-04 -5.8651e-04 -5.8424e-04 -5.8186e-04 -5.7938e-04 -5.7680e-04 -5.7413e-04 -5.7135e-04 -5.6849e-04 -5.6553e-04 -5.6248e-04 -5.5934e-04 -5.5611e-04 -5.5279e-04 -5.4939e-04 -5.4591e-04 -5.4235e-04 -5.3871e-04 -5.3499e-04 -5.3119e-04 -5.2733e-04 -5.2339e-04 -5.1938e-04 -5.1530e-04 -5.1116e-04 -5.0696e-04 -5.0269e-04 -4.9837e-04 -4.9399e-04 -4.8956e-04 -4.8507e-04 -4.8053e-04 -4.7595e-04 -4.7132e-04 -4.6664e-04 -4.6193e-04 -4.5717e-04 -4.5238e-04 -4.4755e-04 -4.4269e-04 -4.3780e-04 -4.3288e-04 -4.2794e-04 -4.2297e-04 -4.1798e-04 -4.1297e-04 -4.0794e-04 -4.0290e-04 -3.9784e-04 -3.9277e-04 -3.8770e-04 -3.8261e-04 -3.7752e-04 -3.7243e-04 -3.6734e-04 -3.6225e-04 -3.5716e-04 -3.5207e-04 -3.4699e-04 -3.4192e-04 -3.3686e-04 -3.3181e-04 -3.2677e-04 -3.2175e-04 -3.1675e-04 -3.1176e-04 -3.0680e-04 -3.0185e-04 -2.9693e-04 -2.9203e-04 -2.8716e-04 -2.8232e-04 -2.7751e-04 -2.7272e-04 -2.6797e-04 -2.6325e-04 -2.5856e-04 -2.5391e-04 -2.4930e-04 -2.4472e-04 -2.4018e-04 -2.3568e-04 6.0914e-04 6.0896e-04 6.0866e-04 6.0823e-04 6.0768e-04 6.0701e-04 6.0623e-04 6.0532e-04 6.0429e-04 6.0314e-04 6.0188e-04 6.0049e-04 5.9899e-04 5.9738e-04 5.9565e-04 0.0000e+00 5.9185e-04 5.8978e-04 5.8760e-04 5.8532e-04 5.8292e-04 5.8042e-04 5.7781e-04 5.7510e-04 5.7229e-04 5.6938e-04 5.6637e-04 5.6327e-04 5.6006e-04 5.5677e-04 5.5338e-04 5.4991e-04 5.4635e-04 5.4270e-04 5.3897e-04 5.3515e-04 5.3126e-04 5.2729e-04 5.2325e-04 5.1913e-04 5.1494e-04 5.1068e-04 5.0636e-04 5.0198e-04 4.9753e-04 4.9302e-04 4.8846e-04 4.8384e-04 4.7917e-04 4.7445e-04 4.6968e-04 4.6487e-04 4.6001e-04 4.5511e-04 4.5018e-04 4.4521e-04 4.4021e-04 4.3518e-04 4.3011e-04 4.2503e-04 4.1991e-04 4.1478e-04 4.0963e-04 4.0446e-04 3.9927e-04 3.9408e-04 3.8887e-04 3.8366e-04 3.7844e-04 3.7321e-04 3.6799e-04 3.6276e-04 3.5754e-04 3.5232e-04 3.4711e-04 3.4191e-04 3.3672e-04 3.3154e-04 3.2637e-04 3.2122e-04 3.1609e-04 3.1098e-04 3.0589e-04 3.0083e-04 2.9579e-04 2.9077e-04 2.8578e-04 2.8083e-04 2.7590e-04 2.7100e-04 2.6614e-04 2.6132e-04 2.5653e-04 2.5177e-04 2.4706e-04 2.4239e-04 2.3775e-04 2.3316e-04 2.2861e-04 2.2411e-04
-6.0714e-04 -6.0697e-04 -6.0668e-04 -6.0628e-04 -6.0577e-04 -6.0514e-04 -6.0440e-04 -6.0355e-04 -6.0258e-04 -6.0150e-04 -6.0031e-04 -5.9901e-04 -5.9760e-04 -5.9609e-04 -5.9446e-04 -5.9273e-04 2.9186e-02 -5.8894e-04 -5.8689e-04 -5.8474e-04 -5.8248e-04 -5.8013e-04 -5.7767e-04 -5.7512e-04 -5.7247e-04 -5.6972e-04 -5.6689e-04 -5.6396e-04 -5.6093e-04 -5.5782e-04 -5.5463e-04 -5.5134e-04 -5.4798e-04 -5.4453e-04 -5.4100e-04 -5.3739e-04 -5.3370e-04 -5.2995e-04 -5.2611e-04 -5.2221e-04 -5.1824e-04 -5.1420e-04 -5.1010e-04 -5.0593e-04 -5.0170e-04 -4.9742e-04 -4.9308e-04 -4.8868e-04 -4.8423e-04 -4.7973e-04 -4.7519e-04 -4.7059e-04 -4.6596e-04 -4.6128e-04 -4.5657e-04 -4.5181e-04 -4.4702e-04 -4.4220e-04 -4.3735e-04 -4.3247e-04 -4.2756e-04 -4.2263e-04 -4.1768e-04 -4.1271e-04 -4.0772e-04 -4.0271e-04 -3.9769e-04 -3.9266e-04 -3.8762e-04 -3.8257e-04 -3.7751e-04 -3.7245e-04 -3.6739e-04 -3.6233e-04 -3.5728e-04 -3.5222e-04 -3.4717e-04 -3.4213e-04 -3.3710e-04 -3.3208e-04 -3.2708e-04 -3.2208e-04 -3.1711e-04 -3.1215e-04 -3.0721e-04 -3.0229e-04 -2.9739e-04 -2.9252e-04 -2.8768e-04 -2.8286e-04 -2.7806e-04 -2.7330e-04 -2.6857e-04 -2.6387e-04 -2.5920e-04 -2.5457e-04 -2.4997e-04 -2.4541e-04 -2.4089e-04 -2.3640e-04 6.0714e-04 6.0695e-04 6.0665e-04 6.0623e-04 6.0568e-04 6.0501e-04 6.0423e-04 6.0332e-04 6.0230e-04 6.0115e-04 5.9989e-04 5.9852e-04 5.9702e-04 5.9541e-04 5.9369e-04 5.9185e-04 0.0000e+00 5.8784e-04 5.8567e-04 5.8339e-04 5.8100e-04 5.7851e-04 5.7591e-04 5.7321e-04 5.7041e-04 5.6751e-04 5.6451e-04 5.6141e-04 5.5822e-04 5.5494e-04 5.5156e-04 5.4810e-04 5.4455e-04 5.4091e-04 5.3719e-04 5.3339e-04 5.2951e-04 5.2555e-04 5.2152e-04 5.1742e-04 5.1324e-04 5.0900e-04 5.0469e-04 5.0032e-04 4.9589e-04 4.9140e-04 4.8685e-04 4.8224e-04 4.7759e-04 4.7288e-04 4.6813e-04 4.6333e-04 4.5849e-04 4.5361e-04 4.4870e-04 4.4374e-04 4.3876e-04 4.3374e-04 4.2870e-04 4.2362e-04 4.1853e-04 4.1341e-04 4.0828e-04 4.0312e-04 3.9796e-04 3.9278e-04 3.8759e-04 3.8239e-04 3.7719e-04 3.7198e-04 3.6677e-04 3.6157e-04 3.5636e-04 3.5116e-04 3.4597e-04 3.4078e-04 3.3561e-04 3.3044e-04 3.2530e-04 3.2017e-04 3.1505e-04 3.0996e-04 3.0489e-04 2.9984e-04 2.9481e-04 2.8981e-04 2.8484e-04 2.7990e-04 2.7499e-04 2.7011e-04 2.6526e-04 2.6045e-04 2.5568e-04 2.5094e-04 2.4624e-04 2.4159e-04 2.3697e-04 2.3239e-04 2.2786e-04 2.2337e-04
