1.0099e-04 -1.1898e-03 -1.1326e-03 -1.0571e-03 -9.6743e-04 -8.6809e-04 -7.6374e-04 -6.5883e-04 -5.5724e-04 -4.6212e-04 -3.7576e-04 -2.9957e-04 -2.3417e-04 -1.7947e-04 -1.3487e-04 -9.9369e-05 -7.1785e-05 -5.0845e-05 -3.5309e-05 -2.4042e-05 -1.6050e-05 -1.0506e-05 -6.7419e-06 -4.2421e-06 -2.6169e-06 -1.5828e-06 -9.3865e-07 -5.4574e-07 -3.1109e-07 -1.7387e-07 -9.5270e-08 -5.1181e-08 -2.6957e-08 -1.3920e-08 -7.0476e-09 -3.4981e-09 -1.7023e-09 -8.1217e-10 -3.7989e-10 -1.7421e-10 -7.8321e-11 -3.4521e-11 -1.4917e-11 -6.3197e-12 -2.6247e-12 -1.0687e-12 -4.2663e-13 -1.6696e-13 -6.4056e-14 -2.4093e-14 -8.8841e-15 -3.2115e-15 -1.1381e-15 -3.9542e-16 -1.3468e-16 -4.4968e-17 -1.4719e-17 -4.7234e-18 -1.4859e-18 -4.5823e-19 -1.3853e-19 -4.1058e-20 -1.1929e-20 -3.3976e-21 -9.4864e-22 -2.5966e-22 -6.9671e-23 -1.8326e-23 -4.7255e-24 -1.1945e-24 -2.9598e-25 -7.1897e-26 -1.7120e-26 -3.9963e-27 -9.1446e-28 -2.0513e-28 -4.5105e-29 -9.7226e-30 -2.0544e-30 -4.2553e-31 -8.6403e-32 -1.7198e-32 -3.3555e-33 -6.4179e-34 -1.2033e-34 -2.2115e-35 -3.9842e-36 -7.0362e-37 -1.2181e-37 -2.0671e-38 -3.4385e-39 -5.6070e-40 -8.9623e-41 -1.4043e-41 -2.1568e-42 -3.2472e-43 -4.7924e-44 -6.9330e-45 -9.8316e-46 -1.3667e-46 0.0000e+00 -1.1893e-03 -1.1316e-03 -1.0554e-03 -9.6502e-04 -8.6497e-04 -7.6002e-04 -6.5465e-04 -5.5277e-04 -4.5755e-04 -3.7127e-04 -2.9533e-04 -2.3029e-04 -1.7604e-04 -1.3191e-04 -9.6899e-05 -6.9778e-05 -4.9257e-05 -3.4086e-05 -2.3123e-05 -1.5377e-05 -1.0024e-05 -6.4060e-06 -4.0131e-06 -2.4645e-06 -1.4837e-06 -8.7558e-07 -5.0654e-07 -2.8727e-07 -1.5970e-07 -8.7036e-08 -4.6499e-08 -2.4352e-08 -1.2502e-08 -6.2921e-09 -3.1042e-09 -1.5013e-09 -7.1177e-10 -3.3080e-10 -1.5071e-10 -6.7310e-11 -2.9469e-11 -1.2648e-11 -5.3212e-12 -2.1946e-12 -8.8728e-13 -3.5166e-13 -1.3662e-13 -5.2034e-14 -1.9427e-14 -7.1101e-15 -2.5509e-15 -8.9715e-16 -3.0931e-16 -1.0454e-16 -3.4634e-17 -1.1248e-17 -3.5810e-18 -1.1176e-18 -3.4192e-19 -1.0254e-19 -3.0147e-20 -8.6882e-21 -2.4545e-21 -6.7975e-22 -1.8454e-22 -4.9110e-23 -1.2812e-23 -3.2763e-24 -8.2133e-25 -2.0184e-25 -4.8621e-26 -1.1482e-26 -2.6579e-27 -6.0312e-28 -1.3416e-28 -2.9255e-29 -6.2533e-30 -1.3103e-30 -2.6914e-31 -5.4193e-32 -1.0697e-32 -2.0696e-33 -3.9254e-34 -7.2984e-35 -1.3302e-35 -2.3766e-36 -4.1622e-37 -7.1457e-38 -1.2026e-38 -1.9839e-39 -3.2083e-40 -5.0860e-41 -7.9035e-42 -1.2039e-42 -1.7978e-43 -2.6316e-44 -3.7760e-45 -5.3111e-46 -7.3230e-47
-1.1898e-03 4.0395e-04 -1.1036e-03 -1.0333e-03 -9.4940e-04 -8.5607e-04 -7.5751e-04 -6.5776e-04 -5.6047e-04 -4.6862e-04 -3.8448e-04 -3.0953e-04 -2.4450e-04 -1.8950e-04 -1.4410e-04 -1.0751e-04 -7.8697e-05 -5.6513e-05 -3.9813e-05 -2.7515e-05 -1.8654e-05 -1.2406e-05 -8.0928e-06 -5.1783e-06 -3.2500e-06 -2.0007e-06 -1.2079e-06 -7.1529e-07 -4.1541e-07 -2.3660e-07 -1.3215e-07 -7.2388e-08 -3.8884e-08 -2.0482e-08 -1.0580e-08 -5.3586e-09 -2.6614e-09 -1.2961e-09 -6.1888e-10 -2.8976e-10 -1.3302e-10 -5.9872e-11 -2.6422e-11 -1.1432e-11 -4.8497e-12 -2.0170e-12 -8.2246e-13 -3.2879e-13 -1.2886e-13 -4.9513e-14 -1.8651e-14 -6.8877e-15 -2.4936e-15 -8.8501e-16 -3.0793e-16 -1.0503e-16 -3.5121e-17 -1.1513e-17 -3.6995e-18 -1.1654e-18 -3.5988e-19 -1.0894e-19 -3.2329e-20 -9.4046e-21 -2.6819e-21 -7.4969e-22 -2.0543e-22 -5.5184e-23 -1.4531e-23 -3.7507e-24 -9.4903e-25 -2.3539e-25 -5.7230e-26 -1.3640e-26 -3.1865e-27 -7.2975e-28 -1.6382e-28 -3.6048e-29 -7.7756e-30 -1.6441e-30 -3.4075e-31 -6.9229e-32 -1.3787e-32 -2.6914e-33 -5.1501e-34 -9.6602e-35 -1.7762e-35 -3.2012e-36 -5.6554e-37 -9.7936e-38 -1.6624e-38 -2.7662e-39 -4.5117e-40 -7.2131e-41 -1.1304e-41 -1.7365e-42 -2.6147e-43 -3.8593e-44 -5.5837e-45 -7.9187e-46 -1.1893e-03 0.0000e+00 -1.0996e-03 -1.0267e-03 -9.4001e-04 -8.4395e-04 -7.4299e-04 -6.4141e-04 -5.4297e-04 -4.5071e-04 -3.6687e-04 -2.9282e-04 -2.2918e-04 -1.7589e-04 -1.3237e-04 -9.7677e-05 -7.0679e-05 -5.0150e-05 -3.4892e-05 -2.3804e-05 -1.5924e-05 -1.0446e-05 -6.7187e-06 -4.2375e-06 -2.6206e-06 -1.5891e-06 -9.4490e-07 -5.5090e-07 -3.1494e-07 -1.7654e-07 -9.7034e-08 -5.2295e-08 -2.7635e-08 -1.4319e-08 -7.2746e-09 -3.6238e-09 -1.7700e-09 -8.4769e-10 -3.9805e-10 -1.8327e-10 -8.2734e-11 -3.6620e-11 -1.5893e-11 -6.7627e-12 -2.8215e-12 -1.1542e-12 -4.6290e-13 -1.8203e-13 -7.0183e-14 -2.6531e-14 -9.8331e-15 -3.5732e-15 -1.2731e-15 -4.4470e-16 -1.5230e-16 -5.1139e-17 -1.6836e-17 -5.4339e-18 -1.7196e-18 -5.3349e-19 -1.6228e-19 -4.8394e-20 -1.4149e-20 -4.0558e-21 -1.1398e-21 -3.1405e-22 -8.4831e-23 -2.2465e-23 -5.8328e-24 -1.4847e-24 -3.7050e-25 -9.0644e-26 -2.1741e-26 -5.1124e-27 -1.1786e-27 -2.6636e-28 -5.9017e-29 -1.2820e-29 -2.7300e-30 -5.6993e-31 -1.1665e-31 -2.3405e-32 -4.6039e-33 -8.8782e-34 -1.6784e-34 -3.1107e-35 -5.6519e-36 -1.0067e-36 -1.7579e-37 -3.0092e-38 -5.0500e-39 -8.3081e-40 -1.3399e-40 -2.1185e-41 -3.2836e-42 -4.9894e-43 -7.4320e-44 -1.0853e-44 -1.5536e-45 -2.1801e-46
-1.1326e-03 -1.1036e-03 9.0882e-04 -9.9461e-04 -9.1993e-04 -8.3612e-04 -7.4674e-04 -6.5527e-04 -5.6492e-04 -4.7844e-04 -3.9802e-04 -3.2521e-04 -2.6096e-04 -2.0563e-04 -1.5909e-04 -1.2084e-04 -9.0107e-05 -6.5951e-05 -4.7378e-05 -3.3401e-05 -2.3108e-05 -1.5687e-05 -1.0448e-05 -6.8274e-06 -4.3767e-06 -2.7522e-06 -1.6976e-06 -1.0271e-06 -6.0944e-07 -3.5466e-07 -2.0241e-07 -1.1329e-07 -6.2175e-08 -3.3461e-08 -1.7658e-08 -9.1370e-09 -4.6357e-09 -2.3060e-09 -1.1247e-09 -5.3783e-10 -2.5215e-10 -1.1590e-10 -5.2226e-11 -2.3072e-11 -9.9928e-12 -4.2429e-12 -1.7661e-12 -7.2069e-13 -2.8830e-13 -1.1306e-13 -4.3464e-14 -1.6380e-14 -6.0515e-15 -2.1916e-15 -7.7805e-16 -2.7077e-16 -9.2376e-17 -3.0892e-17 -1.0127e-17 -3.2545e-18 -1.0252e-18 -3.1657e-19 -9.5826e-20 -2.8434e-20 -8.2702e-21 -2.3580e-21 -6.5902e-22 -1.8055e-22 -4.8487e-23 -1.2764e-23 -3.2938e-24 -8.3315e-25 -2.0658e-25 -5.0210e-26 -1.1962e-26 -2.7937e-27 -6.3954e-28 -1.4351e-28 -3.1567e-29 -6.8064e-30 -1.4386e-30 -2.9804e-31 -6.0525e-32 -1.2049e-32 -2.3510e-33 -4.4969e-34 -8.4313e-35 -1.5495e-35 -2.7915e-36 -4.9294e-37 -8.5327e-38 -1.4478e-38 -2.4079e-39 -3.9257e-40 -6.2735e-41 -9.8271e-42 -1.5089e-42 -2.2711e-43 -3.3507e-44 -4.8458e-45 -1.1316e-03 -1.0996e-03 0.0000e+00 -9.8053e-04 -8.9976e-04 -8.1002e-04 -7.1542e-04 -6.1990e-04 -5.2696e-04 -4.3947e-04 -3.5955e-04 -2.8859e-04 -2.2724e-04 -1.7554e-04 -1.3302e-04 -9.8886e-05 -7.2114e-05 -5.1590e-05 -3.6204e-05 -2.4923e-05 -1.6830e-05 -1.1149e-05 -7.2441e-06 -4.6172e-06 -2.8866e-06 -1.7702e-06 -1.0648e-06 -6.2819e-07 -3.6353e-07 -2.0633e-07 -1.1487e-07 -6.2719e-08 -3.3588e-08 -1.7641e-08 -9.0875e-09 -4.5912e-09 -2.2748e-09 -1.1054e-09 -5.2680e-10 -2.4621e-10 -1.1285e-10 -5.0724e-11 -2.2359e-11 -9.6651e-12 -4.0971e-12 -1.7031e-12 -6.9427e-13 -2.7753e-13 -1.0879e-13 -4.1816e-14 -1.5761e-14 -5.8252e-15 -2.1111e-15 -7.5023e-16 -2.6142e-16 -8.9321e-17 -2.9925e-17 -9.8302e-18 -3.1663e-18 -9.9998e-19 -3.0966e-19 -9.4019e-20 -2.7989e-20 -8.1697e-21 -2.3381e-21 -6.5606e-22 -1.8049e-22 -4.8686e-23 -1.2876e-23 -3.3386e-24 -8.4875e-25 -2.1155e-25 -5.1696e-26 -1.2386e-26 -2.9093e-27 -6.7000e-28 -1.5127e-28 -3.3485e-29 -7.2670e-30 -1.5461e-30 -3.2251e-31 -6.5954e-32 -1.3223e-32 -2.5991e-33 -5.0084e-34 -9.4617e-35 -1.7524e-35 -3.1818e-36 -5.6638e-37 -9.8839e-38 -1.6909e-38 -2.8361e-39 -4.6632e-40 -7.5167e-41 -1.1878e-41 -1.8402e-42 -2.7947e-43 -4.1609e-44 -6.0731e-45 -8.6898e-46
-1.0571e-03 -1.0333e-03 -9.9461e-04 1.6155e-03 -8.7989e-04 -8.0839e-04 -7.3098e-04 -6.5042e-04 -5.6934e-04 -4.9016e-04 -4.1495e-04 -3.4532e-04 -2.8245e-04 -2.2700e-04 -1.7922e-04 -1.3897e-04 -1.0583e-04 -7.9119e-05 -5.8066e-05 -4.1827e-05 -2.9568e-05 -2.0510e-05 -1.3959e-05 -9.3199e-06 -6.1041e-06 -3.9215e-06 -2.4709e-06 -1.5269e-06 -9.2535e-07 -5.4992e-07 -3.2047e-07 -1.8313e-07 -1.0260e-07 -5.6367e-08 -3.0361e-08 -1.6034e-08 -8.3016e-09 -4.2140e-09 -2.0971e-09 -1.0232e-09 -4.8938e-10 -2.2947e-10 -1.0548e-10 -4.7535e-11 -2.1000e-11 -9.0945e-12 -3.8610e-12 -1.6069e-12 -6.5559e-13 -2.6220e-13 -1.0280e-13 -3.9507e-14 -1.4884e-14 -5.4970e-15 -1.9901e-15 -7.0625e-16 -2.4570e-16 -8.3787e-17 -2.8009e-17 -9.1784e-18 -2.9483e-18 -9.2836e-19 -2.8655e-19 -8.6702e-20 -2.5715e-20 -7.4765e-21 -2.1308e-21 -5.9527e-22 -1.6301e-22 -4.3760e-23 -1.1515e-23 -2.9702e-24 -7.5099e-25 -1.8613e-25 -4.5222e-26 -1.0770e-26 -2.5141e-27 -5.7532e-28 -1.2905e-28 -2.8376e-29 -6.1160e-30 -1.2922e-30 -2.6761e-31 -5.4327e-32 -1.0811e-32 -2.1088e-33 -4.0321e-34 -7.5573e-35 -1.3884e-35 -2.5005e-36 -4.4141e-37 -7.6382e-38 -1.2956e-38 -2.1542e-39 -3.5109e-40 -5.6089e-41 -8.7836e-42 -1.3483e-42 -2.0288e-43 -2.9924e-44 -1.0554e-03 -1.0267e-03 -9.8053e-04 0.0000e+00 -8.4627e-04 -7.6476e-04 -6.7847e-04 -5.9091e-04 -5.0523e-04 -4.2405e-04 -3.4939e-04 -2.8258e-04 -2.2434e-04 -1.7483e-04 -1.3373e-04 -1.0040e-04 -7.3982e-05 -5.3505e-05 -3.7978e-05 -2.6455e-05 -1.8085e-05 -1.2133e-05 -7.9873e-06 -5.1599e-06 -3.2708e-06 -2.0344e-06 -1.2416e-06 -7.4344e-07 -4.3677e-07 -2.5175e-07 -1.4236e-07 -7.8975e-08 -4.2981e-08 -2.2947e-08 -1.2018e-08 -6.1744e-09 -3.1116e-09 -1.5381e-09 -7.4579e-10 -3.5468e-10 -1.6545e-10 -7.5696e-11 -3.3967e-11 -1.4949e-11 -6.4525e-12 -2.7315e-12 -1.1340e-12 -4.6171e-13 -1.8435e-13 -7.2187e-14 -2.7719e-14 -1.0438e-14 -3.8545e-15 -1.3958e-15 -4.9562e-16 -1.7258e-16 -5.8924e-17 -1.9728e-17 -6.4768e-18 -2.0850e-18 -6.5811e-19 -2.0369e-19 -6.1815e-20 -1.8394e-20 -5.3666e-21 -1.5352e-21 -4.3062e-22 -1.1843e-22 -3.1933e-23 -8.4424e-24 -2.1884e-24 -5.5617e-25 -1.3858e-25 -3.3857e-26 -8.1095e-27 -1.9044e-27 -4.3847e-28 -9.8977e-29 -2.1905e-29 -4.7527e-30 -1.0110e-30 -2.1085e-31 -4.3112e-32 -8.6419e-33 -1.6983e-33 -3.2722e-34 -6.1808e-35 -1.1446e-35 -2.0779e-36 -3.6983e-37 -6.4531e-38 -1.1039e-38 -1.8512e-39 -3.0435e-40 -4.9053e-41 -7.7508e-42 -1.2006e-42 -1.8232e-43 -2.7142e-44 -3.9613e-45
-9.6743e-04 -9.4940e-04 -9.1993e-04 -8.7989e-04 2.5239e-03 -7.7320e-04 -7.0976e-04 -6.4210e-04 -5.7219e-04 -5.0203e-04 -4.3348e-04 -3.6819e-04 -3.0751e-04 -2.5244e-04 -2.0363e-04 -1.6135e-04 -1.2555e-04 -9.5910e-05 -7.1921e-05 -5.2930e-05 -3.8223e-05 -2.7081e-05 -1.8823e-05 -1.2833e-05 -8.5815e-06 -5.6279e-06 -3.6196e-06 -2.2828e-06 -1.4118e-06 -8.5612e-07 -5.0903e-07 -2.9675e-07 -1.6961e-07 -9.5049e-08 -5.2221e-08 -2.8128e-08 -1.4853e-08 -7.6895e-09 -3.9026e-09 -1.9417e-09 -9.4711e-10 -4.5288e-10 -2.1229e-10 -9.7555e-11 -4.3947e-11 -1.9408e-11 -8.4018e-12 -3.5656e-12 -1.4834e-12 -6.0496e-13 -2.4185e-13 -9.4782e-14 -3.6413e-14 -1.3713e-14 -5.0625e-15 -1.8321e-15 -6.4993e-16 -2.2602e-16 -7.7048e-17 -2.5747e-17 -8.4339e-18 -2.7082e-18 -8.5246e-19 -2.6303e-19 -7.9559e-20 -2.3589e-20 -6.8560e-21 -1.9533e-21 -5.4552e-22 -1.4934e-22 -4.0078e-23 -1.0543e-23 -2.7187e-24 -6.8721e-25 -1.7028e-25 -4.1358e-26 -9.8469e-27 -2.2981e-27 -5.2575e-28 -1.1790e-28 -2.5918e-29 -5.5850e-30 -1.1797e-30 -2.4426e-31 -4.9575e-32 -9.8630e-33 -1.9235e-33 -3.6770e-34 -6.8903e-35 -1.2657e-35 -2.2789e-36 -4.0221e-37 -6.9586e-38 -1.1801e-38 -1.9618e-39 -3.1967e-40 -5.1061e-41 -7.9947e-42 -1.2270e-42 -1.8460e-43 -9.6502e-04 -9.4001e-04 -8.9976e-04 -8.4627e-04 0.0000e+00 -7.1021e-04 -6.3367e-04 -5.5550e-04 -4.7842e-04 -4.0480e-04 -3.3647e-04 -2.7473e-04 -2.2034e-04 -1.7358e-04 -1.3430e-04 -1.0205e-04 -7.6149e-05 -5.5798e-05 -4.0147e-05 -2.8362e-05 -1.9671e-05 -1.3394e-05 -8.9533e-06 -5.8748e-06 -3.7837e-06 -2.3919e-06 -1.4840e-06 -9.0363e-07 -5.3997e-07 -3.1664e-07 -1.8220e-07 -1.0287e-07 -5.6990e-08 -3.0977e-08 -1.6519e-08 -8.6427e-09 -4.4361e-09 -2.2337e-09 -1.1033e-09 -5.3459e-10 -2.5408e-10 -1.1846e-10 -5.4168e-11 -2.4296e-11 -1.0688e-11 -4.6117e-12 -1.9516e-12 -8.0996e-13 -3.2969e-13 -1.3161e-13 -5.1522e-14 -1.9780e-14 -7.4472e-15 -2.7496e-15 -9.9552e-16 -3.5345e-16 -1.2306e-16 -4.2013e-17 -1.4065e-17 -4.6171e-18 -1.4862e-18 -4.6909e-19 -1.4518e-19 -4.4056e-20 -1.3109e-20 -3.8245e-21 -1.0940e-21 -3.0686e-22 -8.4389e-23 -2.2755e-23 -6.0158e-24 -1.5593e-24 -3.9630e-25 -9.8748e-26 -2.4124e-26 -5.7784e-27 -1.3570e-27 -3.1243e-28 -7.0526e-29 -1.5608e-29 -3.3866e-30 -7.2041e-31 -1.5025e-31 -3.0720e-32 -6.1581e-33 -1.2102e-33 -2.3318e-34 -4.4045e-35 -8.1564e-36 -1.4808e-36 -2.6356e-37 -4.5988e-38 -7.8669e-39 -1.3193e-39 -2.1690e-40 -3.4960e-41 -5.5241e-42 -8.5571e-43 -1.2995e-43 -1.9346e-44
-8.6809e-04 -8.5607e-04 -8.3612e-04 -8.0839e-04 -7.7320e-04 3.6338e-03 -6.8271e-04 -6.2922e-04 -5.7187e-04 -5.1214e-04 -4.5161e-04 -3.9188e-04 -3.3442e-04 -2.8054e-04 -2.3123e-04 -1.8720e-04 -1.4880e-04 -1.1611e-04 -8.8923e-05 -6.6822e-05 -4.9264e-05 -3.5628e-05 -2.5273e-05 -1.7583e-05 -1.1997e-05 -8.0270e-06 -5.2665e-06 -3.3881e-06 -2.1372e-06 -1.3218e-06 -8.0154e-07 -4.7654e-07 -2.7777e-07 -1.5873e-07 -8.8932e-08 -4.8847e-08 -2.6303e-08 -1.3885e-08 -7.1860e-09 -3.6458e-09 -1.8133e-09 -8.8418e-10 -4.2264e-10 -1.9805e-10 -9.0976e-11 -4.0969e-11 -1.8086e-11 -7.8271e-12 -3.3206e-12 -1.3810e-12 -5.6301e-13 -2.2501e-13 -8.8155e-14 -3.3857e-14 -1.2747e-14 -4.7043e-15 -1.7020e-15 -6.0361e-16 -2.0985e-16 -7.1518e-17 -2.3893e-17 -7.8246e-18 -2.5119e-18 -7.9050e-19 -2.4386e-19 -7.3742e-20 -2.1859e-20 -6.3519e-21 -1.8093e-21 -5.0520e-22 -1.3828e-22 -3.7102e-23 -9.7581e-24 -2.5158e-24 -6.3582e-25 -1.5751e-25 -3.8252e-26 -9.1058e-27 -2.1248e-27 -4.8603e-28 -1.0898e-28 -2.3953e-29 -5.1606e-30 -1.0899e-30 -2.2563e-31 -4.5789e-32 -9.1085e-33 -1.7761e-33 -3.3948e-34 -6.3607e-35 -1.1682e-35 -2.1032e-36 -3.7116e-37 -6.4206e-38 -1.0887e-38 -1.8097e-39 -2.9486e-40 -4.7092e-41 -7.3726e-42 -1.1314e-42 -8.6497e-04 -8.4395e-04 -8.1002e-04 -7.6476e-04 -7.1021e-04 0.0000e+00 -5.8280e-04 -5.1490e-04 -4.4734e-04 -3.8215e-04 -3.2096e-04 -2.6501e-04 -2.1509e-04 -1.7159e-04 -1.3452e-04 -1.0364e-04 -7.8452e-05 -5.8345e-05 -4.2626e-05 -3.0590e-05 -2.1561e-05 -1.4925e-05 -1.0145e-05 -6.7710e-06 -4.4371e-06 -2.8546e-06 -1.8028e-06 -1.1176e-06 -6.8007e-07 -4.0615e-07 -2.3805e-07 -1.3692e-07 -7.7284e-08 -4.2804e-08 -2.3261e-08 -1.2403e-08 -6.4884e-09 -3.3301e-09 -1.6767e-09 -8.2818e-10 -4.0129e-10 -1.9073e-10 -8.8925e-11 -4.0667e-11 -1.8241e-11 -8.0255e-12 -3.4631e-12 -1.4656e-12 -6.0835e-13 -2.4765e-13 -9.8870e-14 -3.8710e-14 -1.4863e-14 -5.5967e-15 -2.0666e-15 -7.4834e-16 -2.6573e-16 -9.2527e-17 -3.1593e-17 -1.0578e-17 -3.4728e-18 -1.1180e-18 -3.5291e-19 -1.0924e-19 -3.3152e-20 -9.8656e-21 -2.8786e-21 -8.2356e-22 -2.3102e-22 -6.3539e-23 -1.7135e-23 -4.5304e-24 -1.1745e-24 -2.9851e-25 -7.4389e-26 -1.8175e-26 -4.3538e-27 -1.0225e-27 -2.3545e-28 -5.3154e-29 -1.1765e-29 -2.5529e-30 -5.4311e-31 -1.1328e-31 -2.3164e-32 -4.6437e-33 -9.1268e-34 -1.7586e-34 -3.3221e-35 -6.1525e-36 -1.1171e-36 -1.9884e-37 -3.4698e-38 -5.9359e-39 -9.9554e-40 -1.6369e-40 -2.6385e-41 -4.1693e-42 -6.4590e-43 -9.8092e-44
-7.6374e-04 -7.5751e-04 -7.4674e-04 -7.3098e-04 -7.0976e-04 -6.8271e-04 4.9450e-03 -6.1090e-04 -5.6690e-04 -5.1862e-04 -4.6729e-04 -4.1435e-04 -3.6131e-04 -3.0966e-04 -2.6072e-04 -2.1556e-04 -1.7496e-04 -1.3938e-04 -1.0895e-04 -8.3547e-05 -6.2849e-05 -4.6373e-05 -3.3557e-05 -2.3814e-05 -1.6572e-05 -1.1309e-05 -7.5667e-06 -4.9643e-06 -3.1933e-06 -2.0140e-06 -1.2454e-06 -7.5499e-07 -4.4875e-07 -2.6150e-07 -1.4939e-07 -8.3672e-08 -4.5944e-08 -2.4732e-08 -1.3052e-08 -6.7527e-09 -3.4250e-09 -1.7030e-09 -8.3013e-10 -3.9669e-10 -1.8584e-10 -8.5344e-11 -3.8423e-11 -1.6958e-11 -7.3370e-12 -3.1119e-12 -1.2939e-12 -5.2739e-13 -2.1073e-13 -8.2541e-14 -3.1694e-14 -1.1930e-14 -4.4021e-15 -1.5923e-15 -5.6462e-16 -1.9626e-16 -6.6875e-17 -2.2338e-17 -7.3143e-18 -2.3477e-18 -7.3871e-19 -2.2785e-19 -6.8891e-20 -2.0419e-20 -5.9325e-21 -1.6896e-21 -4.7172e-22 -1.2910e-22 -3.4634e-23 -9.1080e-24 -2.3479e-24 -5.9332e-25 -1.4697e-25 -3.5688e-26 -8.4945e-27 -1.9820e-27 -4.5331e-28 -1.0163e-28 -2.2336e-29 -4.8119e-30 -1.0162e-30 -2.1035e-31 -4.2683e-32 -8.4901e-33 -1.6554e-33 -3.1639e-34 -5.9275e-35 -1.0886e-35 -1.9596e-36 -3.4580e-37 -5.9816e-38 -1.0142e-38 -1.6857e-39 -2.7464e-40 -4.3860e-41 -6.8662e-42 -7.6002e-04 -7.4299e-04 -7.1542e-04 -6.7847e-04 -6.3367e-04 -5.8280e-04 0.0000e+00 -4.7050e-04 -4.1289e-04 -3.5661e-04 -3.0308e-04 -2.5343e-04 -2.0846e-04 -1.6865e-04 -1.3418e-04 -1.0496e-04 -8.0707e-05 -6.1000e-05 -4.5311e-05 -3.3071e-05 -2.3715e-05 -1.6706e-05 -1.1560e-05 -7.8555e-06 -5.2424e-06 -3.4352e-06 -2.2101e-06 -1.3960e-06 -8.6554e-07 -5.2678e-07 -3.1468e-07 -1.8449e-07 -1.0614e-07 -5.9930e-08 -3.3203e-08 -1.8050e-08 -9.6272e-09 -5.0380e-09 -2.5865e-09 -1.3028e-09 -6.4370e-10 -3.1200e-10 -1.4834e-10 -6.9183e-11 -3.1648e-11 -1.4201e-11 -6.2495e-12 -2.6975e-12 -1.1420e-12 -4.7414e-13 -1.9307e-13 -7.7100e-14 -3.0195e-14 -1.1597e-14 -4.3677e-15 -1.6132e-15 -5.8429e-16 -2.0752e-16 -7.2276e-17 -2.4684e-17 -8.2663e-18 -2.7145e-18 -8.7405e-19 -2.7596e-19 -8.5434e-20 -2.5934e-20 -7.7189e-21 -2.2527e-21 -6.4459e-22 -1.8085e-22 -4.9748e-23 -1.3418e-23 -3.5482e-24 -9.1998e-25 -2.3387e-25 -5.8289e-26 -1.4244e-26 -3.4125e-27 -8.0157e-28 -1.8460e-28 -4.1679e-29 -9.2260e-30 -2.0023e-30 -4.2602e-31 -8.8868e-32 -1.8174e-32 -3.6439e-33 -7.1627e-34 -1.3803e-34 -2.6078e-35 -4.8301e-36 -8.7706e-37 -1.5613e-37 -2.7248e-38 -4.6620e-39 -7.8196e-40 -1.2858e-40 -2.0728e-41 -3.2758e-42 -5.0752e-43
-6.5883e-04 -6.5776e-04 -6.5527e-04 -6.5042e-04 -6.4210e-04 -6.2922e-04 -6.1090e-04 6.4574e-03 -5.5610e-04 -5.1985e-04 -4.7863e-04 -4.3362e-04 -3.8624e-04 -3.3807e-04 -2.9062e-04 -2.4528e-04 -2.0319e-04 -1.6516e-04 -1.3172e-04 -1.0304e-04 -7.9065e-05 -5.9499e-05 -4.3911e-05 -3.1779e-05 -2.2552e-05 -1.5693e-05 -1.0707e-05 -7.1632e-06 -4.6986e-06 -3.0217e-06 -1.9053e-06 -1.1779e-06 -7.1390e-07 -4.2421e-07 -2.4714e-07 -1.4115e-07 -7.9038e-08 -4.3389e-08 -2.3351e-08 -1.2320e-08 -6.3728e-09 -3.2316e-09 -1.6065e-09 -7.8294e-10 -3.7407e-10 -1.7520e-10 -8.0448e-11 -3.6212e-11 -1.5979e-11 -6.9126e-12 -2.9314e-12 -1.2187e-12 -4.9666e-13 -1.9842e-13 -7.7711e-14 -2.9835e-14 -1.1229e-14 -4.1429e-15 -1.4984e-15 -5.3126e-16 -1.8464e-16 -6.2910e-17 -2.1011e-17 -6.8792e-18 -2.2079e-18 -6.9464e-19 -2.1424e-19 -6.4770e-20 -1.9196e-20 -5.5767e-21 -1.5882e-21 -4.4336e-22 -1.2133e-22 -3.2547e-23 -8.5586e-24 -2.2062e-24 -5.5746e-25 -1.3808e-25 -3.3526e-26 -7.9796e-27 -1.8617e-27 -4.2578e-28 -9.5455e-29 -2.0977e-29 -4.5189e-30 -9.5424e-31 -1.9752e-31 -4.0078e-32 -7.9715e-33 -1.5542e-33 -2.9703e-34 -5.5647e-35 -1.0219e-35 -1.8395e-36 -3.2460e-37 -5.6145e-38 -9.5194e-39 -1.5821e-39 -2.5775e-40 -4.1163e-41 -6.5465e-04 -6.4141e-04 -6.1990e-04 -5.9091e-04 -5.5550e-04 -5.1490e-04 -4.7050e-04 0.0000e+00 -3.7607e-04 -3.2880e-04 -2.8313e-04 -2.4006e-04 -2.0038e-04 -1.6460e-04 -1.3304e-04 -1.0578e-04 -8.2719e-05 -6.3603e-05 -4.8077e-05 -3.5720e-05 -2.6081e-05 -1.8712e-05 -1.3188e-05 -9.1309e-06 -6.2089e-06 -4.1462e-06 -2.7188e-06 -1.7504e-06 -1.1063e-06 -6.8641e-07 -4.1804e-07 -2.4988e-07 -1.4659e-07 -8.4395e-08 -4.7679e-08 -2.6431e-08 -1.4377e-08 -7.6725e-09 -4.0172e-09 -2.0636e-09 -1.0399e-09 -5.1406e-10 -2.4928e-10 -1.1858e-10 -5.5326e-11 -2.5320e-11 -1.1366e-11 -5.0040e-12 -2.1608e-12 -9.1509e-13 -3.8008e-13 -1.5482e-13 -6.1847e-14 -2.4229e-14 -9.3085e-15 -3.5070e-15 -1.2957e-15 -4.6942e-16 -1.6677e-16 -5.8100e-17 -1.9848e-17 -6.6485e-18 -2.1838e-18 -7.0334e-19 -2.2212e-19 -6.8781e-20 -2.0883e-20 -6.2171e-21 -1.8148e-21 -5.1939e-22 -1.4575e-22 -4.0102e-23 -1.0818e-23 -2.8613e-24 -7.4202e-25 -1.8866e-25 -4.7030e-26 -1.1494e-26 -2.7543e-27 -6.4707e-28 -1.4904e-28 -3.3656e-29 -7.4513e-30 -1.6173e-30 -3.4417e-31 -7.1804e-32 -1.4687e-32 -2.9451e-33 -5.7897e-34 -1.1159e-34 -2.1085e-35 -3.9058e-36 -7.0930e-37 -1.2628e-37 -2.2042e-38 -3.7716e-39 -6.3269e-40 -1.0405e-40 -1.6775e-41 -2.6514e-42
-5.5724e-04 -5.6047e-04 -5.6492e-04 -5.6934e-04 -5.7219e-04 -5.7187e-04 -5.6690e-04 -5.5610e-04 8.1707e-03 -5.1461e-04 -4.8405e-04 -4.4790e-04 -4.0739e-04 -3.6401e-04 -3.1937e-04 -2.7505e-04 -2.3245e-04 -1.9274e-04 -1.5678e-04 -1.2509e-04 -9.7882e-05 -7.5116e-05 -5.6530e-05 -4.1718e-05 -3.0189e-05 -2.1421e-05 -1.4904e-05 -1.0167e-05 -6.8004e-06 -4.4597e-06 -2.8676e-06 -1.8078e-06 -1.1173e-06 -6.7708e-07 -4.0226e-07 -2.3431e-07 -1.3380e-07 -7.4909e-08 -4.1116e-08 -2.2124e-08 -1.1672e-08 -6.0363e-09 -3.0605e-09 -1.5213e-09 -7.4131e-10 -3.5414e-10 -1.6585e-10 -7.6145e-11 -3.4272e-11 -1.5122e-11 -6.5409e-12 -2.7736e-12 -1.1529e-12 -4.6983e-13 -1.8769e-13 -7.3502e-14 -2.8217e-14 -1.0619e-14 -3.9177e-15 -1.4169e-15 -5.0231e-16 -1.7457e-16 -5.9475e-17 -1.9863e-17 -6.5030e-18 -2.0870e-18 -6.5658e-19 -2.0249e-19 -6.1215e-20 -1.8141e-20 -5.2701e-21 -1.5008e-21 -4.1895e-22 -1.1464e-22 -3.0753e-23 -8.0865e-24 -2.0844e-24 -5.2667e-25 -1.3045e-25 -3.1673e-26 -7.5381e-27 -1.7587e-27 -4.0220e-28 -9.0166e-29 -1.9814e-29 -4.2683e-30 -9.0129e-31 -1.8656e-31 -3.7853e-32 -7.5287e-33 -1.4678e-33 -2.8052e-34 -5.2552e-35 -9.6504e-36 -1.7371e-36 -3.0652e-37 -5.3018e-38 -8.9890e-39 -1.4939e-39 -2.4338e-40 -5.5277e-04 -5.4297e-04 -5.2696e-04 -5.0523e-04 -4.7842e-04 -4.4734e-04 -4.1289e-04 -3.7607e-04 0.0000e+00 -2.9939e-04 -2.6149e-04 -2.2506e-04 -1.9082e-04 -1.5931e-04 -1.3094e-04 -1.0592e-04 -8.4291e-05 -6.5980e-05 -5.0788e-05 -3.8435e-05 -2.8590e-05 -2.0900e-05 -1.5012e-05 -1.0593e-05 -7.3422e-06 -4.9982e-06 -3.3413e-06 -2.1932e-06 -1.4134e-06 -8.9421e-07 -5.5533e-07 -3.3851e-07 -2.0251e-07 -1.1890e-07 -6.8507e-08 -3.8732e-08 -2.1487e-08 -1.1695e-08 -6.2457e-09 -3.2723e-09 -1.6819e-09 -8.4807e-10 -4.1947e-10 -2.0353e-10 -9.6863e-11 -4.5217e-11 -2.0704e-11 -9.2980e-12 -4.0954e-12 -1.7692e-12 -7.4958e-13 -3.1146e-13 -1.2692e-13 -5.0720e-14 -1.9877e-14 -7.6393e-15 -2.8791e-15 -1.0641e-15 -3.8563e-16 -1.3705e-16 -4.7759e-17 -1.6320e-17 -5.4683e-18 -1.7966e-18 -5.7880e-19 -1.8284e-19 -5.6631e-20 -1.7199e-20 -5.1213e-21 -1.4953e-21 -4.2805e-22 -1.2015e-22 -3.3064e-23 -8.9214e-24 -2.3601e-24 -6.1217e-25 -1.5568e-25 -3.8815e-26 -9.4883e-27 -2.2740e-27 -5.3433e-28 -1.2309e-28 -2.7802e-29 -6.1561e-30 -1.3364e-30 -2.8444e-31 -5.9352e-32 -1.2142e-32 -2.4350e-33 -4.7878e-34 -9.2290e-35 -1.7441e-35 -3.2312e-36 -5.8688e-37 -1.0450e-37 -1.8242e-38 -3.1218e-39 -5.2375e-40 -8.6144e-41 -1.3890e-41
-4.6212e-04 -4.6862e-04 -4.7844e-04 -4.9016e-04 -5.0203e-04 -5.1214e-04 -5.1862e-04 -5.1985e-04 -5.1461e-04 1.0085e-02 -4.8244e-04 -4.5579e-04 -4.2315e-04 -3.8584e-04 -3.4538e-04 -3.0342e-04 -2.6155e-04 -2.2119e-04 -1.8348e-04 -1.4928e-04 -1.1912e-04 -9.3215e-05 -7.1533e-05 -5.3830e-05 -3.9721e-05 -2.8741e-05 -2.0391e-05 -1.4185e-05 -9.6754e-06 -6.4707e-06 -4.2430e-06 -2.7278e-06 -1.7194e-06 -1.0626e-06 -6.4386e-07 -3.8248e-07 -2.2276e-07 -1.2720e-07 -7.1205e-08 -3.9079e-08 -2.1027e-08 -1.1092e-08 -5.7359e-09 -2.9080e-09 -1.4454e-09 -7.0429e-10 -3.3643e-10 -1.5755e-10 -7.2329e-11 -3.2553e-11 -1.4363e-11 -6.2122e-12 -2.6341e-12 -1.0949e-12 -4.4617e-13 -1.7823e-13 -6.9795e-14 -2.6794e-14 -1.0083e-14 -3.7198e-15 -1.3452e-15 -4.7691e-16 -1.6574e-16 -5.6465e-17 -1.8857e-17 -6.1735e-18 -1.9812e-18 -6.2329e-19 -1.9222e-19 -5.8109e-20 -1.7220e-20 -5.0025e-21 -1.4246e-21 -3.9767e-22 -1.0882e-22 -2.9189e-23 -7.6753e-24 -1.9784e-24 -4.9988e-25 -1.2381e-25 -3.0060e-26 -7.1544e-27 -1.6691e-27 -3.8172e-28 -8.5573e-29 -1.8805e-29 -4.0508e-30 -8.5535e-31 -1.7705e-31 -3.5923e-32 -7.1447e-33 -1.3929e-33 -2.6621e-34 -4.9870e-35 -9.1579e-36 -1.6485e-36 -2.9088e-37 -5.0311e-38 -8.5300e-39 -1.4177e-39 -4.5755e-04 -4.5071e-04 -4.3947e-04 -4.2405e-04 -4.0480e-04 -3.8215e-04 -3.5661e-04 -3.2880e-04 -2.9939e-04 0.0000e+00 -2.3861e-04 -2.0865e-04 -1.7984e-04 -1.5273e-04 -1.2774e-04 -1.0518e-04 -8.5241e-05 -6.7963e-05 -5.3297e-05 -4.1099e-05 -3.1157e-05 -2.3215e-05 -1.6998e-05 -1.2228e-05 -8.6413e-06 -5.9979e-06 -4.0885e-06 -2.7367e-06 -1.7985e-06 -1.1604e-06 -7.3493e-07 -4.5689e-07 -2.7877e-07 -1.6694e-07 -9.8101e-08 -5.6571e-08 -3.2010e-08 -1.7771e-08 -9.6803e-09 -5.1733e-09 -2.7123e-09 -1.3950e-09 -7.0382e-10 -3.4834e-10 -1.6911e-10 -8.0527e-11 -3.7611e-11 -1.7230e-11 -7.7417e-12 -3.4116e-12 -1.4745e-12 -6.2497e-13 -2.5979e-13 -1.0591e-13 -4.2341e-14 -1.6600e-14 -6.3821e-15 -2.4061e-15 -8.8957e-16 -3.2250e-16 -1.1465e-16 -3.9966e-17 -1.3661e-17 -4.5788e-18 -1.5048e-18 -4.8492e-19 -1.5322e-19 -4.7471e-20 -1.4421e-20 -4.2952e-21 -1.2544e-21 -3.5917e-22 -1.0083e-22 -2.7756e-23 -7.4908e-24 -1.9821e-24 -5.1422e-25 -1.3080e-25 -3.2617e-26 -7.9749e-27 -1.9117e-27 -4.4927e-28 -1.0352e-28 -2.3384e-29 -5.1789e-30 -1.1245e-30 -2.3937e-31 -4.9954e-32 -1.0221e-32 -2.0501e-33 -4.0316e-34 -7.7725e-35 -1.4690e-35 -2.7220e-36 -4.9446e-37 -8.8057e-38 -1.5374e-38 -2.6313e-39 -4.4151e-40 -7.2627e-41
-3.7576e-04 -3.8448e-04 -3.9802e-04 -4.1495e-04 -4.3348e-04 -4.5161e-04 -4.6729e-04 -4.7863e-04 -4.8405e-04 -4.8244e-04 1.2199e-02 -4.5629e-04 -4.3226e-04 -4.0210e-04 -3.6715e-04 -3.2897e-04 -2.8919e-04 -2.4939e-04 -2.1096e-04 -1.7502e-04 -1.4241e-04 -1.1364e-04 -8.8924e-05 -6.8237e-05 -5.1347e-05 -3.7886e-05 -2.7411e-05 -1.9446e-05 -1.3527e-05 -9.2258e-06 -6.1696e-06 -4.0453e-06 -2.6006e-06 -1.6391e-06 -1.0129e-06 -6.1373e-07 -3.6457e-07 -2.1232e-07 -1.2123e-07 -6.7862e-08 -3.7243e-08 -2.0039e-08 -1.0570e-08 -5.4661e-09 -2.7712e-09 -1.3773e-09 -6.7112e-10 -3.2058e-10 -1.5012e-10 -6.8920e-11 -3.1018e-11 -1.3685e-11 -5.9192e-12 -2.5098e-12 -1.0433e-12 -4.2512e-13 -1.6982e-13 -6.6501e-14 -2.5529e-14 -9.6072e-15 -3.5442e-15 -1.2817e-15 -4.5440e-16 -1.5792e-16 -5.3799e-17 -1.7967e-17 -5.8820e-18 -1.8877e-18 -5.9386e-19 -1.8314e-19 -5.5365e-20 -1.6407e-20 -4.7663e-21 -1.3573e-21 -3.7889e-22 -1.0368e-22 -2.7811e-23 -7.3130e-24 -1.8850e-24 -4.7628e-25 -1.1797e-25 -2.8641e-26 -6.8167e-27 -1.5903e-27 -3.6370e-28 -8.1534e-29 -1.7917e-29 -3.8596e-30 -8.1499e-31 -1.6869e-31 -3.4228e-32 -6.8076e-33 -1.3272e-33 -2.5365e-34 -4.7518e-35 -8.7259e-36 -1.5707e-36 -2.7716e-37 -4.7938e-38 -8.1278e-39 -3.7127e-04 -3.6687e-04 -3.5955e-04 -3.4939e-04 -3.3647e-04 -3.2096e-04 -3.0308e-04 -2.8313e-04 -2.6149e-04 -2.3861e-04 0.0000e+00 -1.9114e-04 -1.6760e-04 -1.4486e-04 -1.2336e-04 -1.0346e-04 -8.5410e-05 -6.9389e-05 -5.5457e-05 -4.3589e-05 -3.3685e-05 -2.5588e-05 -1.9102e-05 -1.4012e-05 -1.0097e-05 -7.1469e-06 -4.9682e-06 -3.3914e-06 -2.2731e-06 -1.4958e-06 -9.6623e-07 -6.1266e-07 -3.8129e-07 -2.3289e-07 -1.3959e-07 -8.2108e-08 -4.7390e-08 -2.6837e-08 -1.4912e-08 -8.1288e-09 -4.3473e-09 -2.2808e-09 -1.1739e-09 -5.9263e-10 -2.9349e-10 -1.4256e-10 -6.7924e-11 -3.1742e-11 -1.4549e-11 -6.5404e-12 -2.8836e-12 -1.2468e-12 -5.2873e-13 -2.1988e-13 -8.9675e-14 -3.5865e-14 -1.4067e-14 -5.4101e-15 -2.0405e-15 -7.5464e-16 -2.7368e-16 -9.7324e-17 -3.3937e-17 -1.1604e-17 -3.8905e-18 -1.2790e-18 -4.1227e-19 -1.3030e-19 -4.0381e-20 -1.2270e-20 -3.6555e-21 -1.0678e-21 -3.0583e-22 -8.5880e-23 -2.3645e-23 -6.3827e-24 -1.6893e-24 -4.3834e-25 -1.1152e-25 -2.7816e-26 -6.8022e-27 -1.6309e-27 -3.8335e-28 -8.8345e-29 -1.9960e-29 -4.4214e-30 -9.6016e-31 -2.0442e-31 -4.2669e-32 -8.7315e-33 -1.7517e-33 -3.4452e-34 -6.6430e-35 -1.2557e-35 -2.3272e-36 -4.2280e-37 -7.5304e-38 -1.3149e-38 -2.2508e-39 -3.7772e-40
-2.9957e-04 -3.0953e-04 -3.2521e-04 -3.4532e-04 -3.6819e-04 -3.9188e-04 -4.1435e-04 -4.3362e-04 -4.4790e-04 -4.5579e-04 -4.5629e-04 1.4514e-02 -4.3390e-04 -4.1169e-04 -3.8337e-04 -3.5030e-04 -3.1403e-04 -2.7615e-04 -2.3819e-04 -2.0151e-04 -1.6719e-04 -1.3605e-04 -1.0856e-04 -8.4952e-05 -6.5189e-05 -4.9052e-05 -3.6193e-05 -2.6186e-05 -1.8577e-05 -1.2922e-05 -8.8132e-06 -5.8937e-06 -3.8644e-06 -2.4843e-06 -1.5659e-06 -9.6766e-07 -5.8629e-07 -3.4827e-07 -2.0283e-07 -1.1581e-07 -6.4832e-08 -3.5581e-08 -1.9144e-08 -1.0098e-08 -5.2223e-09 -2.6476e-09 -1.3159e-09 -6.4121e-10 -3.0630e-10 -1.4344e-10 -6.5852e-11 -2.9638e-11 -1.3077e-11 -5.6560e-12 -2.3983e-12 -9.9691e-13 -4.0624e-13 -1.6228e-13 -6.3550e-14 -2.4396e-14 -9.1811e-15 -3.3871e-15 -1.2249e-15 -4.3426e-16 -1.5092e-16 -5.1417e-17 -1.7172e-17 -5.6217e-18 -1.8042e-18 -5.6760e-19 -1.7505e-19 -5.2919e-20 -1.5682e-20 -4.5558e-21 -1.2974e-21 -3.6217e-22 -9.9106e-23 -2.6585e-23 -6.9905e-24 -1.8019e-24 -4.5529e-25 -1.1277e-25 -2.7380e-26 -6.5165e-27 -1.5203e-27 -3.4770e-28 -7.7947e-29 -1.7129e-29 -3.6899e-30 -7.7916e-31 -1.6128e-31 -3.2724e-32 -6.5086e-33 -1.2689e-33 -2.4251e-34 -4.5432e-35 -8.3430e-36 -1.5018e-36 -2.6500e-37 -4.5836e-38 -2.9533e-04 -2.9282e-04 -2.8859e-04 -2.8258e-04 -2.7473e-04 -2.6501e-04 -2.5343e-04 -2.4006e-04 -2.2506e-04 -2.0865e-04 -1.9114e-04 0.0000e+00 -1.5430e-04 -1.3580e-04 -1.1780e-04 -1.0065e-04 -8.4679e-05 -7.0118e-05 -5.7125e-05 -4.5774e-05 -3.6066e-05 -2.7936e-05 -2.1266e-05 -1.5907e-05 -1.1690e-05 -8.4388e-06 -5.9829e-06 -4.1655e-06 -2.8476e-06 -1.9112e-06 -1.2593e-06 -8.1443e-07 -5.1700e-07 -3.2210e-07 -1.9694e-07 -1.1816e-07 -6.9566e-08 -4.0186e-08 -2.2777e-08 -1.2666e-08 -6.9097e-09 -3.6980e-09 -1.9415e-09 -9.9990e-10 -5.0513e-10 -2.5031e-10 -1.2166e-10 -5.7998e-11 -2.7118e-11 -1.2436e-11 -5.5933e-12 -2.4672e-12 -1.0673e-12 -4.5279e-13 -1.8838e-13 -7.6862e-14 -3.0753e-14 -1.2066e-14 -4.6425e-15 -1.7516e-15 -6.4804e-16 -2.3510e-16 -8.3632e-17 -2.9172e-17 -9.9778e-18 -3.3463e-18 -1.1004e-18 -3.5481e-19 -1.1217e-19 -3.4771e-20 -1.0568e-20 -3.1493e-21 -9.2019e-22 -2.6361e-22 -7.4042e-23 -2.0390e-23 -5.5054e-24 -1.4574e-24 -3.7826e-25 -9.6251e-26 -2.4013e-26 -5.8734e-27 -1.4084e-27 -3.3113e-28 -7.6324e-29 -1.7248e-29 -3.8212e-30 -8.2996e-31 -1.7673e-31 -3.6895e-32 -7.5512e-33 -1.5151e-33 -2.9804e-34 -5.7477e-35 -1.0867e-35 -2.0141e-36 -3.6597e-37 -6.5192e-38 -1.1385e-38 -1.9491e-39
-2.3417e-04 -2.4450e-04 -2.6096e-04 -2.8245e-04 -3.0751e-04 -3.3442e-04 -3.6131e-04 -3.8624e-04 -4.0739e-04 -4.2315e-04 -4.3226e-04 -4.3390e-04 1.7029e-02 -4.1388e-04 -3.9303e-04 -3.6621e-04 -3.3476e-04 -3.0018e-04 -2.6402e-04 -2.2777e-04 -1.9271e-04 -1.5991e-04 -1.3013e-04 -1.0384e-04 -8.1266e-05 -6.2363e-05 -4.6929e-05 -3.4628e-05 -2.5055e-05 -1.7775e-05 -1.2365e-05 -8.4338e-06 -5.6403e-06 -3.6984e-06 -2.3777e-06 -1.4987e-06 -9.2623e-07 -5.6122e-07 -3.3340e-07 -1.9418e-07 -1.1088e-07 -6.2071e-08 -3.4067e-08 -1.8331e-08 -9.6696e-09 -5.0008e-09 -2.5354e-09 -1.2602e-09 -6.1409e-10 -2.9336e-10 -1.3738e-10 -6.3074e-11 -2.8389e-11 -1.2526e-11 -5.4181e-12 -2.2975e-12 -9.5503e-13 -3.8918e-13 -1.5547e-13 -6.0886e-14 -2.3375e-14 -8.7969e-15 -3.2454e-15 -1.1737e-15 -4.1613e-16 -1.4462e-16 -4.9273e-17 -1.6456e-17 -5.3876e-18 -1.7291e-18 -5.4399e-19 -1.6777e-19 -5.0720e-20 -1.5031e-20 -4.3668e-21 -1.2436e-21 -3.4715e-22 -9.5000e-23 -2.5484e-23 -6.7012e-24 -1.7273e-24 -4.3646e-25 -1.0811e-25 -2.6249e-26 -6.2475e-27 -1.4576e-27 -3.3335e-28 -7.4733e-29 -1.6423e-29 -3.5379e-30 -7.4708e-31 -1.5464e-31 -3.1377e-32 -6.2409e-33 -1.2168e-33 -2.3255e-34 -4.3566e-35 -8.0004e-36 -1.4402e-36 -2.5413e-37 -2.3029e-04 -2.2918e-04 -2.2724e-04 -2.2434e-04 -2.2034e-04 -2.1509e-04 -2.0846e-04 -2.0038e-04 -1.9082e-04 -1.7984e-04 -1.6760e-04 -1.5430e-04 0.0000e+00 -1.2572e-04 -1.1111e-04 -9.6757e-05 -8.2973e-05 -7.0040e-05 -5.8177e-05 -4.7533e-05 -3.8190e-05 -3.0165e-05 -2.3418e-05 -1.7865e-05 -1.3390e-05 -9.8584e-06 -7.1288e-06 -5.0624e-06 -3.5299e-06 -2.4166e-06 -1.6241e-06 -1.0714e-06 -6.9378e-07 -4.4091e-07 -2.7499e-07 -1.6830e-07 -1.0108e-07 -5.9562e-08 -3.4437e-08 -1.9535e-08 -1.0871e-08 -5.9353e-09 -3.1788e-09 -1.6700e-09 -8.6066e-10 -4.3506e-10 -2.1572e-10 -1.0491e-10 -5.0040e-11 -2.3410e-11 -1.0741e-11 -4.8333e-12 -2.1330e-12 -9.2314e-13 -3.9181e-13 -1.6308e-13 -6.6566e-14 -2.6644e-14 -1.0458e-14 -4.0253e-15 -1.5193e-15 -5.6229e-16 -2.0406e-16 -7.2614e-17 -2.5337e-17 -8.6688e-18 -2.9082e-18 -9.5660e-19 -3.0853e-19 -9.7568e-20 -3.0253e-20 -9.1972e-21 -2.7415e-21 -8.0122e-22 -2.2958e-22 -6.4500e-23 -1.7767e-23 -4.7981e-24 -1.2704e-24 -3.2980e-25 -8.3938e-26 -2.0945e-26 -5.1241e-27 -1.2290e-27 -2.8900e-28 -6.6625e-29 -1.5058e-29 -3.3367e-30 -7.2487e-31 -1.5438e-31 -3.2234e-32 -6.5983e-33 -1.3242e-33 -2.6051e-34 -5.0247e-35 -9.5011e-36 -1.7613e-36 -3.2008e-37 -5.7025e-38 -9.9598e-39
-1.7947e-04 -1.8950e-04 -2.0563e-04 -2.2700e-04 -2.5244e-04 -2.8054e-04 -3.0966e-04 -3.3807e-04 -3.6401e-04 -3.8584e-04 -4.0210e-04 -4.1169e-04 -4.1388e-04 1.9744e-02 -3.9549e-04 -3.7576e-04 -3.5025e-04 -3.2026e-04 -2.8725e-04 -2.5270e-04 -2.1803e-04 -1.8450e-04 -1.5311e-04 -1.2461e-04 -9.9457e-05 -7.7841e-05 -5.9742e-05 -4.4961e-05 -3.3180e-05 -2.4009e-05 -1.7035e-05 -1.1851e-05 -8.0841e-06 -5.4069e-06 -3.5456e-06 -2.2797e-06 -1.4371e-06 -8.8821e-07 -5.3822e-07 -3.1976e-07 -1.8625e-07 -1.0636e-07 -5.9545e-08 -3.2683e-08 -1.7587e-08 -9.2781e-09 -4.7986e-09 -2.4331e-09 -1.2094e-09 -5.8937e-10 -2.8156e-10 -1.3187e-10 -6.0546e-11 -2.7252e-11 -1.2025e-11 -5.2017e-12 -2.2058e-12 -9.1698e-13 -3.7369e-13 -1.4929e-13 -5.8468e-14 -2.2447e-14 -8.4482e-15 -3.1169e-15 -1.1273e-15 -3.9969e-16 -1.3891e-16 -4.7329e-17 -1.5808e-17 -5.1755e-18 -1.6611e-18 -5.2261e-19 -1.6118e-19 -4.8730e-20 -1.4442e-20 -4.1957e-21 -1.1949e-21 -3.3358e-22 -9.1287e-23 -2.4489e-23 -6.4396e-24 -1.6600e-24 -4.1945e-25 -1.0390e-25 -2.5227e-26 -6.0045e-27 -1.4009e-27 -3.2040e-28 -7.1832e-29 -1.5786e-29 -3.4007e-30 -7.1812e-31 -1.4865e-31 -3.0163e-32 -5.9994e-33 -1.1697e-33 -2.2356e-34 -4.1883e-35 -7.6915e-36 -1.3846e-36 -1.7604e-04 -1.7589e-04 -1.7554e-04 -1.7483e-04 -1.7358e-04 -1.7159e-04 -1.6865e-04 -1.6460e-04 -1.5931e-04 -1.5273e-04 -1.4486e-04 -1.3580e-04 -1.2572e-04 0.0000e+00 -1.0344e-04 -9.1819e-05 -8.0272e-05 -6.9087e-05 -5.8513e-05 -4.8751e-05 -3.9945e-05 -3.2177e-05 -2.5477e-05 -1.9823e-05 -1.5154e-05 -1.1380e-05 -8.3934e-06 -6.0797e-06 -4.3242e-06 -3.0196e-06 -2.0701e-06 -1.3930e-06 -9.2014e-07 -5.9651e-07 -3.7951e-07 -2.3694e-07 -1.4516e-07 -8.7259e-08 -5.1466e-08 -2.9781e-08 -1.6907e-08 -9.4164e-09 -5.1447e-09 -2.7573e-09 -1.4496e-09 -7.4753e-10 -3.7811e-10 -1.8759e-10 -9.1281e-11 -4.3564e-11 -2.0391e-11 -9.3605e-12 -4.2142e-12 -1.8606e-12 -8.0564e-13 -3.4209e-13 -1.4245e-13 -5.8167e-14 -2.3292e-14 -9.1457e-15 -3.5215e-15 -1.3296e-15 -4.9225e-16 -1.7870e-16 -6.3612e-17 -2.2203e-17 -7.5988e-18 -2.5500e-18 -8.3902e-19 -2.7068e-19 -8.5623e-20 -2.6556e-20 -8.0754e-21 -2.4077e-21 -7.0384e-22 -2.0173e-22 -5.6688e-23 -1.5618e-23 -4.2189e-24 -1.1173e-24 -2.9011e-25 -7.3852e-26 -1.8432e-26 -4.5101e-27 -1.0820e-27 -2.5447e-28 -5.8675e-29 -1.3264e-29 -2.9396e-30 -6.3871e-31 -1.3605e-31 -2.8412e-32 -5.8169e-33 -1.1675e-33 -2.2973e-34 -4.4317e-35 -8.3810e-36 -1.5538e-36 -2.8242e-37 -5.0323e-38
-1.3487e-04 -1.4410e-04 -1.5909e-04 -1.7922e-04 -2.0363e-04 -2.3123e-04 -2.6072e-04 -2.9062e-04 -3.1937e-04 -3.4538e-04 -3.6715e-04 -3.8337e-04 -3.9303e-04 -3.9549e-04 2.2659e-02 -3.7835e-04 -3.5962e-04 -3.3532e-04 -3.0669e-04 -2.7514e-04 -2.4210e-04 -2.0893e-04 -1.7683e-04 -1.4678e-04 -1.1948e-04 -9.5374e-05 -7.4657e-05 -5.7307e-05 -4.3135e-05 -3.1837e-05 -2.3041e-05 -1.6350e-05 -1.1376e-05 -7.7610e-06 -5.1914e-06 -3.4048e-06 -2.1894e-06 -1.3803e-06 -8.5320e-07 -5.1706e-07 -3.0722e-07 -1.7896e-07 -1.0221e-07 -5.7225e-08 -3.1413e-08 -1.6905e-08 -8.9189e-09 -4.6132e-09 -2.3392e-09 -1.1629e-09 -5.6673e-10 -2.7077e-10 -1.2682e-10 -5.8232e-11 -2.6212e-11 -1.1567e-11 -5.0038e-12 -2.1220e-12 -8.8221e-13 -3.5954e-13 -1.4365e-13 -5.6260e-14 -2.1601e-14 -8.1301e-15 -2.9997e-15 -1.0850e-15 -3.8469e-16 -1.3371e-16 -4.5558e-17 -1.5217e-17 -4.9822e-18 -1.5991e-18 -5.0313e-19 -1.5518e-19 -4.6918e-20 -1.3905e-20 -4.0400e-21 -1.1506e-21 -3.2122e-22 -8.7908e-23 -2.3583e-23 -6.2017e-24 -1.5987e-24 -4.0398e-25 -1.0007e-25 -2.4298e-26 -5.7835e-27 -1.3494e-27 -3.0863e-28 -6.9195e-29 -1.5207e-29 -3.2761e-30 -6.9182e-31 -1.4321e-31 -2.9059e-32 -5.7801e-33 -1.1270e-33 -2.1540e-34 -4.0355e-35 -7.4111e-36 -1.3191e-04 -1.3237e-04 -1.3302e-04 -1.3373e-04 -1.3430e-04 -1.3452e-04 -1.3418e-04 -1.3304e-04 -1.3094e-04 -1.2774e-04 -1.2336e-04 -1.1780e-04 -1.1111e-04 -1.0344e-04 0.0000e+00 -8.5946e-05 -7.6611e-05 -6.7234e-05 -5.8070e-05 -4.9341e-05 -4.1231e-05 -3.3874e-05 -2.7355e-05 -2.1709e-05 -1.6928e-05 -1.2966e-05 -9.7550e-06 -7.2075e-06 -5.2291e-06 -3.7248e-06 -2.6048e-06 -1.7881e-06 -1.2048e-06 -7.9675e-07 -5.1709e-07 -3.2933e-07 -2.0582e-07 -1.2621e-07 -7.5940e-08 -4.4828e-08 -2.5962e-08 -1.4751e-08 -8.2214e-09 -4.4950e-09 -2.4108e-09 -1.2682e-09 -6.5442e-10 -3.3122e-10 -1.6442e-10 -8.0050e-11 -3.8225e-11 -1.7901e-11 -8.2216e-12 -3.7032e-12 -1.6358e-12 -7.0859e-13 -3.0101e-13 -1.2539e-13 -5.1224e-14 -2.0519e-14 -8.0602e-15 -3.1046e-15 -1.1726e-15 -4.3428e-16 -1.5771e-16 -5.6158e-17 -1.9607e-17 -6.7125e-18 -2.2532e-18 -7.4159e-19 -2.3932e-19 -7.5722e-20 -2.3491e-20 -7.1453e-21 -2.1309e-21 -6.2308e-22 -1.7863e-22 -5.0207e-23 -1.3836e-23 -3.7382e-24 -9.9021e-25 -2.5716e-25 -6.5478e-26 -1.6345e-26 -4.0003e-27 -9.5983e-28 -2.2579e-28 -5.2072e-29 -1.1773e-29 -2.6097e-30 -5.6712e-31 -1.2082e-31 -2.5236e-32 -5.1675e-33 -1.0373e-33 -2.0415e-34 -3.9387e-35 -7.4498e-36 -1.3814e-36 -2.5111e-37
-9.9369e-05 -1.0751e-04 -1.2084e-04 -1.3897e-04 -1.6135e-04 -1.8720e-04 -2.1556e-04 -2.4528e-04 -2.7505e-04 -3.0342e-04 -3.2897e-04 -3.5030e-04 -3.6621e-04 -3.7576e-04 -3.7835e-04 2.5773e-02 -3.6230e-04 -3.4450e-04 -3.2132e-04 -2.9398e-04 -2.6381e-04 -2.3219e-04 -2.0043e-04 -1.6967e-04 -1.4087e-04 -1.1469e-04 -9.1572e-05 -7.1696e-05 -5.5044e-05 -4.1439e-05 -3.0590e-05 -2.2142e-05 -1.5715e-05 -1.0936e-05 -7.4619e-06 -4.9920e-06 -3.2745e-06 -2.1059e-06 -1.3278e-06 -8.2086e-07 -4.9752e-07 -2.9564e-07 -1.7224e-07 -9.8376e-08 -5.5087e-08 -3.0242e-08 -1.6276e-08 -8.5882e-09 -4.4425e-09 -2.2529e-09 -1.1201e-09 -5.4590e-10 -2.6084e-10 -1.2218e-10 -5.6105e-11 -2.5257e-11 -1.1146e-11 -4.8221e-12 -2.0451e-12 -8.5028e-13 -3.4656e-13 -1.3847e-13 -5.4235e-14 -2.0824e-14 -7.8383e-15 -2.8922e-15 -1.0461e-15 -3.7094e-16 -1.2894e-16 -4.3934e-17 -1.4675e-17 -4.8051e-18 -1.5423e-18 -4.8530e-19 -1.4969e-19 -4.5258e-20 -1.3414e-20 -3.8974e-21 -1.1100e-21 -3.0991e-22 -8.4816e-23 -2.2754e-23 -5.9841e-24 -1.5426e-24 -3.8983e-25 -9.6568e-26 -2.3449e-26 -5.5815e-27 -1.3023e-27 -2.9787e-28 -6.6785e-29 -1.4678e-29 -3.1621e-30 -6.6779e-31 -1.3824e-31 -2.8052e-32 -5.5798e-33 -1.0880e-33 -2.0794e-34 -3.8959e-35 -9.6899e-05 -9.7677e-05 -9.8886e-05 -1.0040e-04 -1.0205e-04 -1.0364e-04 -1.0496e-04 -1.0578e-04 -1.0592e-04 -1.0518e-04 -1.0346e-04 -1.0065e-04 -9.6757e-05 -9.1819e-05 -8.5946e-05 0.0000e+00 -7.2078e-05 -6.4508e-05 -5.6820e-05 -4.9239e-05 -4.1965e-05 -3.5165e-05 -2.8965e-05 -2.3447e-05 -1.8648e-05 -1.4570e-05 -1.1182e-05 -8.4274e-06 -6.2369e-06 -4.5319e-06 -3.2329e-06 -2.2639e-06 -1.5560e-06 -1.0497e-06 -6.9498e-07 -4.5153e-07 -2.8787e-07 -1.8008e-07 -1.1053e-07 -6.6564e-08 -3.9327e-08 -2.2794e-08 -1.2960e-08 -7.2289e-09 -3.9551e-09 -2.1226e-09 -1.1174e-09 -5.7692e-10 -2.9216e-10 -1.4511e-10 -7.0690e-11 -3.3773e-11 -1.5824e-11 -7.2713e-12 -3.2767e-12 -1.4480e-12 -6.2753e-13 -2.6669e-13 -1.1114e-13 -4.5420e-14 -1.8201e-14 -7.1522e-15 -2.7559e-15 -1.0413e-15 -3.8576e-16 -1.4013e-16 -4.9915e-17 -1.7433e-17 -5.9699e-18 -2.0045e-18 -6.5993e-19 -2.1302e-19 -6.7420e-20 -2.0921e-20 -6.3652e-21 -1.8987e-21 -5.5532e-22 -1.5924e-22 -4.4767e-23 -1.2340e-23 -3.3346e-24 -8.8350e-25 -2.2950e-25 -5.8446e-26 -1.4593e-26 -3.5721e-27 -8.5724e-28 -2.0169e-28 -4.6523e-29 -1.0521e-29 -2.3324e-30 -5.0695e-31 -1.0802e-31 -2.2566e-32 -4.6214e-33 -9.2786e-34 -1.8263e-34 -3.5241e-35 -6.6666e-36 -1.2363e-36
